1000221889
1000222273
1000224833
1000226497
1000228673
1000229057
1000229441
1000229569
1000233281
1000235969
1000237633
1000239041
1000239169
1000241729
1000243649
1000245313
1000245569
1000247873
1000248001
1000248257
1000250177
1000250561
1000250689
1000253377
1000254529
1000255681
1000259521
1000263361
1000266433
1000269121
1000269377
1000271297
1000272577
1000274369
1000274753
1000274881
1000275137
1000276289
1000277441
1000277953
1000278977
1000279873
1000280129
1000280641
1000281281
1000282561
1000282817
1000284737
1000285889
1000286017
1000288321
1000291777
1000293313
1000293953
1000294721
1000294849
1000296257
1000297409
1000298177
1000298561
1000299457
1000301633
1000301761
1000302529
1000303553
1000304321
1000306369
1000308929
1000309697
1000311233
1000312129
1000312769
1000312897
1000315457
1000316609
1000317761
1000320193
1000320449
1000320833
1000321601
1000322369
1000322497
1000322753
1000324033
1000325057
1000326721
1000327873
1000330561
1000331329
1000332737
1000333121
1000334017
1000335041
1000339009
1000339777
1000340417
1000341313
1000342081
1000342337
1000344641
1000345153
1000345793
1000346177
1000347713
1000347841
1000352321
1000352449
1000355393
1000355777
1000357441
1000362049
1000363841
1000364993
1000366657
1000369217
1000370113
1000370753
1000371649
1000372033
1000373057
1000374337
1000375361
1000379201
1000380481
1000381633
1000387777
1000392641
1000395457
1000396097
1000396993
1000399681
1000399937
1000400321
1000401089
1000401473
1000404161
1000404673
1000405313
1000405697
1000406081
1000406977
1000409281
1000410689
1000412353
1000414529
1000415809
1000417601
1000418369
1000418753
1000419137
1000420417
1000422209
1000422593
1000424129
1000425281
1000425793
1000427969
1000428353
1000430401
1000433089
1000433729
1000434497
1000434881
1000437569
1000438721
1000438849
1000439233
