# FAMILY WITNESS FILE (generator family_gen.sage r10). n = 7 ; l = 1000001087 ; m = 64 ; deg = 2 ; ncomp = 32 ; bar_T = 4224 ; L_n = 16.3328709449664096755483535644
# line: f = c0,...,c_deg (monic, over F_l) | route RHO|T | claimed (rho or T, float) | coeffs a_0..a_{m-1}
f = 1000001086,19094749,1 | route RHO | claimed 1.1045924304985222859 | coeffs -192428927,-251960951,-79881264,-279830630,85913096,-59107095,169594099,173089345,174306326,99274635,351156827,281875830,723567743,700607714,628069011,784149744,892375305,724808421,720354894,664995680,513408870,515720249,518007565,197746816,230649535,388184001,238424968,358735613,280115672,-7530830,127813515,327308837,422198477,510667555,607967126,562941800,296172099,306810589,115517805,400632587,489986078,403400872,514230996,526678089,495771232,472926178,344169015,284366595,197374109,258129201,142317749,-413951,-139533902,60066945,-148309791,-95007169,-221599540,-90309308,84234352,-30057244,178289941,-58018061,70249245,184605514
f = 1000001086,19094749,1 | route T | claimed 6480.1275650934158889 | coeffs 194706730,283726452,-308710882,-114038916,-418974812,-290272834,-300829231,-704078929,-112432000,-190011196,-263375360,-115384789,-452825354,-192021736,-318692157,-323440749,-523893027,-302948207,-208573952,-235171574,-504825159,-457026252,-587153003,-486977650,-474819431,-486907793,-462055024,-603976864,-545816822,-491087054,-386108130,-306247614,-350820811,-354643017,-384078900,-574409383,-453285150,-330713674,-184899720,-236510884,-241635179,-313713609,-351944308,-232006854,-179826558,-488076503,-366908449,-612170325,-361843212,-412257187,-314256582,-444445077,-278968709,-131387734,-354297744,-270540937,-25197735,-172730924,-78318061,-264125419,-176463831,-161970815,127647377,-187092546
# status f = 1000001086,19094749,1 : OPEN_NEAR (rho 1.10459, T 6480.1, 11s)
f = 1000001086,27614932,1 | route RHO | claimed 1.0859545160850900536 | coeffs 780144201,516791504,508545140,711620096,708434859,903963451,803654197,782024671,441295024,615194286,349441466,447440694,257278577,133518557,121691827,8207125,74125734,-112994612,-60816505,62506182,28420245,342503008,23086432,-100689478,-42562954,96510758,79873757,67047860,161917037,173116243,243958357,289507885,111423493,127261798,189323215,152517824,-50317372,-143284597,-152089046,-241202081,23096626,-178083206,-255341116,-68551178,-316603054,-372153812,-357434621,-396257170,-266887600,-310628845,-374531445,-453706122,-462467799,-393200529,-530309949,-655234238,-788324842,-897514351,-619167897,-683942648,-805409050,-655592844,-932964174,-873881894
f = 1000001086,27614932,1 | route T | claimed 6297.3410108219261624 | coeffs 770150591,955500075,685643924,711726113,534596751,590808226,786101726,702652244,632016583,693575988,558122528,598577671,271761132,621438536,531612816,427973116,181140996,277543771,213187640,60045679,-246749104,-261209425,84944547,78152434,-110443929,-195756268,-263743975,-213883000,-344488829,-460819453,-370759917,-227851684,-290990531,-219281851,-112918774,-95287252,-237090362,-202936887,-480249912,-449970173,-702739414,-486891061,-628459203,-777800264,-680860865,-828564622,-503641972,-519668438,-482463597,-460996747,-465166741,-419277901,-604752807,-908286582,-538794916,-702350391,-743702009,-785149333,-616201851,-502011667,-594529234,-1024713413,-1054781830,-873192334
# status f = 1000001086,27614932,1 : OPEN_NEAR (rho 1.08595, T 6297.3, 54s)
f = 1000001086,55706088,1 | route RHO | claimed 1.1478543615003201995 | coeffs -369741553,-514373080,-282501346,-248618092,-539410680,-394198870,-611423229,-570941589,-439203805,-787339416,-557436476,-419659540,-411301754,-217208023,-502367526,-409321098,-822416426,-409391562,-411982596,-210079492,-359501514,-416398837,-402550695,-481098497,-481406949,-195532606,-198133262,-126776783,-151643069,-90721184,82379118,317692069,197961609,142206676,194442194,338132374,501391149,446284203,563116373,576786115,716671212,783325949,532041725,719416752,865180038,663315455,807792875,729999371,805411768,784785725,942705903,692269302,681012628,839764370,725705669,755919582,708736786,609922493,844671937,716618283,586884495,503628495,352721614,414455887
f = 1000001086,55706088,1 | route T | claimed 7881.8000475343840954 | coeffs -980366514,-1080735436,-841720296,-992869706,-935995475,-614000176,-593050506,-379018248,-519260043,-586791514,-704132587,-804926847,-736383024,-751779308,-502329535,-616203267,-607100499,-676917520,-555946677,-525252549,-467435218,-609111300,-263846741,-405203210,-401941514,-416396287,-394620649,-120959236,84729416,52351679,152028720,101487347,89589497,80381358,224608839,230677448,474427475,174898358,205706288,300359742,237696808,211002231,309276784,229395676,132881458,376014054,345669547,648977891,554567695,888171670,981722850,916156910,956443736,925808431,824901094,909684922,1058454059,772307537,912524220,1018180284,759580439,801734733,801731184,1143194392
# status f = 1000001086,55706088,1 : OPEN_NEAR (rho 1.14785, T 7881.8, 15s)
f = 1000001086,68714333,1 | route RHO | claimed 1.1151734046264961352 | coeffs 305848480,752306560,596191691,608525973,491797943,498974795,444410257,693020449,589446192,588540239,596509557,371190776,459972352,380873659,447059562,603024963,520573310,494407810,486208698,560182354,458324775,538305540,382297453,474085507,370185526,329384577,276703388,407005065,445615596,576444918,441171595,513251280,471798588,558244854,568443823,245226861,439159902,189595638,82685968,153161647,57461576,-270812955,-285453582,-439191164,-374965729,-398195117,-501329356,-263562340,-212244859,-329348811,-484600489,-506484867,-464529516,-660414008,-200199447,-174610400,-328993159,-83570020,-270044495,-267545946,-512640286,-298632545,-348826453,-294598857
f = 1000001086,68714333,1 | route T | claimed 8711.237410399312581 | coeffs 448606974,775887995,554803893,789552758,715495023,617777647,528114903,478613258,567769532,759647420,608352409,333724422,745215473,840268195,544107086,694668228,600982766,716008911,861981302,557959155,363741667,421434473,601191717,355762693,184201096,46849607,181208695,122663015,278707964,153344670,543182119,586381325,375985398,344439313,300760023,253461298,402512022,305084219,232450617,45383216,259504307,28516245,-115603259,-171610498,-203471437,-51847176,-447655365,-435241099,-750425929,-561268849,-420621595,-489853997,-503490598,-496274610,-246534374,-153013003,-259098148,-221706168,-155438467,-194081686,-260017332,-309583116,-460513622,-285860118
# status f = 1000001086,68714333,1 : OPEN_FAR (rho 1.11517, T 8711.2, 22s)
f = 1000001086,102771469,1 | route RHO | claimed 1.1244738741175457261 | coeffs 545246511,362830721,208030938,218889529,199390101,528358481,426140424,297923727,218091125,226539025,295935949,375443813,543153556,541114941,478287706,260675956,288633156,460980893,345862989,276034351,256116633,273357730,193255988,464061442,452406798,140628597,239538287,17949475,147886858,139598506,84818836,38867201,85556260,3512370,117752313,34269012,-6105010,-129685138,341614134,90100832,138990047,-130251177,-109599136,-94512237,13629848,-115929471,-70666128,-4744005,96505203,-307125275,-272552525,-233519909,-274144100,-482889802,-645993358,-683282286,-588742716,-699751834,-333364060,-616834875,-659401176,-471351221,-400707590,-371068050
f = 1000001086,102771469,1 | route T | claimed 4833.7541463661275491 | coeffs -899361199,-698823170,-584238407,-765720315,-659427050,-726335234,-503365950,-620164410,-660489234,-672148531,-490181594,-404895481,-632140937,-497399500,-361281723,-533288656,-364446874,-433467662,-328441132,-358161903,-228437344,-256201247,-121386137,-311581934,-384841457,-187984194,-150824426,-160117491,-26368901,93932156,138695718,282761509,207297231,74578882,135424038,269197760,309388225,81228709,-15967949,289400804,411216296,168073269,390099191,503912847,630915225,510533154,807781356,858218736,1156094092,845158651,842665537,822077857,1002583511,1041650000,1321144303,1233654116,1245817911,880244749,845772716,860329283,973894347,756176398,745153084,585848516
# status f = 1000001086,102771469,1 : OPEN_NEAR (rho 1.12447, T 4833.8, 50s)
f = 1000001086,118893614,1 | route RHO | claimed 1.1194960360035996217 | coeffs -553891099,-584631472,-561965956,-411519539,-601649598,-723866832,-762325096,-909429407,-1106305897,-1217375184,-995798787,-1126356446,-945761090,-869503322,-911156438,-947367186,-1004607260,-906757380,-747177165,-788783451,-959780548,-748036025,-700129828,-785323292,-551389515,-685333475,-618726570,-707956909,-591624328,-734316115,-421441964,-459546763,-485968354,-551040142,-212526321,-458543671,-173634930,-362785297,-354665992,-78513973,-207206814,-261567789,-143112838,-285679313,-190320437,-262184811,-21981649,-112626972,-201342126,-102314107,77036023,124421968,433599768,534276251,740984927,662002069,644566522,624008457,618743140,711674481,681577541,697212432,341991397,645434427
f = 1000001086,118893614,1 | route T | claimed 4093.1780742305698813 | coeffs -212753591,-198842518,-96779683,35050358,108023596,-199902972,152506795,107650590,-65623943,-159493879,-138267528,-392949675,-335420406,-322836772,-168067971,-72036697,-105198551,-392422297,-494144411,-392264714,-291080254,-135960168,-453533720,-564188500,-281620401,-419370417,-565171769,-525326616,-580051649,-417334608,-437281119,-476213462,-425409801,-169344778,-208209276,-552921080,-208210278,-67768170,-95506780,39559568,-200276653,-152237131,-215154826,-178907186,-7797817,184420746,146694252,-629743,-193081086,-156952326,-172845267,-275335952,13396842,-45139303,-20036297,-217211566,-32557341,56688532,83009268,196816377,2924651,145921277,126489986,369057036
# status f = 1000001086,118893614,1 : PASS_T (rho 1.11950, T 4093.2, 80s)
f = 1000001086,122245921,1 | route RHO | claimed 1.1032962158191993615 | coeffs 458355516,463332635,585104070,632016909,730235024,652868441,838190906,550873071,556024866,508708931,749206729,559243411,277163036,332470349,116809765,114870240,137008744,4320910,185349323,71747255,-81813422,-179341305,-253797774,-84775476,-130566455,-278132218,-321214429,-306376670,193413947,77812037,-18389854,-117808363,-200314065,134980709,-47770677,76145660,170757901,261407723,289241393,305280522,298458709,407913671,494298364,480941224,461012275,370770116,502341716,348154719,513785939,385582009,88431629,567319040,248048888,372877804,270046905,103652870,53975126,-79664268,-172594675,-150152379,-81366582,-93277587,-218004305,-171300096
f = 1000001086,122245921,1 | route T | claimed 5499.103802942433295 | coeffs 458355516,463332635,585104070,632016909,730235024,652868441,838190906,550873071,556024866,508708931,749206729,559243411,277163036,332470349,116809765,114870240,137008744,4320910,185349323,71747255,-81813422,-179341305,-253797774,-84775476,-130566455,-278132218,-321214429,-306376670,193413947,77812037,-18389854,-117808363,-200314065,134980709,-47770677,76145660,170757901,261407723,289241393,305280522,298458709,407913671,494298364,480941224,461012275,370770116,502341716,348154719,513785939,385582009,88431629,567319040,248048888,372877804,270046905,103652870,53975126,-79664268,-172594675,-150152379,-81366582,-93277587,-218004305,-171300096
# status f = 1000001086,122245921,1 : OPEN_NEAR (rho 1.10330, T 5499.1, 39s)
f = 1000001086,135251876,1 | route RHO | claimed 1.1456230751106226425 | coeffs -413242415,-181932558,-440745932,-526438527,-419901857,-688176935,-723752477,-556976449,-452906365,-489894086,-602154787,-546053086,-599267835,-352725589,-367489897,-305161333,-273999579,-105078758,27285721,-163325529,-156761463,-71724584,-153231009,27465565,469376,-56992167,-124675773,82669103,-10586638,-10930878,-159371226,122688504,132766894,87674824,-333096246,-101029331,-28677098,-187697630,-11882655,178663640,204222743,266731835,62346249,239484853,495446097,475806958,226312187,57111765,187739872,343853283,229410443,405985518,480308070,317190599,411694595,103225497,355905818,342254766,209520071,201304138,-74875812,169420047,205979562,64745355
f = 1000001086,135251876,1 | route T | claimed 8754.9147085281346705 | coeffs 5431813,81073470,-2548916,-214955131,-123716061,-367970010,-189508361,150354812,94160875,296503685,139758603,-7725678,-167295068,-204781857,-390561100,-252647889,-201304296,-338025587,-282997093,-462977453,-280638334,-354928697,-214993266,-300780356,-407625641,-23169521,-182545571,-118811169,-212093423,-285138543,-152072244,-216215329,-231598209,-412454367,-494265259,-267629154,-298586541,-188445968,-290154568,-182288627,-265544696,-438121350,-356697006,-222099437,-216735847,-261091283,-664450666,-660414912,-357530045,-409451873,-115440355,-17424657,-101597682,-168424295,-202816203,-289611069,-17209021,-133937615,-21600183,-231001729,-266536466,-94085879,-74018284,18680124
# status f = 1000001086,135251876,1 : OPEN_FAR (rho 1.14562, T 8754.9, 60s)
f = 1000001086,211203136,1 | route RHO | claimed 1.1240068977495389514 | coeffs -54867109,-45661540,-14591599,-163812448,-140366672,-255057977,-188994762,-288075468,-299599698,-268960947,-20131432,-217806620,-202179735,130474896,48186222,266391998,273467482,276818501,236170754,-66402605,66149275,71334842,25734825,-92392448,-523349992,-478953967,-396307614,-393096631,-368377293,-334727594,-80967710,-13096562,-39509358,-253581533,175832813,-103547852,-120368250,-344531064,-189984260,-231047588,-297479014,-587529908,-477188414,-535444752,-328231230,-290057102,-299101541,-64687673,153594506,13031421,143608924,150030971,272189981,236299982,258160392,349856719,142379404,289351535,312174169,92161515,140469349,-135770566,-5350621,157864807
f = 1000001086,211203136,1 | route T | claimed 6096.8666846419453004 | coeffs -117810197,-227437737,-202352972,-37056297,169994262,172481801,-153829048,142684627,-229627272,-97571976,-146207813,-144840739,-191382022,-428244538,-276517473,-402433288,-343256681,-78553521,-288172853,-184200401,-343551969,-544153047,-408579026,-338602797,-257746553,-452568578,-286817648,-323416979,-237983070,-386752207,-421676692,-307752478,-233984734,-187034030,30113583,65359646,228055650,171418654,167878328,-29641755,360416623,270919667,437816508,240243402,189031045,348314700,178691546,216633818,169681590,191014743,60817035,-256990442,-212370941,-235859098,-216146220,-112083248,44986848,-63698631,42656264,-129775776,-31771445,344984018,239120454,214837417
# status f = 1000001086,211203136,1 : OPEN_NEAR (rho 1.12401, T 6096.9, 24s)
f = 1000001086,219331537,1 | route RHO | claimed 1.0683349454292997663 | coeffs -435724252,-489600636,-718566143,-754355512,-761695749,-510630259,-565919606,-590384947,-657575106,-507769095,-646209136,-465353784,-393246594,-592240880,-679882547,-512305205,-565349390,-376304643,-578811099,-356472876,-382890178,-313373862,-478535520,-334921023,-377171190,-227179164,-429172671,-475608578,-460971368,-230418131,-351162719,-403987409,-379881131,-174869242,-310644159,33232244,-79167908,-34814352,-112788633,-376543574,-172753054,-45212348,-171754909,-274853732,-132764731,-131621172,290948846,83912774,-19604242,228241508,321463532,150125974,150503295,284080168,300722047,366294548,178855590,180516655,536565501,291765796,456479676,407363448,503148054,472644354
f = 1000001086,219331537,1 | route T | claimed 3448.176911426221623 | coeffs -274853732,-132764731,-131621172,290948846,83912774,-19604242,228241508,321463532,150125974,150503295,284080168,300722047,366294548,178855590,180516655,536565501,291765796,456479676,407363448,503148054,472644354,435724252,489600636,718566143,754355512,761695749,510630259,565919606,590384947,657575106,507769095,646209136,465353784,393246594,592240880,679882547,512305205,565349390,376304643,578811099,356472876,382890178,313373862,478535520,334921023,377171190,227179164,429172671,475608578,460971368,230418131,351162719,403987409,379881131,174869242,310644159,-33232244,79167908,34814352,112788633,376543574,172753054,45212348,171754909
# status f = 1000001086,219331537,1 : PASS_T (rho 1.06833, T 3448.2, 33s)
f = 1000001086,298674881,1 | route RHO | claimed 1.1231572675158622567 | coeffs -136725874,152776801,121109566,46448345,-43253182,102272378,81811177,96462536,225115658,374970481,278671065,78851487,175204941,100735062,126013563,122678150,149968459,79610148,-215909915,7414459,36422094,-226134438,93405677,-88451214,-5845808,-199304584,-208725216,-485233623,-279868560,-476960217,-484535090,-514239146,-269134753,-462393378,-298188852,-539253189,-278102352,-140173862,-321522932,-208653401,-294188019,-264244728,-194971988,-279020192,-250684956,-293622462,179784655,-224621281,-267583399,-205098089,-5995261,-124420046,-44941913,-50799877,229918347,234025710,336499182,126903324,330366548,280630978,179989195,243385982,373398937,89971185
f = 1000001086,298674881,1 | route T | claimed 7220.4278501491031183 | coeffs 212703022,110785328,-97832043,71850399,-53600606,-144795568,-86108590,-60173643,-212540841,-450140497,-445024067,-222324682,-204973747,-169052248,-374781600,-273731512,-277866166,-125888560,-84242756,100889020,203911343,4261893,204858123,4087173,-212679409,-121802420,32590279,-455790,156555860,27589946,37571181,-156036965,-256562407,-240478851,-388322620,-486059589,-488068545,-627813662,-450584638,-476424211,-301004799,-274187805,-313425877,-32875297,-59471229,30510195,-103976287,-359174475,-73525663,-135359263,103337650,-368313062,-284018592,-326439565,-532463653,-653793843,-528807354,-499473443,-520822854,-350050272,-207383916,-453559255,-468753588,-382597293
# status f = 1000001086,298674881,1 : OPEN_NEAR (rho 1.12316, T 7220.4, 40s)
f = 1000001086,329871333,1 | route RHO | claimed 1.1325412122066552517 | coeffs -339595256,-181316332,-456554247,-519476105,-406135469,-429192921,-474971193,-690401920,-573887355,-697451188,-576983398,-425788110,-323497935,-470412092,-495310906,-678562673,-649816705,-357967148,-574594425,-234906672,-367401510,-345752324,-396805330,-211969407,-233297576,60695398,-151605592,-301420030,-160501029,-134707790,-111146569,-155316918,-197310022,-377311381,-111403544,8425719,25402083,-119806312,143067562,-33505898,-79353271,137496526,-66958944,33395818,-41403607,-152621537,-170636323,-293826706,7513053,-179770463,203925920,-237785157,-240714734,-102083631,-72062708,189874057,129552493,295652417,18001217,288372805,202536116,230611051,310290495,172705850
f = 1000001086,329871333,1 | route T | claimed 7000.3484747146741349 | coeffs 84687924,211895719,388816862,354748226,376839679,470461269,613562277,658094928,780528196,242900257,246475962,1473461,262330951,431058302,379320403,389943684,393322214,387187312,289791638,395985816,274269617,212387295,232524704,-100027410,26090267,-301592213,-156795683,-39258637,1210991,-258062611,46626283,149208469,108902219,248355149,114302351,152393596,123752331,167378545,-138380372,13717785,-33405580,-212290158,-314817787,-377955479,-463800140,-500642351,-629221963,-568367636,-551159969,-609344501,-859745234,-710688597,-868603055,-856631480,-903830988,-588447501,-459746484,-256408846,-342302470,-585190893,-443921209,-368275676,-545000645,-199540683
# status f = 1000001086,329871333,1 : OPEN_NEAR (rho 1.13254, T 7000.3, 53s)
f = 1000001086,385231018,1 | route RHO | claimed 1.0917547139516636142 | coeffs -46116384,-158578089,-300194502,-56895729,-77876712,-488613741,-327211182,-213193897,-25888597,50642317,99649719,16538732,-261083767,-451402,-124048225,-53638488,615260,-75141287,-19137005,20775543,-139412856,-39863339,-110661672,-258910641,-496417023,-509255706,-292488084,-383328898,-380533421,-191462210,-273393327,-383809771,-355393889,-214609486,-252839370,-234798952,-236090039,-436749345,-134379805,-244580304,-210108198,-268369559,-245300818,-384089136,-273662010,-489536056,-483147702,-259352419,-272579788,-335213078,-188411047,122840063,-106480250,-393412287,-181510179,-420344584,-169145839,-339692375,-352525550,-218657552,-140972026,-272735814,-206311931,-85185369
f = 1000001086,385231018,1 | route T | claimed 4562.4489609224237498 | coeffs -214609486,-252839370,-234798952,-236090039,-436749345,-134379805,-244580304,-210108198,-268369559,-245300818,-384089136,-273662010,-489536056,-483147702,-259352419,-272579788,-335213078,-188411047,122840063,-106480250,-393412287,-181510179,-420344584,-169145839,-339692375,-352525550,-218657552,-140972026,-272735814,-206311931,-85185369,46116384,158578089,300194502,56895729,77876712,488613741,327211182,213193897,25888597,-50642317,-99649719,-16538732,261083767,451402,124048225,53638488,-615260,75141287,19137005,-20775543,139412856,39863339,110661672,258910641,496417023,509255706,292488084,383328898,380533421,191462210,273393327,383809771,355393889
# status f = 1000001086,385231018,1 : OPEN_NEAR (rho 1.09175, T 4562.4, 32s)
f = 1000001086,406053673,1 | route RHO | claimed 1.1243090960593680063 | coeffs -338621509,-228273627,-275621252,-306061923,-185644760,-37406418,-97878335,-269755055,73503994,30932449,-48121056,-266841469,134164474,-30525333,23233535,-61815802,-144057189,-193378830,7521834,-189968603,-146991230,-151287425,28269821,23085584,15307941,-64414116,51553593,-25134788,158066663,297426738,293202681,437165099,493690121,488151729,575097669,482809737,541616172,421137754,510562512,362832784,-8506831,144436183,-138479445,-10777040,-57778841,-118093238,19835252,56506742,217260803,219042924,370985086,272217511,416125389,234854175,134356325,189709560,41590545,391802520,444504432,474876149,365280144,392745140,665383693,202736216
f = 1000001086,406053673,1 | route T | claimed 6603.74910510662089 | coeffs -193378830,7521834,-189968603,-146991230,-151287425,28269821,23085584,15307941,-64414116,51553593,-25134788,158066663,297426738,293202681,437165099,493690121,488151729,575097669,482809737,541616172,421137754,510562512,362832784,-8506831,144436183,-138479445,-10777040,-57778841,-118093238,19835252,56506742,217260803,219042924,370985086,272217511,416125389,234854175,134356325,189709560,41590545,391802520,444504432,474876149,365280144,392745140,665383693,202736216,338621509,228273627,275621252,306061923,185644760,37406418,97878335,269755055,-73503994,-30932449,48121056,266841469,-134164474,30525333,-23233535,61815802,144057189
# status f = 1000001086,406053673,1 : OPEN_NEAR (rho 1.12431, T 6603.7, 75s)
f = 1000001086,410978949,1 | route RHO | claimed 1.0990678217092027692 | coeffs 250314918,358045487,240807255,352820847,509218937,406752928,651118926,411519055,529089926,763222934,839753326,955904240,705023995,482855073,418281487,535864423,400652968,253079196,327509489,520323024,425737066,264280624,455278257,440583405,365594806,246826577,300589100,362422231,-14995583,120470958,-129561179,-176814180,-5417050,-272516313,-165309985,-317492128,-412112264,-341814217,-368123532,-172179439,-329406967,-105946288,-92327990,-153410545,-108295263,-143692957,-362381164,-173956077,-347974141,-469562369,-480241929,-175493507,-144573939,-92462671,-187701928,-334412584,-99047823,-283696849,-198755902,-204257786,-165280183,-267909079,-196262290,-263476655
f = 1000001086,410978949,1 | route T | claimed 5352.7425079083888157 | coeffs 143692957,362381164,173956077,347974141,469562369,480241929,175493507,144573939,92462671,187701928,334412584,99047823,283696849,198755902,204257786,165280183,267909079,196262290,263476655,250314918,358045487,240807255,352820847,509218937,406752928,651118926,411519055,529089926,763222934,839753326,955904240,705023995,482855073,418281487,535864423,400652968,253079196,327509489,520323024,425737066,264280624,455278257,440583405,365594806,246826577,300589100,362422231,-14995583,120470958,-129561179,-176814180,-5417050,-272516313,-165309985,-317492128,-412112264,-341814217,-368123532,-172179439,-329406967,-105946288,-92327990,-153410545,-108295263
# status f = 1000001086,410978949,1 : OPEN_NEAR (rho 1.09907, T 5352.7, 5s)
f = 1000001086,491088373,1 | route RHO | claimed 1.1254418843247257271 | coeffs 339256609,370124508,203319978,29797999,144341760,52721458,32377165,51589219,116458946,196785313,261468657,-21822412,106528708,1335761,89689649,-73767314,254762624,452135576,292406851,73351936,42867751,282770762,538856443,507913399,148154092,414982164,368274886,407751976,186555715,375184530,320840685,95277602,9988767,97455199,104488513,166542242,-138286911,-144364821,-137869848,112203797,79495393,-114063841,-126623545,-218377505,-184235191,-68867154,-33089119,-19195773,282807109,46483400,-253104362,-177032388,-142230675,-28964478,-56445008,-40606703,-89244381,-265524606,-100901684,-231466408,-250118462,-275951989,-247626417,-326229516
f = 1000001086,491088373,1 | route T | claimed 6478.2139185215537892 | coeffs 58734223,-24878423,65271161,391872679,232005519,397161523,370499720,311542174,415941771,859762542,381090114,479747337,464386594,474858916,441754069,672363216,336364924,377996880,355188787,289462653,142445113,35454321,32195664,100421780,-20240001,-255821827,-258673516,-283299929,-233260983,-391526604,-176048277,-336142309,-362361734,-290444724,-274936922,-228292057,-250740772,-145982285,-151047202,-191483003,-335454583,-502503520,-156376527,-246581934,-307116066,-478293597,-355072044,-322149028,-411951598,-433814542,-450854762,-291797451,-142870325,-480066203,-441097406,-463825877,-136282951,-388514300,-216734475,-393705620,-418517081,-365063370,41669743,-315694079
# status f = 1000001086,491088373,1 : OPEN_NEAR (rho 1.12544, T 6478.2, 52s)
f = 1000001086,508912714,1 | route RHO | claimed 1.1309584107857049719 | coeffs -260069234,-270516524,-24390407,17903,30024678,-241303393,-112988827,-337541115,-310693251,-53805391,-107863459,-46203855,206220319,99525475,-255641606,-3507595,-6346390,-51766370,-220465025,-308094336,-488311931,-263819510,-386901812,-431004059,-371541929,-350831443,-109632475,-98301493,-323355702,-114158258,-76724152,-94983488,-196310660,-266107994,-432325698,-410052331,-247730266,-378763040,-370034647,-159016514,-114642537,-384711585,-126587079,-289541743,-202129263,-286306045,-216754757,-37560059,-2688806,-109025701,-82694385,-266435105,-84544700,-228678043,-78044183,-38052547,3767407,198977778,-40586458,158472720,324445244,347845626,481275605,434729900
f = 1000001086,508912714,1 | route T | claimed 6933.0252206429470048 | coeffs -216754757,-37560059,-2688806,-109025701,-82694385,-266435105,-84544700,-228678043,-78044183,-38052547,3767407,198977778,-40586458,158472720,324445244,347845626,481275605,434729900,260069234,270516524,24390407,-17903,-30024678,241303393,112988827,337541115,310693251,53805391,107863459,46203855,-206220319,-99525475,255641606,3507595,6346390,51766370,220465025,308094336,488311931,263819510,386901812,431004059,371541929,350831443,109632475,98301493,323355702,114158258,76724152,94983488,196310660,266107994,432325698,410052331,247730266,378763040,370034647,159016514,114642537,384711585,126587079,289541743,202129263,286306045
# status f = 1000001086,508912714,1 : OPEN_NEAR (rho 1.13096, T 6933.0, 28s)
f = 1000001086,589022138,1 | route RHO | claimed 1.0990678217092027692 | coeffs -108295263,-153410545,-92327990,-105946288,-329406967,-172179439,-368123532,-341814217,-412112264,-317492128,-165309985,-272516313,-5417050,-176814180,-129561179,120470958,-14995583,362422231,300589100,246826577,365594806,440583405,455278257,264280624,425737066,520323024,327509489,253079196,400652968,535864423,418281487,482855073,705023995,955904240,839753326,763222934,529089926,411519055,651118926,406752928,509218937,352820847,240807255,358045487,250314918,263476655,196262290,267909079,165280183,204257786,198755902,283696849,99047823,334412584,187701928,92462671,144573939,175493507,480241929,469562369,347974141,173956077,362381164,143692957
f = 1000001086,589022138,1 | route T | claimed 4706.5640911113490687 | coeffs -108295263,-153410545,-92327990,-105946288,-329406967,-172179439,-368123532,-341814217,-412112264,-317492128,-165309985,-272516313,-5417050,-176814180,-129561179,120470958,-14995583,362422231,300589100,246826577,365594806,440583405,455278257,264280624,425737066,520323024,327509489,253079196,400652968,535864423,418281487,482855073,705023995,955904240,839753326,763222934,529089926,411519055,651118926,406752928,509218937,352820847,240807255,358045487,250314918,263476655,196262290,267909079,165280183,204257786,198755902,283696849,99047823,334412584,187701928,92462671,144573939,175493507,480241929,469562369,347974141,173956077,362381164,143692957
# status f = 1000001086,589022138,1 : OPEN_NEAR (rho 1.09907, T 4706.6, 25s)
f = 1000001086,593947414,1 | route RHO | claimed 1.1243090960593680063 | coeffs -437165099,-293202681,-297426738,-158066663,25134788,-51553593,64414116,-15307941,-23085584,-28269821,151287425,146991230,189968603,-7521834,193378830,144057189,61815802,-23233535,30525333,-134164474,266841469,48121056,-30932449,-73503994,269755055,97878335,37406418,185644760,306061923,275621252,228273627,338621509,202736216,665383693,392745140,365280144,474876149,444504432,391802520,41590545,189709560,134356325,234854175,416125389,272217511,370985086,219042924,217260803,56506742,19835252,-118093238,-57778841,-10777040,-138479445,144436183,-8506831,362832784,510562512,421137754,541616172,482809737,575097669,488151729,493690121
f = 1000001086,593947414,1 | route T | claimed 5951.5557160516040071 | coeffs -206600102,-231696556,112456341,89077658,216403084,498314090,610055603,432192534,497259446,430253411,545122399,687781828,636117113,265259362,478521114,527091555,211087522,64304239,158263803,407661843,399893047,370888380,130535282,274342345,373038949,512713045,556988307,480733908,664210682,578018700,592339989,826732432,893564965,1125947941,814475272,855657377,724015092,1007306577,900946688,827446871,937425917,825126331,740008685,853908192,871500216,789460497,828210517,899826015,541590129,805808912,755683584,440321087,428841633,507414275,294902480,490621370,504503661,577381271,538011475,504914522,187974220,12639355,244630142,301846609
# status f = 1000001086,593947414,1 : OPEN_NEAR (rho 1.12431, T 5951.6, 22s)
f = 1000001086,614770069,1 | route RHO | claimed 1.0917547139516636142 | coeffs -420344584,-181510179,-393412287,-106480250,122840063,-188411047,-335213078,-272579788,-259352419,-483147702,-489536056,-273662010,-384089136,-245300818,-268369559,-210108198,-244580304,-134379805,-436749345,-236090039,-234798952,-252839370,-214609486,-355393889,-383809771,-273393327,-191462210,-380533421,-383328898,-292488084,-509255706,-496417023,-258910641,-110661672,-39863339,-139412856,20775543,-19137005,-75141287,615260,-53638488,-124048225,-451402,-261083767,16538732,99649719,50642317,-25888597,-213193897,-327211182,-488613741,-77876712,-56895729,-300194502,-158578089,-46116384,85185369,206311931,272735814,140972026,218657552,352525550,339692375,169145839
f = 1000001086,614770069,1 | route T | claimed 5340.9208479055852531 | coeffs -11269017,219754656,168920141,76197127,273251310,177864189,158894244,343679272,255039512,302385144,26309790,134429156,-296825530,-69684403,29545656,164073306,37525194,192318025,19364300,299177352,425078541,219587321,167593448,-184553955,-152998659,-92873648,-79022072,58006008,-301214273,-50244163,-279691582,-309990459,4006210,10971166,151307545,-221081892,-109249769,-240813848,-135466586,-137094338,-153349760,-196785398,-357306455,-419692268,-453254079,47951574,-40462393,-49393976,-66428002,-31665553,-108518028,-75326504,167136606,37957333,29449974,-94087502,-192746485,-173370200,-153901907,-313374862,-274396373,-109367621,-97544793,-47837140
# status f = 1000001086,614770069,1 : OPEN_NEAR (rho 1.09175, T 5340.9, 21s)
f = 1000001086,670129754,1 | route RHO | claimed 1.1325412122066552517 | coeffs -367401510,-234906672,-574594425,-357967148,-649816705,-678562673,-495310906,-470412092,-323497935,-425788110,-576983398,-697451188,-573887355,-690401920,-474971193,-429192921,-406135469,-519476105,-456554247,-181316332,-339595256,-172705850,-310290495,-230611051,-202536116,-288372805,-18001217,-295652417,-129552493,-189874057,72062708,102083631,240714734,237785157,-203925920,179770463,-7513053,293826706,170636323,152621537,41403607,-33395818,66958944,-137496526,79353271,33505898,-143067562,119806312,-25402083,-8425719,111403544,377311381,197310022,155316918,111146569,134707790,160501029,301420030,151605592,-60695398,233297576,211969407,396805330,345752324
f = 1000001086,670129754,1 | route T | claimed 6468.1160481810608331 | coeffs -324053104,-30928487,-179709603,-174845122,-411193774,-265812897,-61675506,-3113832,-265623631,-13442471,-258103235,-380392858,-523335502,-381708396,13393126,94004994,41303277,-137147823,55300854,267047584,301976871,574879776,412612687,451905568,345996653,377190130,617423975,107341031,125105682,-120760304,278079161,71423311,81474097,303208790,68356800,78274778,-223815075,-39295686,7910341,66958865,-36383322,-51891683,-347603,88433348,322763278,64271393,285863638,243035118,90432441,-189741516,-136774784,85825859,123582189,-21827679,-135137370,-97986421,41065611,-214130173,-136506403,-40551474,106456841,84012387,142555546,214556088
# status f = 1000001086,670129754,1 : OPEN_NEAR (rho 1.13254, T 6468.1, 51s)
f = 1000001086,701326206,1 | route RHO | claimed 1.1231572675158622567 | coeffs -280630978,-330366548,-126903324,-336499182,-234025710,-229918347,50799877,44941913,124420046,5995261,205098089,267583399,224621281,-179784655,293622462,250684956,279020192,194971988,264244728,294188019,208653401,321522932,140173862,278102352,539253189,298188852,462393378,269134753,514239146,484535090,476960217,279868560,485233623,208725216,199304584,5845808,88451214,-93405677,226134438,-36422094,-7414459,215909915,-79610148,-149968459,-122678150,-126013563,-100735062,-175204941,-78851487,-278671065,-374970481,-225115658,-96462536,-81811177,-102272378,43253182,-46448345,-121109566,-152776801,136725874,89971185,373398937,243385982,179989195
f = 1000001086,701326206,1 | route T | claimed 6592.7964038441661793 | coeffs 278037185,256737818,390993225,247620929,281231953,456501459,545498851,149683277,195892796,214032879,18232622,-72746163,-22250011,91255984,443111252,490558931,367690018,493483884,252676174,326153718,230137695,374744261,334717866,247869085,341753424,-43265935,282546401,-7618589,-27936363,-182819433,13807479,152671609,-70097175,-203463357,-186521194,-337365188,-335805192,-599842665,-492672881,-446044802,-147221590,-369013853,-318853360,-533254275,-316416193,-469947784,-426894291,-501120694,-473271964,-624901988,-450914724,-486686829,-722450026,-492768290,-327905986,-602739849,-338935976,-343018017,-294574597,-274785579,-397911605,-188571838,-344900397,-132845732
# status f = 1000001086,701326206,1 : OPEN_NEAR (rho 1.12316, T 6592.8, 10s)
f = 1000001086,780669550,1 | route RHO | claimed 1.0683349454292997663 | coeffs 310644159,174869242,379881131,403987409,351162719,230418131,460971368,475608578,429172671,227179164,377171190,334921023,478535520,313373862,382890178,356472876,578811099,376304643,565349390,512305205,679882547,592240880,393246594,465353784,646209136,507769095,657575106,590384947,565919606,510630259,761695749,754355512,718566143,489600636,435724252,472644354,503148054,407363448,456479676,291765796,536565501,180516655,178855590,366294548,300722047,284080168,150503295,150125974,321463532,228241508,-19604242,83912774,290948846,-131621172,-132764731,-274853732,-171754909,-45212348,-172753054,-376543574,-112788633,-34814352,-79167908,33232244
f = 1000001086,780669550,1 | route T | claimed 3050.1913421506132194 | coeffs 45212348,172753054,376543574,112788633,34814352,79167908,-33232244,310644159,174869242,379881131,403987409,351162719,230418131,460971368,475608578,429172671,227179164,377171190,334921023,478535520,313373862,382890178,356472876,578811099,376304643,565349390,512305205,679882547,592240880,393246594,465353784,646209136,507769095,657575106,590384947,565919606,510630259,761695749,754355512,718566143,489600636,435724252,472644354,503148054,407363448,456479676,291765796,536565501,180516655,178855590,366294548,300722047,284080168,150503295,150125974,321463532,228241508,-19604242,83912774,290948846,-131621172,-132764731,-274853732,-171754909
# status f = 1000001086,780669550,1 : PASS_T (rho 1.06833, T 3050.2, 10s)
f = 1000001086,788797951,1 | route RHO | claimed 1.1240068977495389514 | coeffs 120368250,103547852,-175832813,253581533,39509358,13096562,80967710,334727594,368377293,393096631,396307614,478953967,523349992,92392448,-25734825,-71334842,-66149275,66402605,-236170754,-276818501,-273467482,-266391998,-48186222,-130474896,202179735,217806620,20131432,268960947,299599698,288075468,188994762,255057977,140366672,163812448,14591599,45661540,54867109,157864807,-5350621,-135770566,140469349,92161515,312174169,289351535,142379404,349856719,258160392,236299982,272189981,150030971,143608924,13031421,153594506,-64687673,-299101541,-290057102,-328231230,-535444752,-477188414,-587529908,-297479014,-231047588,-189984260,-344531064
f = 1000001086,788797951,1 | route T | claimed 5276.3213371058668159 | coeffs -157864807,5350621,135770566,-140469349,-92161515,-312174169,-289351535,-142379404,-349856719,-258160392,-236299982,-272189981,-150030971,-143608924,-13031421,-153594506,64687673,299101541,290057102,328231230,535444752,477188414,587529908,297479014,231047588,189984260,344531064,120368250,103547852,-175832813,253581533,39509358,13096562,80967710,334727594,368377293,393096631,396307614,478953967,523349992,92392448,-25734825,-71334842,-66149275,66402605,-236170754,-276818501,-273467482,-266391998,-48186222,-130474896,202179735,217806620,20131432,268960947,299599698,288075468,188994762,255057977,140366672,163812448,14591599,45661540,54867109
# status f = 1000001086,788797951,1 : OPEN_NEAR (rho 1.12401, T 5276.3, 39s)
f = 1000001086,864749211,1 | route RHO | claimed 1.1456230751106226425 | coeffs -11882655,-187697630,-28677098,-101029331,-333096246,87674824,132766894,122688504,-159371226,-10930878,-10586638,82669103,-124675773,-56992167,469376,27465565,-153231009,-71724584,-156761463,-163325529,27285721,-105078758,-273999579,-305161333,-367489897,-352725589,-599267835,-546053086,-602154787,-489894086,-452906365,-556976449,-723752477,-688176935,-419901857,-526438527,-440745932,-181932558,-413242415,-64745355,-205979562,-169420047,74875812,-201304138,-209520071,-342254766,-355905818,-103225497,-411694595,-317190599,-480308070,-405985518,-229410443,-343853283,-187739872,-57111765,-226312187,-475806958,-495446097,-239484853,-62346249,-266731835,-204222743,-178663640
f = 1000001086,864749211,1 | route T | claimed 5226.7161140860665235 | coeffs -74018284,-94085879,-266536466,-231001729,-21600183,-133937615,-17209021,-289611069,-202816203,-168424295,-101597682,-17424657,-115440355,-409451873,-357530045,-660414912,-664450666,-261091283,-216735847,-222099437,-356697006,-438121350,-265544696,-182288627,-290154568,-188445968,-298586541,-267629154,-494265259,-412454367,-231598209,-216215329,-152072244,-285138543,-212093423,-118811169,-182545571,-23169521,-407625641,-300780356,-214993266,-354928697,-280638334,-462977453,-282997093,-338025587,-201304296,-252647889,-390561100,-204781857,-167295068,-7725678,139758603,296503685,94160875,150354812,-189508361,-367970010,-123716061,-214955131,-2548916,81073470,5431813,-18680124
# status f = 1000001086,864749211,1 : OPEN_NEAR (rho 1.14562, T 5226.7, 63s)
f = 1000001086,877755166,1 | route RHO | claimed 1.1032962158191993615 | coeffs 332470349,277163036,559243411,749206729,508708931,556024866,550873071,838190906,652868441,730235024,632016909,585104070,463332635,458355516,171300096,218004305,93277587,81366582,150152379,172594675,79664268,-53975126,-103652870,-270046905,-372877804,-248048888,-567319040,-88431629,-385582009,-513785939,-348154719,-502341716,-370770116,-461012275,-480941224,-494298364,-407913671,-298458709,-305280522,-289241393,-261407723,-170757901,-76145660,47770677,-134980709,200314065,117808363,18389854,-77812037,-193413947,306376670,321214429,278132218,130566455,84775476,253797774,179341305,81813422,-71747255,-185349323,-4320910,-137008744,-114870240,-116809765
f = 1000001086,877755166,1 | route T | claimed 3979.2947364989469469 | coeffs 103652870,270046905,372877804,248048888,567319040,88431629,385582009,513785939,348154719,502341716,370770116,461012275,480941224,494298364,407913671,298458709,305280522,289241393,261407723,170757901,76145660,-47770677,134980709,-200314065,-117808363,-18389854,77812037,193413947,-306376670,-321214429,-278132218,-130566455,-84775476,-253797774,-179341305,-81813422,71747255,185349323,4320910,137008744,114870240,116809765,332470349,277163036,559243411,749206729,508708931,556024866,550873071,838190906,652868441,730235024,632016909,585104070,463332635,458355516,171300096,218004305,93277587,81366582,150152379,172594675,79664268,-53975126
# status f = 1000001086,877755166,1 : PASS_T (rho 1.10330, T 3979.3, 29s)
f = 1000001086,881107473,1 | route RHO | claimed 1.1194960360035996217 | coeffs 201342126,112626972,21981649,262184811,190320437,285679313,143112838,261567789,207206814,78513973,354665992,362785297,173634930,458543671,212526321,551040142,485968354,459546763,421441964,734316115,591624328,707956909,618726570,685333475,551389515,785323292,700129828,748036025,959780548,788783451,747177165,906757380,1004607260,947367186,911156438,869503322,945761090,1126356446,995798787,1217375184,1106305897,909429407,762325096,723866832,601649598,411519539,561965956,584631472,553891099,645434427,341991397,697212432,681577541,711674481,618743140,624008457,644566522,662002069,740984927,534276251,433599768,124421968,77036023,-102314107
f = 1000001086,881107473,1 | route T | claimed 8256.2942521238640721 | coeffs 738495629,1024232860,804545007,493505395,643761589,820869882,835968088,688069683,464474900,242224476,417995980,563190669,194703201,501832209,100488335,175672015,61838571,-23268918,-190482278,-206296100,31489328,-145054280,-139554535,-164454665,67791619,14924703,119072127,-102221975,-53844072,251676550,-116418698,-51557853,-306361647,-242062743,-259853866,-584242103,-689048084,-708364063,-758255266,-793893896,-930913766,-1140509206,-1025540200,-998188582,-1061140205,-1203845871,-1340663908,-1286036107,-1048671528,-950604359,-1176470957,-1150669445,-1050364427,-1153776636,-1158444598,-992936269,-989679243,-995274085,-729939601,-1166029552,-956274252,-956826510,-868963218,-838125313
# status f = 1000001086,881107473,1 : OPEN_NEAR (rho 1.11950, T 8256.3, 66s)
f = 1000001086,897229618,1 | route RHO | claimed 1.1244738741175457261 | coeffs -208030938,-362830721,-545246511,-371068050,-400707590,-471351221,-659401176,-616834875,-333364060,-699751834,-588742716,-683282286,-645993358,-482889802,-274144100,-233519909,-272552525,-307125275,96505203,-4744005,-70666128,-115929471,13629848,-94512237,-109599136,-130251177,138990047,90100832,341614134,-129685138,-6105010,34269012,117752313,3512370,85556260,38867201,84818836,139598506,147886858,17949475,239538287,140628597,452406798,464061442,193255988,273357730,256116633,276034351,345862989,460980893,288633156,260675956,478287706,541114941,543153556,375443813,295935949,226539025,218091125,297923727,426140424,528358481,199390101,218889529
f = 1000001086,897229618,1 | route T | claimed 5908.3437650817557393 | coeffs -92134873,-250775825,-181983712,-164311928,-322892200,-512754218,-384123847,-390054798,-377148692,-413996471,-140228966,-247148744,-267439674,42367356,51756499,391686807,264746111,227620327,312723698,328183358,171882659,168562705,190974380,-71182963,-85767563,-210428979,-301307676,-386756448,-200641759,-485768139,-228572005,-293984779,-468866359,-193090192,-358115578,-176220198,-428177559,-277726870,-43058458,-106358380,28444997,-56088176,3747095,-95123553,-344430547,-288645775,-272368138,-64506994,55551071,-29953160,-36198338,297860138,299689657,482934636,276808149,301954318,177116192,-147485753,193500292,208140355,403841226,283458418,51403506,202500400
# status f = 1000001086,897229618,1 : OPEN_NEAR (rho 1.12447, T 5908.3, 38s)
f = 1000001086,931286754,1 | route RHO | claimed 1.1151734046264961352 | coeffs 174610400,200199447,660414008,464529516,506484867,484600489,329348811,212244859,263562340,501329356,398195117,374965729,439191164,285453582,270812955,-57461576,-153161647,-82685968,-189595638,-439159902,-245226861,-568443823,-558244854,-471798588,-513251280,-441171595,-576444918,-445615596,-407005065,-276703388,-329384577,-370185526,-474085507,-382297453,-538305540,-458324775,-560182354,-486208698,-494407810,-520573310,-603024963,-447059562,-380873659,-459972352,-371190776,-596509557,-588540239,-589446192,-693020449,-444410257,-498974795,-491797943,-608525973,-596191691,-752306560,-305848480,-294598857,-348826453,-298632545,-512640286,-267545946,-270044495,-83570020,-328993159
f = 1000001086,931286754,1 | route T | claimed 5778.7425799782143903 | coeffs -200441663,6410561,-144892237,-393605699,-472462658,-271097712,-263494748,-94329230,-187317539,-333939325,-150201505,-321178855,-344792119,-593787973,-188123010,-491044414,-484022659,-473786413,-518508864,-458109525,-284486111,-341930486,-546238773,-196381181,-348252769,-470978101,-458915393,-615041929,-479604086,-564256884,-200585605,-489500336,-671024528,-741772423,-791547423,-655034242,-686435541,-579242172,-456971317,-463739326,-622814607,-680594423,-638079815,-451817775,-338763841,-376068544,-264984266,-74694105,-239959151,10392673,-56987385,-96442724,191837577,84475134,13592157,97419678,95256910,178095844,267130846,224123852,7907978,381141195,483010688,200576818
# status f = 1000001086,931286754,1 : OPEN_NEAR (rho 1.11517, T 5778.7, 39s)
f = 1000001086,944294999,1 | route RHO | claimed 1.1447641252681586236 | coeffs 912532172,841745358,895937898,704458601,732970340,826180023,695116325,746491126,540809022,523077204,457598181,692343275,977323359,830759457,863371026,758985559,481423924,434734865,159327428,357419527,177975766,451625220,276650895,101366074,-23843630,8595156,-19895584,-43015900,-113814699,-296587743,-161650390,-234340810,-567710162,-367716940,-615141792,-818431466,-906209026,-942859713,-854643585,-938978746,-1057303449,-988597459,-871672876,-832858042,-924109711,-907346321,-862051796,-898162120,-1152984064,-982392582,-1015824204,-992484827,-1001687097,-1073148074,-936159577,-981500895,-1139496709,-1033556148,-990426394,-1144616116,-1215624665,-1190209623,-1288450791,-1061948340
f = 1000001086,944294999,1 | route T | claimed 9285.6800160586352202 | coeffs -366062826,-375286065,-528490658,-274965166,-444174929,-488578641,-258342946,-247821926,-246482683,-143278499,-248545183,-357124850,-552243992,-381029307,-518181699,-433718223,-283241628,-530062101,-336030638,-586417041,-554374898,-302197018,-175099279,-60176861,-304526129,-159607376,-436239132,-98720723,-131159001,-189021824,-215229474,-202856485,-293906417,-270444022,-181348975,-291509319,-55918765,-33586043,-22706196,-55980659,104079776,85428830,355288123,153803036,210355727,251792194,340313496,302845177,597994194,318406752,331597243,198317323,93234709,-60301124,161896789,-32005007,-39702459,238784443,224492328,453452691,173481696,334429355,344586053,207968931
# status f = 1000001086,944294999,1 : OPEN_FAR (rho 1.14476, T 9285.7, 23s)
f = 1000001086,972386155,1 | route RHO | claimed 1.0859545160850900536 | coeffs -372153812,-316603054,-68551178,-255341116,-178083206,23096626,-241202081,-152089046,-143284597,-50317372,152517824,189323215,127261798,111423493,289507885,243958357,173116243,161917037,67047860,79873757,96510758,-42562954,-100689478,23086432,342503008,28420245,62506182,-60816505,-112994612,74125734,8207125,121691827,133518557,257278577,447440694,349441466,615194286,441295024,782024671,803654197,903963451,708434859,711620096,508545140,516791504,780144201,873881894,932964174,655592844,805409050,683942648,619167897,897514351,788324842,655234238,530309949,393200529,462467799,453706122,374531445,310628845,266887600,396257170,357434621
f = 1000001086,972386155,1 | route T | claimed 5856.310245609352982 | coeffs -152089046,-143284597,-50317372,152517824,189323215,127261798,111423493,289507885,243958357,173116243,161917037,67047860,79873757,96510758,-42562954,-100689478,23086432,342503008,28420245,62506182,-60816505,-112994612,74125734,8207125,121691827,133518557,257278577,447440694,349441466,615194286,441295024,782024671,803654197,903963451,708434859,711620096,508545140,516791504,780144201,873881894,932964174,655592844,805409050,683942648,619167897,897514351,788324842,655234238,530309949,393200529,462467799,453706122,374531445,310628845,266887600,396257170,357434621,372153812,316603054,68551178,255341116,178083206,-23096626,241202081
# status f = 1000001086,972386155,1 : OPEN_NEAR (rho 1.08595, T 5856.3, 31s)
f = 1000001086,980906338,1 | route RHO | claimed 1.1045924304985222859 | coeffs -700607714,-723567743,-281875830,-351156827,-99274635,-174306326,-173089345,-169594099,59107095,-85913096,279830630,79881264,251960951,192428927,184605514,70249245,-58018061,178289941,-30057244,84234352,-90309308,-221599540,-95007169,-148309791,60066945,-139533902,-413951,142317749,258129201,197374109,284366595,344169015,472926178,495771232,526678089,514230996,403400872,489986078,400632587,115517805,306810589,296172099,562941800,607967126,510667555,422198477,327308837,127813515,-7530830,280115672,358735613,238424968,388184001,230649535,197746816,518007565,515720249,513408870,664995680,720354894,724808421,892375305,784149744,628069011
f = 1000001086,980906338,1 | route T | claimed 3836.253243018350936 | coeffs -48807554,-125005543,-176225236,-133845430,-63669720,-133071922,123831294,-40108453,134154771,65006531,90622586,412565635,407472094,510609732,336174824,603845085,536606605,307417999,388377835,92087887,211545663,145899709,-82692773,174080034,-24634282,94356757,342463104,189869741,236303552,81330517,116241927,74703090,-86297638,20414742,-36959578,118338893,-39493972,-219044128,58116744,347848604,494671873,362948102,120294840,83988681,81025238,183470904,28458591,122117828,289047628,215876338,280621166,311583499,41891789,-15028118,-128879175,-192088474,80961552,-25743229,42840353,75843549,85622596,-126325075,63154330,104891360
# status f = 1000001086,980906338,1 : PASS_T (rho 1.10459, T 3836.3, 41s)
# summary n = 7 l = 1000001087 : INCOMPLETE ; PASS 5 / 32 ; OPEN_NEAR 24 ; OPEN_FAR 3 ; 1180s
