# FAMILY WITNESS FILE (generator family_gen.sage r10). n = 7 ; l = 1000040641 ; m = 64 ; deg = 2 ; ncomp = 32 ; bar_T = 4224 ; L_n = 16.3328709449664096755483535644
# line: f = c0,...,c_deg (monic, over F_l) | route RHO|T | claimed (rho or T, float) | coeffs a_0..a_{m-1}
f = 37618703,0,1 | route RHO | claimed 0.93836882661353762658 | coeffs 456859514,456859514,451368714,451368714,224145320,224145320,154175158,154175158,76605245,76605245,121711506,121711506,-143705561,-143705561,91271958,91271958,121610036,121610036,-168452582,-168452582,-103563596,-103563596,-253388940,-253388940,-243397941,-243397941,-24817913,-24817913,-87630000,-87630000,-301020615,-301020615,-257975829,-257975829,-278071917,-278071917,-663227030,-663227030,-379696419,-379696419,-429054520,-429054520,-686336311,-686336311,-545580968,-545580968,-575533195,-575533195,-630145324,-630145324,-587210492,-587210492,-410559877,-410559877,-373366870,-373366870,-372758585,-372758585,-217853010,-217853010,-213410841,-213410841,-76744382,-76744382
f = 37618703,0,1 | route T | claimed 2731.654819392457379 | coeffs -28508623,-28508623,45317493,45317493,157435934,157435934,271796116,271796116,404617254,404617254,230528310,230528310,370736321,370736321,448482508,448482508,326287070,326287070,452022169,452022169,304028407,304028407,339075674,339075674,-38852316,-38852316,68653563,68653563,-164004692,-164004692,74698837,74698837,6224389,6224389,57160354,57160354,447312891,447312891,568670428,568670428,570035094,570035094,735450762,735450762,531841923,531841923,245554103,245554103,209061311,209061311,381146859,381146859,-3577525,-3577525,35731339,35731339,-52537254,-52537254,-8117913,-8117913,57723847,57723847,162401405,162401405
# status f = 37618703,0,1 : PASS_RHO (rho 0.93837, T 2731.7, 1s)
f = 43275405,0,1 | route RHO | claimed 0.95977391347121596754 | coeffs -1184665758,-992821393,-992821393,-958548806,-958548806,-801981298,-801981298,-914168566,-914168566,-812070465,-812070465,-709640897,-709640897,-585114000,-585114000,-807685217,-807685217,-804259501,-804259501,-855110982,-855110982,-757837135,-757837135,-734923376,-734923376,-493024325,-493024325,-248547567,-248547567,-229420273,-229420273,-477174667,-477174667,-341058653,-341058653,-81432187,-81432187,124935464,124935464,374564897,374564897,572591259,572591259,762493717,762493717,763931493,763931493,886937328,886937328,1020228843,1020228843,864592429,864592429,1020924209,1020924209,950668166,950668166,1027807773,1027807773,888608778,888608778,985979938,985979938,1184665758
f = 43275405,0,1 | route T | claimed 2694.081652340809384 | coeffs 187729262,393656030,393656030,405149695,405149695,375441082,375441082,357211327,357211327,648855459,648855459,544465058,544465058,345950682,345950682,416427507,416427507,285888240,285888240,167908192,167908192,67173143,67173143,-69552079,-69552079,-72669955,-72669955,274078708,274078708,291869736,291869736,178186295,178186295,671771905,671771905,356386407,356386407,496557223,496557223,297068507,297068507,100861080,100861080,226673986,226673986,445236129,445236129,441948511,441948511,222730377,222730377,183604629,183604629,181941077,181941077,-24916162,-24916162,-125909819,-125909819,-391350864,-391350864,-313109820,-313109820,-187729262
# status f = 43275405,0,1 : PASS_RHO (rho 0.95977, T 2694.1, 1s)
f = 53878284,0,1 | route RHO | claimed 0.9494654835627626252 | coeffs -14124413,121991601,121991601,-33644813,-33644813,-190212321,-190212321,-213126080,-213126080,-411152442,-411152442,-271953447,-271953447,-147426550,-147426550,-395180944,-395180944,-261889429,-261889429,-296162016,-296162016,-393435863,-393435863,-643065296,-643065296,-720204903,-720204903,-617775335,-617775335,-598648041,-598648041,-475642206,-475642206,-667486571,-667486571,-616635090,-616635090,-823002741,-823002741,-752746698,-752746698,-650648597,-650648597,-406171839,-406171839,-404734063,-404734063,-206048243,-206048243,-209473959,-209473959,-469100425,-469100425,-625432205,-625432205,-737619473,-737619473,-495720422,-495720422,-305817964,-305817964,-208446804,-208446804,14124413
f = 53878284,0,1 | route T | claimed 2887.3000933825181087 | coeffs 256575964,249527511,249527511,612832001,612832001,447946360,447946360,501147751,501147751,740455130,740455130,464811667,464811667,480763478,480763478,742969251,742969251,737788711,737788711,648963193,648963193,471316576,471316576,591728704,591728704,318825401,318825401,291514759,291514759,408772294,408772294,264450973,264450973,314197399,314197399,187437987,187437987,348246899,348246899,360666653,360666653,423232992,423232992,325783518,325783518,126549813,126549813,-117656248,-117656248,-155578610,-155578610,-137884862,-137884862,-179811064,-179811064,195047475,195047475,266581291,266581291,150921087,150921087,-137216575,-137216575,-256575964
# status f = 53878284,0,1 : PASS_RHO (rho 0.94947, T 2887.3, 0s)
f = 54195804,0,1 | route RHO | claimed 0.93947509126980429048 | coeffs 238260706,238260706,482737464,482737464,276369813,276369813,399375648,399375648,322236041,322236041,287963454,287963454,412490351,412490351,389576592,389576592,525692606,525692606,335790148,335790148,492121928,492121928,293436108,293436108,191338007,191338007,140486526,140486526,121359232,121359232,370988665,370988665,237697150,237697150,98498155,98498155,255065663,255065663,477636880,477636880,719535931,719535931,459909465,459909465,461347241,461347241,531603284,531603284,339758919,339758919,442188487,442188487,344914640,344914640,97160246,97160246,-100866116,-100866116,-256502530,-256502530,-353873690,-353873690,-241686422,-241686422
f = 54195804,0,1 | route T | claimed 2641.6698625301110982 | coeffs -99528663,-99528663,-54008422,-54008422,-218672862,-218672862,-142764931,-142764931,-279149760,-279149760,-149932455,-149932455,-278043430,-278043430,-141598962,-141598962,179854187,179854187,283066015,283066015,596498882,596498882,354566164,354566164,156770235,156770235,239446032,239446032,97348093,97348093,172467019,172467019,-102453445,-102453445,-88002066,-88002066,-46721049,-46721049,160947027,160947027,351713529,351713529,89042258,89042258,130390336,130390336,-16636948,-16636948,28921791,28921791,50237277,50237277,400280187,400280187,523378292,523378292,382899584,382899584,352611952,352611952,223544391,223544391,297786645,297786645
# status f = 54195804,0,1 : PASS_RHO (rho 0.93948, T 2641.7, 0s)
f = 71906358,0,1 | route RHO | claimed 0.96978097595901130045 | coeffs 324082786,324082786,457374301,457374301,701851059,701851059,858418567,858418567,735412732,735412732,493513681,493513681,459241094,459241094,460678870,460678870,483592629,483592629,675436994,675436994,485534536,485534536,388260689,388260689,586946509,586946509,784972871,784972871,734121390,734121390,636750230,636750230,387120797,387120797,383695081,383695081,244496086,244496086,450863737,450863737,228292520,228292520,151152913,151152913,-108473553,-108473553,-233000450,-233000450,-303256493,-303256493,-167140479,-167140479,-64710911,-64710911,-221042691,-221042691,26711703,26711703,-75386398,-75386398,-231022812,-231022812,-211895518,-211895518
f = 71906358,0,1 | route T | claimed 2424.500284841590868 | coeffs -1056148312,-1056148312,-952126087,-952126087,-646471946,-646471946,-510474652,-510474652,-536849388,-536849388,-344266212,-344266212,-543820601,-543820601,-541155510,-541155510,-296559646,-296559646,-346901305,-346901305,-141559698,-141559698,-232534533,-232534533,-379054081,-379054081,-303827326,-303827326,-137243368,-137243368,-235741473,-235741473,-246391074,-246391074,33988421,33988421,-124558652,-124558652,-191639130,-191639130,-90819218,-90819218,-52215473,-52215473,68126634,68126634,281607349,281607349,89192549,89192549,-135607638,-135607638,-179468112,-179468112,-180582022,-180582022,35476527,35476527,396374480,396374480,449009053,449009053,681936517,681936517
# status f = 71906358,0,1 : PASS_RHO (rho 0.96978, T 2424.5, 0s)
f = 74262863,0,1 | route RHO | claimed 0.91074357912358798646 | coeffs -290215620,-192844460,-192844460,-243695941,-243695941,-441722303,-441722303,-243036483,-243036483,-145762636,-145762636,-335665094,-335665094,-527509459,-527509459,-504595700,-504595700,-506033476,-506033476,-540306063,-540306063,-298407012,-298407012,-421412847,-421412847,-577980355,-577980355,-333503597,-333503597,-466795112,-466795112,-354607844,-354607844,-335480550,-335480550,-179844136,-179844136,-281942237,-281942237,-529696631,-529696631,-686028411,-686028411,-788457979,-788457979,-652341965,-652341965,-582085922,-582085922,-706612819,-706612819,-446986353,-446986353,-524125960,-524125960,-301554743,-301554743,-95187092,-95187092,44011903,44011903,40586187,40586187,290215620
f = 74262863,0,1 | route T | claimed 2272.8166937293420332 | coeffs -715727933,-715727933,-461044637,-461044637,-444787833,-444787833,-382505721,-382505721,-542546643,-542546643,-698546347,-698546347,-395621864,-395621864,-288319301,-288319301,-341429890,-341429890,-166422158,-166422158,51133761,51133761,99872225,99872225,115745554,115745554,7987909,7987909,101741944,101741944,335783557,335783557,424217175,424217175,396205898,396205898,339529319,339529319,581609518,581609518,622193642,622193642,575607576,575607576,371076366,371076366,649387763,649387763,308308903,308308903,404956645,404956645,114395776,114395776,332270999,332270999,435667576,435667576,569085413,569085413,442711218,442711218,629239107,629239107
# status f = 74262863,0,1 : PASS_RHO (rho 0.91074, T 2272.8, 0s)
f = 91304614,0,1 | route RHO | claimed 0.95232720101758398666 | coeffs 780266587,780266587,677837019,677837019,435937968,435937968,186308535,186308535,29976755,29976755,64249342,64249342,67675058,67675058,-180079336,-180079336,-178641560,-178641560,-317840555,-317840555,-419938656,-419938656,-442852415,-442852415,-649220066,-649220066,-493583652,-493583652,-301739287,-301739287,-524310504,-524310504,-505183210,-505183210,-315280752,-315280752,-238141145,-238141145,-125953877,-125953877,-223227724,-223227724,-482854190,-482854190,-616145705,-616145705,-814831525,-814831525,-690304628,-690304628,-445827870,-445827870,-247801508,-247801508,-318057551,-318057551,-474625059,-474625059,-423773578,-423773578,-559889592,-559889592,-682895427,-682895427
f = 91304614,0,1 | route T | claimed 2284.72788826059848 | coeffs -186308535,-186308535,-29976755,-29976755,-64249342,-64249342,-67675058,-67675058,180079336,180079336,178641560,178641560,317840555,317840555,419938656,419938656,442852415,442852415,649220066,649220066,493583652,493583652,301739287,301739287,524310504,524310504,505183210,505183210,315280752,315280752,238141145,238141145,125953877,125953877,223227724,223227724,482854190,482854190,616145705,616145705,814831525,814831525,690304628,690304628,445827870,445827870,247801508,247801508,318057551,318057551,474625059,474625059,423773578,423773578,559889592,559889592,682895427,682895427,780266587,780266587,677837019,677837019,435937968,435937968
# status f = 91304614,0,1 : PASS_RHO (rho 0.95233, T 2284.7, 0s)
f = 131795087,0,1 | route RHO | claimed 0.94883025480141923888 | coeffs -53152472,10118763,10118763,50236691,50236691,-286343221,-286343221,-203603350,-203603350,-274146419,-274146419,-228794501,-228794501,-201601070,-201601070,-270474790,-270474790,-356614331,-356614331,-174539780,-174539780,-315273053,-315273053,-400071017,-400071017,-399800320,-399800320,-430835773,-430835773,-707775848,-707775848,-588429491,-588429491,-690864514,-690864514,-644625903,-644625903,-861005471,-861005471,-717204159,-717204159,-675312406,-675312406,-630957304,-630957304,-332400082,-332400082,-227980469,-227980469,-112748396,-112748396,-209884000,-209884000,-213637577,-213637577,-583814727,-583814727,-182409959,-182409959,-211179586,-211179586,16667886,16667886,53152472
f = 131795087,0,1 | route T | claimed 2500.4717856556126965 | coeffs 251375001,251375001,321631044,321631044,340758338,340758338,306485751,306485751,108459389,108459389,-114111828,-114111828,42219952,42219952,-202256806,-202256806,-10412441,-10412441,239216992,239216992,114690095,114690095,270326509,270326509,512225560,512225560,710911380,710911380,504543729,504543729,606973297,606973297,740264812,740264812,717351053,717351053,619979893,619979893,879606359,879606359,777508258,777508258,654502423,654502423,751776270,751776270,612577275,612577275,476461261,476461261,364273993,364273993,365711769,365711769,416563250,416563250,339423643,339423643,91669249,91669249,-64898259,-64898259,-254800717,-254800717
# status f = 131795087,0,1 : PASS_RHO (rho 0.94883, T 2500.5, 0s)
f = 146315768,0,1 | route RHO | claimed 0.94627082493310474826 | coeffs 400369109,400369109,431404562,431404562,203557090,203557090,322903447,322903447,259632212,259632212,213393601,213393601,-123186311,-123186311,20615001,20615001,91158070,91158070,46802968,46802968,73996399,73996399,178416012,178416012,264555553,264555553,361691157,361691157,220957884,220957884,-149219266,-149219266,-149489963,-149489963,-120720336,-120720336,-397660411,-397660411,-361175825,-361175825,-258740802,-258740802,-218622874,-218622874,-435002442,-435002442,-517742313,-517742313,-559634066,-559634066,-514282148,-514282148,-215724926,-215724926,-146851206,-146851206,-262083279,-262083279,-80008728,-80008728,-83762305,-83762305,1035659,1035659
f = 146315768,0,1 | route T | claimed 2420.0881764485946828 | coeffs 123186311,123186311,-20615001,-20615001,-91158070,-91158070,-46802968,-46802968,-73996399,-73996399,-178416012,-178416012,-264555553,-264555553,-361691157,-361691157,-220957884,-220957884,149219266,149219266,149489963,149489963,120720336,120720336,397660411,397660411,361175825,361175825,258740802,258740802,218622874,218622874,435002442,435002442,517742313,517742313,559634066,559634066,514282148,514282148,215724926,215724926,146851206,146851206,262083279,262083279,80008728,80008728,83762305,83762305,-1035659,-1035659,400369109,400369109,431404562,431404562,203557090,203557090,322903447,322903447,259632212,259632212,213393601,213393601
# status f = 146315768,0,1 : PASS_RHO (rho 0.94627, T 2420.1, 0s)
f = 152926384,0,1 | route RHO | claimed 0.94883025480141923888 | coeffs 16667886,16667886,-211179586,-211179586,-182409959,-182409959,-583814727,-583814727,-213637577,-213637577,-209884000,-209884000,-112748396,-112748396,-227980469,-227980469,-332400082,-332400082,-630957304,-630957304,-675312406,-675312406,-717204159,-717204159,-861005471,-861005471,-644625903,-644625903,-690864514,-690864514,-588429491,-588429491,-707775848,-707775848,-430835773,-430835773,-399800320,-399800320,-400071017,-400071017,-315273053,-315273053,-174539780,-174539780,-356614331,-356614331,-270474790,-270474790,-201601070,-201601070,-228794501,-228794501,-274146419,-274146419,-203603350,-203603350,-286343221,-286343221,50236691,50236691,10118763,10118763,-53152472,-53152472
f = 152926384,0,1 | route T | claimed 2528.5055564872651723 | coeffs 270474790,201601070,201601070,228794501,228794501,274146419,274146419,203603350,203603350,286343221,286343221,-50236691,-50236691,-10118763,-10118763,53152472,53152472,16667886,16667886,-211179586,-211179586,-182409959,-182409959,-583814727,-583814727,-213637577,-213637577,-209884000,-209884000,-112748396,-112748396,-227980469,-227980469,-332400082,-332400082,-630957304,-630957304,-675312406,-675312406,-717204159,-717204159,-861005471,-861005471,-644625903,-644625903,-690864514,-690864514,-588429491,-588429491,-707775848,-707775848,-430835773,-430835773,-399800320,-399800320,-400071017,-400071017,-315273053,-315273053,-174539780,-174539780,-356614331,-356614331,-270474790
# status f = 152926384,0,1 : PASS_RHO (rho 0.94883, T 2528.5, 0s)
f = 208285764,0,1 | route RHO | claimed 0.90042466796080317708 | coeffs -132802139,-355373356,-355373356,-488664871,-488664871,-437813390,-437813390,-281481610,-281481610,-258567851,-258567851,-335707458,-335707458,-580184216,-580184216,-482813056,-482813056,-730567450,-730567450,-538723085,-538723085,-798349551,-798349551,-954917059,-954917059,-705287626,-705287626,-603189525,-603189525,-793091983,-793091983,-917618880,-917618880,-794613045,-794613045,-791187329,-791187329,-635550915,-635550915,-732824762,-732824762,-803080805,-803080805,-561181754,-561181754,-421982759,-421982759,-441110053,-441110053,-242424233,-242424233,-106308219,-106308219,-72035632,-72035632,-278403283,-278403283,-166216015,-166216015,31810347,31810347,134239915,134239915,132802139
f = 208285764,0,1 | route T | claimed 2379.046653580595349 | coeffs 132802139,132802139,355373356,355373356,488664871,488664871,437813390,437813390,281481610,281481610,258567851,258567851,335707458,335707458,580184216,580184216,482813056,482813056,730567450,730567450,538723085,538723085,798349551,798349551,954917059,954917059,705287626,705287626,603189525,603189525,793091983,793091983,917618880,917618880,794613045,794613045,791187329,791187329,635550915,635550915,732824762,732824762,803080805,803080805,561181754,561181754,421982759,421982759,441110053,441110053,242424233,242424233,106308219,106308219,72035632,72035632,278403283,278403283,166216015,166216015,-31810347,-31810347,-134239915,-134239915
# status f = 208285764,0,1 : PASS_RHO (rho 0.90042, T 2379.0, 0s)
f = 250796020,0,1 | route RHO | claimed 0.95425138523884554855 | coeffs 28338554,28338554,-213560497,-213560497,-264411978,-264411978,-388938875,-388938875,-501126143,-501126143,-692970508,-692970508,-553771513,-553771513,-397439733,-397439733,-520445568,-520445568,-322419206,-322419206,-582045672,-582045672,-562918378,-562918378,-585832137,-585832137,-582406421,-582406421,-684835989,-684835989,-528268481,-528268481,-329582661,-329582661,-406722268,-406722268,-562358682,-562358682,-563796458,-563796458,-314167025,-314167025,-450283039,-450283039,-205806281,-205806281,-303080128,-303080128,-525651345,-525651345,-627749446,-627749446,-593476859,-593476859,-496105699,-496105699,-425849656,-425849656,-292558141,-292558141,-482460599,-482460599,-276092948,-276092948
f = 250796020,0,1 | route T | claimed 2758.2784186937167319 | coeffs -144447827,-144447827,168985040,168985040,93077109,93077109,233555817,233555817,-29115454,-29115454,112982485,112982485,249426953,249426953,51168971,51168971,29853485,29853485,71134502,71134502,313067220,313067220,176682391,176682391,146394759,146394759,105046681,105046681,180165607,180165607,-141287542,-141287542,-95767301,-95767301,254275609,254275609,46607533,46607533,-151188396,-151188396,-280405701,-280405701,-151338140,-151338140,-298365424,-298365424,-23444960,-23444960,79766868,79766868,244431308,244431308,121333203,121333203,312099705,312099705,229423908,229423908,101312933,101312933,175555187,175555187,129996448,129996448
# status f = 250796020,0,1 : PASS_RHO (rho 0.95425, T 2758.3, 0s)
f = 257061016,0,1 | route RHO | claimed 0.95232720101758398666 | coeffs 64249342,64249342,29976755,29976755,186308535,186308535,435937968,435937968,677837019,677837019,780266587,780266587,682895427,682895427,559889592,559889592,423773578,423773578,474625059,474625059,318057551,318057551,247801508,247801508,445827870,445827870,690304628,690304628,814831525,814831525,616145705,616145705,482854190,482854190,223227724,223227724,125953877,125953877,238141145,238141145,315280752,315280752,505183210,505183210,524310504,524310504,301739287,301739287,493583652,493583652,649220066,649220066,442852415,442852415,419938656,419938656,317840555,317840555,178641560,178641560,180079336,180079336,-67675058,-67675058
f = 257061016,0,1 | route T | claimed 2913.6264520588194325 | coeffs 517645769,517645769,628440641,628440641,718326985,718326985,304193033,304193033,266962197,266962197,229586532,229586532,210755930,210755930,185673667,185673667,457903996,457903996,476440865,476440865,589796852,589796852,566364898,566364898,135911535,135911535,66587796,66587796,67125422,67125422,327623184,327623184,312928837,312928837,469495808,469495808,568338160,568338160,532603868,532603868,675997863,675997863,384617574,384617574,14905976,14905976,-75457775,-75457775,29072167,29072167,-112062623,-112062623,-278257057,-278257057,-307361563,-307361563,-615399667,-615399667,-426252448,-426252448,-404111922,-404111922,-430549436,-430549436
# status f = 257061016,0,1 : PASS_RHO (rho 0.95233, T 2913.6, 0s)
f = 261904553,0,1 | route RHO | claimed 0.96394847737928698345 | coeffs -443870454,-443870454,-443599757,-443599757,-403481829,-403481829,-702039051,-702039051,-617241087,-617241087,-680512322,-680512322,-636157220,-636157220,-776890493,-776890493,-813375079,-813375079,-855266832,-855266832,-1037341383,-1037341383,-809493911,-809493911,-665692599,-665692599,-751832140,-751832140,-723062513,-723062513,-506682945,-506682945,-437809225,-437809225,-36404457,-36404457,9834154,9834154,37027585,37027585,407204735,407204735,509639758,509639758,464287840,464287840,460534263,460534263,579880620,579880620,509337551,509337551,606473155,606473155,883413230,883413230,800673359,800673359,915905432,915905432,884869979,884869979,548290067,548290067
f = 261904553,0,1 | route T | claimed 2593.4940763995810943 | coeffs -160605078,-160605078,83871680,83871680,6732073,6732073,-16181686,-16181686,140150094,140150094,89298613,89298613,-43992902,-43992902,178578315,178578315,180016091,180016091,282445659,282445659,84419297,84419297,196606565,196606565,402974216,402974216,437246803,437246803,301130789,301130789,499816609,499816609,518943903,518943903,658142898,658142898,416243847,416243847,345987804,345987804,443261651,443261651,598898065,598898065,595472349,595472349,718478184,718478184,843005081,843005081,653102623,653102623,551004522,551004522,800633955,800633955,957201463,957201463,697574997,697574997,505730632,505730632,257976238,257976238
# status f = 261904553,0,1 : PASS_RHO (rho 0.96395, T 2593.5, 1s)
f = 350006766,0,1 | route RHO | claimed 0.95977391347121596754 | coeffs 1020228843,1020228843,886937328,886937328,763931493,763931493,762493717,762493717,572591259,572591259,374564897,374564897,124935464,124935464,-81432187,-81432187,-341058653,-341058653,-477174667,-477174667,-229420273,-229420273,-248547567,-248547567,-493024325,-493024325,-734923376,-734923376,-757837135,-757837135,-855110982,-855110982,-804259501,-804259501,-807685217,-807685217,-585114000,-585114000,-709640897,-709640897,-812070465,-812070465,-914168566,-914168566,-801981298,-801981298,-958548806,-958548806,-992821393,-992821393,-1184665758,-1184665758,-985979938,-985979938,-888608778,-888608778,-1027807773,-1027807773,-950668166,-950668166,-1020924209,-1020924209,-864592429,-864592429
f = 350006766,0,1 | route T | claimed 2232.711411639225004 | coeffs 81432187,81432187,341058653,341058653,477174667,477174667,229420273,229420273,248547567,248547567,493024325,493024325,734923376,734923376,757837135,757837135,855110982,855110982,804259501,804259501,807685217,807685217,585114000,585114000,709640897,709640897,812070465,812070465,914168566,914168566,801981298,801981298,958548806,958548806,992821393,992821393,1184665758,1184665758,985979938,985979938,888608778,888608778,1027807773,1027807773,950668166,950668166,1020924209,1020924209,864592429,864592429,1020228843,1020228843,886937328,886937328,763931493,763931493,762493717,762493717,572591259,572591259,374564897,374564897,124935464,124935464
# status f = 350006766,0,1 : PASS_RHO (rho 0.95977, T 2232.7, 1s)
f = 426250478,0,1 | route RHO | claimed 0.9494654835627626252 | coeffs 823002741,823002741,616635090,616635090,667486571,667486571,475642206,475642206,598648041,598648041,617775335,617775335,720204903,720204903,643065296,643065296,393435863,393435863,296162016,296162016,261889429,261889429,395180944,395180944,147426550,147426550,271953447,271953447,411152442,411152442,213126080,213126080,190212321,190212321,33644813,33644813,-121991601,-121991601,14124413,14124413,-208446804,-208446804,-305817964,-305817964,-495720422,-495720422,-737619473,-737619473,-625432205,-625432205,-469100425,-469100425,-209473959,-209473959,-206048243,-206048243,-404734063,-404734063,-406171839,-406171839,-650648597,-650648597,-752746698,-752746698
f = 426250478,0,1 | route T | claimed 2246.4562569944247819 | coeffs -411152442,-213126080,-213126080,-190212321,-190212321,-33644813,-33644813,121991601,121991601,-14124413,-14124413,208446804,208446804,305817964,305817964,495720422,495720422,737619473,737619473,625432205,625432205,469100425,469100425,209473959,209473959,206048243,206048243,404734063,404734063,406171839,406171839,650648597,650648597,752746698,752746698,823002741,823002741,616635090,616635090,667486571,667486571,475642206,475642206,598648041,598648041,617775335,617775335,720204903,720204903,643065296,643065296,393435863,393435863,296162016,296162016,261889429,261889429,395180944,395180944,147426550,147426550,271953447,271953447,411152442
# status f = 426250478,0,1 : PASS_RHO (rho 0.94947, T 2246.5, 0s)
f = 573790163,0,1 | route RHO | claimed 0.91366212820111326639 | coeffs 20900979,20900979,118113653,118113653,321526670,321526670,232007039,232007039,139656323,139656323,244537915,244537915,-201795608,-201795608,-230490953,-230490953,-347177420,-347177420,-461002397,-461002397,-669404620,-669404620,-513427334,-513427334,-525259637,-525259637,-798924291,-798924291,-537684924,-537684924,-734549733,-734549733,-772534702,-772534702,-548972936,-548972936,-734894427,-734894427,-539015787,-539015787,-435187843,-435187843,-320633751,-320633751,-243652630,-243652630,-99966588,-99966588,-334111423,-334111423,-572921994,-572921994,-445000137,-445000137,-398673879,-398673879,-548470405,-548470405,-327272057,-327272057,-244508448,-244508448,-231347672,-231347672
f = 573790163,0,1 | route T | claimed 1587.8090664334948267 | coeffs -244537915,201795608,201795608,230490953,230490953,347177420,347177420,461002397,461002397,669404620,669404620,513427334,513427334,525259637,525259637,798924291,798924291,537684924,537684924,734549733,734549733,772534702,772534702,548972936,548972936,734894427,734894427,539015787,539015787,435187843,435187843,320633751,320633751,243652630,243652630,99966588,99966588,334111423,334111423,572921994,572921994,445000137,445000137,398673879,398673879,548470405,548470405,327272057,327272057,244508448,244508448,231347672,231347672,20900979,20900979,118113653,118113653,321526670,321526670,232007039,232007039,139656323,139656323,244537915
# status f = 573790163,0,1 : PASS_RHO (rho 0.91366, T 1587.8, 0s)
f = 650033875,0,1 | route RHO | claimed 0.9214104626108906877 | coeffs -160101187,-160101187,-140973893,-140973893,-385450651,-385450651,-143551600,-143551600,-166465359,-166465359,-69191512,-69191512,-18340031,-18340031,-14914315,-14914315,207656902,207656902,332183799,332183799,229754231,229754231,331852332,331852332,444039600,444039600,600607108,600607108,566334521,566334521,758178886,758178886,956864706,956864706,859493546,859493546,720294551,720294551,643154944,643154944,572898901,572898901,416567121,416567121,260930707,260930707,127639192,127639192,250645027,250645027,249207251,249207251,439109709,439109709,241083347,241083347,490712780,490712780,284345129,284345129,543971595,543971595,407855581,407855581
f = 650033875,0,1 | route T | claimed 1880.2078018423553189 | coeffs -385450651,-385450651,-143551600,-143551600,-166465359,-166465359,-69191512,-69191512,-18340031,-18340031,-14914315,-14914315,207656902,207656902,332183799,332183799,229754231,229754231,331852332,331852332,444039600,444039600,600607108,600607108,566334521,566334521,758178886,758178886,956864706,956864706,859493546,859493546,720294551,720294551,643154944,643154944,572898901,572898901,416567121,416567121,260930707,260930707,127639192,127639192,250645027,250645027,249207251,249207251,439109709,439109709,241083347,241083347,490712780,490712780,284345129,284345129,543971595,543971595,407855581,407855581,160101187,160101187,140973893,140973893
# status f = 650033875,0,1 : PASS_RHO (rho 0.92141, T 1880.2, 0s)
f = 738136088,0,1 | route RHO | claimed 0.90042466796080317708 | coeffs -258567851,-258567851,-281481610,-281481610,-437813390,-437813390,-488664871,-488664871,-355373356,-355373356,-132802139,-132802139,-134239915,-134239915,-31810347,-31810347,166216015,166216015,278403283,278403283,72035632,72035632,106308219,106308219,242424233,242424233,441110053,441110053,421982759,421982759,561181754,561181754,803080805,803080805,732824762,732824762,635550915,635550915,791187329,791187329,794613045,794613045,917618880,917618880,793091983,793091983,603189525,603189525,705287626,705287626,954917059,954917059,798349551,798349551,538723085,538723085,730567450,730567450,482813056,482813056,580184216,580184216,335707458,335707458
f = 738136088,0,1 | route T | claimed 1954.5014857600831801 | coeffs -258567851,-258567851,-281481610,-281481610,-437813390,-437813390,-488664871,-488664871,-355373356,-355373356,-132802139,-132802139,-134239915,-134239915,-31810347,-31810347,166216015,166216015,278403283,278403283,72035632,72035632,106308219,106308219,242424233,242424233,441110053,441110053,421982759,421982759,561181754,561181754,803080805,803080805,732824762,732824762,635550915,635550915,791187329,791187329,794613045,794613045,917618880,917618880,793091983,793091983,603189525,603189525,705287626,705287626,954917059,954917059,798349551,798349551,538723085,538723085,730567450,730567450,482813056,482813056,580184216,580184216,335707458,335707458
# status f = 738136088,0,1 : PASS_RHO (rho 0.90042, T 1954.5, 0s)
f = 742979625,0,1 | route RHO | claimed 0.94154886197308006491 | coeffs -163710145,-163710145,-140796386,-140796386,-242894487,-242894487,-103695492,-103695492,-102257716,-102257716,145496678,145496678,148922394,148922394,114649807,114649807,-41681973,-41681973,207947460,207947460,-33951591,-33951591,68477977,68477977,165849137,165849137,42843302,42843302,178959316,178959316,229810797,229810797,386378305,386378305,316122262,316122262,118095900,118095900,362572658,362572658,238045761,238045761,39359941,39359941,172651456,172651456,-86975010,-86975010,10298837,10298837,122486105,122486105,45346498,45346498,235248956,235248956,216121662,216121662,-6449555,-6449555,-198293920,-198293920,-42657506,-42657506
f = 742979625,0,1 | route T | claimed 2740.6772967405017748 | coeffs -41681973,-41681973,207947460,207947460,-33951591,-33951591,68477977,68477977,165849137,165849137,42843302,42843302,178959316,178959316,229810797,229810797,386378305,386378305,316122262,316122262,118095900,118095900,362572658,362572658,238045761,238045761,39359941,39359941,172651456,172651456,-86975010,-86975010,10298837,10298837,122486105,122486105,45346498,45346498,235248956,235248956,216121662,216121662,-6449555,-6449555,-198293920,-198293920,-42657506,-42657506,163710145,163710145,140796386,140796386,242894487,242894487,103695492,103695492,102257716,102257716,-145496678,-145496678,-148922394,-148922394,-114649807,-114649807
# status f = 742979625,0,1 : PASS_RHO (rho 0.94155, T 2740.7, 0s)
f = 749244621,0,1 | route RHO | claimed 0.94627082493310474826 | coeffs -120720336,-149489963,-149489963,-149219266,-149219266,220957884,220957884,361691157,361691157,264555553,264555553,178416012,178416012,73996399,73996399,46802968,46802968,91158070,91158070,20615001,20615001,-123186311,-123186311,213393601,213393601,259632212,259632212,322903447,322903447,203557090,203557090,431404562,431404562,400369109,400369109,-1035659,-1035659,83762305,83762305,80008728,80008728,262083279,262083279,146851206,146851206,215724926,215724926,514282148,514282148,559634066,559634066,517742313,517742313,435002442,435002442,218622874,218622874,258740802,258740802,361175825,361175825,397660411,397660411,120720336
f = 749244621,0,1 | route T | claimed 2253.3736324191449592 | coeffs -120720336,-149489963,-149489963,-149219266,-149219266,220957884,220957884,361691157,361691157,264555553,264555553,178416012,178416012,73996399,73996399,46802968,46802968,91158070,91158070,20615001,20615001,-123186311,-123186311,213393601,213393601,259632212,259632212,322903447,322903447,203557090,203557090,431404562,431404562,400369109,400369109,-1035659,-1035659,83762305,83762305,80008728,80008728,262083279,262083279,146851206,146851206,215724926,215724926,514282148,514282148,559634066,559634066,517742313,517742313,435002442,435002442,218622874,218622874,258740802,258740802,361175825,361175825,397660411,397660411,120720336
# status f = 749244621,0,1 : PASS_RHO (rho 0.94627, T 2253.4, 0s)
f = 791754877,0,1 | route RHO | claimed 0.96394847737928698345 | coeffs -509337551,-509337551,-579880620,-579880620,-460534263,-460534263,-464287840,-464287840,-509639758,-509639758,-407204735,-407204735,-37027585,-37027585,-9834154,-9834154,36404457,36404457,437809225,437809225,506682945,506682945,723062513,723062513,751832140,751832140,665692599,665692599,809493911,809493911,1037341383,1037341383,855266832,855266832,813375079,813375079,776890493,776890493,636157220,636157220,680512322,680512322,617241087,617241087,702039051,702039051,403481829,403481829,443599757,443599757,443870454,443870454,548290067,548290067,884869979,884869979,915905432,915905432,800673359,800673359,883413230,883413230,606473155,606473155
f = 791754877,0,1 | route T | claimed 2996.5442236310215455 | coeffs -6732073,-6732073,-83871680,-83871680,160605078,160605078,257976238,257976238,505730632,505730632,697574997,697574997,957201463,957201463,800633955,800633955,551004522,551004522,653102623,653102623,843005081,843005081,718478184,718478184,595472349,595472349,598898065,598898065,443261651,443261651,345987804,345987804,416243847,416243847,658142898,658142898,518943903,518943903,499816609,499816609,301130789,301130789,437246803,437246803,402974216,402974216,196606565,196606565,84419297,84419297,282445659,282445659,180016091,180016091,178578315,178578315,-43992902,-43992902,89298613,89298613,140150094,140150094,-16181686,-16181686
# status f = 791754877,0,1 : PASS_RHO (rho 0.96395, T 2996.5, 1s)
f = 847114257,0,1 | route RHO | claimed 0.95091909172980194493 | coeffs -65896317,-65896317,113062999,113062999,216758491,216758491,206459654,206459654,249302956,249302956,492197443,492197443,579172453,579172453,745021590,745021590,885817976,885817976,713166520,713166520,781644497,781644497,945354642,945354642,905994701,905994701,872043110,872043110,829385604,829385604,591339843,591339843,799287303,799287303,600993383,600993383,238420725,238420725,196738752,196738752,190289197,190289197,72193297,72193297,186843104,186843104,402964766,402964766,86842504,86842504,235764898,235764898,471013854,471013854,84635549,84635549,230132227,230132227,275478725,275478725,45667928,45667928,-56589788,-56589788
f = 847114257,0,1 | route T | claimed 2771.8402406117492759 | coeffs -393620533,-133994067,-133994067,-36622907,-36622907,-59536666,-59536666,-192828181,-192828181,-90398613,-90398613,115969038,115969038,314654858,314654858,72755807,72755807,228392221,228392221,352919118,352919118,602548551,602548551,410704186,410704186,166227428,166227428,9895648,9895648,-212675569,-212675569,-14649207,-14649207,-48921794,-48921794,-68049088,-68049088,2206955,2206955,5632671,5632671,195535129,195535129,38967621,38967621,286722015,286722015,209582408,209582408,158730927,158730927,160168703,160168703,272355971,272355971,136239957,136239957,275438952,275438952,372712799,372712799,495718634,495718634,393620533
# status f = 847114257,0,1 : PASS_RHO (rho 0.95092, T 2771.8, 0s)
f = 853724873,0,1 | route RHO | claimed 0.95425138523884554855 | coeffs -292558141,-292558141,-425849656,-425849656,-496105699,-496105699,-593476859,-593476859,-627749446,-627749446,-525651345,-525651345,-303080128,-303080128,-205806281,-205806281,-450283039,-450283039,-314167025,-314167025,-563796458,-563796458,-562358682,-562358682,-406722268,-406722268,-329582661,-329582661,-528268481,-528268481,-684835989,-684835989,-582406421,-582406421,-585832137,-585832137,-562918378,-562918378,-582045672,-582045672,-322419206,-322419206,-520445568,-520445568,-397439733,-397439733,-553771513,-553771513,-692970508,-692970508,-501126143,-501126143,-388938875,-388938875,-264411978,-264411978,-213560497,-213560497,28338554,28338554,276092948,276092948,482460599,482460599
f = 853724873,0,1 | route T | claimed 3674.1874800894347692 | coeffs 145418906,145418906,279115521,279115521,10510677,10510677,167684949,167684949,253235789,253235789,23714247,23714247,-64863663,-64863663,420466693,420466693,328141548,328141548,244934290,244934290,322531609,322531609,441038657,441038657,306657905,306657905,439139837,439139837,452232028,452232028,494410584,494410584,411983008,411983008,293771340,293771340,310327849,310327849,495074127,495074127,231431035,231431035,305878284,305878284,337001219,337001219,319049950,319049950,175506046,175506046,-32327931,-32327931,-62680447,-62680447,-211413948,-211413948,-39570742,-39570742,289663219,289663219,-163949750,-163949750,-226496634,-226496634
# status f = 853724873,0,1 : PASS_RHO (rho 0.95425, T 3674.2, 0s)
f = 868245554,0,1 | route RHO | claimed 0.95091909172980194493 | coeffs 235764898,235764898,86842504,86842504,402964766,402964766,186843104,186843104,72193297,72193297,190289197,190289197,196738752,196738752,238420725,238420725,600993383,600993383,799287303,799287303,591339843,591339843,829385604,829385604,872043110,872043110,905994701,905994701,945354642,945354642,781644497,781644497,713166520,713166520,885817976,885817976,745021590,745021590,579172453,579172453,492197443,492197443,249302956,249302956,206459654,206459654,216758491,216758491,113062999,113062999,-65896317,-65896317,56589788,56589788,-45667928,-45667928,-275478725,-275478725,-230132227,-230132227,-84635549,-84635549,-471013854,-471013854
f = 868245554,0,1 | route T | claimed 2221.509380517659744 | coeffs 125589459,125589459,316438055,316438055,-97133681,-97133681,69241555,69241555,304303490,304303490,170255779,170255779,527110714,527110714,556962557,556962557,438595960,438595960,401110952,401110952,636369054,636369054,393142753,393142753,297283856,297283856,551469927,551469927,529803734,529803734,630947540,630947540,555104196,555104196,560099357,560099357,425252280,425252280,598149870,598149870,310266341,310266341,353927123,353927123,523529837,523529837,240327697,240327697,81817416,81817416,95891091,95891091,-142255218,-142255218,-2075140,-2075140,240155411,240155411,77551378,77551378,-156770818,-156770818,-9699892,-9699892
# status f = 868245554,0,1 : PASS_RHO (rho 0.95092, T 2221.5, 0s)
f = 908736027,0,1 | route RHO | claimed 0.94154886197308006491 | coeffs 235248956,45346498,45346498,122486105,122486105,10298837,10298837,-86975010,-86975010,172651456,172651456,39359941,39359941,238045761,238045761,362572658,362572658,118095900,118095900,316122262,316122262,386378305,386378305,229810797,229810797,178959316,178959316,42843302,42843302,165849137,165849137,68477977,68477977,-33951591,-33951591,207947460,207947460,-41681973,-41681973,114649807,114649807,148922394,148922394,145496678,145496678,-102257716,-102257716,-103695492,-103695492,-242894487,-242894487,-140796386,-140796386,-163710145,-163710145,42657506,42657506,198293920,198293920,6449555,6449555,-216121662,-216121662,-235248956
f = 908736027,0,1 | route T | claimed 1841.3849023372405017 | coeffs 235248956,45346498,45346498,122486105,122486105,10298837,10298837,-86975010,-86975010,172651456,172651456,39359941,39359941,238045761,238045761,362572658,362572658,118095900,118095900,316122262,316122262,386378305,386378305,229810797,229810797,178959316,178959316,42843302,42843302,165849137,165849137,68477977,68477977,-33951591,-33951591,207947460,207947460,-41681973,-41681973,114649807,114649807,148922394,148922394,145496678,145496678,-102257716,-102257716,-103695492,-103695492,-242894487,-242894487,-140796386,-140796386,-163710145,-163710145,42657506,42657506,198293920,198293920,6449555,6449555,-216121662,-216121662,-235248956
# status f = 908736027,0,1 : PASS_RHO (rho 0.94155, T 1841.4, 1s)
f = 925777778,0,1 | route RHO | claimed 0.96978097595901130045 | coeffs -701851059,-701851059,-457374301,-457374301,-324082786,-324082786,-211895518,-211895518,-231022812,-231022812,-75386398,-75386398,26711703,26711703,-221042691,-221042691,-64710911,-64710911,-167140479,-167140479,-303256493,-303256493,-233000450,-233000450,-108473553,-108473553,151152913,151152913,228292520,228292520,450863737,450863737,244496086,244496086,383695081,383695081,387120797,387120797,636750230,636750230,734121390,734121390,784972871,784972871,586946509,586946509,388260689,388260689,485534536,485534536,675436994,675436994,483592629,483592629,460678870,460678870,459241094,459241094,493513681,493513681,735412732,735412732,858418567,858418567
f = 925777778,0,1 | route T | claimed 2745.3938413550040458 | coeffs 438033890,438033890,324234402,324234402,500589172,500589172,622730986,622730986,544646230,544646230,782510636,782510636,743132076,743132076,502894542,502894542,599003250,599003250,286137772,286137772,88924873,88924873,105674030,105674030,171084226,171084226,344140796,344140796,378143778,378143778,145824993,145824993,-18196656,-18196656,85973166,85973166,-19637422,-19637422,111518358,111518358,-91907691,-91907691,-243195661,-243195661,-409160526,-409160526,-398146460,-398146460,-585378779,-585378779,-561631304,-561631304,-605053829,-605053829,-867648668,-867648668,-727425217,-727425217,-630193407,-630193407,-835577446,-835577446,-778648822,-778648822
# status f = 925777778,0,1 : PASS_RHO (rho 0.96978, T 2745.4, 0s)
f = 928134283,0,1 | route RHO | claimed 0.91074357912358798646 | coeffs 446986353,706612819,706612819,582085922,582085922,652341965,652341965,788457979,788457979,686028411,686028411,529696631,529696631,281942237,281942237,179844136,179844136,335480550,335480550,354607844,354607844,466795112,466795112,333503597,333503597,577980355,577980355,421412847,421412847,298407012,298407012,540306063,540306063,506033476,506033476,504595700,504595700,527509459,527509459,335665094,335665094,145762636,145762636,243036483,243036483,441722303,441722303,243695941,243695941,192844460,192844460,290215620,290215620,40586187,40586187,44011903,44011903,-95187092,-95187092,-301554743,-301554743,-524125960,-524125960,-446986353
f = 928134283,0,1 | route T | claimed 2065.9268729046828347 | coeffs -290215620,-290215620,-40586187,-40586187,-44011903,-44011903,95187092,95187092,301554743,301554743,524125960,524125960,446986353,446986353,706612819,706612819,582085922,582085922,652341965,652341965,788457979,788457979,686028411,686028411,529696631,529696631,281942237,281942237,179844136,179844136,335480550,335480550,354607844,354607844,466795112,466795112,333503597,333503597,577980355,577980355,421412847,421412847,298407012,298407012,540306063,540306063,506033476,506033476,504595700,504595700,527509459,527509459,335665094,335665094,145762636,145762636,243036483,243036483,441722303,441722303,243695941,243695941,192844460,192844460
# status f = 928134283,0,1 : PASS_RHO (rho 0.91074, T 2065.9, 0s)
f = 945844837,0,1 | route RHO | claimed 0.93836882661353762658 | coeffs 154175158,224145320,224145320,451368714,451368714,456859514,456859514,76744382,76744382,213410841,213410841,217853010,217853010,372758585,372758585,373366870,373366870,410559877,410559877,587210492,587210492,630145324,630145324,575533195,575533195,545580968,545580968,686336311,686336311,429054520,429054520,379696419,379696419,663227030,663227030,278071917,278071917,257975829,257975829,301020615,301020615,87630000,87630000,24817913,24817913,243397941,243397941,253388940,253388940,103563596,103563596,168452582,168452582,-121610036,-121610036,-91271958,-91271958,143705561,143705561,-121711506,-121711506,-76605245,-76605245,-154175158
f = 945844837,0,1 | route T | claimed 2716.9110038008653088 | coeffs 340502363,295385228,295385228,422109394,422109394,394282901,394282901,428852166,428852166,365363989,365363989,179232734,179232734,22704787,22704787,72240429,72240429,198001734,198001734,280147504,280147504,540240166,540240166,565535371,565535371,432609550,432609550,196891259,196891259,211664936,211664936,230375909,230375909,299578304,299578304,-248245463,-248245463,-173871324,-173871324,-116638496,-116638496,-377507963,-377507963,-193789914,-193789914,-46778847,-46778847,36495433,36495433,-60683344,-60683344,-77690944,-77690944,-225765842,-225765842,7019533,7019533,4333556,4333556,-130964612,-130964612,-376320443,-376320443,-340502363
# status f = 945844837,0,1 : PASS_RHO (rho 0.93837, T 2716.9, 0s)
f = 946162357,0,1 | route RHO | claimed 0.91366212820111326639 | coeffs 99966588,99966588,243652630,243652630,320633751,320633751,435187843,435187843,539015787,539015787,734894427,734894427,548972936,548972936,772534702,772534702,734549733,734549733,537684924,537684924,798924291,798924291,525259637,525259637,513427334,513427334,669404620,669404620,461002397,461002397,347177420,347177420,230490953,230490953,201795608,201795608,-244537915,-244537915,-139656323,-139656323,-232007039,-232007039,-321526670,-321526670,-118113653,-118113653,-20900979,-20900979,-231347672,-231347672,-244508448,-244508448,-327272057,-327272057,-548470405,-548470405,-398673879,-398673879,-445000137,-445000137,-572921994,-572921994,-334111423,-334111423
f = 946162357,0,1 | route T | claimed 2203.0077179729574653 | coeffs -25796529,44459514,44459514,-57638587,-57638587,186838171,186838171,185400395,185400395,384086215,384086215,387511931,387511931,127885465,127885465,284217245,284217245,172029977,172029977,-69869074,-69869074,120033384,120033384,22662224,22662224,245233441,245233441,381349455,381349455,536985869,536985869,380418361,380418361,403332120,403332120,205305758,205305758,66106763,66106763,190633660,190633660,438388054,438388054,571679569,571679569,605952156,605952156,508678309,508678309,758307742,758307742,681168135,681168135,578738567,578738567,597865861,597865861,474860026,474860026,283015661,283015661,232164180,232164180,25796529
# status f = 946162357,0,1 : PASS_RHO (rho 0.91366, T 2203.0, 0s)
f = 956765236,0,1 | route RHO | claimed 0.9214104626108906877 | coeffs -18340031,-69191512,-69191512,-166465359,-166465359,-143551600,-143551600,-385450651,-385450651,-140973893,-140973893,-160101187,-160101187,-407855581,-407855581,-543971595,-543971595,-284345129,-284345129,-490712780,-490712780,-241083347,-241083347,-439109709,-439109709,-249207251,-249207251,-250645027,-250645027,-127639192,-127639192,-260930707,-260930707,-416567121,-416567121,-572898901,-572898901,-643154944,-643154944,-720294551,-720294551,-859493546,-859493546,-956864706,-956864706,-758178886,-758178886,-566334521,-566334521,-600607108,-600607108,-444039600,-444039600,-331852332,-331852332,-229754231,-229754231,-332183799,-332183799,-207656902,-207656902,14914315,14914315,18340031
f = 956765236,0,1 | route T | claimed 1817.580829864000479 | coeffs 82512641,-33147563,-33147563,166086142,166086142,21764821,21764821,26945361,26945361,390249851,390249851,348323649,348323649,335903895,335903895,63000592,63000592,338644055,338644055,626781717,626781717,382575656,382575656,332829230,332829230,244003712,244003712,408889353,408889353,34030814,34030814,96597153,96597153,123907795,123907795,139859606,139859606,20500217,20500217,58422579,58422579,-68336833,-68336833,109309784,109309784,162511175,162511175,234044991,234044991,331494465,331494465,448752000,448752000,186546227,186546227,179497774,179497774,197191522,197191522,36382610,36382610,156794738,156794738,-82512641
# status f = 956765236,0,1 : PASS_RHO (rho 0.92141, T 1817.6, 0s)
f = 962421938,0,1 | route RHO | claimed 0.93947509126980429048 | coeffs 255065663,98498155,98498155,237697150,237697150,370988665,370988665,121359232,121359232,140486526,140486526,191338007,191338007,293436108,293436108,492121928,492121928,335790148,335790148,525692606,525692606,389576592,389576592,412490351,412490351,287963454,287963454,322236041,322236041,399375648,399375648,276369813,276369813,482737464,482737464,238260706,238260706,241686422,241686422,353873690,353873690,256502530,256502530,100866116,100866116,-97160246,-97160246,-344914640,-344914640,-442188487,-442188487,-339758919,-339758919,-531603284,-531603284,-461347241,-461347241,-459909465,-459909465,-719535931,-719535931,-477636880,-477636880,-255065663
f = 962421938,0,1 | route T | claimed 2561.4838710277660918 | coeffs 531603284,461347241,461347241,459909465,459909465,719535931,719535931,477636880,477636880,255065663,255065663,98498155,98498155,237697150,237697150,370988665,370988665,121359232,121359232,140486526,140486526,191338007,191338007,293436108,293436108,492121928,492121928,335790148,335790148,525692606,525692606,389576592,389576592,412490351,412490351,287963454,287963454,322236041,322236041,399375648,399375648,276369813,276369813,482737464,482737464,238260706,238260706,241686422,241686422,353873690,353873690,256502530,256502530,100866116,100866116,-97160246,-97160246,-344914640,-344914640,-442188487,-442188487,-339758919,-339758919,-531603284
# status f = 962421938,0,1 : PASS_RHO (rho 0.93948, T 2561.5, 0s)
# summary n = 7 l = 1000040641 : EXCLUSION_CANDIDATE ; PASS 32 / 32 ; OPEN_NEAR 0 ; OPEN_FAR 0 ; 15s
