# FAMILY WITNESS FILE (generator family_gen.sage r10). n = 7 ; l = 1000823617 ; m = 64 ; deg = 2 ; ncomp = 32 ; bar_T = 4224 ; L_n = 16.3328709449664096755483535644
# line: f = c0,...,c_deg (monic, over F_l) | route RHO|T | claimed (rho or T, float) | coeffs a_0..a_{m-1}
f = 49600203,0,1 | route RHO | claimed 0.90266816101371781914 | coeffs -73576654,193275503,193275503,243100450,243100450,224181550,224181550,197436727,197436727,300933835,300933835,195607526,195607526,107091680,107091680,231576701,231576701,314662112,314662112,586279161,586279161,817489248,817489248,596667375,596667375,368316362,368316362,187711442,187711442,183553888,183553888,310993040,310993040,426239645,426239645,405641082,405641082,276269461,276269461,379242069,379242069,545126369,545126369,368702183,368702183,548283410,548283410,317065041,317065041,322133228,322133228,296533677,296533677,397530532,397530532,359287279,359287279,391839197,391839197,175122726,175122726,274098676,274098676,73576654
f = 49600203,0,1 | route T | claimed 2132.4821934865314336 | coeffs 243100450,243100450,224181550,224181550,197436727,197436727,300933835,300933835,195607526,195607526,107091680,107091680,231576701,231576701,314662112,314662112,586279161,586279161,817489248,817489248,596667375,596667375,368316362,368316362,187711442,187711442,183553888,183553888,310993040,310993040,426239645,426239645,405641082,405641082,276269461,276269461,379242069,379242069,545126369,545126369,368702183,368702183,548283410,548283410,317065041,317065041,322133228,322133228,296533677,296533677,397530532,397530532,359287279,359287279,391839197,391839197,175122726,175122726,274098676,274098676,73576654,73576654,-193275503,-193275503
# status f = 49600203,0,1 : PASS_RHO (rho 0.90267, T 2132.5, 1s)
f = 51107222,0,1 | route RHO | claimed 0.88983378900279702058 | coeffs -204439056,-435657425,-435657425,-550904030,-550904030,-279286981,-279286981,-260368081,-260368081,-222124828,-222124828,-56240528,-56240528,124364392,124364392,35848546,35848546,-164673476,-164673476,-169741663,-169741663,-190340226,-190340226,-421550313,-421550313,-448295136,-448295136,-415743218,-415743218,-239319032,-239319032,-243476586,-243476586,-367961607,-367961607,-101109450,-101109450,-126709001,-126709001,2662620,2662620,-218159253,-218159253,-321656361,-321656361,-104939890,-104939890,74641337,74641337,-52797815,-52797815,30287596,30287596,-19537351,-19537351,-120534206,-120534206,-17561598,-17561598,210789415,210789415,105463106,105463106,204439056
f = 51107222,0,1 | route T | claimed 2136.8469784863506368 | coeffs 30287596,-19537351,-19537351,-120534206,-120534206,-17561598,-17561598,210789415,210789415,105463106,105463106,204439056,204439056,435657425,435657425,550904030,550904030,279286981,279286981,260368081,260368081,222124828,222124828,56240528,56240528,-124364392,-124364392,-35848546,-35848546,164673476,164673476,169741663,169741663,190340226,190340226,421550313,421550313,448295136,448295136,415743218,415743218,239319032,239319032,243476586,243476586,367961607,367961607,101109450,101109450,126709001,126709001,-2662620,-2662620,218159253,218159253,321656361,321656361,104939890,104939890,-74641337,-74641337,52797815,52797815,-30287596
# status f = 51107222,0,1 : PASS_RHO (rho 0.88983, T 2136.8, 0s)
f = 86679655,0,1 | route RHO | claimed 0.85996411639190695875 | coeffs 184844556,159245005,159245005,191796923,191796923,-8725099,-8725099,10193801,10193801,115520110,115520110,32434699,32434699,253256572,253256572,257414126,257414126,278012689,278012689,112128389,112128389,343346758,343346758,242349903,242349903,459066374,459066374,725918531,725918531,699173708,699173708,610657862,610657862,882274911,882274911,653923898,653923898,781363050,781363050,651991429,651991429,475567243,475567243,480635430,480635430,442392177,442392177,541368127,541368127,491543180,491543180,388046072,388046072,263561051,263561051,32350964,32350964,212955884,212955884,97709279,97709279,-5263329,-5263329,-184844556
f = 86679655,0,1 | route T | claimed 2212.9842747129864927 | coeffs 187066463,187066463,346449773,346449773,246063807,246063807,103231831,103231831,161727735,161727735,-74459243,-74459243,-131143677,-131143677,-32845179,-32845179,110164101,110164101,9519615,9519615,242348071,242348071,187202710,187202710,421908410,421908410,413986074,413986074,571949149,571949149,375116159,375116159,634636485,634636485,711629348,711629348,445271505,445271505,355885653,355885653,448111190,448111190,130729694,130729694,300360127,300360127,42553886,42553886,-61786291,-61786291,-91875846,-91875846,294459311,294459311,-14963369,-14963369,-127074242,-127074242,-100004198,-100004198,-265511883,-265511883,-366622256,-366622256
# status f = 86679655,0,1 : PASS_RHO (rho 0.85996, T 2213.0, 0s)
f = 99361472,0,1 | route RHO | claimed 0.91891046708989965429 | coeffs -247037411,-348034266,-348034266,-548556288,-548556288,-445059180,-445059180,-716676229,-716676229,-720833783,-720833783,-823806391,-823806391,-818738204,-818738204,-602021733,-602021733,-583102833,-583102833,-458617812,-458617812,-230266799,-230266799,-250865362,-250865362,-430446589,-430446589,-468689842,-468689842,-201837685,-201837685,-96511376,-96511376,134698711,134698711,7259559,7259559,173143859,173143859,198743410,198743410,297719360,297719360,270974537,270974537,187889126,187889126,7284206,7284206,136655827,136655827,-94562542,-94562542,-127114460,-127114460,-176939407,-176939407,-265455253,-265455253,-44633380,-44633380,70613225,70613225,247037411
f = 99361472,0,1 | route T | claimed 2371.1345526786039453 | coeffs -201837685,-96511376,-96511376,134698711,134698711,7259559,7259559,173143859,173143859,198743410,198743410,297719360,297719360,270974537,270974537,187889126,187889126,7284206,7284206,136655827,136655827,-94562542,-94562542,-127114460,-127114460,-176939407,-176939407,-265455253,-265455253,-44633380,-44633380,70613225,70613225,247037411,247037411,348034266,348034266,548556288,548556288,445059180,445059180,716676229,716676229,720833783,720833783,823806391,823806391,818738204,818738204,602021733,602021733,583102833,583102833,458617812,458617812,230266799,230266799,250865362,250865362,430446589,430446589,468689842,468689842,201837685
# status f = 99361472,0,1 : PASS_RHO (rho 0.91891, T 2371.1, 0s)
f = 109111823,0,1 | route RHO | claimed 0.85996411639190695875 | coeffs -5263329,97709279,97709279,212955884,212955884,32350964,32350964,263561051,263561051,388046072,388046072,491543180,491543180,541368127,541368127,442392177,442392177,480635430,480635430,475567243,475567243,651991429,651991429,781363050,781363050,653923898,653923898,882274911,882274911,610657862,610657862,699173708,699173708,725918531,725918531,459066374,459066374,242349903,242349903,343346758,343346758,112128389,112128389,278012689,278012689,257414126,257414126,253256572,253256572,32434699,32434699,115520110,115520110,10193801,10193801,-8725099,-8725099,191796923,191796923,159245005,159245005,184844556,184844556,5263329
f = 109111823,0,1 | route T | claimed 1687.423920796894513 | coeffs -5263329,97709279,97709279,212955884,212955884,32350964,32350964,263561051,263561051,388046072,388046072,491543180,491543180,541368127,541368127,442392177,442392177,480635430,480635430,475567243,475567243,651991429,651991429,781363050,781363050,653923898,653923898,882274911,882274911,610657862,610657862,699173708,699173708,725918531,725918531,459066374,459066374,242349903,242349903,343346758,343346758,112128389,112128389,278012689,278012689,257414126,257414126,253256572,253256572,32434699,32434699,115520110,115520110,10193801,10193801,-8725099,-8725099,191796923,191796923,159245005,159245005,184844556,184844556,5263329
# status f = 109111823,0,1 : PASS_RHO (rho 0.85996, T 1687.4, 0s)
f = 122648280,0,1 | route RHO | claimed 0.89882446916508498452 | coeffs -173791397,-173791397,6813523,6813523,-92162427,-92162427,35276725,35276725,-231575432,-231575432,-210976869,-210976869,-229895769,-229895769,-126923161,-126923161,-230420269,-230420269,-53996083,-53996083,-142511929,-142511929,-373730298,-373730298,-456815709,-456815709,-431216158,-431216158,-200006071,-200006071,-238249324,-238249324,-9898311,-9898311,206818160,206818160,202660606,202660606,2138584,2138584,-113108021,-113108021,-63283074,-63283074,-192654695,-192654695,-165909872,-165909872,-331794172,-331794172,-437120481,-437120481,-257539254,-257539254,-382024275,-382024275,-387092462,-387092462,-115475413,-115475413,-14478558,-14478558,206343315,206343315
f = 122648280,0,1 | route T | claimed 2098.4226427549902831 | coeffs 202660606,202660606,2138584,2138584,-113108021,-113108021,-63283074,-63283074,-192654695,-192654695,-165909872,-165909872,-331794172,-331794172,-437120481,-437120481,-257539254,-257539254,-382024275,-382024275,-387092462,-387092462,-115475413,-115475413,-14478558,-14478558,206343315,206343315,173791397,173791397,-6813523,-6813523,92162427,92162427,-35276725,-35276725,231575432,231575432,210976869,210976869,229895769,229895769,126923161,126923161,230420269,230420269,53996083,53996083,142511929,142511929,373730298,373730298,456815709,456815709,431216158,431216158,200006071,200006071,238249324,238249324,9898311,9898311,-206818160,-206818160
# status f = 122648280,0,1 : PASS_RHO (rho 0.89882, T 2098.4, 0s)
f = 199023283,0,1 | route RHO | claimed 0.87793778540938750874 | coeffs 692460909,692460909,819900061,819900061,814831874,814831874,765006927,765006927,996217014,996217014,893244406,893244406,925796324,925796324,820470015,820470015,824627569,824627569,593409200,593409200,860261357,860261357,588644308,588644308,459272687,459272687,497515940,497515940,394018832,394018832,213413912,213413912,33832685,33832685,-166689337,-166689337,-83603926,-83603926,-63005363,-63005363,37991492,37991492,11246669,11246669,239597682,239597682,63173496,63173496,-35802454,-35802454,-160287475,-160287475,-45040870,-45040870,-19441319,-19441319,-522419,-522419,-221344292,-221344292,-387228592,-387228592,-603945063,-603945063
f = 199023283,0,1 | route T | claimed 1747.9920832952458126 | coeffs 45040870,45040870,19441319,19441319,522419,522419,221344292,221344292,387228592,387228592,603945063,603945063,692460909,692460909,819900061,819900061,814831874,814831874,765006927,765006927,996217014,996217014,893244406,893244406,925796324,925796324,820470015,820470015,824627569,824627569,593409200,593409200,860261357,860261357,588644308,588644308,459272687,459272687,497515940,497515940,394018832,394018832,213413912,213413912,33832685,33832685,-166689337,-166689337,-83603926,-83603926,-63005363,-63005363,37991492,37991492,11246669,11246669,239597682,239597682,63173496,63173496,-35802454,-35802454,-160287475,-160287475
# status f = 199023283,0,1 : PASS_RHO (rho 0.87794, T 1748.0, 0s)
f = 237765389,0,1 | route RHO | claimed 0.90170202588481789474 | coeffs 361436544,361436544,311611597,311611597,307454043,307454043,345697296,345697296,262611885,262611885,86187699,86187699,67268799,67268799,-60170353,-60170353,-27618435,-27618435,243998614,243998614,64417387,64417387,91162210,91162210,206408815,206408815,423125286,423125286,191915199,191915199,-39303170,-39303170,64193938,64193938,84792501,84792501,183768451,183768451,-37053422,-37053422,-42121609,-42121609,63204700,63204700,-66166921,-66166921,134355101,134355101,362706114,362706114,337106563,337106563,248590717,248590717,145618109,145618109,-121234048,-121234048,-301838968,-301838968,-402835823,-402835823,-527320844,-527320844
f = 237765389,0,1 | route T | claimed 2349.3591932941433938 | coeffs -145618109,121234048,121234048,301838968,301838968,402835823,402835823,527320844,527320844,361436544,361436544,311611597,311611597,307454043,307454043,345697296,345697296,262611885,262611885,86187699,86187699,67268799,67268799,-60170353,-60170353,-27618435,-27618435,243998614,243998614,64417387,64417387,91162210,91162210,206408815,206408815,423125286,423125286,191915199,191915199,-39303170,-39303170,64193938,64193938,84792501,84792501,183768451,183768451,-37053422,-37053422,-42121609,-42121609,63204700,63204700,-66166921,-66166921,134355101,134355101,362706114,362706114,337106563,337106563,248590717,248590717,145618109
# status f = 237765389,0,1 : PASS_RHO (rho 0.90170, T 2349.4, 0s)
f = 265869752,0,1 | route RHO | claimed 0.89880286982013494573 | coeffs 333479034,333479034,204107413,204107413,154282466,154282466,39035861,39035861,239557883,239557883,235400329,235400329,18683858,18683858,247034871,247034871,285278124,285278124,516488211,516488211,490888660,490888660,407803249,407803249,639021618,639021618,550505772,550505772,374081586,374081586,270584478,270584478,167611870,167611870,148692970,148692970,128094407,128094407,-138757750,-138757750,-266196902,-266196902,-365172852,-365172852,-545777772,-545777772,-513225854,-513225854,-292403981,-292403981,-393400836,-393400836,-121783787,-121783787,-116715600,-116715600,-241200621,-241200621,-420781848,-420781848,-526108157,-526108157,-360223857,-360223857
f = 265869752,0,1 | route T | claimed 2046.440835896961694 | coeffs -550505772,-550505772,-374081586,-374081586,-270584478,-270584478,-167611870,-167611870,-148692970,-148692970,-128094407,-128094407,138757750,138757750,266196902,266196902,365172852,365172852,545777772,545777772,513225854,513225854,292403981,292403981,393400836,393400836,121783787,121783787,116715600,116715600,241200621,241200621,420781848,420781848,526108157,526108157,360223857,360223857,333479034,333479034,204107413,204107413,154282466,154282466,39035861,39035861,239557883,239557883,235400329,235400329,18683858,18683858,247034871,247034871,285278124,285278124,516488211,516488211,490888660,490888660,407803249,407803249,639021618,639021618
# status f = 265869752,0,1 : PASS_RHO (rho 0.89880, T 2046.4, 0s)
f = 307059283,0,1 | route RHO | claimed 0.87950863610933768367 | coeffs -463346095,-297461795,-297461795,-497983817,-497983817,-729193904,-729193904,-552769718,-552769718,-285917561,-285917561,-506739434,-506739434,-327158207,-327158207,-376983154,-376983154,-148632141,-148632141,82586228,82586228,63667328,63667328,-116937592,-116937592,-111869405,-111869405,-85124582,-85124582,-80967028,-80967028,-55367477,-55367477,48129631,48129631,175568783,175568783,276565638,276565638,381891947,381891947,266645342,266645342,304888595,304888595,216372749,216372749,195774186,195774186,228326104,228326104,103841083,103841083,233212704,233212704,449929175,449929175,533014586,533014586,635987194,635987194,734963144,734963144,463346095
f = 307059283,0,1 | route T | claimed 2351.699164237039563 | coeffs -111869405,-85124582,-85124582,-80967028,-80967028,-55367477,-55367477,48129631,48129631,175568783,175568783,276565638,276565638,381891947,381891947,266645342,266645342,304888595,304888595,216372749,216372749,195774186,195774186,228326104,228326104,103841083,103841083,233212704,233212704,449929175,449929175,533014586,533014586,635987194,635987194,734963144,734963144,463346095,463346095,297461795,297461795,497983817,497983817,729193904,729193904,552769718,552769718,285917561,285917561,506739434,506739434,327158207,327158207,376983154,376983154,148632141,148632141,-82586228,-82586228,-63667328,-63667328,116937592,116937592,111869405
# status f = 307059283,0,1 : PASS_RHO (rho 0.87951, T 2351.7, 0s)
f = 365645558,0,1 | route RHO | claimed 0.90266816101371781914 | coeffs -274098676,-274098676,-175122726,-175122726,-391839197,-391839197,-359287279,-359287279,-397530532,-397530532,-296533677,-296533677,-322133228,-322133228,-317065041,-317065041,-548283410,-548283410,-368702183,-368702183,-545126369,-545126369,-379242069,-379242069,-276269461,-276269461,-405641082,-405641082,-426239645,-426239645,-310993040,-310993040,-183553888,-183553888,-187711442,-187711442,-368316362,-368316362,-596667375,-596667375,-817489248,-817489248,-586279161,-586279161,-314662112,-314662112,-231576701,-231576701,-107091680,-107091680,-195607526,-195607526,-300933835,-300933835,-197436727,-197436727,-224181550,-224181550,-243100450,-243100450,-193275503,-193275503,73576654,73576654
f = 365645558,0,1 | route T | claimed 1876.5892561561673802 | coeffs 73576654,274098676,274098676,175122726,175122726,391839197,391839197,359287279,359287279,397530532,397530532,296533677,296533677,322133228,322133228,317065041,317065041,548283410,548283410,368702183,368702183,545126369,545126369,379242069,379242069,276269461,276269461,405641082,405641082,426239645,426239645,310993040,310993040,183553888,183553888,187711442,187711442,368316362,368316362,596667375,596667375,817489248,817489248,586279161,586279161,314662112,314662112,231576701,231576701,107091680,107091680,195607526,195607526,300933835,300933835,197436727,197436727,224181550,224181550,243100450,243100450,193275503,193275503,-73576654
# status f = 365645558,0,1 : PASS_RHO (rho 0.90267, T 1876.6, 0s)
f = 402630619,0,1 | route RHO | claimed 0.87950863610933768367 | coeffs -80967028,-85124582,-85124582,-111869405,-111869405,-116937592,-116937592,63667328,63667328,82586228,82586228,-148632141,-148632141,-376983154,-376983154,-327158207,-327158207,-506739434,-506739434,-285917561,-285917561,-552769718,-552769718,-729193904,-729193904,-497983817,-497983817,-297461795,-297461795,-463346095,-463346095,-734963144,-734963144,-635987194,-635987194,-533014586,-533014586,-449929175,-449929175,-233212704,-233212704,-103841083,-103841083,-228326104,-228326104,-195774186,-195774186,-216372749,-216372749,-304888595,-304888595,-266645342,-266645342,-381891947,-381891947,-276565638,-276565638,-175568783,-175568783,-48129631,-48129631,55367477,55367477,80967028
f = 402630619,0,1 | route T | claimed 1999.2028686594173659 | coeffs 111869405,116937592,116937592,-63667328,-63667328,-82586228,-82586228,148632141,148632141,376983154,376983154,327158207,327158207,506739434,506739434,285917561,285917561,552769718,552769718,729193904,729193904,497983817,497983817,297461795,297461795,463346095,463346095,734963144,734963144,635987194,635987194,533014586,533014586,449929175,449929175,233212704,233212704,103841083,103841083,228326104,228326104,195774186,195774186,216372749,216372749,304888595,304888595,266645342,266645342,381891947,381891947,276565638,276565638,175568783,175568783,48129631,48129631,-55367477,-55367477,-80967028,-80967028,-85124582,-85124582,-111869405
# status f = 402630619,0,1 : PASS_RHO (rho 0.87951, T 1999.2, 0s)
f = 414994964,0,1 | route RHO | claimed 0.88760585504649110244 | coeffs -627449706,-627449706,-803873892,-803873892,-688627287,-688627287,-909449160,-909449160,-997965006,-997965006,-948140059,-948140059,-980691977,-980691977,-749473608,-749473608,-620101987,-620101987,-439497067,-439497067,-522582478,-522582478,-495837655,-495837655,-396861705,-396861705,-422461256,-422461256,-256576956,-256576956,-129137804,-129137804,102072283,102072283,-3254026,-3254026,263598131,263598131,301841384,301841384,122260157,122260157,142858720,142858720,371209733,371209733,246724712,246724712,265643612,265643612,48927141,48927141,53995328,53995328,156967936,156967936,152810382,152810382,424427431,424427431,527924539,527924539,728446561,728446561
f = 414994964,0,1 | route T | claimed 2265.8100843257547852 | coeffs -34235203,-34235203,195401421,195401421,149939997,149939997,452580818,452580818,443098183,443098183,251282624,251282624,417928640,417928640,483985353,483985353,367911742,367911742,678294568,678294568,630050285,630050285,515811035,515811035,642323298,642323298,608172734,608172734,738349112,738349112,955372504,955372504,976218422,976218422,535089709,535089709,681882149,681882149,608168159,608168159,533536830,533536830,314813534,314813534,328815550,328815550,326373530,326373530,304696421,304696421,349426822,349426822,300267537,300267537,58617240,58617240,210198546,210198546,333459679,333459679,76528462,76528462,20391973,20391973
# status f = 414994964,0,1 : PASS_RHO (rho 0.88761, T 2265.8, 0s)
f = 473694769,0,1 | route RHO | claimed 0.88983378900279702058 | coeffs 448295136,448295136,421550313,421550313,190340226,190340226,169741663,169741663,164673476,164673476,-35848546,-35848546,-124364392,-124364392,56240528,56240528,222124828,222124828,260368081,260368081,279286981,279286981,550904030,550904030,435657425,435657425,204439056,204439056,105463106,105463106,210789415,210789415,-17561598,-17561598,-120534206,-120534206,-19537351,-19537351,30287596,30287596,-52797815,-52797815,74641337,74641337,-104939890,-104939890,-321656361,-321656361,-218159253,-218159253,2662620,2662620,-126709001,-126709001,-101109450,-101109450,-367961607,-367961607,-243476586,-243476586,-239319032,-239319032,-415743218,-415743218
f = 473694769,0,1 | route T | claimed 1772.9245992772608451 | coeffs -550904030,-550904030,-435657425,-435657425,-204439056,-204439056,-105463106,-105463106,-210789415,-210789415,17561598,17561598,120534206,120534206,19537351,19537351,-30287596,-30287596,52797815,52797815,-74641337,-74641337,104939890,104939890,321656361,321656361,218159253,218159253,-2662620,-2662620,126709001,126709001,101109450,101109450,367961607,367961607,243476586,243476586,239319032,239319032,415743218,415743218,448295136,448295136,421550313,421550313,190340226,190340226,169741663,169741663,164673476,164673476,-35848546,-35848546,-124364392,-124364392,56240528,56240528,222124828,222124828,260368081,260368081,279286981,279286981
# status f = 473694769,0,1 : PASS_RHO (rho 0.88983, T 1772.9, 0s)
f = 485467663,0,1 | route RHO | claimed 0.90170202588481789474 | coeffs -362706114,-134355101,-134355101,66166921,66166921,-63204700,-63204700,42121609,42121609,37053422,37053422,-183768451,-183768451,-84792501,-84792501,-64193938,-64193938,39303170,39303170,-191915199,-191915199,-423125286,-423125286,-206408815,-206408815,-91162210,-91162210,-64417387,-64417387,-243998614,-243998614,27618435,27618435,60170353,60170353,-67268799,-67268799,-86187699,-86187699,-262611885,-262611885,-345697296,-345697296,-307454043,-307454043,-311611597,-311611597,-361436544,-361436544,-527320844,-527320844,-402835823,-402835823,-301838968,-301838968,-121234048,-121234048,145618109,145618109,248590717,248590717,337106563,337106563,362706114
f = 485467663,0,1 | route T | claimed 1760.0581532580869287 | coeffs -121234048,-121234048,145618109,145618109,248590717,248590717,337106563,337106563,362706114,362706114,134355101,134355101,-66166921,-66166921,63204700,63204700,-42121609,-42121609,-37053422,-37053422,183768451,183768451,84792501,84792501,64193938,64193938,-39303170,-39303170,191915199,191915199,423125286,423125286,206408815,206408815,91162210,91162210,64417387,64417387,243998614,243998614,-27618435,-27618435,-60170353,-60170353,67268799,67268799,86187699,86187699,262611885,262611885,345697296,345697296,307454043,307454043,311611597,311611597,361436544,361436544,527320844,527320844,402835823,402835823,301838968,301838968
# status f = 485467663,0,1 : PASS_RHO (rho 0.90170, T 1760.1, 0s)
f = 497289672,0,1 | route RHO | claimed 0.87793778540938750874 | coeffs 239597682,239597682,11246669,11246669,37991492,37991492,-63005363,-63005363,-83603926,-83603926,-166689337,-166689337,33832685,33832685,213413912,213413912,394018832,394018832,497515940,497515940,459272687,459272687,588644308,588644308,860261357,860261357,593409200,593409200,824627569,824627569,820470015,820470015,925796324,925796324,893244406,893244406,996217014,996217014,765006927,765006927,814831874,814831874,819900061,819900061,692460909,692460909,603945063,603945063,387228592,387228592,221344292,221344292,522419,522419,19441319,19441319,45040870,45040870,160287475,160287475,35802454,35802454,-63173496,-63173496
f = 497289672,0,1 | route T | claimed 1646.3643971044406739 | coeffs -19441319,-19441319,-45040870,-45040870,-160287475,-160287475,-35802454,-35802454,63173496,63173496,239597682,239597682,11246669,11246669,37991492,37991492,-63005363,-63005363,-83603926,-83603926,-166689337,-166689337,33832685,33832685,213413912,213413912,394018832,394018832,497515940,497515940,459272687,459272687,588644308,588644308,860261357,860261357,593409200,593409200,824627569,824627569,820470015,820470015,925796324,925796324,893244406,893244406,996217014,996217014,765006927,765006927,814831874,814831874,819900061,819900061,692460909,692460909,603945063,603945063,387228592,387228592,221344292,221344292,522419,522419
# status f = 497289672,0,1 : PASS_RHO (rho 0.87794, T 1646.4, 0s)
f = 503533945,0,1 | route RHO | claimed 0.90973291886978669173 | coeffs 90720222,-109801800,-109801800,69779427,69779427,-110825493,-110825493,-7328385,-7328385,30914868,30914868,160286489,160286489,-111330560,-111330560,-378182717,-378182717,-609401086,-609401086,-613558640,-613558640,-718884949,-718884949,-751436867,-751436867,-854409475,-854409475,-1085619562,-1085619562,-1135444509,-1135444509,-1130376322,-1130376322,-1002937170,-1002937170,-1091453016,-1091453016,-874736545,-874736545,-1040620845,-1040620845,-819798972,-819798972,-800880072,-800880072,-826479623,-826479623,-711233018,-711233018,-586747997,-586747997,-685723947,-685723947,-509299761,-509299761,-280948748,-280948748,-254203925,-254203925,-153207070,-153207070,-173805633,-173805633,-90720222
f = 503533945,0,1 | route T | claimed 1955.6272459110169679 | coeffs 111330560,111330560,378182717,378182717,609401086,609401086,613558640,613558640,718884949,718884949,751436867,751436867,854409475,854409475,1085619562,1085619562,1135444509,1135444509,1130376322,1130376322,1002937170,1002937170,1091453016,1091453016,874736545,874736545,1040620845,1040620845,819798972,819798972,800880072,800880072,826479623,826479623,711233018,711233018,586747997,586747997,685723947,685723947,509299761,509299761,280948748,280948748,254203925,254203925,153207070,153207070,173805633,173805633,90720222,90720222,-109801800,-109801800,69779427,69779427,-110825493,-110825493,-7328385,-7328385,30914868,30914868,160286489,160286489
# status f = 503533945,0,1 : PASS_RHO (rho 0.90973, T 1955.6, 0s)
f = 515355954,0,1 | route RHO | claimed 0.8820326405699496094 | coeffs -47481800,-47481800,-51639354,-51639354,-1814407,-1814407,-167698707,-167698707,-292183728,-292183728,-191186873,-191186873,-371791793,-371791793,-104939636,-104939636,-207912244,-207912244,-119396398,-119396398,-144995949,-144995949,-373346962,-373346962,-172824940,-172824940,-43453319,-43453319,61872990,61872990,66941177,66941177,-153880696,-153880696,-252856646,-252856646,-232258083,-232258083,-335755191,-335755191,-566973560,-566973560,-335763473,-335763473,-119047002,-119047002,-234293607,-234293607,-207548784,-207548784,-27967557,-27967557,243649492,243649492,211097574,211097574,83658422,83658422,102577322,102577322,-73846864,-73846864,9238547,9238547
f = 515355954,0,1 | route T | claimed 3095.9153741763227495 | coeffs 93664979,93664979,72601660,72601660,222168888,222168888,78763615,78763615,161759785,161759785,240427306,240427306,377249018,377249018,534369554,534369554,677002464,677002464,530345417,530345417,566367192,566367192,658513256,658513256,515829197,515829197,208374450,208374450,270696230,270696230,253345794,253345794,-13304064,-13304064,207064835,207064835,398620120,398620120,306649873,306649873,245073272,245073272,230668595,230668595,112434197,112434197,-14958304,-14958304,-131024376,-131024376,-652549656,-652549656,-718669504,-718669504,-662226718,-662226718,-652936813,-652936813,-499557768,-499557768,-335655152,-335655152,-329305011,-329305011
# status f = 515355954,0,1 : PASS_RHO (rho 0.88203, T 3095.9, 0s)
f = 527128848,0,1 | route RHO | claimed 0.89551538114694358159 | coeffs -82212073,-82212073,20760535,20760535,121757390,121757390,71932443,71932443,-11152968,-11152968,-138592120,-138592120,-318173347,-318173347,-101456876,-101456876,2040232,2040232,-218781641,-218781641,-348153262,-348153262,-373752813,-373752813,-640604970,-640604970,-765089991,-765089991,-760932437,-760932437,-584508251,-584508251,-617060169,-617060169,-643804992,-643804992,-412594905,-412594905,-433193468,-433193468,-428125281,-428125281,-628647303,-628647303,-540131457,-540131457,-359526537,-359526537,-525410837,-525410837,-487167584,-487167584,-506086484,-506086484,-234469435,-234469435,-119222830,-119222830,-350441199,-350441199,-251465249,-251465249,-146138940,-146138940
f = 527128848,0,1 | route T | claimed 1783.6983680499317067 | coeffs -71932443,11152968,11152968,138592120,138592120,318173347,318173347,101456876,101456876,-2040232,-2040232,218781641,218781641,348153262,348153262,373752813,373752813,640604970,640604970,765089991,765089991,760932437,760932437,584508251,584508251,617060169,617060169,643804992,643804992,412594905,412594905,433193468,433193468,428125281,428125281,628647303,628647303,540131457,540131457,359526537,359526537,525410837,525410837,487167584,487167584,506086484,506086484,234469435,234469435,119222830,119222830,350441199,350441199,251465249,251465249,146138940,146138940,-82212073,-82212073,20760535,20760535,121757390,121757390,71932443
# status f = 527128848,0,1 : PASS_RHO (rho 0.89552, T 1783.7, 0s)
f = 585828653,0,1 | route RHO | claimed 0.91891046708989965429 | coeffs -136655827,-136655827,-7284206,-7284206,-187889126,-187889126,-270974537,-270974537,-297719360,-297719360,-198743410,-198743410,-173143859,-173143859,-7259559,-7259559,-134698711,-134698711,96511376,96511376,201837685,201837685,468689842,468689842,430446589,430446589,250865362,250865362,230266799,230266799,458617812,458617812,583102833,583102833,602021733,602021733,818738204,818738204,823806391,823806391,720833783,720833783,716676229,716676229,445059180,445059180,548556288,548556288,348034266,348034266,247037411,247037411,70613225,70613225,-44633380,-44633380,-265455253,-265455253,-176939407,-176939407,-127114460,-127114460,-94562542,-94562542
f = 585828653,0,1 | route T | claimed 2526.1606591702807273 | coeffs -7259559,-134698711,-134698711,96511376,96511376,201837685,201837685,468689842,468689842,430446589,430446589,250865362,250865362,230266799,230266799,458617812,458617812,583102833,583102833,602021733,602021733,818738204,818738204,823806391,823806391,720833783,720833783,716676229,716676229,445059180,445059180,548556288,548556288,348034266,348034266,247037411,247037411,70613225,70613225,-44633380,-44633380,-265455253,-265455253,-176939407,-176939407,-127114460,-127114460,-94562542,-94562542,136655827,136655827,7284206,7284206,187889126,187889126,270974537,270974537,297719360,297719360,198743410,198743410,173143859,173143859,7259559
# status f = 585828653,0,1 : PASS_RHO (rho 0.91891, T 2526.2, 0s)
f = 598192998,0,1 | route RHO | claimed 0.92356698778800263326 | coeffs 40139314,128655160,128655160,166898413,166898413,282145018,282145018,387471327,387471327,286474472,286474472,413913624,413913624,310416516,310416516,336016067,336016067,331858513,331858513,358603336,358603336,353535149,353535149,172930229,172930229,191849129,191849129,423067498,423067498,194716485,194716485,144891538,144891538,-34689689,-34689689,-255511562,-255511562,-522363719,-522363719,-345939533,-345939533,-114729446,-114729446,-315251468,-315251468,-481135768,-481135768,-209518719,-209518719,-110542769,-110542769,-213515377,-213515377,-130429966,-130429966,-347146437,-347146437,-217774816,-217774816,-93289795,-93289795,-60737877,-60737877,-40139314
f = 598192998,0,1 | route T | claimed 2437.900219907761043 | coeffs 331737789,331737789,439672507,439672507,414244490,414244490,180136690,180136690,-69474238,-69474238,-184059336,-184059336,-581454399,-581454399,-488446003,-488446003,-495911348,-495911348,-552580694,-552580694,-462564219,-462564219,-555269610,-555269610,-616489638,-616489638,-761794726,-761794726,-593064727,-593064727,-652814702,-652814702,-847354365,-847354365,-836929527,-836929527,-819283726,-819283726,-753511259,-753511259,-313653940,-313653940,-359930788,-359930788,-377552858,-377552858,-616235829,-616235829,-487291569,-487291569,-534858522,-534858522,-270459686,-270459686,-501714900,-501714900,-562479454,-562479454,-281806214,-281806214,-86670094,-86670094,-157774750,-157774750
# status f = 598192998,0,1 : PASS_RHO (rho 0.92357, T 2437.9, 0s)
f = 635178059,0,1 | route RHO | claimed 0.88851423216102981216 | coeffs 126452197,126452197,121384010,121384010,-109834359,-109834359,-289415586,-289415586,-465839772,-465839772,-631724072,-631724072,-528751464,-528751464,-399379843,-399379843,-419978406,-419978406,-535225011,-535225011,-407785859,-407785859,-403628305,-403628305,-584233225,-584233225,-355882212,-355882212,-576704085,-576704085,-807914172,-807914172,-536297123,-536297123,-619382534,-619382534,-494897513,-494897513,-406381667,-406381667,-511707976,-511707976,-615205084,-615205084,-641949907,-641949907,-623031007,-623031007,-573206060,-573206060,-840058217,-840058217,-639536195,-639536195,-540560245,-540560245,-323843774,-323843774,-291291856,-291291856,-253048603,-253048603,-152051748,-152051748
f = 635178059,0,1 | route T | claimed 1709.6118458902254063 | coeffs -126452197,-121384010,-121384010,109834359,109834359,289415586,289415586,465839772,465839772,631724072,631724072,528751464,528751464,399379843,399379843,419978406,419978406,535225011,535225011,407785859,407785859,403628305,403628305,584233225,584233225,355882212,355882212,576704085,576704085,807914172,807914172,536297123,536297123,619382534,619382534,494897513,494897513,406381667,406381667,511707976,511707976,615205084,615205084,641949907,641949907,623031007,623031007,573206060,573206060,840058217,840058217,639536195,639536195,540560245,540560245,323843774,323843774,291291856,291291856,253048603,253048603,152051748,152051748,126452197
# status f = 635178059,0,1 : PASS_RHO (rho 0.88851, T 1709.6, 0s)
f = 693764334,0,1 | route RHO | claimed 0.92356698778800263326 | coeffs -144891538,-194716485,-194716485,-423067498,-423067498,-191849129,-191849129,-172930229,-172930229,-353535149,-353535149,-358603336,-358603336,-331858513,-331858513,-336016067,-336016067,-310416516,-310416516,-413913624,-413913624,-286474472,-286474472,-387471327,-387471327,-282145018,-282145018,-166898413,-166898413,-128655160,-128655160,-40139314,-40139314,-60737877,-60737877,-93289795,-93289795,-217774816,-217774816,-347146437,-347146437,-130429966,-130429966,-213515377,-213515377,-110542769,-110542769,-209518719,-209518719,-481135768,-481135768,-315251468,-315251468,-114729446,-114729446,-345939533,-345939533,-522363719,-522363719,-255511562,-255511562,-34689689,-34689689,144891538
f = 693764334,0,1 | route T | claimed 2126.2166358901686476 | coeffs -412518869,-356382380,-356382380,-335536462,-335536462,-565173086,-565173086,-711965526,-711965526,-409324705,-409324705,-483956034,-483956034,-292140475,-292140475,-306142491,-306142491,-240085778,-240085778,-261762887,-261762887,-572145713,-572145713,-522986428,-522986428,-637225678,-637225678,-485644372,-485644372,-451493808,-451493808,-194562591,-194562591,22460801,22460801,36304031,36304031,477432744,477432744,431971320,431971320,358257330,358257330,367739965,367739965,586463261,586463261,753109277,753109277,750667257,750667257,866740868,866740868,822010467,822010467,773766184,773766184,532115887,532115887,405603624,405603624,282342491,282342491,412518869
# status f = 693764334,0,1 : PASS_RHO (rho 0.92357, T 2126.2, 0s)
f = 734953865,0,1 | route RHO | claimed 0.89882446916508498452 | coeffs 2138584,2138584,202660606,202660606,206818160,206818160,-9898311,-9898311,-238249324,-238249324,-200006071,-200006071,-431216158,-431216158,-456815709,-456815709,-373730298,-373730298,-142511929,-142511929,-53996083,-53996083,-230420269,-230420269,-126923161,-126923161,-229895769,-229895769,-210976869,-210976869,-231575432,-231575432,35276725,35276725,-92162427,-92162427,6813523,6813523,-173791397,-173791397,-206343315,-206343315,14478558,14478558,115475413,115475413,387092462,387092462,382024275,382024275,257539254,257539254,437120481,437120481,331794172,331794172,165909872,165909872,192654695,192654695,63283074,63283074,113108021,113108021
f = 734953865,0,1 | route T | claimed 1886.3085354163452702 | coeffs 115475413,115475413,387092462,387092462,382024275,382024275,257539254,257539254,437120481,437120481,331794172,331794172,165909872,165909872,192654695,192654695,63283074,63283074,113108021,113108021,-2138584,-2138584,-202660606,-202660606,-206818160,-206818160,9898311,9898311,238249324,238249324,200006071,200006071,431216158,431216158,456815709,456815709,373730298,373730298,142511929,142511929,53996083,53996083,230420269,230420269,126923161,126923161,229895769,229895769,210976869,210976869,231575432,231575432,-35276725,-35276725,92162427,92162427,-6813523,-6813523,173791397,173791397,206343315,206343315,-14478558,-14478558
# status f = 734953865,0,1 : PASS_RHO (rho 0.89882, T 1886.3, 0s)
f = 763058228,0,1 | route RHO | claimed 0.8820326405699496094 | coeffs 566973560,566973560,335755191,335755191,232258083,232258083,252856646,252856646,153880696,153880696,-66941177,-66941177,-61872990,-61872990,43453319,43453319,172824940,172824940,373346962,373346962,144995949,144995949,119396398,119396398,207912244,207912244,104939636,104939636,371791793,371791793,191186873,191186873,292183728,292183728,167698707,167698707,1814407,1814407,51639354,51639354,47481800,47481800,9238547,9238547,-73846864,-73846864,102577322,102577322,83658422,83658422,211097574,211097574,243649492,243649492,-27967557,-27967557,-207548784,-207548784,-234293607,-234293607,-119047002,-119047002,-335763473,-335763473
f = 763058228,0,1 | route T | claimed 1873.9356822297181842 | coeffs 207548784,207548784,234293607,234293607,119047002,119047002,335763473,335763473,566973560,566973560,335755191,335755191,232258083,232258083,252856646,252856646,153880696,153880696,-66941177,-66941177,-61872990,-61872990,43453319,43453319,172824940,172824940,373346962,373346962,144995949,144995949,119396398,119396398,207912244,207912244,104939636,104939636,371791793,371791793,191186873,191186873,292183728,292183728,167698707,167698707,1814407,1814407,51639354,51639354,47481800,47481800,9238547,9238547,-73846864,-73846864,102577322,102577322,83658422,83658422,211097574,211097574,243649492,243649492,-27967557,-27967557
# status f = 763058228,0,1 : PASS_RHO (rho 0.88203, T 1873.9, 0s)
f = 801800334,0,1 | route RHO | claimed 0.90973291886978669173 | coeffs -509299761,-509299761,-685723947,-685723947,-586747997,-586747997,-711233018,-711233018,-826479623,-826479623,-800880072,-800880072,-819798972,-819798972,-1040620845,-1040620845,-874736545,-874736545,-1091453016,-1091453016,-1002937170,-1002937170,-1130376322,-1130376322,-1135444509,-1135444509,-1085619562,-1085619562,-854409475,-854409475,-751436867,-751436867,-718884949,-718884949,-613558640,-613558640,-609401086,-609401086,-378182717,-378182717,-111330560,-111330560,160286489,160286489,30914868,30914868,-7328385,-7328385,-110825493,-110825493,69779427,69779427,-109801800,-109801800,90720222,90720222,173805633,173805633,153207070,153207070,254203925,254203925,280948748,280948748
f = 801800334,0,1 | route T | claimed 2589.8565055992417522 | coeffs 69779427,-109801800,-109801800,90720222,90720222,173805633,173805633,153207070,153207070,254203925,254203925,280948748,280948748,509299761,509299761,685723947,685723947,586747997,586747997,711233018,711233018,826479623,826479623,800880072,800880072,819798972,819798972,1040620845,1040620845,874736545,874736545,1091453016,1091453016,1002937170,1002937170,1130376322,1130376322,1135444509,1135444509,1085619562,1085619562,854409475,854409475,751436867,751436867,718884949,718884949,613558640,613558640,609401086,609401086,378182717,378182717,111330560,111330560,-160286489,-160286489,-30914868,-30914868,7328385,7328385,110825493,110825493,-69779427
# status f = 801800334,0,1 : PASS_RHO (rho 0.90973, T 2589.9, 0s)
f = 878175337,0,1 | route RHO | claimed 0.89880286982013494573 | coeffs 239557883,39035861,39035861,154282466,154282466,204107413,204107413,333479034,333479034,360223857,360223857,526108157,526108157,420781848,420781848,241200621,241200621,116715600,116715600,121783787,121783787,393400836,393400836,292403981,292403981,513225854,513225854,545777772,545777772,365172852,365172852,266196902,266196902,138757750,138757750,-128094407,-128094407,-148692970,-148692970,-167611870,-167611870,-270584478,-270584478,-374081586,-374081586,-550505772,-550505772,-639021618,-639021618,-407803249,-407803249,-490888660,-490888660,-516488211,-516488211,-285278124,-285278124,-247034871,-247034871,-18683858,-18683858,-235400329,-235400329,-239557883
f = 878175337,0,1 | route T | claimed 1556.8146769177899145 | coeffs 148692970,148692970,167611870,167611870,270584478,270584478,374081586,374081586,550505772,550505772,639021618,639021618,407803249,407803249,490888660,490888660,516488211,516488211,285278124,285278124,247034871,247034871,18683858,18683858,235400329,235400329,239557883,239557883,39035861,39035861,154282466,154282466,204107413,204107413,333479034,333479034,360223857,360223857,526108157,526108157,420781848,420781848,241200621,241200621,116715600,116715600,121783787,121783787,393400836,393400836,292403981,292403981,513225854,513225854,545777772,545777772,365172852,365172852,266196902,266196902,138757750,138757750,-128094407,-128094407
# status f = 878175337,0,1 : PASS_RHO (rho 0.89880, T 1556.8, 0s)
f = 891711794,0,1 | route RHO | claimed 0.89204520443206356154 | coeffs -853099648,-853099648,-791523047,-791523047,-648117774,-648117774,-456562489,-456562489,-477625808,-477625808,-210975950,-210975950,-204625809,-204625809,-142304029,-142304029,-295683074,-295683074,-152999015,-152999015,-96556229,-96556229,-60534454,-60534454,460990826,460990826,318357916,318357916,190965415,190965415,327787127,327787127,342191804,342191804,259195634,259195634,167225387,167225387,316792615,316792615,96423716,96423716,332063748,332063748,314713312,314713312,150810696,150810696,458265443,458265443,467555348,467555348,559701412,559701412,625821260,625821260,772478307,772478307,656412235,656412235,813532771,813532771,931767169,931767169
f = 891711794,0,1 | route T | claimed 2222.2663612278931082 | coeffs -60534454,460990826,460990826,318357916,318357916,190965415,190965415,327787127,327787127,342191804,342191804,259195634,259195634,167225387,167225387,316792615,316792615,96423716,96423716,332063748,332063748,314713312,314713312,150810696,150810696,458265443,458265443,467555348,467555348,559701412,559701412,625821260,625821260,772478307,772478307,656412235,656412235,813532771,813532771,931767169,931767169,853099648,853099648,791523047,791523047,648117774,648117774,456562489,456562489,477625808,477625808,210975950,210975950,204625809,204625809,142304029,142304029,295683074,295683074,152999015,152999015,96556229,96556229,60534454
# status f = 891711794,0,1 : PASS_RHO (rho 0.89205, T 2222.3, 0s)
f = 901462145,0,1 | route RHO | claimed 0.88760585504649110244 | coeffs 424427431,424427431,152810382,152810382,156967936,156967936,53995328,53995328,48927141,48927141,265643612,265643612,246724712,246724712,371209733,371209733,142858720,142858720,122260157,122260157,301841384,301841384,263598131,263598131,-3254026,-3254026,102072283,102072283,-129137804,-129137804,-256576956,-256576956,-422461256,-422461256,-396861705,-396861705,-495837655,-495837655,-522582478,-522582478,-439497067,-439497067,-620101987,-620101987,-749473608,-749473608,-980691977,-980691977,-948140059,-948140059,-997965006,-997965006,-909449160,-909449160,-688627287,-688627287,-803873892,-803873892,-627449706,-627449706,-728446561,-728446561,-527924539,-527924539
f = 901462145,0,1 | route T | claimed 2406.9058238965695112 | coeffs -142858720,-122260157,-122260157,-301841384,-301841384,-263598131,-263598131,3254026,3254026,-102072283,-102072283,129137804,129137804,256576956,256576956,422461256,422461256,396861705,396861705,495837655,495837655,522582478,522582478,439497067,439497067,620101987,620101987,749473608,749473608,980691977,980691977,948140059,948140059,997965006,997965006,909449160,909449160,688627287,688627287,803873892,803873892,627449706,627449706,728446561,728446561,527924539,527924539,424427431,424427431,152810382,152810382,156967936,156967936,53995328,53995328,48927141,48927141,265643612,265643612,246724712,246724712,371209733,371209733,142858720
# status f = 901462145,0,1 : PASS_RHO (rho 0.88761, T 2406.9, 0s)
f = 914143962,0,1 | route RHO | claimed 0.89204520443206356154 | coeffs -96423716,-96423716,-316792615,-316792615,-167225387,-167225387,-259195634,-259195634,-342191804,-342191804,-327787127,-327787127,-190965415,-190965415,-318357916,-318357916,-460990826,-460990826,60534454,60534454,96556229,96556229,152999015,152999015,295683074,295683074,142304029,142304029,204625809,204625809,210975950,210975950,477625808,477625808,456562489,456562489,648117774,648117774,791523047,791523047,853099648,853099648,931767169,931767169,813532771,813532771,656412235,656412235,772478307,772478307,625821260,625821260,559701412,559701412,467555348,467555348,458265443,458265443,150810696,150810696,314713312,314713312,332063748,332063748
f = 914143962,0,1 | route T | claimed 2666.7709013745791577 | coeffs 60534454,60534454,96556229,96556229,152999015,152999015,295683074,295683074,142304029,142304029,204625809,204625809,210975950,210975950,477625808,477625808,456562489,456562489,648117774,648117774,791523047,791523047,853099648,853099648,931767169,931767169,813532771,813532771,656412235,656412235,772478307,772478307,625821260,625821260,559701412,559701412,467555348,467555348,458265443,458265443,150810696,150810696,314713312,314713312,332063748,332063748,96423716,96423716,316792615,316792615,167225387,167225387,259195634,259195634,342191804,342191804,327787127,327787127,190965415,190965415,318357916,318357916,460990826,460990826
# status f = 914143962,0,1 : PASS_RHO (rho 0.89205, T 2666.8, 0s)
f = 949716395,0,1 | route RHO | claimed 0.89551538114694358159 | coeffs 617060169,617060169,584508251,584508251,760932437,760932437,765089991,765089991,640604970,640604970,373752813,373752813,348153262,348153262,218781641,218781641,-2040232,-2040232,101456876,101456876,318173347,318173347,138592120,138592120,11152968,11152968,-71932443,-71932443,-121757390,-121757390,-20760535,-20760535,82212073,82212073,-146138940,-146138940,-251465249,-251465249,-350441199,-350441199,-119222830,-119222830,-234469435,-234469435,-506086484,-506086484,-487167584,-487167584,-525410837,-525410837,-359526537,-359526537,-540131457,-540131457,-628647303,-628647303,-428125281,-428125281,-433193468,-433193468,-412594905,-412594905,-643804992,-643804992
f = 949716395,0,1 | route T | claimed 1710.6100247890893361 | coeffs 2040232,2040232,-101456876,-101456876,-318173347,-318173347,-138592120,-138592120,-11152968,-11152968,71932443,71932443,121757390,121757390,20760535,20760535,-82212073,-82212073,146138940,146138940,251465249,251465249,350441199,350441199,119222830,119222830,234469435,234469435,506086484,506086484,487167584,487167584,525410837,525410837,359526537,359526537,540131457,540131457,628647303,628647303,428125281,428125281,433193468,433193468,412594905,412594905,643804992,643804992,617060169,617060169,584508251,584508251,760932437,760932437,765089991,765089991,640604970,640604970,373752813,373752813,348153262,348153262,218781641,218781641
# status f = 949716395,0,1 : PASS_RHO (rho 0.89552, T 1710.6, 0s)
f = 951223414,0,1 | route RHO | claimed 0.88851423216102981216 | coeffs -121384010,-126452197,-126452197,-152051748,-152051748,-253048603,-253048603,-291291856,-291291856,-323843774,-323843774,-540560245,-540560245,-639536195,-639536195,-840058217,-840058217,-573206060,-573206060,-623031007,-623031007,-641949907,-641949907,-615205084,-615205084,-511707976,-511707976,-406381667,-406381667,-494897513,-494897513,-619382534,-619382534,-536297123,-536297123,-807914172,-807914172,-576704085,-576704085,-355882212,-355882212,-584233225,-584233225,-403628305,-403628305,-407785859,-407785859,-535225011,-535225011,-419978406,-419978406,-399379843,-399379843,-528751464,-528751464,-631724072,-631724072,-465839772,-465839772,-289415586,-289415586,-109834359,-109834359,121384010
f = 951223414,0,1 | route T | claimed 2543.4701405392765907 | coeffs 126452197,126452197,152051748,152051748,253048603,253048603,291291856,291291856,323843774,323843774,540560245,540560245,639536195,639536195,840058217,840058217,573206060,573206060,623031007,623031007,641949907,641949907,615205084,615205084,511707976,511707976,406381667,406381667,494897513,494897513,619382534,619382534,536297123,536297123,807914172,807914172,576704085,576704085,355882212,355882212,584233225,584233225,403628305,403628305,407785859,407785859,535225011,535225011,419978406,419978406,399379843,399379843,528751464,528751464,631724072,631724072,465839772,465839772,289415586,289415586,109834359,109834359,-121384010,-121384010
# status f = 951223414,0,1 : PASS_RHO (rho 0.88851, T 2543.5, 0s)
# summary n = 7 l = 1000823617 : EXCLUSION_CANDIDATE ; PASS 32 / 32 ; OPEN_NEAR 0 ; OPEN_FAR 0 ; 13s
