# FAMILY WITNESS FILE (generator family_gen.sage r10). n = 7 ; l = 1001149249 ; m = 64 ; deg = 2 ; ncomp = 32 ; bar_T = 4224 ; L_n = 16.3328709449664096755483535644
# line: f = c0,...,c_deg (monic, over F_l) | route RHO|T | claimed (rho or T, float) | coeffs a_0..a_{m-1}
f = 11773102,0,1 | route RHO | claimed 0.77479696821112429331 | coeffs 356451694,646867058,646867058,383831272,383831272,371405178,371405178,252212901,252212901,391626392,391626392,392531599,392531599,280278595,280278595,265700712,265700712,98489148,98489148,294758805,294758805,129751212,129751212,179806469,179806469,274325513,274325513,146360300,146360300,85698063,85698063,92131032,92131032,207207944,207207944,290155573,290155573,266130148,266130148,47585831,47585831,-149271654,-149271654,-320495078,-320495078,-332163160,-332163160,-308737507,-308737507,-209716432,-209716432,-111046056,-111046056,-169039256,-169039256,-202681248,-202681248,-256303365,-256303365,-323749860,-323749860,-184229737,-184229737,-356451694
f = 11773102,0,1 | route T | claimed 1318.6388778029218934 | coeffs -47585831,149271654,149271654,320495078,320495078,332163160,332163160,308737507,308737507,209716432,209716432,111046056,111046056,169039256,169039256,202681248,202681248,256303365,256303365,323749860,323749860,184229737,184229737,356451694,356451694,646867058,646867058,383831272,383831272,371405178,371405178,252212901,252212901,391626392,391626392,392531599,392531599,280278595,280278595,265700712,265700712,98489148,98489148,294758805,294758805,129751212,129751212,179806469,179806469,274325513,274325513,146360300,146360300,85698063,85698063,92131032,92131032,207207944,207207944,290155573,290155573,266130148,266130148,47585831
# status f = 11773102,0,1 : PASS_RHO (rho 0.77480, T 1318.6, 1s)
f = 25746311,0,1 | route RHO | claimed 0.7799736824740079511 | coeffs -235861342,-235861342,-223435248,-223435248,-222530041,-222530041,-55318477,-55318477,-5263220,-5263220,55399017,55399017,138346646,138346646,335204131,335204131,358629784,358629784,416622984,416622984,349176489,349176489,639591853,639591853,758784130,758784130,646531126,646531126,450261469,450261469,544780513,544780513,538347544,538347544,514322119,514322119,685545543,685545543,784566618,784566618,818208610,818208610,957728733,957728733,694692947,694692947,555279456,555279456,540701573,540701573,705709166,705709166,577743953,577743953,462667041,462667041,244122724,244122724,255790806,255790806,354461182,354461182,408083299,408083299
f = 25746311,0,1 | route T | claimed 1093.9377464683752531 | coeffs -222530041,-55318477,-55318477,-5263220,-5263220,55399017,55399017,138346646,138346646,335204131,335204131,358629784,358629784,416622984,416622984,349176489,349176489,639591853,639591853,758784130,758784130,646531126,646531126,450261469,450261469,544780513,544780513,538347544,538347544,514322119,514322119,685545543,685545543,784566618,784566618,818208610,818208610,957728733,957728733,694692947,694692947,555279456,555279456,540701573,540701573,705709166,705709166,577743953,577743953,462667041,462667041,244122724,244122724,255790806,255790806,354461182,354461182,408083299,408083299,235861342,235861342,223435248,223435248,222530041
# status f = 25746311,0,1 : PASS_RHO (rho 0.77997, T 1093.9, 0s)
f = 62852048,0,1 | route RHO | claimed 0.80943722980542006676 | coeffs -542872566,-252457202,-252457202,-169509573,-169509573,-157083479,-157083479,61460838,61460838,200874329,200874329,29650905,29650905,141903909,141903909,118478256,118478256,-48733308,-48733308,49937068,49937068,214944661,214944661,248586653,248586653,343105697,343105697,275659202,275659202,336321439,336321439,508543396,508543396,623620308,623620308,886656094,886656094,910681519,910681519,791489242,791489242,594631757,594631757,593726550,593726550,605394632,605394632,590816749,590816749,689837824,689837824,493568167,493568167,551561367,551561367,601616624,601616624,547994507,547994507,675959720,675959720,536439597,536439597,542872566
f = 62852048,0,1 | route T | claimed 1833.5648047799414036 | coeffs 141903909,118478256,118478256,-48733308,-48733308,49937068,49937068,214944661,214944661,248586653,248586653,343105697,343105697,275659202,275659202,336321439,336321439,508543396,508543396,623620308,623620308,886656094,886656094,910681519,910681519,791489242,791489242,594631757,594631757,593726550,593726550,605394632,605394632,590816749,590816749,689837824,689837824,493568167,493568167,551561367,551561367,601616624,601616624,547994507,547994507,675959720,675959720,536439597,536439597,542872566,542872566,252457202,252457202,169509573,169509573,157083479,157083479,-61460838,-61460838,-200874329,-200874329,-29650905,-29650905,-141903909
# status f = 62852048,0,1 : PASS_RHO (rho 0.80944, T 1833.6, 0s)
f = 122467118,0,1 | route RHO | claimed 0.76647883692459833779 | coeffs -414977223,-218707566,-218707566,-358121057,-358121057,-185899100,-185899100,-243892300,-243892300,-72668876,-72668876,42408036,42408036,-7647221,-7647221,-119900225,-119900225,143135561,143135561,196757678,196757678,220183331,220183331,244208756,244208756,116243543,116243543,283455107,283455107,164262830,164262830,303782953,303782953,205112577,205112577,8255092,8255092,1822123,1822123,-163185470,-163185470,-164090677,-164090677,126324687,126324687,92682695,92682695,104350777,104350777,187298406,187298406,92779362,92779362,78201479,78201479,90627573,90627573,158074068,158074068,257095143,257095143,475639460,475639460,414977223
f = 122467118,0,1 | route T | claimed 915.05817596258087747 | coeffs -7647221,-7647221,-119900225,-119900225,143135561,143135561,196757678,196757678,220183331,220183331,244208756,244208756,116243543,116243543,283455107,283455107,164262830,164262830,303782953,303782953,205112577,205112577,8255092,8255092,1822123,1822123,-163185470,-163185470,-164090677,-164090677,126324687,126324687,92682695,92682695,104350777,104350777,187298406,187298406,92779362,92779362,78201479,78201479,90627573,90627573,158074068,158074068,257095143,257095143,475639460,475639460,414977223,414977223,218707566,218707566,358121057,358121057,185899100,185899100,243892300,243892300,72668876,72668876,-42408036,-42408036
# status f = 122467118,0,1 : PASS_RHO (rho 0.76648, T 915.1, 0s)
f = 130712477,0,1 | route RHO | claimed 0.79535797271602873592 | coeffs 429238775,482860892,482860892,476427923,476427923,488854017,488854017,317630593,317630593,150419029,150419029,184061021,184061021,244723258,244723258,507759044,507759044,310901559,310901559,296323676,296323676,354316876,354316876,482282089,482282089,191866725,191866725,-26677592,-26677592,-138930596,-138930596,-237600972,-237600972,-332120016,-332120016,-504341973,-504341973,-528367398,-528367398,-527462191,-527462191,-626483266,-626483266,-676538523,-676538523,-537018400,-537018400,-454070771,-454070771,-314657280,-314657280,-338082933,-338082933,-173075340,-173075340,-240521835,-240521835,-125444923,-125444923,-244637200,-244637200,-232969118,-232969118,-429238775
f = 130712477,0,1 | route T | claimed 1192.3911579162031683 | coeffs -310901559,-296323676,-296323676,-354316876,-354316876,-482282089,-482282089,-191866725,-191866725,26677592,26677592,138930596,138930596,237600972,237600972,332120016,332120016,504341973,504341973,528367398,528367398,527462191,527462191,626483266,626483266,676538523,676538523,537018400,537018400,454070771,454070771,314657280,314657280,338082933,338082933,173075340,173075340,240521835,240521835,125444923,125444923,244637200,244637200,232969118,232969118,429238775,429238775,482860892,482860892,476427923,476427923,488854017,488854017,317630593,317630593,150419029,150419029,184061021,184061021,244723258,244723258,507759044,507759044,310901559
# status f = 130712477,0,1 : PASS_RHO (rho 0.79536, T 1192.4, 0s)
f = 157263826,0,1 | route RHO | claimed 0.7674345177741692868 | coeffs -792072498,-697553454,-697553454,-796223830,-796223830,-683970826,-683970826,-902515143,-902515143,-612099779,-612099779,-484134566,-484134566,-542127766,-542127766,-556705649,-556705649,-359848164,-359848164,-96812378,-96812378,-157474615,-157474615,-123832623,-123832623,43378941,43378941,-127844483,-127844483,-140270577,-140270577,-146703546,-146703546,-200325663,-200325663,-4056006,-4056006,7612076,7612076,126804353,126804353,241881265,241881265,309327760,309327760,474335353,474335353,497761006,497761006,637174497,637174497,554226868,554226868,693746991,693746991,743802248,743802248,644781173,644781173,643875966,643875966,619850541,619850541,792072498
f = 157263826,0,1 | route T | claimed 1637.5175921129032039 | coeffs 126804353,241881265,241881265,309327760,309327760,474335353,474335353,497761006,497761006,637174497,637174497,554226868,554226868,693746991,693746991,743802248,743802248,644781173,644781173,643875966,643875966,619850541,619850541,792072498,792072498,697553454,697553454,796223830,796223830,683970826,683970826,902515143,902515143,612099779,612099779,484134566,484134566,542127766,542127766,556705649,556705649,359848164,359848164,96812378,96812378,157474615,157474615,123832623,123832623,-43378941,-43378941,127844483,127844483,140270577,140270577,146703546,146703546,200325663,200325663,4056006,4056006,-7612076,-7612076,-126804353
# status f = 157263826,0,1 : PASS_RHO (rho 0.76743, T 1637.5, 0s)
f = 180323685,0,1 | route RHO | claimed 0.78083952150117805692 | coeffs -395124540,-395124540,-407550634,-407550634,-430976287,-430976287,-525495331,-525495331,-262459545,-262459545,-274127627,-274127627,-224072370,-224072370,66342994,66342994,237566418,237566418,402574011,402574011,230352054,230352054,33494569,33494569,229764226,229764226,90244103,90244103,308788420,308788420,475999984,475999984,408553489,408553489,384528064,384528064,369950181,369950181,423572298,423572298,340624669,340624669,452877673,452877673,419235681,419235681,534312593,534312593,535217800,535217800,593211000,593211000,586778031,586778031,447364540,447364540,546034916,546034916,485372679,485372679,366180402,366180402,267159327,267159327
f = 180323685,0,1 | route T | claimed 1593.7446643611226914 | coeffs 66342994,237566418,237566418,402574011,402574011,230352054,230352054,33494569,33494569,229764226,229764226,90244103,90244103,308788420,308788420,475999984,475999984,408553489,408553489,384528064,384528064,369950181,369950181,423572298,423572298,340624669,340624669,452877673,452877673,419235681,419235681,534312593,534312593,535217800,535217800,593211000,593211000,586778031,586778031,447364540,447364540,546034916,546034916,485372679,485372679,366180402,366180402,267159327,267159327,395124540,395124540,407550634,407550634,430976287,430976287,525495331,525495331,262459545,262459545,274127627,274127627,224072370,224072370,-66342994
# status f = 180323685,0,1 : PASS_RHO (rho 0.78084, T 1593.7, 0s)
f = 183495685,0,1 | route RHO | claimed 0.82175789860123910593 | coeffs 384164140,377731171,377731171,544942735,544942735,807978521,807978521,749985321,749985321,531441004,531441004,625960048,625960048,626865255,626865255,487345132,487345132,463919479,463919479,348842567,348842567,152572910,152572910,164999004,164999004,131357012,131357012,-65500473,-65500473,-193465686,-193465686,-305718690,-305718690,-133496733,-133496733,-232517808,-232517808,-315465437,-315465437,-150457844,-150457844,-31265567,-31265567,-84887684,-84887684,-256111108,-256111108,-316773345,-316773345,-331351228,-331351228,-40935864,-40935864,-139606240,-139606240,-115580815,-115580815,-165636072,-165636072,-305049563,-305049563,-372496058,-372496058,-384164140
f = 183495685,0,1 | route T | claimed 2305.8819805218710617 | coeffs 256111108,316773345,316773345,331351228,331351228,40935864,40935864,139606240,139606240,115580815,115580815,165636072,165636072,305049563,305049563,372496058,372496058,384164140,384164140,377731171,377731171,544942735,544942735,807978521,807978521,749985321,749985321,531441004,531441004,625960048,625960048,626865255,626865255,487345132,487345132,463919479,463919479,348842567,348842567,152572910,152572910,164999004,164999004,131357012,131357012,-65500473,-65500473,-193465686,-193465686,-305718690,-305718690,-133496733,-133496733,-232517808,-232517808,-315465437,-315465437,-150457844,-150457844,-31265567,-31265567,-84887684,-84887684,-256111108
# status f = 183495685,0,1 : PASS_RHO (rho 0.82176, T 2305.9, 0s)
f = 199014246,0,1 | route RHO | claimed 0.76647883692459833779 | coeffs -158074068,-90627573,-90627573,-78201479,-78201479,-92779362,-92779362,-187298406,-187298406,-104350777,-104350777,-92682695,-92682695,-126324687,-126324687,164090677,164090677,163185470,163185470,-1822123,-1822123,-8255092,-8255092,-205112577,-205112577,-303782953,-303782953,-164262830,-164262830,-283455107,-283455107,-116243543,-116243543,-244208756,-244208756,-220183331,-220183331,-196757678,-196757678,-143135561,-143135561,119900225,119900225,7647221,7647221,-42408036,-42408036,72668876,72668876,243892300,243892300,185899100,185899100,358121057,358121057,218707566,218707566,414977223,414977223,475639460,475639460,257095143,257095143,158074068
f = 199014246,0,1 | route T | claimed 1310.3989269376244439 | coeffs 185899100,185899100,358121057,358121057,218707566,218707566,414977223,414977223,475639460,475639460,257095143,257095143,158074068,158074068,90627573,90627573,78201479,78201479,92779362,92779362,187298406,187298406,104350777,104350777,92682695,92682695,126324687,126324687,-164090677,-164090677,-163185470,-163185470,1822123,1822123,8255092,8255092,205112577,205112577,303782953,303782953,164262830,164262830,283455107,283455107,116243543,116243543,244208756,244208756,220183331,220183331,196757678,196757678,143135561,143135561,-119900225,-119900225,-7647221,-7647221,42408036,42408036,-72668876,-72668876,-243892300,-243892300
# status f = 199014246,0,1 : PASS_RHO (rho 0.76648, T 1310.4, 0s)
f = 257180047,0,1 | route RHO | claimed 0.79404061176723580582 | coeffs 566666707,566666707,565761500,565761500,619383617,619383617,400839300,400839300,565846893,565846893,302811107,302811107,401832182,401832182,395399213,395399213,283146209,283146209,215699714,215699714,412557199,412557199,462612456,462612456,475038550,475038550,376368174,376368174,491445086,491445086,506022969,506022969,366502846,366502846,195279422,195279422,100760378,100760378,-18431899,-18431899,-76425099,-76425099,-159372728,-159372728,-326584292,-326584292,-498806249,-498806249,-487138167,-487138167,-615103380,-615103380,-754516871,-754516871,-720874879,-720874879,-744900304,-744900304,-941169961,-941169961,-650754597,-650754597,-627328944,-627328944
f = 257180047,0,1 | route T | claimed 1676.3122278569655405 | coeffs -366502846,-366502846,-195279422,-195279422,-100760378,-100760378,18431899,18431899,76425099,76425099,159372728,159372728,326584292,326584292,498806249,498806249,487138167,487138167,615103380,615103380,754516871,754516871,720874879,720874879,744900304,744900304,941169961,941169961,650754597,650754597,627328944,627328944,566666707,566666707,565761500,565761500,619383617,619383617,400839300,400839300,565846893,565846893,302811107,302811107,401832182,401832182,395399213,395399213,283146209,283146209,215699714,215699714,412557199,412557199,462612456,462612456,475038550,475038550,376368174,376368174,491445086,491445086,506022969,506022969
# status f = 257180047,0,1 : PASS_RHO (rho 0.79404, T 1676.3, 0s)
f = 317596927,0,1 | route RHO | claimed 0.78083952150117805692 | coeffs 308788420,308788420,90244103,90244103,229764226,229764226,33494569,33494569,230352054,230352054,402574011,402574011,237566418,237566418,66342994,66342994,-224072370,-224072370,-274127627,-274127627,-262459545,-262459545,-525495331,-525495331,-430976287,-430976287,-407550634,-407550634,-395124540,-395124540,-267159327,-267159327,-366180402,-366180402,-485372679,-485372679,-546034916,-546034916,-447364540,-447364540,-586778031,-586778031,-593211000,-593211000,-535217800,-535217800,-534312593,-534312593,-419235681,-419235681,-452877673,-452877673,-340624669,-340624669,-423572298,-423572298,-369950181,-369950181,-384528064,-384528064,-408553489,-408553489,-475999984,-475999984
f = 317596927,0,1 | route T | claimed 1141.1156566467767753 | coeffs 262459545,525495331,525495331,430976287,430976287,407550634,407550634,395124540,395124540,267159327,267159327,366180402,366180402,485372679,485372679,546034916,546034916,447364540,447364540,586778031,586778031,593211000,593211000,535217800,535217800,534312593,534312593,419235681,419235681,452877673,452877673,340624669,340624669,423572298,423572298,369950181,369950181,384528064,384528064,408553489,408553489,475999984,475999984,308788420,308788420,90244103,90244103,229764226,229764226,33494569,33494569,230352054,230352054,402574011,402574011,237566418,237566418,66342994,66342994,-224072370,-224072370,-274127627,-274127627,-262459545
# status f = 317596927,0,1 : PASS_RHO (rho 0.78084, T 1141.1, 0s)
f = 338662782,0,1 | route RHO | claimed 0.80943722980542006676 | coeffs -593726550,-593726550,-594631757,-594631757,-791489242,-791489242,-910681519,-910681519,-886656094,-886656094,-623620308,-623620308,-508543396,-508543396,-336321439,-336321439,-275659202,-275659202,-343105697,-343105697,-248586653,-248586653,-214944661,-214944661,-49937068,-49937068,48733308,48733308,-118478256,-118478256,-141903909,-141903909,-29650905,-29650905,-200874329,-200874329,-61460838,-61460838,157083479,157083479,169509573,169509573,252457202,252457202,542872566,542872566,536439597,536439597,675959720,675959720,547994507,547994507,601616624,601616624,551561367,551561367,493568167,493568167,689837824,689837824,590816749,590816749,605394632,605394632
f = 338662782,0,1 | route T | claimed 1479.7246534809084152 | coeffs 169509573,252457202,252457202,542872566,542872566,536439597,536439597,675959720,675959720,547994507,547994507,601616624,601616624,551561367,551561367,493568167,493568167,689837824,689837824,590816749,590816749,605394632,605394632,593726550,593726550,594631757,594631757,791489242,791489242,910681519,910681519,886656094,886656094,623620308,623620308,508543396,508543396,336321439,336321439,275659202,275659202,343105697,343105697,248586653,248586653,214944661,214944661,49937068,49937068,-48733308,-48733308,118478256,118478256,141903909,141903909,29650905,29650905,200874329,200874329,61460838,61460838,-157083479,-157083479,-169509573
# status f = 338662782,0,1 : PASS_RHO (rho 0.80944, T 1479.7, 0s)
f = 418485519,0,1 | route RHO | claimed 0.79029636192501652292 | coeffs 593616610,593616610,543561353,543561353,710772917,710772917,709867710,709867710,722293804,722293804,550071847,550071847,496449730,496449730,595120106,595120106,583452024,583452024,364907707,364907707,479984619,479984619,352019406,352019406,187011813,187011813,172433930,172433930,311847421,311847421,48811635,48811635,-90708488,-90708488,-57066496,-57066496,-156087571,-156087571,15135853,15135853,39161278,39161278,32728309,32728309,-61790735,-61790735,-258060392,-258060392,-145807388,-145807388,-26615111,-26615111,-317030475,-317030475,-384476970,-384476970,-442470170,-442470170,-419044517,-419044517,-615902002,-615902002,-532954373,-532954373
f = 418485519,0,1 | route T | claimed 1460.4702665317311355 | coeffs 258060392,258060392,145807388,145807388,26615111,26615111,317030475,317030475,384476970,384476970,442470170,442470170,419044517,419044517,615902002,615902002,532954373,532954373,593616610,593616610,543561353,543561353,710772917,710772917,709867710,709867710,722293804,722293804,550071847,550071847,496449730,496449730,595120106,595120106,583452024,583452024,364907707,364907707,479984619,479984619,352019406,352019406,187011813,187011813,172433930,172433930,311847421,311847421,48811635,48811635,-90708488,-90708488,-57066496,-57066496,-156087571,-156087571,15135853,15135853,39161278,39161278,32728309,32728309,-61790735,-61790735
# status f = 418485519,0,1 : PASS_RHO (rho 0.79030, T 1460.5, 0s)
f = 425203054,0,1 | route RHO | claimed 0.79584407923344484284 | coeffs 74725260,142171755,142171755,29918751,29918751,36351720,36351720,135372795,135372795,398408581,398408581,563416174,563416174,781960491,781960491,835582608,835582608,836487815,836487815,775825578,775825578,799251231,799251231,508835867,508835867,312566210,312566210,336591635,336591635,370233627,370233627,509647118,509647118,381681905,381681905,370013823,370013823,197791866,197791866,365003430,365003430,282055801,282055801,340049001,340049001,220856724,220856724,315375768,315375768,144152344,144152344,283672467,283672467,298250350,298250350,183173438,183173438,84503062,84503062,72076968,72076968,122132225,122132225,-74725260
f = 425203054,0,1 | route T | claimed 2613.5288463845084576 | coeffs -4396608,135023502,135023502,328066082,328066082,201988801,201988801,266884254,266884254,183623952,183623952,293610450,293610450,295966218,295966218,340253225,340253225,266874214,266874214,59865243,59865243,314838893,314838893,105095054,105095054,279577862,279577862,420270573,420270573,495016312,495016312,381171591,381171591,448858973,448858973,551059538,551059538,537670367,537670367,723803605,723803605,505223595,505223595,461647988,461647988,397506547,397506547,719729607,719729607,252348141,252348141,377822284,377822284,314931658,314931658,25551339,25551339,180659934,180659934,55891943,55891943,-150436887,-150436887,4396608
# status f = 425203054,0,1 : PASS_RHO (rho 0.79584, T 2613.5, 0s)
f = 437104540,0,1 | route RHO | claimed 0.78722865237681841826 | coeffs 47124444,47124444,13482452,13482452,71475652,71475652,170146028,170146028,71124953,71124953,94550606,94550606,106218688,106218688,-65004736,-65004736,131852749,131852749,-86691568,-86691568,-62666143,-62666143,20281486,20281486,-94795426,-94795426,-88362457,-88362457,-27700220,-27700220,-155665433,-155665433,-250184477,-250184477,-200129220,-200129220,-35121627,-35121627,161148030,161148030,328359594,328359594,313781711,313781711,426034715,426034715,426939922,426939922,287526431,287526431,168334154,168334154,180760248,180760248,-82275538,-82275538,-372690902,-372690902,-200468945,-200468945,-60948822,-60948822,6497673,6497673
f = 437104540,0,1 | route T | claimed 1987.9694088615016765 | coeffs -121813195,-121813195,98481887,98481887,348641080,348641080,218986285,218986285,337672258,337672258,399239702,399239702,131860998,131860998,-81850323,-81850323,-19368972,-19368972,-117397165,-117397165,-211542872,-211542872,127890649,127890649,252832889,252832889,432532388,432532388,379815478,379815478,274043979,274043979,96858502,96858502,10614220,10614220,-153400491,-153400491,-467241508,-467241508,-306687633,-306687633,4055914,4055914,-125355076,-125355076,39567124,39567124,49183691,49183691,-91757138,-91757138,-75350602,-75350602,17237504,17237504,-66850386,-66850386,49446745,49446745,315189213,315189213,68276471,68276471
# status f = 437104540,0,1 : PASS_RHO (rho 0.78723, T 1988.0, 0s)
f = 490490613,0,1 | route RHO | claimed 0.77569311098678112157 | coeffs -352988916,-299366799,-299366799,-180174522,-180174522,-345182115,-345182115,-428129744,-428129744,-329108669,-329108669,-156886712,-156886712,-44633708,-44633708,-172598921,-172598921,24258564,24258564,-9383428,-9383428,-21809522,-21809522,-218079179,-218079179,-103002267,-103002267,-126427920,-126427920,13092203,13092203,13997410,13997410,-80521634,-80521634,-299065951,-299065951,-241072751,-241072751,21963035,21963035,-145248529,-145248529,-151681498,-151681498,-163349580,-163349580,-95903085,-95903085,-235316576,-235316576,-185261319,-185261319,-161235894,-161235894,-62565518,-62565518,227849846,227849846,242427729,242427729,181765492,181765492,352988916
f = 490490613,0,1 | route T | claimed 1880.0083032998505623 | coeffs 242427729,181765492,181765492,352988916,352988916,299366799,299366799,180174522,180174522,345182115,345182115,428129744,428129744,329108669,329108669,156886712,156886712,44633708,44633708,172598921,172598921,-24258564,-24258564,9383428,9383428,21809522,21809522,218079179,218079179,103002267,103002267,126427920,126427920,-13092203,-13092203,-13997410,-13997410,80521634,80521634,299065951,299065951,241072751,241072751,-21963035,-21963035,145248529,145248529,151681498,151681498,163349580,163349580,95903085,95903085,235316576,235316576,185261319,185261319,161235894,161235894,62565518,62565518,-227849846,-227849846,-242427729
# status f = 490490613,0,1 : PASS_RHO (rho 0.77569, T 1880.0, 0s)
f = 510658636,0,1 | route RHO | claimed 0.82175789860123910593 | coeffs 384164140,372496058,372496058,305049563,305049563,165636072,165636072,115580815,115580815,139606240,139606240,40935864,40935864,331351228,331351228,316773345,316773345,256111108,256111108,84887684,84887684,31265567,31265567,150457844,150457844,315465437,315465437,232517808,232517808,133496733,133496733,305718690,305718690,193465686,193465686,65500473,65500473,-131357012,-131357012,-164999004,-164999004,-152572910,-152572910,-348842567,-348842567,-463919479,-463919479,-487345132,-487345132,-626865255,-626865255,-625960048,-625960048,-531441004,-531441004,-749985321,-749985321,-807978521,-807978521,-544942735,-544942735,-377731171,-377731171,-384164140
f = 510658636,0,1 | route T | claimed 2105.1273490268174038 | coeffs 11668082,0,67446495,0,139413491,0,50055257,0,-24025425,0,98670376,0,-290415364,0,14577883,0,60662237,0,171223424,0,53622117,0,-119192277,0,-165007593,0,82947629,0,99021075,0,-172221957,0,112253004,0,127965213,0,196857485,0,33641992,0,-12426094,0,196269657,0,115076912,0,23425653,0,139520123,0,-905207,0,-94519044,0,218544317,0,57993200,0,-263035786,0,-167211564,0,6432969,0
# status f = 510658636,0,1 : PASS_RHO (rho 0.82176, T 2105.1, 0s)
f = 564044709,0,1 | route RHO | claimed 0.77479696821112429331 | coeffs 146360300,146360300,274325513,274325513,179806469,179806469,129751212,129751212,294758805,294758805,98489148,98489148,265700712,265700712,280278595,280278595,392531599,392531599,391626392,391626392,252212901,252212901,371405178,371405178,383831272,383831272,646867058,646867058,356451694,356451694,184229737,184229737,323749860,323749860,256303365,256303365,202681248,202681248,169039256,169039256,111046056,111046056,209716432,209716432,308737507,308737507,332163160,332163160,320495078,320495078,149271654,149271654,-47585831,-47585831,-266130148,-266130148,-290155573,-290155573,-207207944,-207207944,-92131032,-92131032,-85698063,-85698063
f = 564044709,0,1 | route T | claimed 1476.7168140425053172 | coeffs 47585831,266130148,266130148,290155573,290155573,207207944,207207944,92131032,92131032,85698063,85698063,146360300,146360300,274325513,274325513,179806469,179806469,129751212,129751212,294758805,294758805,98489148,98489148,265700712,265700712,280278595,280278595,392531599,392531599,391626392,391626392,252212901,252212901,371405178,371405178,383831272,383831272,646867058,646867058,356451694,356451694,184229737,184229737,323749860,323749860,256303365,256303365,202681248,202681248,169039256,169039256,111046056,111046056,209716432,209716432,308737507,308737507,332163160,332163160,320495078,320495078,149271654,149271654,-47585831
# status f = 564044709,0,1 : PASS_RHO (rho 0.77480, T 1476.7, 0s)
f = 575946195,0,1 | route RHO | claimed 0.79404061176723580582 | coeffs -215699714,-283146209,-283146209,-395399213,-395399213,-401832182,-401832182,-302811107,-302811107,-565846893,-565846893,-400839300,-400839300,-619383617,-619383617,-565761500,-565761500,-566666707,-566666707,-627328944,-627328944,-650754597,-650754597,-941169961,-941169961,-744900304,-744900304,-720874879,-720874879,-754516871,-754516871,-615103380,-615103380,-487138167,-487138167,-498806249,-498806249,-326584292,-326584292,-159372728,-159372728,-76425099,-76425099,-18431899,-18431899,100760378,100760378,195279422,195279422,366502846,366502846,506022969,506022969,491445086,491445086,376368174,376368174,475038550,475038550,462612456,462612456,412557199,412557199,215699714
f = 575946195,0,1 | route T | claimed 1640.7281654017355529 | coeffs -76425099,-18431899,-18431899,100760378,100760378,195279422,195279422,366502846,366502846,506022969,506022969,491445086,491445086,376368174,376368174,475038550,475038550,462612456,462612456,412557199,412557199,215699714,215699714,283146209,283146209,395399213,395399213,401832182,401832182,302811107,302811107,565846893,565846893,400839300,400839300,619383617,619383617,565761500,565761500,566666707,566666707,627328944,627328944,650754597,650754597,941169961,941169961,744900304,744900304,720874879,720874879,754516871,754516871,615103380,615103380,487138167,487138167,498806249,498806249,326584292,326584292,159372728,159372728,76425099
# status f = 575946195,0,1 : PASS_RHO (rho 0.79404, T 1640.7, 0s)
f = 582663730,0,1 | route RHO | claimed 0.7799736824740079511 | coeffs 555279456,694692947,694692947,957728733,957728733,818208610,818208610,784566618,784566618,685545543,685545543,514322119,514322119,538347544,538347544,544780513,544780513,450261469,450261469,646531126,646531126,758784130,758784130,639591853,639591853,349176489,349176489,416622984,416622984,358629784,358629784,335204131,335204131,138346646,138346646,55399017,55399017,-5263220,-5263220,-55318477,-55318477,-222530041,-222530041,-223435248,-223435248,-235861342,-235861342,-408083299,-408083299,-354461182,-354461182,-255790806,-255790806,-244122724,-244122724,-462667041,-462667041,-577743953,-577743953,-705709166,-705709166,-540701573,-540701573,-555279456
f = 582663730,0,1 | route T | claimed 1382.2739423510976019 | coeffs -138346646,-55399017,-55399017,5263220,5263220,55318477,55318477,222530041,222530041,223435248,223435248,235861342,235861342,408083299,408083299,354461182,354461182,255790806,255790806,244122724,244122724,462667041,462667041,577743953,577743953,705709166,705709166,540701573,540701573,555279456,555279456,694692947,694692947,957728733,957728733,818208610,818208610,784566618,784566618,685545543,685545543,514322119,514322119,538347544,538347544,544780513,544780513,450261469,450261469,646531126,646531126,758784130,758784130,639591853,639591853,349176489,349176489,416622984,416622984,358629784,358629784,335204131,335204131,138346646
# status f = 582663730,0,1 : PASS_RHO (rho 0.77997, T 1382.3, 0s)
f = 662486467,0,1 | route RHO | claimed 0.75795429717398507002 | coeffs 365267418,341841765,341841765,229588761,229588761,58365337,58365337,-81048154,-81048154,137496163,137496163,125070069,125070069,208017698,208017698,-82397666,-82397666,-88830635,-88830635,-228350758,-228350758,-356315971,-356315971,-409938088,-409938088,-459993345,-459993345,-402000145,-402000145,-205730488,-205730488,-106709413,-106709413,-92131530,-92131530,-80463448,-80463448,-79558241,-79558241,-276415726,-276415726,-157223449,-157223449,-133198024,-133198024,-396233810,-396233810,-281156898,-281156898,-453378855,-453378855,-392716618,-392716618,-325270123,-325270123,-230751079,-230751079,-264393071,-264393071,-99385478,-99385478,-198055854,-198055854,-365267418
f = 662486467,0,1 | route T | claimed 1392.9225200352808093 | coeffs -137496163,-137496163,-125070069,-125070069,-208017698,-208017698,82397666,82397666,88830635,88830635,228350758,228350758,356315971,356315971,409938088,409938088,459993345,459993345,402000145,402000145,205730488,205730488,106709413,106709413,92131530,92131530,80463448,80463448,79558241,79558241,276415726,276415726,157223449,157223449,133198024,133198024,396233810,396233810,281156898,281156898,453378855,453378855,392716618,392716618,325270123,325270123,230751079,230751079,264393071,264393071,99385478,99385478,198055854,198055854,365267418,365267418,341841765,341841765,229588761,229588761,58365337,58365337,-81048154,-81048154
# status f = 662486467,0,1 : PASS_RHO (rho 0.75795, T 1392.9, 0s)
f = 683552322,0,1 | route RHO | claimed 0.80663916633487238131 | coeffs 93794596,-196620768,-196620768,-146565511,-146565511,-134897429,-134897429,128138357,128138357,222657401,222657401,199231748,199231748,211657842,211657842,83692629,83692629,-15328446,-15328446,103863831,103863831,43201594,43201594,-55468782,-55468782,-194882273,-194882273,-188449304,-188449304,-130456104,-130456104,-131361311,-131361311,-16284399,-16284399,17357593,17357593,129610597,129610597,212558226,212558226,266180343,266180343,280758226,280758226,256732801,256732801,324179296,324179296,491390860,491390860,272846543,272846543,133326420,133326420,-62943237,-62943237,-259800722,-259800722,-87578765,-87578765,77428828,77428828,-93794596
f = 683552322,0,1 | route T | claimed 1292.188364631275811 | coeffs 17357593,17357593,129610597,129610597,212558226,212558226,266180343,266180343,280758226,280758226,256732801,256732801,324179296,324179296,491390860,491390860,272846543,272846543,133326420,133326420,-62943237,-62943237,-259800722,-259800722,-87578765,-87578765,77428828,77428828,-93794596,-93794596,196620768,196620768,146565511,146565511,134897429,134897429,-128138357,-128138357,-222657401,-222657401,-199231748,-199231748,-211657842,-211657842,-83692629,-83692629,15328446,15328446,-103863831,-103863831,-43201594,-43201594,55468782,55468782,194882273,194882273,188449304,188449304,130456104,130456104,131361311,131361311,16284399,16284399
# status f = 683552322,0,1 : PASS_RHO (rho 0.80664, T 1292.2, 0s)
f = 743969202,0,1 | route RHO | claimed 0.79584407923344484284 | coeffs 370013823,381681905,381681905,509647118,509647118,370233627,370233627,336591635,336591635,312566210,312566210,508835867,508835867,799251231,799251231,775825578,775825578,836487815,836487815,835582608,835582608,781960491,781960491,563416174,563416174,398408581,398408581,135372795,135372795,36351720,36351720,29918751,29918751,142171755,142171755,74725260,74725260,-122132225,-122132225,-72076968,-72076968,-84503062,-84503062,-183173438,-183173438,-298250350,-298250350,-283672467,-283672467,-144152344,-144152344,-315375768,-315375768,-220856724,-220856724,-340049001,-340049001,-282055801,-282055801,-365003430,-365003430,-197791866,-197791866,-370013823
f = 743969202,0,1 | route T | claimed 1766.8231315196663006 | coeffs 122132225,72076968,72076968,84503062,84503062,183173438,183173438,298250350,298250350,283672467,283672467,144152344,144152344,315375768,315375768,220856724,220856724,340049001,340049001,282055801,282055801,365003430,365003430,197791866,197791866,370013823,370013823,381681905,381681905,509647118,509647118,370233627,370233627,336591635,336591635,312566210,312566210,508835867,508835867,799251231,799251231,775825578,775825578,836487815,836487815,835582608,835582608,781960491,781960491,563416174,563416174,398408581,398408581,135372795,135372795,36351720,36351720,29918751,29918751,142171755,142171755,74725260,74725260,-122132225
# status f = 743969202,0,1 : PASS_RHO (rho 0.79584, T 1766.8, 0s)
f = 802135003,0,1 | route RHO | claimed 0.82235806390359163116 | coeffs -24088075,266327289,266327289,267232496,267232496,102224903,102224903,108657872,108657872,-88199613,-88199613,10470763,10470763,149990886,149990886,269183163,269183163,436394727,436394727,564359940,564359940,588385365,588385365,564959712,564959712,618581829,618581829,355546043,355546043,243293039,243293039,293348296,293348296,408425208,408425208,237201784,237201784,179208584,179208584,6986627,6986627,-132426864,-132426864,-328696521,-328696521,-268034284,-268034284,-49489967,-49489967,-148511042,-148511042,-81064547,-81064547,-93490641,-93490641,-108068524,-108068524,-13549480,-13549480,69398149,69398149,57730067,57730067,24088075
f = 802135003,0,1 | route T | claimed 1859.4483666560351424 | coeffs 132426864,328696521,328696521,268034284,268034284,49489967,49489967,148511042,148511042,81064547,81064547,93490641,93490641,108068524,108068524,13549480,13549480,-69398149,-69398149,-57730067,-57730067,-24088075,-24088075,266327289,266327289,267232496,267232496,102224903,102224903,108657872,108657872,-88199613,-88199613,10470763,10470763,149990886,149990886,269183163,269183163,436394727,436394727,564359940,564359940,588385365,588385365,564959712,564959712,618581829,618581829,355546043,355546043,243293039,243293039,293348296,293348296,408425208,408425208,237201784,237201784,179208584,179208584,6986627,6986627,-132426864
# status f = 802135003,0,1 : PASS_RHO (rho 0.82236, T 1859.4, 0s)
f = 817653564,0,1 | route RHO | claimed 0.77569311098678112157 | coeffs -299366799,-352988916,-352988916,-181765492,-181765492,-242427729,-242427729,-227849846,-227849846,62565518,62565518,161235894,161235894,185261319,185261319,235316576,235316576,95903085,95903085,163349580,163349580,151681498,151681498,145248529,145248529,-21963035,-21963035,241072751,241072751,299065951,299065951,80521634,80521634,-13997410,-13997410,-13092203,-13092203,126427920,126427920,103002267,103002267,218079179,218079179,21809522,21809522,9383428,9383428,-24258564,-24258564,172598921,172598921,44633708,44633708,156886712,156886712,329108669,329108669,428129744,428129744,345182115,345182115,180174522,180174522,299366799
f = 817653564,0,1 | route T | claimed 1269.0358279246777031 | coeffs 185261319,185261319,235316576,235316576,95903085,95903085,163349580,163349580,151681498,151681498,145248529,145248529,-21963035,-21963035,241072751,241072751,299065951,299065951,80521634,80521634,-13997410,-13997410,-13092203,-13092203,126427920,126427920,103002267,103002267,218079179,218079179,21809522,21809522,9383428,9383428,-24258564,-24258564,172598921,172598921,44633708,44633708,156886712,156886712,329108669,329108669,428129744,428129744,345182115,345182115,180174522,180174522,299366799,299366799,352988916,352988916,181765492,181765492,242427729,242427729,227849846,227849846,-62565518,-62565518,-161235894,-161235894
# status f = 817653564,0,1 : PASS_RHO (rho 0.77569, T 1269.0, 0s)
f = 820825564,0,1 | route RHO | claimed 0.80663916633487238131 | coeffs 16284399,16284399,131361311,131361311,130456104,130456104,188449304,188449304,194882273,194882273,55468782,55468782,-43201594,-43201594,-103863831,-103863831,15328446,15328446,-83692629,-83692629,-211657842,-211657842,-199231748,-199231748,-222657401,-222657401,-128138357,-128138357,134897429,134897429,146565511,146565511,196620768,196620768,-93794596,-93794596,77428828,77428828,-87578765,-87578765,-259800722,-259800722,-62943237,-62943237,133326420,133326420,272846543,272846543,491390860,491390860,324179296,324179296,256732801,256732801,280758226,280758226,266180343,266180343,212558226,212558226,129610597,129610597,17357593,17357593
f = 820825564,0,1 | route T | claimed 1460.9794512171077365 | coeffs -93794596,77428828,77428828,-87578765,-87578765,-259800722,-259800722,-62943237,-62943237,133326420,133326420,272846543,272846543,491390860,491390860,324179296,324179296,256732801,256732801,280758226,280758226,266180343,266180343,212558226,212558226,129610597,129610597,17357593,17357593,-16284399,-16284399,-131361311,-131361311,-130456104,-130456104,-188449304,-188449304,-194882273,-194882273,-55468782,-55468782,43201594,43201594,103863831,103863831,-15328446,-15328446,83692629,83692629,211657842,211657842,199231748,199231748,222657401,222657401,128138357,128138357,-134897429,-134897429,-146565511,-146565511,-196620768,-196620768,93794596
# status f = 820825564,0,1 : PASS_RHO (rho 0.80664, T 1461.0, 0s)
f = 843885423,0,1 | route RHO | claimed 0.79535797271602873592 | coeffs -232969118,-232969118,-244637200,-244637200,-125444923,-125444923,-240521835,-240521835,-173075340,-173075340,-338082933,-338082933,-314657280,-314657280,-454070771,-454070771,-537018400,-537018400,-676538523,-676538523,-626483266,-626483266,-527462191,-527462191,-528367398,-528367398,-504341973,-504341973,-332120016,-332120016,-237600972,-237600972,-138930596,-138930596,-26677592,-26677592,191866725,191866725,482282089,482282089,354316876,354316876,296323676,296323676,310901559,310901559,507759044,507759044,244723258,244723258,184061021,184061021,150419029,150419029,317630593,317630593,488854017,488854017,476427923,476427923,482860892,482860892,429238775,429238775
f = 843885423,0,1 | route T | claimed 1601.7461912794817548 | coeffs 482282089,482282089,354316876,354316876,296323676,296323676,310901559,310901559,507759044,507759044,244723258,244723258,184061021,184061021,150419029,150419029,317630593,317630593,488854017,488854017,476427923,476427923,482860892,482860892,429238775,429238775,232969118,232969118,244637200,244637200,125444923,125444923,240521835,240521835,173075340,173075340,338082933,338082933,314657280,314657280,454070771,454070771,537018400,537018400,676538523,676538523,626483266,626483266,527462191,527462191,528367398,528367398,504341973,504341973,332120016,332120016,237600972,237600972,138930596,138930596,26677592,26677592,-191866725,-191866725
# status f = 843885423,0,1 : PASS_RHO (rho 0.79536, T 1601.7, 0s)
f = 870436772,0,1 | route RHO | claimed 0.7674345177741692868 | coeffs 4056006,4056006,200325663,200325663,146703546,146703546,140270577,140270577,127844483,127844483,-43378941,-43378941,123832623,123832623,157474615,157474615,96812378,96812378,359848164,359848164,556705649,556705649,542127766,542127766,484134566,484134566,612099779,612099779,902515143,902515143,683970826,683970826,796223830,796223830,697553454,697553454,792072498,792072498,619850541,619850541,643875966,643875966,644781173,644781173,743802248,743802248,693746991,693746991,554226868,554226868,637174497,637174497,497761006,497761006,474335353,474335353,309327760,309327760,241881265,241881265,126804353,126804353,7612076,7612076
f = 870436772,0,1 | route T | claimed 1131.0767829969602977 | coeffs 4056006,4056006,200325663,200325663,146703546,146703546,140270577,140270577,127844483,127844483,-43378941,-43378941,123832623,123832623,157474615,157474615,96812378,96812378,359848164,359848164,556705649,556705649,542127766,542127766,484134566,484134566,612099779,612099779,902515143,902515143,683970826,683970826,796223830,796223830,697553454,697553454,792072498,792072498,619850541,619850541,643875966,643875966,644781173,644781173,743802248,743802248,693746991,693746991,554226868,554226868,637174497,637174497,497761006,497761006,474335353,474335353,309327760,309327760,241881265,241881265,126804353,126804353,7612076,7612076
# status f = 870436772,0,1 : PASS_RHO (rho 0.76743, T 1131.1, 0s)
f = 878682131,0,1 | route RHO | claimed 0.82235806390359163116 | coeffs 267232496,267232496,266327289,266327289,-24088075,-24088075,-57730067,-57730067,-69398149,-69398149,13549480,13549480,108068524,108068524,93490641,93490641,81064547,81064547,148511042,148511042,49489967,49489967,268034284,268034284,328696521,328696521,132426864,132426864,-6986627,-6986627,-179208584,-179208584,-237201784,-237201784,-408425208,-408425208,-293348296,-293348296,-243293039,-243293039,-355546043,-355546043,-618581829,-618581829,-564959712,-564959712,-588385365,-588385365,-564359940,-564359940,-436394727,-436394727,-269183163,-269183163,-149990886,-149990886,-10470763,-10470763,88199613,88199613,-108657872,-108657872,-102224903,-102224903
f = 878682131,0,1 | route T | claimed 1142.2367734232219134 | coeffs -132426864,6986627,6986627,179208584,179208584,237201784,237201784,408425208,408425208,293348296,293348296,243293039,243293039,355546043,355546043,618581829,618581829,564959712,564959712,588385365,588385365,564359940,564359940,436394727,436394727,269183163,269183163,149990886,149990886,10470763,10470763,-88199613,-88199613,108657872,108657872,102224903,102224903,267232496,267232496,266327289,266327289,-24088075,-24088075,-57730067,-57730067,-69398149,-69398149,13549480,13549480,108068524,108068524,93490641,93490641,81064547,81064547,148511042,148511042,49489967,49489967,268034284,268034284,328696521,328696521,132426864
# status f = 878682131,0,1 : PASS_RHO (rho 0.82236, T 1142.2, 0s)
f = 938297201,0,1 | route RHO | claimed 0.75795429717398507002 | coeffs -205730488,-402000145,-402000145,-459993345,-459993345,-409938088,-409938088,-356315971,-356315971,-228350758,-228350758,-88830635,-88830635,-82397666,-82397666,208017698,208017698,125070069,125070069,137496163,137496163,-81048154,-81048154,58365337,58365337,229588761,229588761,341841765,341841765,365267418,365267418,198055854,198055854,99385478,99385478,264393071,264393071,230751079,230751079,325270123,325270123,392716618,392716618,453378855,453378855,281156898,281156898,396233810,396233810,133198024,133198024,157223449,157223449,276415726,276415726,79558241,79558241,80463448,80463448,92131530,92131530,106709413,106709413,205730488
f = 938297201,0,1 | route T | claimed 1229.5220413275110539 | coeffs -228350758,-88830635,-88830635,-82397666,-82397666,208017698,208017698,125070069,125070069,137496163,137496163,-81048154,-81048154,58365337,58365337,229588761,229588761,341841765,341841765,365267418,365267418,198055854,198055854,99385478,99385478,264393071,264393071,230751079,230751079,325270123,325270123,392716618,392716618,453378855,453378855,281156898,281156898,396233810,396233810,133198024,133198024,157223449,157223449,276415726,276415726,79558241,79558241,80463448,80463448,92131530,92131530,106709413,106709413,205730488,205730488,402000145,402000145,459993345,459993345,409938088,409938088,356315971,356315971,228350758
# status f = 938297201,0,1 : PASS_RHO (rho 0.75795, T 1229.5, 0s)
f = 975402938,0,1 | route RHO | claimed 0.79029636192501652292 | coeffs 583452024,595120106,595120106,496449730,496449730,550071847,550071847,722293804,722293804,709867710,709867710,710772917,710772917,543561353,543561353,593616610,593616610,532954373,532954373,615902002,615902002,419044517,419044517,442470170,442470170,384476970,384476970,317030475,317030475,26615111,26615111,145807388,145807388,258060392,258060392,61790735,61790735,-32728309,-32728309,-39161278,-39161278,-15135853,-15135853,156087571,156087571,57066496,57066496,90708488,90708488,-48811635,-48811635,-311847421,-311847421,-172433930,-172433930,-187011813,-187011813,-352019406,-352019406,-479984619,-479984619,-364907707,-364907707,-583452024
f = 975402938,0,1 | route T | claimed 973.40519508302526649 | coeffs -90708488,48811635,48811635,311847421,311847421,172433930,172433930,187011813,187011813,352019406,352019406,479984619,479984619,364907707,364907707,583452024,583452024,595120106,595120106,496449730,496449730,550071847,550071847,722293804,722293804,709867710,709867710,710772917,710772917,543561353,543561353,593616610,593616610,532954373,532954373,615902002,615902002,419044517,419044517,442470170,442470170,384476970,384476970,317030475,317030475,26615111,26615111,145807388,145807388,258060392,258060392,61790735,61790735,-32728309,-32728309,-39161278,-39161278,-15135853,-15135853,156087571,156087571,57066496,57066496,90708488
# status f = 975402938,0,1 : PASS_RHO (rho 0.79030, T 973.4, 0s)
f = 989376147,0,1 | route RHO | claimed 0.78722865237681841826 | coeffs 426034715,313781711,313781711,328359594,328359594,161148030,161148030,-35121627,-35121627,-200129220,-200129220,-250184477,-250184477,-155665433,-155665433,-27700220,-27700220,-88362457,-88362457,-94795426,-94795426,20281486,20281486,-62666143,-62666143,-86691568,-86691568,131852749,131852749,-65004736,-65004736,106218688,106218688,94550606,94550606,71124953,71124953,170146028,170146028,71475652,71475652,13482452,13482452,47124444,47124444,-6497673,-6497673,60948822,60948822,200468945,200468945,372690902,372690902,82275538,82275538,-180760248,-180760248,-168334154,-168334154,-287526431,-287526431,-426939922,-426939922,-426034715
f = 989376147,0,1 | route T | claimed 1559.5080937512617062 | coeffs 10614220,96858502,96858502,274043979,274043979,379815478,379815478,432532388,432532388,252832889,252832889,127890649,127890649,-211542872,-211542872,-117397165,-117397165,-19368972,-19368972,-81850323,-81850323,131860998,131860998,399239702,399239702,337672258,337672258,218986285,218986285,348641080,348641080,98481887,98481887,-121813195,-121813195,-68276471,-68276471,-315189213,-315189213,-49446745,-49446745,66850386,66850386,-17237504,-17237504,75350602,75350602,91757138,91757138,-49183691,-49183691,-39567124,-39567124,125355076,125355076,-4055914,-4055914,306687633,306687633,467241508,467241508,153400491,153400491,-10614220
# status f = 989376147,0,1 : PASS_RHO (rho 0.78723, T 1559.5, 0s)
# summary n = 7 l = 1001149249 : EXCLUSION_CANDIDATE ; PASS 32 / 32 ; OPEN_NEAR 0 ; OPEN_FAR 0 ; 12s
