# FAMILY WITNESS FILE (generator family_gen.sage r10). n = 7 ; l = 1001184449 ; m = 64 ; deg = 2 ; ncomp = 32 ; bar_T = 4224 ; L_n = 16.3328709449664096755483535644
# line: f = c0,...,c_deg (monic, over F_l) | route RHO|T | claimed (rho or T, float) | coeffs a_0..a_{m-1}
f = 38031977,0,1 | route RHO | claimed 0.97053618083354241021 | coeffs -364675089,-364675089,-394936826,-394936826,-411395463,-411395463,-74065702,-74065702,-308178194,-308178194,-327037727,-327037727,-322622214,-322622214,-77910574,-77910574,60826443,60826443,332626490,332626490,390591312,390591312,230116920,230116920,307653010,307653010,592675272,592675272,381672250,381672250,521889128,521889128,893481674,893481674,739798837,739798837,919738952,919738952,785739573,785739573,801219458,801219458,549366029,549366029,529459243,529459243,465565673,465565673,282772955,282772955,352861942,352861942,289668083,289668083,318261695,318261695,324463029,324463029,292359532,292359532,502081319,502081319,464522290,464522290
f = 38031977,0,1 | route T | claimed 2284.2836953537856925 | coeffs 376023688,376023688,243114083,243114083,326016958,326016958,107236672,107236672,51300096,51300096,265291662,265291662,251774026,251774026,111976745,111976745,416277011,416277011,196117194,196117194,229982458,229982458,473791209,473791209,127042821,127042821,131253404,131253404,244965829,244965829,-34628842,-34628842,-18293239,-18293239,-158289510,-158289510,105868137,105868137,1859292,1859292,-67235926,-67235926,71409252,71409252,6395452,6395452,255110939,255110939,373208228,373208228,128418716,128418716,-141587161,-141587161,-81680607,-81680607,-322646255,-322646255,-461815815,-461815815,-329247164,-329247164,-423151518,-423151518
# status f = 38031977,0,1 : PASS_RHO (rho 0.97054, T 2284.3, 1s)
f = 109011678,0,1 | route RHO | claimed 0.98463857348132001869 | coeffs -667069280,-773864260,-773864260,-922820119,-922820119,-985199745,-985199745,-865530756,-865530756,-719214554,-719214554,-638124088,-638124088,-344541596,-344541596,-555282786,-555282786,-440311107,-440311107,-764328414,-764328414,-886077794,-886077794,-1008481614,-1008481614,-883594257,-883594257,-740193449,-740193449,-668624219,-668624219,-758197558,-758197558,-566380724,-566380724,-745572056,-745572056,-637113459,-637113459,-764981188,-764981188,-501214015,-501214015,-315581931,-315581931,-422389614,-422389614,-292214099,-292214099,-109762335,-109762335,127603812,127603812,50653660,50653660,307490320,307490320,259513941,259513941,588294189,588294189,715448697,715448697,667069280
f = 109011678,0,1 | route T | claimed 2745.6747383340816369 | coeffs 638124088,344541596,344541596,555282786,555282786,440311107,440311107,764328414,764328414,886077794,886077794,1008481614,1008481614,883594257,883594257,740193449,740193449,668624219,668624219,758197558,758197558,566380724,566380724,745572056,745572056,637113459,637113459,764981188,764981188,501214015,501214015,315581931,315581931,422389614,422389614,292214099,292214099,109762335,109762335,-127603812,-127603812,-50653660,-50653660,-307490320,-307490320,-259513941,-259513941,-588294189,-588294189,-715448697,-715448697,-667069280,-667069280,-773864260,-773864260,-922820119,-922820119,-985199745,-985199745,-865530756,-865530756,-719214554,-719214554,-638124088
# status f = 109011678,0,1 : PASS_RHO (rho 0.98464, T 2745.7, 1s)
f = 122090243,0,1 | route RHO | claimed 0.94984139103753041498 | coeffs -310265795,-437159400,-437159400,-469797127,-469797127,-216928427,-216928427,-193136073,-193136073,-61503328,-61503328,-223811980,-223811980,-194709280,-194709280,-164274088,-164274088,-167835736,-167835736,-393438676,-393438676,-67021786,-67021786,-371935436,-371935436,-381864705,-381864705,-549442262,-549442262,-391437169,-391437169,-344930027,-344930027,-304231243,-304231243,-114717458,-114717458,-194671141,-194671141,-39892851,-39892851,-268808641,-268808641,-437980511,-437980511,-410023123,-410023123,-148652983,-148652983,-356586945,-356586945,-454743014,-454743014,-209840672,-209840672,-103074918,-103074918,-41015498,-41015498,178742878,178742878,46659603,46659603,310265795
f = 122090243,0,1 | route T | claimed 2903.1408306412710549 | coeffs -410023123,-148652983,-148652983,-356586945,-356586945,-454743014,-454743014,-209840672,-209840672,-103074918,-103074918,-41015498,-41015498,178742878,178742878,46659603,46659603,310265795,310265795,437159400,437159400,469797127,469797127,216928427,216928427,193136073,193136073,61503328,61503328,223811980,223811980,194709280,194709280,164274088,164274088,167835736,167835736,393438676,393438676,67021786,67021786,371935436,371935436,381864705,381864705,549442262,549442262,391437169,391437169,344930027,344930027,304231243,304231243,114717458,114717458,194671141,194671141,39892851,39892851,268808641,268808641,437980511,437980511,410023123
# status f = 122090243,0,1 : PASS_RHO (rho 0.94984, T 2903.1, 0s)
f = 138561402,0,1 | route RHO | claimed 0.94126696963139969278 | coeffs 249958050,249958050,422304300,422304300,255492024,255492024,327267163,327267163,275674842,275674842,217581045,217581045,-43755474,-43755474,-112902549,-112902549,-192372328,-192372328,-239785670,-239785670,-126206345,-126206345,-178983659,-178983659,-211391706,-211391706,-231629105,-231629105,-605033563,-605033563,-911049095,-911049095,-609431066,-609431066,-477546735,-477546735,-571628487,-571628487,-388477012,-388477012,-450825816,-450825816,-364798496,-364798496,-558404280,-558404280,-526180671,-526180671,-842811450,-842811450,-715910847,-715910847,-585614983,-585614983,-737708580,-737708580,-727160706,-727160706,-365834510,-365834510,-465652387,-465652387,-463100136,-463100136
f = 138561402,0,1 | route T | claimed 1884.9947243954439778 | coeffs 43755474,43755474,112902549,112902549,192372328,192372328,239785670,239785670,126206345,126206345,178983659,178983659,211391706,211391706,231629105,231629105,605033563,605033563,911049095,911049095,609431066,609431066,477546735,477546735,571628487,571628487,388477012,388477012,450825816,450825816,364798496,364798496,558404280,558404280,526180671,526180671,842811450,842811450,715910847,715910847,585614983,585614983,737708580,737708580,727160706,727160706,365834510,365834510,465652387,465652387,463100136,463100136,249958050,249958050,422304300,422304300,255492024,255492024,327267163,327267163,275674842,275674842,217581045,217581045
# status f = 138561402,0,1 : PASS_RHO (rho 0.94127, T 1885.0, 1s)
f = 208849964,0,1 | route RHO | claimed 0.98543057797382110357 | coeffs -15903486,-65837776,-65837776,-330115780,-330115780,33575242,33575242,-249135395,-249135395,-235026792,-235026792,-290630074,-290630074,-250604539,-250604539,-333011113,-333011113,-357539853,-357539853,-317480426,-317480426,-314745627,-314745627,-398815476,-398815476,-606701158,-606701158,-404846489,-404846489,-542664752,-542664752,-499512419,-499512419,-360161187,-360161187,-159200956,-159200956,103265917,103265917,-164381807,-164381807,-216595542,-216595542,-548830636,-548830636,-393721111,-393721111,-555800208,-555800208,-342229474,-342229474,-106043834,-106043834,-151430801,-151430801,-209508037,-209508037,-160994000,-160994000,-98247749,-98247749,-53619167,-53619167,15903486
f = 208849964,0,1 | route T | claimed 2823.8041850387786843 | coeffs 316630779,316630779,306015532,306015532,261336519,261336519,361326196,361326196,-62348804,-62348804,-52777314,-52777314,-166812276,-166812276,-126900603,-126900603,-301618029,-301618029,69147075,69147075,-99817877,-99817877,86027320,86027320,-32408047,-32408047,71775139,71775139,-130295864,-130295864,-131884331,-131884331,79469779,79469779,2552251,2552251,-193605784,-193605784,-20237399,-20237399,-51592321,-51592321,152093597,152093597,94081752,94081752,47413342,47413342,213142086,213142086,32223609,32223609,-373404458,-373404458,-58093797,-58093797,-10547874,-10547874,-183151475,-183151475,-113579325,-113579325,-172346250,-172346250
# status f = 208849964,0,1 : PASS_RHO (rho 0.98543, T 2823.8, 1s)
f = 289675099,0,1 | route RHO | claimed 0.89212342246996224297 | coeffs 353100129,171576950,171576950,5169576,5169576,435844023,435844023,238534546,238534546,-15099962,-15099962,74911728,74911728,56186082,56186082,195502837,195502837,461913118,461913118,372299185,372299185,306782081,306782081,430066857,430066857,566168638,566168638,312877903,312877903,535277397,535277397,601224957,601224957,647012411,647012411,630118513,630118513,455208755,455208755,225074923,225074923,269878876,269878876,186855889,186855889,103921776,103921776,-16290561,-16290561,92585815,92585815,-12724493,-12724493,-69085875,-69085875,-33684067,-33684067,-277161808,-277161808,-256457109,-256457109,-403009521,-403009521,-353100129
f = 289675099,0,1 | route T | claimed 2509.9936150488368261 | coeffs 12724493,69085875,69085875,33684067,33684067,277161808,277161808,256457109,256457109,403009521,403009521,353100129,353100129,171576950,171576950,5169576,5169576,435844023,435844023,238534546,238534546,-15099962,-15099962,74911728,74911728,56186082,56186082,195502837,195502837,461913118,461913118,372299185,372299185,306782081,306782081,430066857,430066857,566168638,566168638,312877903,312877903,535277397,535277397,601224957,601224957,647012411,647012411,630118513,630118513,455208755,455208755,225074923,225074923,269878876,269878876,186855889,186855889,103921776,103921776,-16290561,-16290561,92585815,92585815,-12724493
# status f = 289675099,0,1 : PASS_RHO (rho 0.89212, T 2510.0, 0s)
f = 299359333,0,1 | route RHO | claimed 0.96754233062064737661 | coeffs 663664819,663664819,433530987,433530987,387743533,387743533,134452798,134452798,199969902,199969902,339286657,339286657,592921165,592921165,426513791,426513791,279961379,279961379,244559571,244559571,353435947,353435947,436458934,436458934,261549176,261549176,195601616,195601616,331703397,331703397,421317330,421317330,402591684,402591684,599901161,599901161,418377982,418377982,439082681,439082681,495444063,495444063,375231726,375231726,330427773,330427773,313533875,313533875,91134381,91134381,214419157,214419157,-51991124,-51991124,38020566,38020566,-392653881,-392653881,-442563273,-442563273,-686041014,-686041014,-580730706,-580730706
f = 299359333,0,1 | route T | claimed 2564.3318327122291098 | coeffs -92931074,-92931074,-161442519,-161442519,-282465477,-282465477,-373759090,-373759090,-331207910,-331207910,-364828609,-364828609,-298064631,-298064631,-176884863,-176884863,-347040573,-347040573,-470809045,-470809045,-356479830,-356479830,-369236653,-369236653,-592471467,-592471467,-756463112,-756463112,-645396225,-645396225,-657588730,-657588730,-141475622,-141475622,-98246526,-98246526,-148077941,-148077941,-280423091,-280423091,-290673184,-290673184,-402989915,-402989915,-193789376,-193789376,199641474,199641474,350330225,350330225,426526213,426526213,154119745,154119745,188299609,188299609,113073627,113073627,-13214795,-13214795,-197946205,-197946205,-194860114,-194860114
# status f = 299359333,0,1 : PASS_RHO (rho 0.96754, T 2564.3, 1s)
f = 306567612,0,1 | route RHO | claimed 0.94389204543047924607 | coeffs -516604522,-377287767,-377287767,-268411391,-268411391,-178797458,-178797458,-122436076,-122436076,848700,848700,-242629041,-242629041,10661694,10661694,157214106,157214106,223161666,223161666,404684845,404684845,421578743,421578743,852253190,852253190,622119358,622119358,875753866,875753866,958776853,958776853,940051207,940051207,819838870,819838870,553428589,553428589,658738897,658738897,593221793,593221793,628623601,628623601,492521820,492521820,471817121,471817121,694216615,694216615,744126007,744126007,698338553,698338553,531931179,531931179,357021421,357021421,554330898,554330898,509526945,509526945,599538635,599538635,516604522
f = 306567612,0,1 | route T | claimed 2434.2447362740804321 | coeffs -215321868,63489717,63489717,570520658,570520658,484613760,484613760,452488340,452488340,599544027,599544027,612300735,612300735,575242494,575242494,794187994,794187994,609935374,609935374,654843339,654843339,673598860,673598860,664678850,664678850,785126585,785126585,823902391,823902391,740320124,740320124,835980234,835980234,1041393146,1041393146,975723647,975723647,830018902,830018902,1046221664,1046221664,1110570693,1110570693,901166202,901166202,1020293825,1020293825,683947608,683947608,412224794,412224794,517007635,517007635,414005873,414005873,228438076,228438076,234805835,234805835,103810226,103810226,-61866183,-61866183,215321868
# status f = 306567612,0,1 : PASS_RHO (rho 0.94389, T 2434.2, 1s)
f = 310493983,0,1 | route RHO | claimed 0.94404231136271164302 | coeffs 229121032,285482414,285482414,268588516,268588516,2178235,2178235,-47731157,-47731157,-130665270,-130665270,122625465,122625465,-131009043,-131009043,-95607235,-95607235,79302523,79302523,-10311410,-10311410,171211769,171211769,291424106,291424106,513823600,513823600,423811910,423811910,667289651,667289651,437155819,437155819,502672923,502672923,336265549,336265549,445141925,445141925,379194365,379194365,360468719,360468719,381173418,381173418,336369465,336369465,459654241,459654241,28979794,28979794,134290102,134290102,180077556,180077556,40760801,40760801,187313213,187313213,104290226,104290226,-31811555,-31811555,-229121032
f = 310493983,0,1 | route T | claimed 2059.3436456637788176 | coeffs -154465772,-188645636,-188645636,-3914226,-3914226,-72425671,-72425671,-29874491,-29874491,91305277,91305277,205634492,205634492,41642847,41642847,557755955,557755955,425410805,425410805,634611344,634611344,710807332,710807332,635581350,635581350,638667441,638667441,759690399,759690399,793311098,793311098,963466808,963466808,976223631,976223631,865156744,865156744,821927648,821927648,832177741,832177741,438746891,438746891,711153359,711153359,837441781,837441781,549650593,549650593,458356980,458356980,525120958,525120958,401352486,401352486,178117672,178117672,165925167,165925167,116093752,116093752,3777021,3777021,154465772
# status f = 310493983,0,1 : PASS_RHO (rho 0.94404, T 2059.3, 1s)
f = 345380304,0,1 | route RHO | claimed 0.94984139103753041498 | coeffs -310265795,-46659603,-46659603,-178742878,-178742878,41015498,41015498,103074918,103074918,209840672,209840672,454743014,454743014,356586945,356586945,148652983,148652983,410023123,410023123,437980511,437980511,268808641,268808641,39892851,39892851,194671141,194671141,114717458,114717458,304231243,304231243,344930027,344930027,391437169,391437169,549442262,549442262,381864705,381864705,371935436,371935436,67021786,67021786,393438676,393438676,167835736,167835736,164274088,164274088,194709280,194709280,223811980,223811980,61503328,61503328,193136073,193136073,216928427,216928427,469797127,469797127,437159400,437159400,310265795
f = 345380304,0,1 | route T | claimed 2537.1681072605614238 | coeffs 20075983,103787849,103787849,265620050,265620050,334683549,334683549,393559088,393559088,429944736,429944736,315327845,315327845,287711357,287711357,131773906,131773906,32105317,32105317,292817910,292817910,418746154,418746154,405719891,405719891,525904198,525904198,530867025,530867025,600267068,600267068,530189375,530189375,174124005,174124005,142672493,142672493,73464289,73464289,182415011,182415011,-253867168,-253867168,16059660,16059660,-157500188,-157500188,121145021,121145021,-36628080,-36628080,-320642369,-320642369,-383567741,-383567741,-276857110,-276857110,-13356057,-13356057,114798816,114798816,37159778,37159778,-20075983
# status f = 345380304,0,1 : PASS_RHO (rho 0.94984, T 2537.2, 1s)
f = 374437497,0,1 | route RHO | claimed 0.95100720508048562028 | coeffs 237846025,237846025,-148474433,-148474433,-80500968,-80500968,167096160,167096160,-37243597,-37243597,-113034683,-113034683,-1574857,-1574857,-131771586,-131771586,-31482469,-31482469,236103270,236103270,75255677,75255677,287430332,287430332,62431013,62431013,154907850,154907850,167281753,167281753,299212229,299212229,354744644,354744644,395900771,395900771,345514824,345514824,203943148,203943148,53729990,53729990,7149372,7149372,-185123063,-185123063,-68559325,-68559325,-48754249,-48754249,-100779359,-100779359,-378727012,-378727012,66725313,66725313,44168877,44168877,25925337,25925337,12333309,12333309,-149786965,-149786965
f = 374437497,0,1 | route T | claimed 2626.2301675521211242 | coeffs 237846025,237846025,-148474433,-148474433,-80500968,-80500968,167096160,167096160,-37243597,-37243597,-113034683,-113034683,-1574857,-1574857,-131771586,-131771586,-31482469,-31482469,236103270,236103270,75255677,75255677,287430332,287430332,62431013,62431013,154907850,154907850,167281753,167281753,299212229,299212229,354744644,354744644,395900771,395900771,345514824,345514824,203943148,203943148,53729990,53729990,7149372,7149372,-185123063,-185123063,-68559325,-68559325,-48754249,-48754249,-100779359,-100779359,-378727012,-378727012,66725313,66725313,44168877,44168877,25925337,25925337,12333309,12333309,-149786965,-149786965
# status f = 374437497,0,1 : PASS_RHO (rho 0.95101, T 2626.2, 1s)
f = 378326873,0,1 | route RHO | claimed 0.9534896219450649946 | coeffs -313504065,-268700112,-268700112,-435107486,-435107486,-657506980,-657506980,-622105172,-622105172,-355694891,-355694891,-272671904,-272671904,-703346351,-703346351,-637398791,-637398791,-393921050,-393921050,-304307117,-304307117,-387241230,-387241230,-584550707,-584550707,-630338161,-630338161,-609633462,-609633462,-675150566,-675150566,-554938229,-554938229,-301303721,-301303721,-318197619,-318197619,-171645207,-171645207,-294929983,-294929983,-186053607,-186053607,-96041917,-96041917,78867841,78867841,128777233,128777233,264879014,264879014,370189322,370189322,388914968,388914968,158781136,158781136,-22742043,-22742043,230548692,230548692,174187310,174187310,313504065
f = 378326873,0,1 | route T | claimed 3004.4954267158980317 | coeffs -521120433,-507770387,-507770387,-403545285,-403545285,-486840950,-486840950,-474006526,-474006526,-606584592,-606584592,-598527233,-598527233,-269107969,-269107969,-581953714,-581953714,-399181169,-399181169,-300631909,-300631909,-397234609,-397234609,-269700111,-269700111,-110642775,-110642775,-16541602,-16541602,108312746,108312746,246393545,246393545,214862984,214862984,239694514,239694514,24535313,24535313,64527219,64527219,13600880,13600880,-200198847,-200198847,37860085,37860085,-60822687,-60822687,47475544,47475544,423153201,423153201,323713642,323713642,480900937,480900937,628290690,628290690,252635910,252635910,560511269,560511269,521120433
# status f = 378326873,0,1 : PASS_RHO (rho 0.95349, T 3004.5, 1s)
f = 443197002,0,1 | route RHO | claimed 0.94126696963139969278 | coeffs 192372328,112902549,112902549,43755474,43755474,-217581045,-217581045,-275674842,-275674842,-327267163,-327267163,-255492024,-255492024,-422304300,-422304300,-249958050,-249958050,-463100136,-463100136,-465652387,-465652387,-365834510,-365834510,-727160706,-727160706,-737708580,-737708580,-585614983,-585614983,-715910847,-715910847,-842811450,-842811450,-526180671,-526180671,-558404280,-558404280,-364798496,-364798496,-450825816,-450825816,-388477012,-388477012,-571628487,-571628487,-477546735,-477546735,-609431066,-609431066,-911049095,-911049095,-605033563,-605033563,-231629105,-231629105,-211391706,-211391706,-178983659,-178983659,-126206345,-126206345,-239785670,-239785670,-192372328
f = 443197002,0,1 | route T | claimed 2324.0979754208255207 | coeffs -211391706,-178983659,-178983659,-126206345,-126206345,-239785670,-239785670,-192372328,-192372328,-112902549,-112902549,-43755474,-43755474,217581045,217581045,275674842,275674842,327267163,327267163,255492024,255492024,422304300,422304300,249958050,249958050,463100136,463100136,465652387,465652387,365834510,365834510,727160706,727160706,737708580,737708580,585614983,585614983,715910847,715910847,842811450,842811450,526180671,526180671,558404280,558404280,364798496,364798496,450825816,450825816,388477012,388477012,571628487,571628487,477546735,477546735,609431066,609431066,911049095,911049095,605033563,605033563,231629105,231629105,211391706
# status f = 443197002,0,1 : PASS_RHO (rho 0.94127, T 2324.1, 1s)
f = 463452581,0,1 | route RHO | claimed 0.90829114059028445639 | coeffs -83539977,-83539977,187280315,187280315,284355454,284355454,304375739,304375739,664350993,664350993,578195976,578195976,336831121,336831121,254864915,254864915,402680891,402680891,1985645,1985645,76647902,76647902,175311508,175311508,76896426,76896426,66106576,66106576,-134083403,-134083403,-475437935,-475437935,-413119612,-413119612,-437907237,-437907237,-432974416,-432974416,-404980569,-404980569,-274962041,-274962041,-450294651,-450294651,-259013498,-259013498,-273358280,-273358280,-439995386,-439995386,-368105573,-368105573,-348214185,-348214185,-284514439,-284514439,-208974669,-208974669,101962336,101962336,-131382119,-131382119,-113469351,-113469351
f = 463452581,0,1 | route T | claimed 2151.407971513116286 | coeffs -187280315,-284355454,-284355454,-304375739,-304375739,-664350993,-664350993,-578195976,-578195976,-336831121,-336831121,-254864915,-254864915,-402680891,-402680891,-1985645,-1985645,-76647902,-76647902,-175311508,-175311508,-76896426,-76896426,-66106576,-66106576,134083403,134083403,475437935,475437935,413119612,413119612,437907237,437907237,432974416,432974416,404980569,404980569,274962041,274962041,450294651,450294651,259013498,259013498,273358280,273358280,439995386,439995386,368105573,368105573,348214185,348214185,284514439,284514439,208974669,208974669,-101962336,-101962336,131382119,131382119,113469351,113469351,-83539977,-83539977,187280315
# status f = 463452581,0,1 : PASS_RHO (rho 0.90829, T 2151.4, 0s)
f = 466582969,0,1 | route RHO | claimed 0.89212342246996224297 | coeffs -74911728,-74911728,15099962,15099962,-238534546,-238534546,-435844023,-435844023,-5169576,-5169576,-171576950,-171576950,-353100129,-353100129,-403009521,-403009521,-256457109,-256457109,-277161808,-277161808,-33684067,-33684067,-69085875,-69085875,-12724493,-12724493,92585815,92585815,-16290561,-16290561,103921776,103921776,186855889,186855889,269878876,269878876,225074923,225074923,455208755,455208755,630118513,630118513,647012411,647012411,601224957,601224957,535277397,535277397,312877903,312877903,566168638,566168638,430066857,430066857,306782081,306782081,372299185,372299185,461913118,461913118,195502837,195502837,56186082,56186082
f = 466582969,0,1 | route T | claimed 2146.1831890492297972 | coeffs 269878876,269878876,225074923,225074923,455208755,455208755,630118513,630118513,647012411,647012411,601224957,601224957,535277397,535277397,312877903,312877903,566168638,566168638,430066857,430066857,306782081,306782081,372299185,372299185,461913118,461913118,195502837,195502837,56186082,56186082,74911728,74911728,-15099962,-15099962,238534546,238534546,435844023,435844023,5169576,5169576,171576950,171576950,353100129,353100129,403009521,403009521,256457109,256457109,277161808,277161808,33684067,33684067,69085875,69085875,12724493,12724493,-92585815,-92585815,16290561,16290561,-103921776,-103921776,-186855889,-186855889
# status f = 466582969,0,1 : PASS_RHO (rho 0.89212, T 2146.2, 0s)
f = 485871565,0,1 | route RHO | claimed 0.97859823506671890792 | coeffs -38212670,-46270029,-46270029,-129565694,-129565694,-168956530,-168956530,-316346283,-316346283,59331374,59331374,-178727558,-178727558,-138735652,-138735652,-107205091,-107205091,-13103918,-13103918,83498782,83498782,-229346963,-229346963,-96768897,-96768897,7456205,7456205,315331564,315331564,158144269,158144269,266442500,266442500,480242227,480242227,265083026,265083026,127002227,127002227,286059563,286059563,187510303,187510303,516929567,516929567,504095143,504095143,517445189,517445189,141790409,141790409,241229968,241229968,142547196,142547196,193473535,193473535,218305065,218305065,93450717,93450717,220985215,220985215,38212670
f = 485871565,0,1 | route T | claimed 3066.624488853124198 | coeffs -390545349,-238181338,-238181338,-223388742,-223388742,-8355110,-8355110,-300135326,-300135326,-328337387,-328337387,-478356933,-478356933,-576510451,-576510451,-576177844,-576177844,-367259462,-367259462,-145197504,-145197504,-148291772,-148291772,-93672330,-93672330,170066746,170066746,70245903,70245903,167914273,167914273,74817751,74817751,240870689,240870689,350780185,350780185,52004839,52004839,306752372,306752372,338463622,338463622,146289846,146289846,-49110376,-49110376,46553940,46553940,-249735391,-249735391,24655494,24655494,54976848,54976848,35739157,35739157,256387976,256387976,141376401,141376401,159988374,159988374,390545349
# status f = 485871565,0,1 : PASS_RHO (rho 0.97860, T 3066.6, 1s)
f = 515312884,0,1 | route RHO | claimed 0.90829114059028445639 | coeffs -450294651,-274962041,-274962041,-404980569,-404980569,-432974416,-432974416,-437907237,-437907237,-413119612,-413119612,-475437935,-475437935,-134083403,-134083403,66106576,66106576,76896426,76896426,175311508,175311508,76647902,76647902,1985645,1985645,402680891,402680891,254864915,254864915,336831121,336831121,578195976,578195976,664350993,664350993,304375739,304375739,284355454,284355454,187280315,187280315,-83539977,-83539977,113469351,113469351,131382119,131382119,-101962336,-101962336,208974669,208974669,284514439,284514439,348214185,348214185,368105573,368105573,439995386,439995386,273358280,273358280,259013498,259013498,450294651
f = 515312884,0,1 | route T | claimed 1865.8479436703269121 | coeffs 175311508,76647902,76647902,1985645,1985645,402680891,402680891,254864915,254864915,336831121,336831121,578195976,578195976,664350993,664350993,304375739,304375739,284355454,284355454,187280315,187280315,-83539977,-83539977,113469351,113469351,131382119,131382119,-101962336,-101962336,208974669,208974669,284514439,284514439,348214185,348214185,368105573,368105573,439995386,439995386,273358280,273358280,259013498,259013498,450294651,450294651,274962041,274962041,404980569,404980569,432974416,432974416,437907237,437907237,413119612,413119612,475437935,475437935,134083403,134083403,-66106576,-66106576,-76896426,-76896426,-175311508
# status f = 515312884,0,1 : PASS_RHO (rho 0.90829, T 1865.8, 1s)
f = 534601480,0,1 | route RHO | claimed 0.97737804830259318189 | coeffs 93356247,-44547710,-44547710,172394814,172394814,201163741,201163741,-118438053,-118438053,-70081513,-70081513,-319270239,-319270239,-348387085,-348387085,-268180136,-268180136,-255117766,-255117766,-399656919,-399656919,-362950926,-362950926,-331139236,-331139236,-730848623,-730848623,-785773612,-785773612,-647067552,-647067552,-477894105,-477894105,-120418043,-120418043,-328129648,-328129648,-412839590,-412839590,-195380229,-195380229,-477604001,-477604001,-634593460,-634593460,-507627388,-507627388,-236811962,-236811962,-202801761,-202801761,-138942459,-138942459,-58959246,-58959246,-119725174,-119725174,122732802,122732802,103664774,103664774,-192205896,-192205896,-93356247
f = 534601480,0,1 | route T | claimed 2847.5708625927621638 | coeffs -268527055,-161719372,-161719372,49021818,49021818,231473582,231473582,-92543725,-92543725,-15593573,-15593573,106810247,106810247,58833868,58833868,202234676,202234676,75080168,75080168,164653507,164653507,271448487,271448487,92257155,92257155,29877529,29877529,157745258,157745258,11429056,11429056,197061140,197061140,490643632,490643632,360468117,360468117,245496438,245496438,482862585,482862585,361113205,361113205,104276545,104276545,-20610812,-20610812,308169436,308169436,379738666,379738666,428118083,428118083,236301249,236301249,385257108,385257108,493715705,493715705,613384694,613384694,349617521,349617521,268527055
# status f = 534601480,0,1 : PASS_RHO (rho 0.97738, T 2847.6, 1s)
f = 537731868,0,1 | route RHO | claimed 0.97859823506671890792 | coeffs -46270029,-46270029,-38212670,-38212670,-220985215,-220985215,-93450717,-93450717,-218305065,-218305065,-193473535,-193473535,-142547196,-142547196,-241229968,-241229968,-141790409,-141790409,-517445189,-517445189,-504095143,-504095143,-516929567,-516929567,-187510303,-187510303,-286059563,-286059563,-127002227,-127002227,-265083026,-265083026,-480242227,-480242227,-266442500,-266442500,-158144269,-158144269,-315331564,-315331564,-7456205,-7456205,96768897,96768897,229346963,229346963,-83498782,-83498782,13103918,13103918,107205091,107205091,138735652,138735652,178727558,178727558,-59331374,-59331374,316346283,316346283,168956530,168956530,129565694,129565694
f = 537731868,0,1 | route T | claimed 2711.5549784207219208 | coeffs 218305065,218305065,193473535,193473535,142547196,142547196,241229968,241229968,141790409,141790409,517445189,517445189,504095143,504095143,516929567,516929567,187510303,187510303,286059563,286059563,127002227,127002227,265083026,265083026,480242227,480242227,266442500,266442500,158144269,158144269,315331564,315331564,7456205,7456205,-96768897,-96768897,-229346963,-229346963,83498782,83498782,-13103918,-13103918,-107205091,-107205091,-138735652,-138735652,-178727558,-178727558,59331374,59331374,-316346283,-316346283,-168956530,-168956530,-129565694,-129565694,-46270029,-46270029,-38212670,-38212670,-220985215,-220985215,-93450717,-93450717
# status f = 537731868,0,1 : PASS_RHO (rho 0.97860, T 2711.6, 1s)
f = 557987447,0,1 | route RHO | claimed 0.90485829685072374206 | coeffs 36132571,-327558451,-327558451,-269481215,-269481215,-321694950,-321694950,-523549619,-523549619,-483524084,-483524084,-414001431,-414001431,-627572165,-627572165,-426611934,-426611934,-429346733,-429346733,-712057370,-712057370,-663543333,-663543333,-331308239,-331308239,-469126502,-469126502,-386719928,-386719928,-436654218,-436654218,-200468578,-200468578,-462935451,-462935451,-547005300,-547005300,-561113903,-561113903,-623860154,-623860154,-468750629,-468750629,-511902962,-511902962,-536431702,-536431702,-272153698,-272153698,-226766731,-226766731,-494414455,-494414455,-286528773,-286528773,-342132055,-342132055,-297503473,-297503473,-135424376,-135424376,3926856,3926856,-36132571
f = 557987447,0,1 | route T | claimed 2199.0931823239399568 | coeffs 3926856,3926856,-36132571,-36132571,327558451,327558451,269481215,269481215,321694950,321694950,523549619,523549619,483524084,483524084,414001431,414001431,627572165,627572165,426611934,426611934,429346733,429346733,712057370,712057370,663543333,663543333,331308239,331308239,469126502,469126502,386719928,386719928,436654218,436654218,200468578,200468578,462935451,462935451,547005300,547005300,561113903,561113903,623860154,623860154,468750629,468750629,511902962,511902962,536431702,536431702,272153698,272153698,226766731,226766731,494414455,494414455,286528773,286528773,342132055,342132055,297503473,297503473,135424376,135424376
# status f = 557987447,0,1 : PASS_RHO (rho 0.90486, T 2199.1, 1s)
f = 622857576,0,1 | route RHO | claimed 0.98543057797382110357 | coeffs 151430801,106043834,106043834,342229474,342229474,555800208,555800208,393721111,393721111,548830636,548830636,216595542,216595542,164381807,164381807,-103265917,-103265917,159200956,159200956,360161187,360161187,499512419,499512419,542664752,542664752,404846489,404846489,606701158,606701158,398815476,398815476,314745627,314745627,317480426,317480426,357539853,357539853,333011113,333011113,250604539,250604539,290630074,290630074,235026792,235026792,249135395,249135395,-33575242,-33575242,330115780,330115780,65837776,65837776,15903486,15903486,-53619167,-53619167,-98247749,-98247749,-160994000,-160994000,-209508037,-209508037,-151430801
f = 622857576,0,1 | route T | claimed 2433.2515171298025045 | coeffs 5979441,359996597,359996597,448215213,448215213,682350831,682350831,397865964,397865964,256765316,256765316,437707090,437707090,450789178,450789178,158071835,158071835,257614269,257614269,393030604,393030604,300519526,300519526,21231696,21231696,-28929087,-28929087,-5217391,-5217391,-187943063,-187943063,67785947,67785947,-74345452,-74345452,-262015796,-262015796,-164258355,-164258355,-340559163,-340559163,-248085044,-248085044,-215079528,-215079528,-57631298,-57631298,1550577,1550577,165322067,165322067,-51405248,-51405248,12385005,12385005,232455232,232455232,82659920,82659920,253940122,253940122,54988650,54988650,-5979441
# status f = 622857576,0,1 : PASS_RHO (rho 0.98543, T 2433.3, 1s)
f = 626746952,0,1 | route RHO | claimed 0.94404231136271164302 | coeffs 381173418,360468719,360468719,379194365,379194365,445141925,445141925,336265549,336265549,502672923,502672923,437155819,437155819,667289651,667289651,423811910,423811910,513823600,513823600,291424106,291424106,171211769,171211769,-10311410,-10311410,79302523,79302523,-95607235,-95607235,-131009043,-131009043,122625465,122625465,-130665270,-130665270,-47731157,-47731157,2178235,2178235,268588516,268588516,285482414,285482414,229121032,229121032,31811555,31811555,-104290226,-104290226,-187313213,-187313213,-40760801,-40760801,-180077556,-180077556,-134290102,-134290102,-28979794,-28979794,-459654241,-459654241,-336369465,-336369465,-381173418
f = 626746952,0,1 | route T | claimed 2573.7324094931793942 | coeffs -187296571,-187296571,-168684598,-168684598,-75588076,-75588076,76775935,76775935,186685431,186685431,-28348201,-28348201,-283095734,-283095734,-311297795,-311297795,-503471571,-503471571,-405318053,-405318053,-500982369,-500982369,-292063987,-292063987,-17673102,-17673102,-14578834,-14578834,4658857,4658857,268397933,268397933,153386358,153386358,55717988,55717988,-174838987,-174838987,-8786049,-8786049,-23578645,-23578645,275196701,275196701,-16583515,-16583515,15127735,15127735,165147281,165147281,360547503,360547503,360880110,360880110,64590779,64590779,-157471179,-157471179,-187792533,-187792533,-133173091,-133173091,87475728,87475728
# status f = 626746952,0,1 : PASS_RHO (rho 0.94404, T 2573.7, 1s)
f = 655804145,0,1 | route RHO | claimed 0.94902746069570142885 | coeffs 677054204,539235941,539235941,594839223,594839223,546325186,546325186,278677462,278677462,275942663,275942663,11664659,11664659,225235393,225235393,182083060,182083060,222108595,222108595,284854846,284854846,337068581,337068581,252998732,252998732,-110692290,-110692290,-346877930,-346877930,-207526698,-207526698,-125120124,-125120124,-169748706,-169748706,-501983800,-501983800,-294098118,-294098118,-576808755,-576808755,-622195722,-622195722,-823155953,-823155953,-847684693,-847684693,-778162040,-778162040,-933271565,-933271565,-731416896,-731416896,-745525499,-745525499,-687448263,-687448263,-424981390,-424981390,-465040817,-465040817,-514975107,-514975107,-677054204
f = 655804145,0,1 | route T | claimed 2458.0411185669821517 | coeffs -312766307,99435410,99435410,59747411,59747411,96157119,96157119,226847224,226847224,209990349,209990349,27995349,27995349,354071972,354071972,446486837,446486837,498776387,498776387,736248578,736248578,1094100078,1094100078,1122357017,1122357017,1279172259,1279172259,1109022576,1109022576,1144858567,1144858567,894026379,894026379,955538612,955538612,689704840,689704840,522583781,522583781,548355132,548355132,677035533,677035533,689299261,689299261,865581175,865581175,671705117,671705117,822476051,822476051,651139546,651139546,723532663,723532663,609993481,609993481,728646778,728646778,477376821,477376821,445926603,445926603,312766307
# status f = 655804145,0,1 : PASS_RHO (rho 0.94903, T 2458.0, 0s)
f = 690690466,0,1 | route RHO | claimed 0.95100720508048562028 | coeffs 167096160,167096160,-80500968,-80500968,-148474433,-148474433,237846025,237846025,149786965,149786965,-12333309,-12333309,-25925337,-25925337,-44168877,-44168877,-66725313,-66725313,378727012,378727012,100779359,100779359,48754249,48754249,68559325,68559325,185123063,185123063,-7149372,-7149372,-53729990,-53729990,-203943148,-203943148,-345514824,-345514824,-395900771,-395900771,-354744644,-354744644,-299212229,-299212229,-167281753,-167281753,-154907850,-154907850,-62431013,-62431013,-287430332,-287430332,-75255677,-75255677,-236103270,-236103270,31482469,31482469,131771586,131771586,1574857,1574857,113034683,113034683,37243597,37243597
f = 690690466,0,1 | route T | claimed 2250.9131815383998873 | coeffs -365381913,10295744,10295744,169353080,169353080,208743916,208743916,423903117,423903117,415845758,415845758,524143989,524143989,651678487,651678487,343803128,343803128,318971598,318971598,451549664,451549664,352866892,352866892,256264192,256264192,631918972,631918972,663449533,663449533,650615109,650615109,888674041,888674041,987223301,987223301,839833548,839833548,701752749,701752749,785048414,785048414,571248687,571248687,754021232,754021232,596833937,596833937,471979589,471979589,367754487,367754487,316828148,316828148,3982403,3982403,103421962,103421962,9320789,9320789,-4029257,-4029257,35962649,35962649,365381913
# status f = 690690466,0,1 : PASS_RHO (rho 0.95101, T 2250.9, 1s)
f = 694616837,0,1 | route RHO | claimed 0.98463857348132001869 | coeffs -440311107,-555282786,-555282786,-344541596,-344541596,-638124088,-638124088,-719214554,-719214554,-865530756,-865530756,-985199745,-985199745,-922820119,-922820119,-773864260,-773864260,-667069280,-667069280,-715448697,-715448697,-588294189,-588294189,-259513941,-259513941,-307490320,-307490320,-50653660,-50653660,-127603812,-127603812,109762335,109762335,292214099,292214099,422389614,422389614,315581931,315581931,501214015,501214015,764981188,764981188,637113459,637113459,745572056,745572056,566380724,566380724,758197558,758197558,668624219,668624219,740193449,740193449,883594257,883594257,1008481614,1008481614,886077794,886077794,764328414,764328414,440311107
f = 694616837,0,1 | route T | claimed 2773.424762436263452 | coeffs -37867425,-70358342,-70358342,87527533,87527533,-166214859,-166214859,-381044923,-381044923,-397762251,-397762251,-388040239,-388040239,-420547384,-420547384,-314072308,-314072308,-347340381,-347340381,-336716669,-336716669,89926406,89926406,36087251,36087251,243480644,243480644,166675385,166675385,60848502,60848502,82375794,82375794,147893368,147893368,8213415,8213415,100295881,100295881,476792794,476792794,537071025,537071025,272079800,272079800,501432963,501432963,112186155,112186155,197148627,197148627,-171229533,-171229533,-75864890,-75864890,-32722955,-32722955,84521654,84521654,91495791,91495791,141269892,141269892,37867425
# status f = 694616837,0,1 : PASS_RHO (rho 0.98464, T 2773.4, 1s)
f = 701825116,0,1 | route RHO | claimed 0.97053618083354241021 | coeffs 364675089,464522290,464522290,502081319,502081319,292359532,292359532,324463029,324463029,318261695,318261695,289668083,289668083,352861942,352861942,282772955,282772955,465565673,465565673,529459243,529459243,549366029,549366029,801219458,801219458,785739573,785739573,919738952,919738952,739798837,739798837,893481674,893481674,521889128,521889128,381672250,381672250,592675272,592675272,307653010,307653010,230116920,230116920,390591312,390591312,332626490,332626490,60826443,60826443,-77910574,-77910574,-322622214,-322622214,-327037727,-327037727,-308178194,-308178194,-74065702,-74065702,-411395463,-411395463,-394936826,-394936826,-364675089
f = 701825116,0,1 | route T | claimed 2398.6042213020403242 | coeffs -7164883,291610463,291610463,195946147,195946147,-24702672,-24702672,-9910076,-9910076,-108063594,-108063594,-53444152,-53444152,112608786,112608786,-79564990,-79564990,-49243636,-49243636,181313339,181313339,209515400,209515400,-12546558,-12546558,-110214928,-110214928,-364962461,-364962461,-68673130,-68673130,46338445,46338445,261372077,261372077,261704684,261704684,525443760,525443760,635353256,635353256,439953034,439953034,420715343,420715343,268351332,268351332,418370878,418370878,421465146,421465146,514561668,514561668,482850418,482850418,208459533,208459533,189847560,189847560,-101932656,-101932656,106985726,106985726,7164883
# status f = 701825116,0,1 : PASS_RHO (rho 0.97054, T 2398.6, 1s)
f = 711509350,0,1 | route RHO | claimed 0.97737804830259318189 | coeffs -103664774,-122732802,-122732802,119725174,119725174,58959246,58959246,138942459,138942459,202801761,202801761,236811962,236811962,507627388,507627388,634593460,634593460,477604001,477604001,195380229,195380229,412839590,412839590,328129648,328129648,120418043,120418043,477894105,477894105,647067552,647067552,785773612,785773612,730848623,730848623,331139236,331139236,362950926,362950926,399656919,399656919,255117766,255117766,268180136,268180136,348387085,348387085,319270239,319270239,70081513,70081513,118438053,118438053,-201163741,-201163741,-172394814,-172394814,44547710,44547710,-93356247,-93356247,-192205896,-192205896,103664774
f = 711509350,0,1 | route T | claimed 2531.1332717000580295 | coeffs -430857939,-153669888,-153669888,-359082800,-359082800,147948141,147948141,2243396,2243396,34368816,34368816,-29980213,-29980213,-17223505,-17223505,101904118,101904118,-117041382,-117041382,154681432,154681432,199589397,199589397,96587635,96587635,105507645,105507645,99139886,99139886,137915692,137915692,-27760717,-27760717,-123420827,-123420827,155390758,155390758,89721259,89721259,175628157,175628157,-40574605,-40574605,106481082,106481082,-102923409,-102923409,-65865168,-65865168,270481049,270481049,86228429,86228429,191011270,191011270,172255749,172255749,357823546,357823546,478271281,478271281,347275672,347275672,430857939
# status f = 711509350,0,1 : PASS_RHO (rho 0.97738, T 2531.1, 1s)
f = 792334485,0,1 | route RHO | claimed 0.9534896219450649946 | coeffs 622105172,657506980,657506980,435107486,435107486,268700112,268700112,313504065,313504065,174187310,174187310,230548692,230548692,-22742043,-22742043,158781136,158781136,388914968,388914968,370189322,370189322,264879014,264879014,128777233,128777233,78867841,78867841,-96041917,-96041917,-186053607,-186053607,-294929983,-294929983,-171645207,-171645207,-318197619,-318197619,-301303721,-301303721,-554938229,-554938229,-675150566,-675150566,-609633462,-609633462,-630338161,-630338161,-584550707,-584550707,-387241230,-387241230,-304307117,-304307117,-393921050,-393921050,-637398791,-637398791,-703346351,-703346351,-272671904,-272671904,-355694891,-355694891,-622105172
f = 792334485,0,1 | route T | claimed 3070.9224777121266347 | coeffs -605039925,-149430415,-149430415,-240928045,-240928045,-391358995,-391358995,-172072354,-172072354,-311289378,-311289378,-535154145,-535154145,-374053694,-374053694,-100613692,-100613692,-75463003,-75463003,315833825,315833825,109544062,109544062,162594291,162594291,68278141,68278141,266683211,266683211,440101533,440101533,312952084,312952084,365131405,365131405,371328937,371328937,353069132,353069132,579839999,579839999,401705843,401705843,552593190,552593190,357077855,357077855,161269857,161269857,253695299,253695299,460438222,460438222,626666073,626666073,606432437,606432437,698288137,698288137,609544820,609544820,606710923,606710923,605039925
# status f = 792334485,0,1 : PASS_RHO (rho 0.95349, T 3070.9, 1s)
f = 862623047,0,1 | route RHO | claimed 0.90485829685072374206 | coeffs 536431702,511902962,511902962,468750629,468750629,623860154,623860154,561113903,561113903,547005300,547005300,462935451,462935451,200468578,200468578,436654218,436654218,386719928,386719928,469126502,469126502,331308239,331308239,663543333,663543333,712057370,712057370,429346733,429346733,426611934,426611934,627572165,627572165,414001431,414001431,483524084,483524084,523549619,523549619,321694950,321694950,269481215,269481215,327558451,327558451,-36132571,-36132571,3926856,3926856,-135424376,-135424376,-297503473,-297503473,-342132055,-342132055,-286528773,-286528773,-494414455,-494414455,-226766731,-226766731,-272153698,-272153698,-536431702
f = 862623047,0,1 | route T | claimed 2245.5229636188760661 | coeffs 321758275,517158497,517158497,225378281,225378281,391431219,391431219,276419644,276419644,279513912,279513912,183849596,183849596,155647535,155647535,265557031,265557031,284169004,284169004,229549562,229549562,525838893,525838893,375819347,375819347,77044001,77044001,307600976,307600976,43861900,43861900,-230528985,-230528985,-328682503,-328682503,-73934970,-73934970,-226298981,-226298981,-126478138,-126478138,-156799492,-156799492,-156466885,-156466885,-124755635,-124755635,-139548231,-139548231,-237216601,-237216601,-217978910,-217978910,-9060528,-9060528,-201234304,-201234304,-416267936,-416267936,-323171414,-323171414,-543820233,-543820233,-321758275
# status f = 862623047,0,1 : PASS_RHO (rho 0.90486, T 2245.5, 1s)
f = 879094206,0,1 | route RHO | claimed 0.94902746069570142885 | coeffs -11664659,-11664659,-275942663,-275942663,-278677462,-278677462,-546325186,-546325186,-594839223,-594839223,-539235941,-539235941,-677054204,-677054204,-514975107,-514975107,-465040817,-465040817,-424981390,-424981390,-687448263,-687448263,-745525499,-745525499,-731416896,-731416896,-933271565,-933271565,-778162040,-778162040,-847684693,-847684693,-823155953,-823155953,-622195722,-622195722,-576808755,-576808755,-294098118,-294098118,-501983800,-501983800,-169748706,-169748706,-125120124,-125120124,-207526698,-207526698,-346877930,-346877930,-110692290,-110692290,252998732,252998732,337068581,337068581,284854846,284854846,222108595,222108595,182083060,182083060,225235393,225235393
f = 879094206,0,1 | route T | claimed 2038.1647552794735545 | coeffs 182083060,182083060,225235393,225235393,11664659,11664659,275942663,275942663,278677462,278677462,546325186,546325186,594839223,594839223,539235941,539235941,677054204,677054204,514975107,514975107,465040817,465040817,424981390,424981390,687448263,687448263,745525499,745525499,731416896,731416896,933271565,933271565,778162040,778162040,847684693,847684693,823155953,823155953,622195722,622195722,576808755,576808755,294098118,294098118,501983800,501983800,169748706,169748706,125120124,125120124,207526698,207526698,346877930,346877930,110692290,110692290,-252998732,-252998732,-337068581,-337068581,-284854846,-284854846,-222108595,-222108595
# status f = 879094206,0,1 : PASS_RHO (rho 0.94903, T 2038.2, 0s)
f = 892172771,0,1 | route RHO | claimed 0.94389204543047924607 | coeffs -268411391,-377287767,-377287767,-516604522,-516604522,-599538635,-599538635,-509526945,-509526945,-554330898,-554330898,-357021421,-357021421,-531931179,-531931179,-698338553,-698338553,-744126007,-744126007,-694216615,-694216615,-471817121,-471817121,-492521820,-492521820,-628623601,-628623601,-593221793,-593221793,-658738897,-658738897,-553428589,-553428589,-819838870,-819838870,-940051207,-940051207,-958776853,-958776853,-875753866,-875753866,-622119358,-622119358,-852253190,-852253190,-421578743,-421578743,-404684845,-404684845,-223161666,-223161666,-157214106,-157214106,-10661694,-10661694,242629041,242629041,-848700,-848700,122436076,122436076,178797458,178797458,268411391
f = 892172771,0,1 | route T | claimed 2653.663625805622262 | coeffs -735384740,-725563088,-725563088,-968166450,-968166450,-1003703811,-1003703811,-941601914,-941601914,-833531635,-833531635,-820615635,-820615635,-668926228,-668926228,-599344556,-599344556,-455661121,-455661121,-307121717,-307121717,-796766812,-796766812,-795799381,-795799381,-935547985,-935547985,-726236576,-726236576,-623290819,-623290819,-721079501,-721079501,-401471941,-401471941,-260809571,-260809571,-121837572,-121837572,-52803921,-52803921,-178657977,-178657977,-37683973,-37683973,234951394,234951394,345479347,345479347,468604707,468604707,489707195,489707195,673809553,673809553,419695458,419695458,552460986,552460986,626440941,626440941,841400604,841400604,735384740
# status f = 892172771,0,1 : PASS_RHO (rho 0.94389, T 2653.7, 1s)
f = 963152472,0,1 | route RHO | claimed 0.96754233062064737661 | coeffs 592921165,592921165,339286657,339286657,199969902,199969902,134452798,134452798,387743533,387743533,433530987,433530987,663664819,663664819,580730706,580730706,686041014,686041014,442563273,442563273,392653881,392653881,-38020566,-38020566,51991124,51991124,-214419157,-214419157,-91134381,-91134381,-313533875,-313533875,-330427773,-330427773,-375231726,-375231726,-495444063,-495444063,-439082681,-439082681,-418377982,-418377982,-599901161,-599901161,-402591684,-402591684,-421317330,-421317330,-331703397,-331703397,-195601616,-195601616,-261549176,-261549176,-436458934,-436458934,-353435947,-353435947,-244559571,-244559571,-279961379,-279961379,-426513791,-426513791
f = 963152472,0,1 | route T | claimed 2853.8044272996490175 | coeffs 104329026,154714973,154714973,172958513,172958513,273247630,273247630,131675954,131675954,118083926,118083926,-149501813,-149501813,711345,711345,162831619,162831619,1984026,1984026,-44596592,-44596592,-132655652,-132655652,-344830307,-344830307,-152557872,-152557872,-538878330,-538878330,-763877649,-763877649,-647313911,-647313911,-715287376,-715287376,-807764213,-807764213,-827569289,-827569289,-579972161,-579972161,-567598258,-567598258,-619623368,-619623368,-415283611,-415283611,-547214087,-547214087,-269266434,-269266434,-345057520,-345057520,-289525105,-289525105,155927220,155927220,44467394,44467394,3311267,3311267,25867703,25867703,-104329026
# status f = 963152472,0,1 : PASS_RHO (rho 0.96754, T 2853.8, 1s)
# summary n = 7 l = 1001184449 : EXCLUSION_CANDIDATE ; PASS 32 / 32 ; OPEN_NEAR 0 ; OPEN_FAR 0 ; 17s
