# FAMILY WITNESS FILE (generator family_gen.sage r10). n = 7 ; l = 1000412353 ; m = 64 ; deg = 2 ; ncomp = 32 ; bar_T = 4224 ; L_n = 16.3328709449664096755483535644
# line: f = c0,...,c_deg (monic, over F_l) | route RHO|T | claimed (rho or T, float) | coeffs a_0..a_{m-1}
f = 18079160,0,1 | route RHO | claimed 0.96183227089968578 | coeffs -385239485,-368040729,-368040729,-465243938,-465243938,-206939240,-206939240,-399125515,-399125515,-544439660,-544439660,-513785383,-513785383,-180389727,-180389727,-336607851,-336607851,-143675775,-143675775,-307205873,-307205873,-479777598,-479777598,-95953604,-95953604,-423359423,-423359423,-639288247,-639288247,-433178664,-433178664,-362556076,-362556076,-336765712,-336765712,-263177318,-263177318,-395044326,-395044326,-424516685,-424516685,-306361997,-306361997,-200943302,-200943302,-269195019,-269195019,-43413867,-43413867,211040430,211040430,67282505,67282505,31838990,31838990,192623185,192623185,365407895,365407895,264750549,264750549,487562808,487562808,385239485
f = 18079160,0,1 | route T | claimed 2515.2023214743968847 | coeffs 211040430,211040430,67282505,67282505,31838990,31838990,192623185,192623185,365407895,365407895,264750549,264750549,487562808,487562808,385239485,385239485,368040729,368040729,465243938,465243938,206939240,206939240,399125515,399125515,544439660,544439660,513785383,513785383,180389727,180389727,336607851,336607851,143675775,143675775,307205873,307205873,479777598,479777598,95953604,95953604,423359423,423359423,639288247,639288247,433178664,433178664,362556076,362556076,336765712,336765712,263177318,263177318,395044326,395044326,424516685,424516685,306361997,306361997,200943302,200943302,269195019,269195019,43413867,43413867
# status f = 18079160,0,1 : PASS_RHO (rho 0.96183, T 2515.2, 1s)
f = 19498460,0,1 | route RHO | claimed 0.94747885512549253825 | coeffs -276283681,-144795047,-144795047,60378430,60378430,-57077779,-57077779,155190939,155190939,145799957,145799957,208092397,208092397,212651556,212651556,317157394,317157394,374770607,374770607,221056188,221056188,140283039,140283039,-83545500,-83545500,-29471906,-29471906,179700462,179700462,361254027,361254027,40247389,40247389,345939795,345939795,260644658,260644658,51640015,51640015,-157921921,-157921921,-161249288,-161249288,5531135,5531135,-101900559,-101900559,129009878,129009878,112902930,112902930,318427664,318427664,290678538,290678538,317700939,317700939,64894573,64894573,-12562019,-12562019,171265498,171265498,276283681
f = 19498460,0,1 | route T | claimed 2679.5110544006101644 | coeffs -431927895,-396524721,-396524721,-290107433,-290107433,49395505,49395505,24112609,24112609,-120863822,-120863822,-170739951,-170739951,8021025,8021025,43015228,43015228,52077677,52077677,-149536572,-149536572,-233242954,-233242954,-97762771,-97762771,171335075,171335075,-3211073,-3211073,159933881,159933881,146734467,146734467,30834572,30834572,291870728,291870728,448638579,448638579,622534591,622534591,643545106,643545106,576307724,576307724,724285326,724285326,424479307,424479307,741999213,741999213,458933099,458933099,426305910,426305910,409215826,409215826,452638794,452638794,384020271,384020271,592869974,592869974,431927895
# status f = 19498460,0,1 : PASS_RHO (rho 0.94748, T 2679.5, 1s)
f = 66334700,0,1 | route RHO | claimed 0.93389610281624075966 | coeffs -93633480,-93633480,-121382606,-121382606,-198839198,-198839198,-330327832,-330327832,-542596550,-542596550,-547155709,-547155709,-393441290,-393441290,-447514884,-447514884,-126508246,-126508246,82496397,82496397,-84284026,-84284026,-68177078,-68177078,-95199479,-95199479,-279026996,-279026996,-73853519,-73853519,-83244501,-83244501,21261337,21261337,-59511812,-59511812,149660556,149660556,455352962,455352962,245791026,245791026,138359332,138359332,343884066,343884066,91077700,91077700,196095883,196095883,313552092,313552092,251259652,251259652,193646439,193646439,417474978,417474978,235921413,235921413,321216550,321216550,324543917,324543917
f = 66334700,0,1 | route T | claimed 2384.7407605236384282 | coeffs 220274857,220274857,180496843,180496843,143473230,143473230,427346387,427346387,795926428,795926428,620939764,620939764,621003289,621003289,350219238,350219238,173639035,173639035,-22929660,-22929660,88300608,88300608,43231038,43231038,-74481237,-74481237,56127573,56127573,220145115,220145115,87638159,87638159,-255614122,-255614122,-329554282,-329554282,-153670633,-153670633,-57576730,-57576730,-148445214,-148445214,-153702970,-153702970,167998100,167998100,48735162,48735162,121874166,121874166,189283999,189283999,301524347,301524347,172345861,172345861,-114371367,-114371367,-252952906,-252952906,-225943277,-225943277,-206953032,-206953032
# status f = 66334700,0,1 : PASS_RHO (rho 0.93390, T 2384.7, 0s)
f = 95481469,0,1 | route RHO | claimed 0.93149994350061151819 | coeffs 65687419,52338918,52338918,-277166852,-277166852,-139560612,-139560612,-352985582,-352985582,-438134386,-438134386,-639369326,-639369326,-393441764,-393441764,-722567652,-722567652,-813169425,-813169425,-704582348,-704582348,-673075377,-673075377,-465900920,-465900920,-509444562,-509444562,-727233107,-727233107,-419199575,-419199575,-406025771,-406025771,-413774688,-413774688,-345527844,-345527844,-205318973,-205318973,-371323985,-371323985,-329364906,-329364906,-542940888,-542940888,-659164926,-659164926,-432205302,-432205302,-231076323,-231076323,-117290852,-117290852,-47077456,-47077456,147307552,147307552,-37457282,-37457282,-41855150,-41855150,77307373,77307373,-65687419
f = 95481469,0,1 | route T | claimed 2157.6756056503839104 | coeffs 352985582,352985582,438134386,438134386,639369326,639369326,393441764,393441764,722567652,722567652,813169425,813169425,704582348,704582348,673075377,673075377,465900920,465900920,509444562,509444562,727233107,727233107,419199575,419199575,406025771,406025771,413774688,413774688,345527844,345527844,205318973,205318973,371323985,371323985,329364906,329364906,542940888,542940888,659164926,659164926,432205302,432205302,231076323,231076323,117290852,117290852,47077456,47077456,-147307552,-147307552,37457282,37457282,41855150,41855150,-77307373,-77307373,65687419,65687419,52338918,52338918,-277166852,-277166852,-139560612,-139560612
# status f = 95481469,0,1 : PASS_RHO (rho 0.93150, T 2157.7, 0s)
f = 108865990,0,1 | route RHO | claimed 0.92669496852108971374 | coeffs -119335791,-119335791,152327724,152327724,249369686,249369686,68486999,68486999,128896884,128896884,210621876,210621876,91606501,91606501,11522827,11522827,77223697,77223697,-34493315,-34493315,41579476,41579476,172493836,172493836,-126616860,-126616860,-53477395,-53477395,-214711956,-214711956,-320261753,-320261753,-415169333,-415169333,-199087375,-199087375,-530112870,-530112870,-540175390,-540175390,-226952085,-226952085,-474977799,-474977799,-302408883,-302408883,-422088946,-422088946,-160221674,-160221674,-168704552,-168704552,-53016859,-53016859,140380171,140380171,-57717319,-57717319,55999398,55999398,-165833659,-165833659,-108852428,-108852428
f = 108865990,0,1 | route T | claimed 2276.5253105650783617 | coeffs 152327724,152327724,249369686,249369686,68486999,68486999,128896884,128896884,210621876,210621876,91606501,91606501,11522827,11522827,77223697,77223697,-34493315,-34493315,41579476,41579476,172493836,172493836,-126616860,-126616860,-53477395,-53477395,-214711956,-214711956,-320261753,-320261753,-415169333,-415169333,-199087375,-199087375,-530112870,-530112870,-540175390,-540175390,-226952085,-226952085,-474977799,-474977799,-302408883,-302408883,-422088946,-422088946,-160221674,-160221674,-168704552,-168704552,-53016859,-53016859,140380171,140380171,-57717319,-57717319,55999398,55999398,-165833659,-165833659,-108852428,-108852428,119335791,119335791
# status f = 108865990,0,1 : PASS_RHO (rho 0.92669, T 2276.5, 0s)
f = 149448511,0,1 | route RHO | claimed 0.97522601260330808898 | coeffs -539328681,-539328681,-770239118,-770239118,-588685553,-588685553,-650977993,-650977993,-398171627,-398171627,-607733563,-607733563,-526960414,-526960414,-321786937,-321786937,-337893885,-337893885,-16887247,-16887247,-12328088,-12328088,-89784680,-89784680,-86457313,-86457313,-310285852,-310285852,-192829643,-192829643,-398354377,-398354377,-92661971,-92661971,-197167809,-197167809,-380995326,-380995326,-214214903,-214214903,-268288497,-268288497,-56019779,-56019779,-83768905,-83768905,1526232,1526232,59139445,59139445,164157628,164157628,271589322,271589322,480761690,480761690,490152672,490152672,463130271,463130271,254125628,254125628,407840047,407840047
f = 149448511,0,1 | route T | claimed 2613.1568127583384813 | coeffs 334902840,334902840,349923560,349923560,177610632,177610632,231090747,231090747,764147984,764147984,416252869,416252869,283072321,283072321,390750899,390750899,278124304,278124304,244011952,244011952,409789013,409789013,505830619,505830619,247836971,247836971,246216476,246216476,117008101,117008101,88991002,88991002,12503384,12503384,282428934,282428934,266134680,266134680,216823064,216823064,151786764,151786764,226198431,226198431,77847776,77847776,247781795,247781795,-10283908,-10283908,-37478906,-37478906,-225105826,-225105826,-358772502,-358772502,-425745852,-425745852,-493071489,-493071489,-519284508,-519284508,-294566413,-294566413
# status f = 149448511,0,1 : PASS_RHO (rho 0.97523, T 2613.2, 0s)
f = 180238417,0,1 | route RHO | claimed 0.94747885512549253825 | coeffs 145799957,155190939,155190939,-57077779,-57077779,60378430,60378430,-144795047,-144795047,-276283681,-276283681,-171265498,-171265498,12562019,12562019,-64894573,-64894573,-317700939,-317700939,-290678538,-290678538,-318427664,-318427664,-112902930,-112902930,-129009878,-129009878,101900559,101900559,-5531135,-5531135,161249288,161249288,157921921,157921921,-51640015,-51640015,-260644658,-260644658,-345939795,-345939795,-40247389,-40247389,-361254027,-361254027,-179700462,-179700462,29471906,29471906,83545500,83545500,-140283039,-140283039,-221056188,-221056188,-374770607,-374770607,-317157394,-317157394,-212651556,-212651556,-208092397,-208092397,-145799957
f = 180238417,0,1 | route T | claimed 2580.3868877542048643 | coeffs -431723992,-748668532,-748668532,-575672331,-575672331,-721960334,-721960334,-654043849,-654043849,-679831436,-679831436,-699369099,-699369099,-381655460,-381655460,-619567731,-619567731,-805361954,-805361954,-795947798,-795947798,-679145000,-679145000,-627386872,-627386872,-439111588,-439111588,-377037783,-377037783,-97662798,-97662798,250891463,250891463,242688313,242688313,106602614,106602614,-46775750,-46775750,156774313,156774313,313944114,313944114,399356672,399356672,508868623,508868623,253036365,253036365,195254558,195254558,59122002,59122002,168605569,168605569,129030742,129030742,250057672,250057672,182001570,182001570,402266464,402266464,431723992
# status f = 180238417,0,1 : PASS_RHO (rho 0.94748, T 2580.4, 1s)
f = 253562270,0,1 | route RHO | claimed 0.90303550957195315155 | coeffs -287685486,-372980623,-372980623,-292207474,-292207474,-79938756,-79938756,-332745122,-332745122,-499525545,-499525545,-317971980,-317971980,-422477818,-422477818,-290989184,-290989184,-85464450,-85464450,123540193,123540193,-100288346,-100288346,-90897364,-90897364,-13440772,-13440772,-120872466,-120872466,200134172,200134172,257747385,257747385,52573908,52573908,80323034,80323034,-129238902,-129238902,-183312496,-183312496,-121020056,-121020056,62807461,62807461,-168102976,-168102976,137589430,137589430,291303849,291303849,173847640,173847640,200870041,200870041,204197408,204197408,413369776,413369776,408810617,408810617,303792434,303792434,287685486
f = 253562270,0,1 | route T | claimed 2616.6999650660324655 | coeffs 647866466,647866466,459958390,459958390,299246118,299246118,278458260,278458260,451539308,451539308,327482642,327482642,386793978,386793978,535249060,535249060,476894696,476894696,470714187,470714187,230652277,230652277,243299711,243299711,-20264297,-20264297,-317992869,-317992869,-95250558,-95250558,-95834021,-95834021,-29345667,-29345667,-4974316,-4974316,-5848951,-5848951,-154675389,-154675389,-264722153,-264722153,-353742502,-353742502,-248474202,-248474202,-512551937,-512551937,-613915001,-613915001,-440733431,-440733431,-293625643,-293625643,-143717404,-143717404,-239311745,-239311745,-270549246,-270549246,-625110410,-625110410,-382927873,-382927873
# status f = 253562270,0,1 : PASS_RHO (rho 0.90304, T 2616.7, 0s)
f = 266869240,0,1 | route RHO | claimed 0.96183227089968578 | coeffs 143675775,336607851,336607851,180389727,180389727,513785383,513785383,544439660,544439660,399125515,399125515,206939240,206939240,465243938,465243938,368040729,368040729,385239485,385239485,487562808,487562808,264750549,264750549,365407895,365407895,192623185,192623185,31838990,31838990,67282505,67282505,211040430,211040430,-43413867,-43413867,-269195019,-269195019,-200943302,-200943302,-306361997,-306361997,-424516685,-424516685,-395044326,-395044326,-263177318,-263177318,-336765712,-336765712,-362556076,-362556076,-433178664,-433178664,-639288247,-639288247,-423359423,-423359423,-95953604,-95953604,-479777598,-479777598,-307205873,-307205873,-143675775
f = 266869240,0,1 | route T | claimed 3213.4375205604759936 | coeffs -769802402,-769802402,-714408365,-714408365,-580221340,-580221340,-323631223,-323631223,-13360177,-13360177,218690647,218690647,468447722,468447722,518913283,518913283,632628170,632628170,390660016,390660016,233604022,233604022,308939752,308939752,-11516963,-11516963,193348837,193348837,260823912,260823912,403011582,403011582,338602004,338602004,429615661,429615661,189196057,189196057,88620768,88620768,351292857,351292857,38790966,38790966,-13580853,-13580853,210939043,210939043,192950357,192950357,475146759,475146759,477835602,477835602,492080698,492080698,275551187,275551187,388436473,388436473,453687303,453687303,502167985,502167985
# status f = 266869240,0,1 : PASS_RHO (rho 0.96183, T 3213.4, 0s)
f = 282067190,0,1 | route RHO | claimed 0.98173270900715448588 | coeffs -53699643,-53699643,-9238987,-9238987,87913139,87913139,-71978721,-71978721,-99698225,-99698225,-379256086,-379256086,-482058432,-482058432,-403933496,-403933496,-442904739,-442904739,-239558257,-239558257,-234769396,-234769396,-272245148,-272245148,-276104628,-276104628,-416034333,-416034333,-433843726,-433843726,-218080899,-218080899,-272714595,-272714595,-259247613,-259247613,-222309256,-222309256,-149171355,-149171355,112117011,112117011,10088092,10088092,160041375,160041375,-236010734,-236010734,-15975077,-15975077,-167361319,-167361319,-344030658,-344030658,-549392646,-549392646,-181859489,-181859489,22771364,22771364,-181079107,-181079107,-106790778,-106790778
f = 282067190,0,1 | route T | claimed 2741.2127114037945989 | coeffs -273382359,-273382359,-224166643,-224166643,-290150388,-290150388,-225943062,-225943062,-463560327,-463560327,-221527410,-221527410,-216553180,-216553180,-43182301,-43182301,-107569453,-107569453,-164492174,-164492174,-290859579,-290859579,-185314882,-185314882,-132942758,-132942758,-110397991,-110397991,-58502439,-58502439,94435111,94435111,315565187,315565187,147963758,147963758,62262274,62262274,247487812,247487812,450713375,450713375,597170850,597170850,550406701,550406701,286596279,286596279,734668033,734668033,1001014480,1001014480,758519901,758519901,939102167,939102167,840892459,840892459,640199535,640199535,491271889,491271889,539603520,539603520
# status f = 282067190,0,1 : PASS_RHO (rho 0.98173, T 2741.2, 0s)
f = 291263217,0,1 | route RHO | claimed 0.96632999703482620589 | coeffs -489177823,-489177823,-358940723,-358940723,-405634693,-405634693,-167213944,-167213944,-433237935,-433237935,-148768479,-148768479,39376886,39376886,-185097807,-185097807,-37026536,-37026536,-242316856,-242316856,-417807186,-417807186,-511025950,-511025950,-476655213,-476655213,-589014489,-589014489,-466402882,-466402882,-250410189,-250410189,-516454280,-516454280,-502359210,-502359210,-211936536,-211936536,-137359742,-137359742,-101734554,-101734554,-270354921,-270354921,-164963780,-164963780,-16750683,-16750683,-7111017,-7111017,209520345,209520345,159015995,159015995,161294139,161294139,209567785,209567785,275545319,275545319,453452591,453452591,223446396,223446396
f = 291263217,0,1 | route T | claimed 2359.6222706773979134 | coeffs -190206730,-190206730,145806945,145806945,220188189,220188189,228442973,228442973,221186828,221186828,421413776,421413776,478556096,478556096,499038720,499038720,454554093,454554093,326532241,326532241,279826635,279826635,214003592,214003592,260626291,260626291,-65388282,-65388282,-66967054,-66967054,126168977,126168977,-337206325,-337206325,-259985015,-259985015,-442226990,-442226990,-248234974,-248234974,-56065214,-56065214,50682863,50682863,79320097,79320097,267214418,267214418,295585731,295585731,67060059,67060059,-15386750,-15386750,180754758,180754758,95398798,95398798,362529330,362529330,43967533,43967533,-42364093,-42364093
# status f = 291263217,0,1 : PASS_RHO (rho 0.96633, T 2359.6, 0s)
f = 305546918,0,1 | route RHO | claimed 0.92446593834574891104 | coeffs -97838234,-97838234,62874038,62874038,63457501,63457501,159051842,159051842,152871333,152871333,258139633,258139633,278927491,278927491,212439137,212439137,243676638,243676638,3614728,3614728,-260463007,-260463007,-433544055,-433544055,-457915406,-457915406,-103354242,-103354242,-90706808,-90706808,-192069872,-192069872,-68013206,-68013206,-67138571,-67138571,-309321108,-309321108,-572885116,-572885116,-399703546,-399703546,-459014882,-459014882,-310188444,-310188444,-45249851,-45249851,-342978423,-342978423,-195870635,-195870635,-344325717,-344325717,-234278953,-234278953,-422187029,-422187029,-199444718,-199444718,-49536479,-49536479,8817885,8817885
f = 305546918,0,1 | route T | claimed 2113.0991531867020048 | coeffs 195870635,195870635,344325717,344325717,234278953,234278953,422187029,422187029,199444718,199444718,49536479,49536479,-8817885,-8817885,-97838234,-97838234,62874038,62874038,63457501,63457501,159051842,159051842,152871333,152871333,258139633,258139633,278927491,278927491,212439137,212439137,243676638,243676638,3614728,3614728,-260463007,-260463007,-433544055,-433544055,-457915406,-457915406,-103354242,-103354242,-90706808,-90706808,-192069872,-192069872,-68013206,-68013206,-67138571,-67138571,-309321108,-309321108,-572885116,-572885116,-399703546,-399703546,-459014882,-459014882,-310188444,-310188444,-45249851,-45249851,-342978423,-342978423
# status f = 305546918,0,1 : PASS_RHO (rho 0.92447, T 2113.1, 0s)
f = 319139099,0,1 | route RHO | claimed 0.93149994350061151819 | coeffs 659164926,542940888,542940888,329364906,329364906,371323985,371323985,205318973,205318973,345527844,345527844,413774688,413774688,406025771,406025771,419199575,419199575,727233107,727233107,509444562,509444562,465900920,465900920,673075377,673075377,704582348,704582348,813169425,813169425,722567652,722567652,393441764,393441764,639369326,639369326,438134386,438134386,352985582,352985582,139560612,139560612,277166852,277166852,-52338918,-52338918,-65687419,-65687419,77307373,77307373,-41855150,-41855150,-37457282,-37457282,147307552,147307552,-47077456,-47077456,-117290852,-117290852,-231076323,-231076323,-432205302,-432205302,-659164926
f = 319139099,0,1 | route T | claimed 1987.1139757100240185 | coeffs 52338918,65687419,65687419,-77307373,-77307373,41855150,41855150,37457282,37457282,-147307552,-147307552,47077456,47077456,117290852,117290852,231076323,231076323,432205302,432205302,659164926,659164926,542940888,542940888,329364906,329364906,371323985,371323985,205318973,205318973,345527844,345527844,413774688,413774688,406025771,406025771,419199575,419199575,727233107,727233107,509444562,509444562,465900920,465900920,673075377,673075377,704582348,704582348,813169425,813169425,722567652,722567652,393441764,393441764,639369326,639369326,438134386,438134386,352985582,352985582,139560612,139560612,277166852,277166852,-52338918
# status f = 319139099,0,1 : PASS_RHO (rho 0.93150, T 1987.1, 0s)
f = 408176370,0,1 | route RHO | claimed 0.95789868478484548546 | coeffs 222002235,222002235,90513601,90513601,244228020,244228020,453232663,453232663,426210262,426210262,416819280,416819280,625991648,625991648,518559954,518559954,623578137,623578137,565964924,565964924,651260061,651260061,679009187,679009187,891277905,891277905,945351499,945351499,1112131922,1112131922,1295959439,1295959439,1191453601,1191453601,885761195,885761195,680236461,680236461,562780252,562780252,338951713,338951713,335624346,335624346,258167754,258167754,253608595,253608595,574615233,574615233,590722181,590722181,795895658,795895658,715122509,715122509,505560573,505560573,252754207,252754207,190461767,190461767,8908202,8908202
f = 408176370,0,1 | route T | claimed 2494.4971044831329146 | coeffs -157700364,-157700364,-219413394,-219413394,-130834717,-130834717,-205845505,-205845505,-106234783,-106234783,-58185755,-58185755,-195537735,-195537735,-188121951,-188121951,-124737140,-124737140,-14010652,-14010652,-21411348,-21411348,-135105853,-135105853,-18667645,-18667645,180509211,180509211,413082132,413082132,630850213,630850213,535125151,535125151,231019532,231019532,233702070,233702070,298811180,298811180,110421893,110421893,486689818,486689818,457808934,457808934,414149588,414149588,585149437,585149437,784722209,784722209,685358021,685358021,589971230,589971230,545695943,545695943,193218530,193218530,317576223,317576223,-83749090,-83749090
# status f = 408176370,0,1 : PASS_RHO (rho 0.95790, T 2494.5, 0s)
f = 449850608,0,1 | route RHO | claimed 0.95510985844861651156 | coeffs 206042328,206042328,135970481,135970481,-53981851,-53981851,142195124,142195124,199202194,199202194,-113899923,-113899923,124673661,124673661,36666385,36666385,313722594,313722594,398188534,398188534,356082121,356082121,82324382,82324382,-12482999,-12482999,184454237,184454237,33806159,33806159,68391007,68391007,115415897,115415897,341272852,341272852,660583163,660583163,661295708,661295708,266386064,266386064,316998095,316998095,120420331,120420331,86169559,86169559,-17475031,-17475031,196968081,196968081,160350347,160350347,252830128,252830128,229199437,229199437,101784132,101784132,158509482,158509482,-6480462,-6480462
f = 449850608,0,1 | route T | claimed 2166.6727859046398444 | coeffs -239417822,-239417822,-33893088,-33893088,147660477,147660477,359929195,359929195,376036143,376036143,166863775,166863775,284319984,284319984,515230421,515230421,569304015,569304015,774477492,774477492,881909186,881909186,1105737725,1105737725,974249091,974249091,1141029514,1141029514,1060256365,1060256365,955238182,955238182,958565549,958565549,1112279968,1112279968,1296107485,1296107485,1086545549,1086545549,1144158762,1144158762,1221615354,1221615354,1430619997,1430619997,1326114159,1326114159,1073307793,1073307793,988012656,988012656,992571815,992571815,965549414,965549414,659857008,659857008,597564568,597564568,569815442,569815442,248808804,248808804
# status f = 449850608,0,1 : PASS_RHO (rho 0.95511, T 2166.7, 0s)
f = 490036370,0,1 | route RHO | claimed 0.95714115260644530657 | coeffs 137278278,-80277080,-80277080,-79738767,-79738767,33094351,33094351,-21731147,-21731147,56969155,56969155,153442178,153442178,423292815,423292815,207042416,207042416,591277645,591277645,462147026,462147026,284183156,284183156,251772998,251772998,303682694,303682694,97969659,97969659,248832823,248832823,67389309,67389309,34690629,34690629,-44987832,-44987832,-280474928,-280474928,-450454097,-450454097,-55261287,-55261287,61474290,61474290,-247610894,-247610894,-183830128,-183830128,-101542230,-101542230,7130941,7130941,-142565702,-142565702,-35635685,-35635685,-121566976,-121566976,6009905,6009905,-77879353,-77879353,-137278278
f = 490036370,0,1 | route T | claimed 2267.275617459543418 | coeffs 155136234,-199364122,-199364122,-202321676,-202321676,206076648,206076648,66577106,66577106,-382656,-382656,91669469,91669469,295293220,295293220,242398111,242398111,315525066,315525066,497457751,497457751,166608223,166608223,81911197,81911197,60601705,60601705,-53478167,-53478167,37593688,37593688,127381086,127381086,267103241,267103241,213891470,213891470,266422966,266422966,-24144259,-24144259,-24250774,-24250774,247627965,247627965,116710232,116710232,131108709,131108709,99642684,99642684,116332621,116332621,-256798577,-256798577,-169346745,-169346745,-240517445,-240517445,-321858672,-321858672,-177558306,-177558306,-155136234
# status f = 490036370,0,1 : PASS_RHO (rho 0.95714, T 2267.3, 0s)
f = 510375983,0,1 | route RHO | claimed 0.93389610281624075966 | coeffs -21261337,83244501,83244501,73853519,73853519,279026996,279026996,95199479,95199479,68177078,68177078,84284026,84284026,-82496397,-82496397,126508246,126508246,447514884,447514884,393441290,393441290,547155709,547155709,542596550,542596550,330327832,330327832,198839198,198839198,121382606,121382606,93633480,93633480,324543917,324543917,321216550,321216550,235921413,235921413,417474978,417474978,193646439,193646439,251259652,251259652,313552092,313552092,196095883,196095883,91077700,91077700,343884066,343884066,138359332,138359332,245791026,245791026,455352962,455352962,149660556,149660556,-59511812,-59511812,21261337
f = 510375983,0,1 | route T | claimed 1947.1883314671970139 | coeffs -21261337,83244501,83244501,73853519,73853519,279026996,279026996,95199479,95199479,68177078,68177078,84284026,84284026,-82496397,-82496397,126508246,126508246,447514884,447514884,393441290,393441290,547155709,547155709,542596550,542596550,330327832,330327832,198839198,198839198,121382606,121382606,93633480,93633480,324543917,324543917,321216550,321216550,235921413,235921413,417474978,417474978,193646439,193646439,251259652,251259652,313552092,313552092,196095883,196095883,91077700,91077700,343884066,343884066,138359332,138359332,245791026,245791026,455352962,455352962,149660556,149660556,-59511812,-59511812,21261337
# status f = 510375983,0,1 : PASS_RHO (rho 0.93390, T 1947.2, 0s)
f = 550561745,0,1 | route RHO | claimed 0.96632999703482620589 | coeffs -516454280,-516454280,-250410189,-250410189,-466402882,-466402882,-589014489,-589014489,-476655213,-476655213,-511025950,-511025950,-417807186,-417807186,-242316856,-242316856,-37026536,-37026536,-185097807,-185097807,39376886,39376886,-148768479,-148768479,-433237935,-433237935,-167213944,-167213944,-405634693,-405634693,-358940723,-358940723,-489177823,-489177823,-223446396,-223446396,-453452591,-453452591,-275545319,-275545319,-209567785,-209567785,-161294139,-161294139,-159015995,-159015995,-209520345,-209520345,7111017,7111017,16750683,16750683,164963780,164963780,270354921,270354921,101734554,101734554,137359742,137359742,211936536,211936536,502359210,502359210
f = 550561745,0,1 | route T | claimed 2508.7281244947171311 | coeffs -107768363,-107768363,101404005,101404005,218860214,218860214,-12050223,-12050223,42023371,42023371,-163150106,-163150106,-55718412,-55718412,-279546951,-279546951,-411035585,-411035585,-577816008,-577816008,-658589157,-658589157,-553570974,-553570974,-550243607,-550243607,-703958026,-703958026,-520130509,-520130509,-310568573,-310568573,-252955360,-252955360,-330411952,-330411952,-121407309,-121407309,-16901471,-16901471,-269707837,-269707837,-184412700,-184412700,-179853541,-179853541,-152831140,-152831140,-458523546,-458523546,-396231106,-396231106,-423980232,-423980232,-102973594,-102973594,-112364576,-112364576,93160158,93160158,-88393407,-88393407,123875311,123875311
# status f = 550561745,0,1 : PASS_RHO (rho 0.96633, T 2508.7, 0s)
f = 592235983,0,1 | route RHO | claimed 0.97522601260330808898 | coeffs 59139445,1526232,1526232,-83768905,-83768905,-56019779,-56019779,-268288497,-268288497,-214214903,-214214903,-380995326,-380995326,-197167809,-197167809,-92661971,-92661971,-398354377,-398354377,-192829643,-192829643,-310285852,-310285852,-86457313,-86457313,-89784680,-89784680,-12328088,-12328088,-16887247,-16887247,-337893885,-337893885,-321786937,-321786937,-526960414,-526960414,-607733563,-607733563,-398171627,-398171627,-650977993,-650977993,-588685553,-588685553,-770239118,-770239118,-539328681,-539328681,-407840047,-407840047,-254125628,-254125628,-463130271,-463130271,-490152672,-490152672,-480761690,-480761690,-271589322,-271589322,-164157628,-164157628,-59139445
f = 592235983,0,1 | route T | claimed 2927.9261660779658085 | coeffs 855460225,624637058,624637058,497439515,497439515,515090244,515090244,635417889,635417889,457838669,457838669,566460206,566460206,701313307,701313307,523073360,523073360,597131882,597131882,772830162,772830162,480244201,480244201,354737183,354737183,64780963,64780963,54971991,54971991,80766487,80766487,6127111,6127111,-184857291,-184857291,-347863079,-347863079,-226332054,-226332054,-624791997,-624791997,-638916224,-638916224,-999261402,-999261402,-1014858553,-1014858553,-808679922,-808679922,-578843046,-578843046,-485961469,-485961469,-349661240,-349661240,-509431349,-509431349,-478279389,-478279389,-549916614,-549916614,-804750031,-804750031,-855460225
# status f = 592235983,0,1 : PASS_RHO (rho 0.97523, T 2927.9, 0s)
f = 681273254,0,1 | route RHO | claimed 0.94564517000894115323 | coeffs 223943975,223943975,203156117,203156117,107561776,107561776,196582125,196582125,419324436,419324436,270869354,270869354,535807947,535807947,708989517,708989517,709864152,709864152,722511586,722511586,549430538,549430538,580668039,580668039,685936339,685936339,686519802,686519802,628165438,628165438,816073514,816073514,668965726,668965726,520139288,520139288,783703296,783703296,659646630,659646630,305085466,305085466,569163201,569163201,635651555,635651555,641832064,641832064,481119792,481119792,631028031,631028031,741074795,741074795,443346223,443346223,384034887,384034887,141852350,141852350,40489286,40489286,16117935,16117935
f = 681273254,0,1 | route T | claimed 2547.4285815906571339 | coeffs -95290546,-74280031,-74280031,-124156160,-124156160,-272133762,-272133762,-307127965,-307127965,10391941,10391941,-191222308,-191222308,-158595119,-158595119,-294075302,-294075302,-250652334,-250652334,-425198482,-425198482,-634048185,-634048185,-620848771,-620848771,-656251945,-656251945,-395215789,-395215789,-55712851,-55712851,-229608863,-229608863,-84632432,-84632432,-151869814,-151869814,26891162,26891162,326697181,326697181,317634732,317634732,34568618,34568618,-49137764,-49137764,-32047680,-32047680,-301145526,-301145526,-369764049,-369764049,-206619095,-206619095,-45677016,-45677016,70222879,70222879,-36194409,-36194409,120573442,120573442,95290546
# status f = 681273254,0,1 : PASS_RHO (rho 0.94565, T 2547.4, 0s)
f = 694865435,0,1 | route RHO | claimed 0.92669496852108971374 | coeffs -152327724,119335791,119335791,-108852428,-108852428,-165833659,-165833659,55999398,55999398,-57717319,-57717319,140380171,140380171,-53016859,-53016859,-168704552,-168704552,-160221674,-160221674,-422088946,-422088946,-302408883,-302408883,-474977799,-474977799,-226952085,-226952085,-540175390,-540175390,-530112870,-530112870,-199087375,-199087375,-415169333,-415169333,-320261753,-320261753,-214711956,-214711956,-53477395,-53477395,-126616860,-126616860,172493836,172493836,41579476,41579476,-34493315,-34493315,77223697,77223697,11522827,11522827,91606501,91606501,210621876,210621876,128896884,128896884,68486999,68486999,249369686,249369686,152327724
f = 694865435,0,1 | route T | claimed 1771.4401761377145676 | coeffs -209042466,-289815615,-289815615,31191023,31191023,27863656,27863656,-177661078,-177661078,6166439,6166439,218435157,218435157,160821944,160821944,369994312,369994312,578998955,578998955,809909392,809909392,1062715758,1062715758,857542281,857542281,862101440,862101440,1085929979,1085929979,1391622385,1391622385,1224841962,1224841962,1197092836,1197092836,1092074653,1092074653,1101465635,1101465635,947751216,947751216,766197651,766197651,556635715,556635715,572742663,572742663,495286071,495286071,377829862,377829862,273324024,273324024,327397618,327397618,412692755,412692755,305261061,305261061,278238660,278238660,146750026,146750026,209042466
# status f = 694865435,0,1 : PASS_RHO (rho 0.92669, T 1771.4, 0s)
f = 709149136,0,1 | route RHO | claimed 0.95510985844861651156 | coeffs -120420331,-316998095,-316998095,-266386064,-266386064,-661295708,-661295708,-660583163,-660583163,-341272852,-341272852,-115415897,-115415897,-68391007,-68391007,-33806159,-33806159,-184454237,-184454237,12482999,12482999,-82324382,-82324382,-356082121,-356082121,-398188534,-398188534,-313722594,-313722594,-36666385,-36666385,-124673661,-124673661,113899923,113899923,-199202194,-199202194,-142195124,-142195124,53981851,53981851,-135970481,-135970481,-206042328,-206042328,-6480462,-6480462,158509482,158509482,101784132,101784132,229199437,229199437,252830128,252830128,160350347,160350347,196968081,196968081,-17475031,-17475031,86169559,86169559,120420331
f = 709149136,0,1 | route T | claimed 2962.6788396624033305 | coeffs -166739187,-262333528,-262333528,-20150991,-20150991,140561281,140561281,264617947,264617947,322972311,322972311,310324877,310324877,87582566,87582566,63211215,63211215,173257979,173257979,437335714,437335714,290227926,290227926,321465427,321465427,586404020,586404020,565616162,565616162,624927498,624927498,618746989,618746989,355182981,355182981,354599518,354599518,353724883,353724883,264704534,264704534,163341470,163341470,313249709,313249709,-41311455,-41311455,146596621,146596621,-26484427,-26484427,-174939509,-174939509,65122401,65122401,362850973,362850973,296362619,296362619,445189057,445189057,339920757,339920757,166739187
# status f = 709149136,0,1 : PASS_RHO (rho 0.95511, T 2962.7, 0s)
f = 718345163,0,1 | route RHO | claimed 0.90303550957195315155 | coeffs -422477818,-422477818,-317971980,-317971980,-499525545,-499525545,-332745122,-332745122,-79938756,-79938756,-292207474,-292207474,-372980623,-372980623,-287685486,-287685486,-303792434,-303792434,-408810617,-408810617,-413369776,-413369776,-204197408,-204197408,-200870041,-200870041,-173847640,-173847640,-291303849,-291303849,-137589430,-137589430,168102976,168102976,-62807461,-62807461,121020056,121020056,183312496,183312496,129238902,129238902,-80323034,-80323034,-52573908,-52573908,-257747385,-257747385,-200134172,-200134172,120872466,120872466,13440772,13440772,90897364,90897364,100288346,100288346,-123540193,-123540193,85464450,85464450,290989184,290989184
f = 718345163,0,1 | route T | claimed 1783.5185167511299622 | coeffs -80323034,-52573908,-52573908,-257747385,-257747385,-200134172,-200134172,120872466,120872466,13440772,13440772,90897364,90897364,100288346,100288346,-123540193,-123540193,85464450,85464450,290989184,290989184,422477818,422477818,317971980,317971980,499525545,499525545,332745122,332745122,79938756,79938756,292207474,292207474,372980623,372980623,287685486,287685486,303792434,303792434,408810617,408810617,413369776,413369776,204197408,204197408,200870041,200870041,173847640,173847640,291303849,291303849,137589430,137589430,-168102976,-168102976,62807461,62807461,-121020056,-121020056,-183312496,-183312496,-129238902,-129238902,80323034
# status f = 718345163,0,1 : PASS_RHO (rho 0.90304, T 1783.5, 0s)
f = 733543113,0,1 | route RHO | claimed 0.97008637598938699515 | coeffs 89431076,89431076,298603444,298603444,270854318,270854318,166348480,166348480,169675847,169675847,374849324,374849324,556402889,556402889,583425290,583425290,525812077,525812077,359031654,359031654,241575445,241575445,-79431193,-79431193,-332237559,-332237559,-178523140,-178523140,-71091446,-71091446,141177272,141177272,446869678,446869678,369413086,369413086,450186235,450186235,219275798,219275798,209884816,209884816,124589679,124589679,308417196,308417196,532245735,532245735,548352683,548352683,610645123,610645123,401640480,401640480,506658663,506658663,452585069,452585069,247060335,247060335,251619494,251619494,42057558,42057558
f = 733543113,0,1 | route T | claimed 1998.8993960946684986 | coeffs 89431076,89431076,298603444,298603444,270854318,270854318,166348480,166348480,169675847,169675847,374849324,374849324,556402889,556402889,583425290,583425290,525812077,525812077,359031654,359031654,241575445,241575445,-79431193,-79431193,-332237559,-332237559,-178523140,-178523140,-71091446,-71091446,141177272,141177272,446869678,446869678,369413086,369413086,450186235,450186235,219275798,219275798,209884816,209884816,124589679,124589679,308417196,308417196,532245735,532245735,548352683,548352683,610645123,610645123,401640480,401640480,506658663,506658663,452585069,452585069,247060335,247060335,251619494,251619494,42057558,42057558
# status f = 733543113,0,1 : PASS_RHO (rho 0.97009, T 1998.9, 0s)
f = 746850083,0,1 | route RHO | claimed 0.98173270900715448588 | coeffs 10088092,10088092,112117011,112117011,-149171355,-149171355,-222309256,-222309256,-259247613,-259247613,-272714595,-272714595,-218080899,-218080899,-433843726,-433843726,-416034333,-416034333,-276104628,-276104628,-272245148,-272245148,-234769396,-234769396,-239558257,-239558257,-442904739,-442904739,-403933496,-403933496,-482058432,-482058432,-379256086,-379256086,-99698225,-99698225,-71978721,-71978721,87913139,87913139,-9238987,-9238987,-53699643,-53699643,106790778,106790778,181079107,181079107,-22771364,-22771364,181859489,181859489,549392646,549392646,344030658,344030658,167361319,167361319,15975077,15975077,236010734,236010734,-160041375,-160041375
f = 746850083,0,1 | route T | claimed 2602.6065284346357048 | coeffs -265106069,-265106069,-174504296,-174504296,-31509504,-31509504,-147733542,-147733542,70055003,70055003,-15093801,-15093801,179291207,179291207,39082336,39082336,147669413,147669413,161017914,161017914,-65941710,-65941710,242091822,242091822,443326762,443326762,628091596,628091596,462086584,462086584,430579613,430579613,101073843,101073843,302202822,302202822,289029018,289029018,534956580,534956580,530558712,530558712,488599633,488599633,695774090,695774090,558167850,558167850,444382379,444382379,436633462,436633462,765759350,765759350,646596827,646596827,433020845,433020845,476564487,476564487,263139517,263139517,333352913,333352913
# status f = 746850083,0,1 : PASS_RHO (rho 0.98173, T 2602.6, 1s)
f = 820173936,0,1 | route RHO | claimed 0.96836378445315752975 | coeffs 353030737,419455566,419455566,438732162,438732162,450041045,450041045,364074730,364074730,515398390,515398390,668693204,668693204,447220951,447220951,539002135,539002135,644665313,644665313,686355933,686355933,507948629,507948629,675068391,675068391,539010956,539010956,569656257,569656257,451069347,451069347,405110824,405110824,348348347,348348347,657495652,657495652,421431516,421431516,540230426,540230426,555866353,555866353,388049670,388049670,238856244,238856244,247516863,247516863,375889556,375889556,472566922,472566922,236675383,236675383,344019421,344019421,58089008,58089008,341520493,341520493,-105909007,-105909007,-353030737
f = 820173936,0,1 | route T | claimed 2770.7638001331586103 | coeffs 339425699,473034390,473034390,385826480,385826480,325236687,325236687,626335020,626335020,520801698,520801698,427467395,427467395,375445140,375445140,616769248,616769248,577596251,577596251,293202425,293202425,307229933,307229933,372732707,372732707,149869766,149869766,144138535,144138535,27213787,27213787,221937996,221937996,436546415,436546415,316241578,316241578,146206134,146206134,406610133,406610133,515133121,515133121,463572474,463572474,640080321,640080321,252344752,252344752,-25152098,-25152098,-31019655,-31019655,-199380442,-199380442,-165650143,-165650143,-368095157,-368095157,-338459730,-338459730,-328496581,-328496581,-339425699
# status f = 820173936,0,1 : PASS_RHO (rho 0.96836, T 2770.8, 0s)
f = 850963842,0,1 | route RHO | claimed 0.95789868478484548546 | coeffs -505560573,-505560573,-715122509,-715122509,-795895658,-795895658,-590722181,-590722181,-574615233,-574615233,-253608595,-253608595,-258167754,-258167754,-335624346,-335624346,-338951713,-338951713,-562780252,-562780252,-680236461,-680236461,-885761195,-885761195,-1191453601,-1191453601,-1295959439,-1295959439,-1112131922,-1112131922,-945351499,-945351499,-891277905,-891277905,-679009187,-679009187,-651260061,-651260061,-565964924,-565964924,-623578137,-623578137,-518559954,-518559954,-625991648,-625991648,-416819280,-416819280,-426210262,-426210262,-453232663,-453232663,-244228020,-244228020,-90513601,-90513601,-222002235,-222002235,8908202,8908202,190461767,190461767,252754207,252754207
f = 850963842,0,1 | route T | claimed 2949.5617409742330012 | coeffs 61342283,61342283,30284240,30284240,-28672552,-28672552,227170438,227170438,167116845,167116845,144135293,144135293,122580553,122580553,209904676,209904676,375575222,375575222,265135139,265135139,634422646,634422646,717384368,717384368,942676349,942676349,831193906,831193906,551082537,551082537,463089672,463089672,468104910,468104910,607203924,607203924,489636128,489636128,687103200,687103200,570218570,570218570,487736383,487736383,85370314,85370314,115522866,115522866,-139063816,-139063816,47497969,47497969,-350324909,-350324909,-168919400,-168919400,-55410264,-55410264,10438866,10438866,-160815294,-160815294,-162484511,-162484511
# status f = 850963842,0,1 : PASS_RHO (rho 0.95790, T 2949.6, 0s)
f = 891546363,0,1 | route RHO | claimed 0.92446593834574891104 | coeffs 433544055,260463007,260463007,-3614728,-3614728,-243676638,-243676638,-212439137,-212439137,-278927491,-278927491,-258139633,-258139633,-152871333,-152871333,-159051842,-159051842,-63457501,-63457501,-62874038,-62874038,97838234,97838234,8817885,8817885,-49536479,-49536479,-199444718,-199444718,-422187029,-422187029,-234278953,-234278953,-344325717,-344325717,-195870635,-195870635,-342978423,-342978423,-45249851,-45249851,-310188444,-310188444,-459014882,-459014882,-399703546,-399703546,-572885116,-572885116,-309321108,-309321108,-67138571,-67138571,-68013206,-68013206,-192069872,-192069872,-90706808,-90706808,-103354242,-103354242,-457915406,-457915406,-433544055
f = 891546363,0,1 | route T | claimed 1954.9304062759209562 | coeffs 278927491,278927491,258139633,258139633,152871333,152871333,159051842,159051842,63457501,63457501,62874038,62874038,-97838234,-97838234,-8817885,-8817885,49536479,49536479,199444718,199444718,422187029,422187029,234278953,234278953,344325717,344325717,195870635,195870635,342978423,342978423,45249851,45249851,310188444,310188444,459014882,459014882,399703546,399703546,572885116,572885116,309321108,309321108,67138571,67138571,68013206,68013206,192069872,192069872,90706808,90706808,103354242,103354242,457915406,457915406,433544055,433544055,260463007,260463007,-3614728,-3614728,-243676638,-243676638,-212439137,-212439137
# status f = 891546363,0,1 : PASS_RHO (rho 0.92447, T 1954.9, 0s)
f = 904930884,0,1 | route RHO | claimed 0.94564517000894115323 | coeffs -16117935,-40489286,-40489286,-141852350,-141852350,-384034887,-384034887,-443346223,-443346223,-741074795,-741074795,-631028031,-631028031,-481119792,-481119792,-641832064,-641832064,-635651555,-635651555,-569163201,-569163201,-305085466,-305085466,-659646630,-659646630,-783703296,-783703296,-520139288,-520139288,-668965726,-668965726,-816073514,-816073514,-628165438,-628165438,-686519802,-686519802,-685936339,-685936339,-580668039,-580668039,-549430538,-549430538,-722511586,-722511586,-709864152,-709864152,-708989517,-708989517,-535807947,-535807947,-270869354,-270869354,-419324436,-419324436,-196582125,-196582125,-107561776,-107561776,-203156117,-203156117,-223943975,-223943975,16117935
f = 904930884,0,1 | route T | claimed 2430.8663655748454911 | coeffs 668965726,816073514,816073514,628165438,628165438,686519802,686519802,685936339,685936339,580668039,580668039,549430538,549430538,722511586,722511586,709864152,709864152,708989517,708989517,535807947,535807947,270869354,270869354,419324436,419324436,196582125,196582125,107561776,107561776,203156117,203156117,223943975,223943975,-16117935,-16117935,-40489286,-40489286,-141852350,-141852350,-384034887,-384034887,-443346223,-443346223,-741074795,-741074795,-631028031,-631028031,-481119792,-481119792,-641832064,-641832064,-635651555,-635651555,-569163201,-569163201,-305085466,-305085466,-659646630,-659646630,-783703296,-783703296,-520139288,-520139288,-668965726
# status f = 904930884,0,1 : PASS_RHO (rho 0.94565, T 2430.9, 0s)
f = 934077653,0,1 | route RHO | claimed 0.95714115260644530657 | coeffs -207042416,-423292815,-423292815,-153442178,-153442178,-56969155,-56969155,21731147,21731147,-33094351,-33094351,79738767,79738767,80277080,80277080,-137278278,-137278278,-77879353,-77879353,6009905,6009905,-121566976,-121566976,-35635685,-35635685,-142565702,-142565702,7130941,7130941,-101542230,-101542230,-183830128,-183830128,-247610894,-247610894,61474290,61474290,-55261287,-55261287,-450454097,-450454097,-280474928,-280474928,-44987832,-44987832,34690629,34690629,67389309,67389309,248832823,248832823,97969659,97969659,303682694,303682694,251772998,251772998,284183156,284183156,462147026,462147026,591277645,591277645,207042416
f = 934077653,0,1 | route T | claimed 2605.9268352244108361 | coeffs -207042416,-423292815,-423292815,-153442178,-153442178,-56969155,-56969155,21731147,21731147,-33094351,-33094351,79738767,79738767,80277080,80277080,-137278278,-137278278,-77879353,-77879353,6009905,6009905,-121566976,-121566976,-35635685,-35635685,-142565702,-142565702,7130941,7130941,-101542230,-101542230,-183830128,-183830128,-247610894,-247610894,61474290,61474290,-55261287,-55261287,-450454097,-450454097,-280474928,-280474928,-44987832,-44987832,34690629,34690629,67389309,67389309,248832823,248832823,97969659,97969659,303682694,303682694,251772998,251772998,284183156,284183156,462147026,462147026,591277645,591277645,207042416
# status f = 934077653,0,1 : PASS_RHO (rho 0.95714, T 2605.9, 0s)
f = 980913893,0,1 | route RHO | claimed 0.96836378445315752975 | coeffs -438732162,-419455566,-419455566,-353030737,-353030737,-105909007,-105909007,341520493,341520493,58089008,58089008,344019421,344019421,236675383,236675383,472566922,472566922,375889556,375889556,247516863,247516863,238856244,238856244,388049670,388049670,555866353,555866353,540230426,540230426,421431516,421431516,657495652,657495652,348348347,348348347,405110824,405110824,451069347,451069347,569656257,569656257,539010956,539010956,675068391,675068391,507948629,507948629,686355933,686355933,644665313,644665313,539002135,539002135,447220951,447220951,668693204,668693204,515398390,515398390,364074730,364074730,450041045,450041045,438732162
f = 980913893,0,1 | route T | claimed 2858.0330222902749418 | coeffs 619396171,661355250,661355250,447930280,447930280,307721409,307721409,637227179,637227179,629478262,629478262,772473054,772473054,464439522,464439522,460041654,460041654,416498012,416498012,222113004,222113004,190606033,190606033,304391504,304391504,213789731,213789731,-13169893,-13169893,-259097455,-259097455,-472673437,-472673437,-557822241,-557822241,-391817229,-391817229,-529423469,-529423469,-461176625,-461176625,-474525126,-474525126,-487698930,-487698930,-368536407,-368536407,-586324952,-586324952,-401560118,-401560118,-608734575,-608734575,-538521179,-538521179,-429934102,-429934102,-631063081,-631063081,-301937193,-301937193,-418161231,-418161231,-619396171
# status f = 980913893,0,1 : PASS_RHO (rho 0.96836, T 2858.0, 0s)
f = 982333193,0,1 | route RHO | claimed 0.97008637598938699515 | coeffs -332237559,-332237559,-79431193,-79431193,241575445,241575445,359031654,359031654,525812077,525812077,583425290,583425290,556402889,556402889,374849324,374849324,169675847,169675847,166348480,166348480,270854318,270854318,298603444,298603444,89431076,89431076,-42057558,-42057558,-251619494,-251619494,-247060335,-247060335,-452585069,-452585069,-506658663,-506658663,-401640480,-401640480,-610645123,-610645123,-548352683,-548352683,-532245735,-532245735,-308417196,-308417196,-124589679,-124589679,-209884816,-209884816,-219275798,-219275798,-450186235,-450186235,-369413086,-369413086,-446869678,-446869678,-141177272,-141177272,71091446,71091446,178523140,178523140
f = 982333193,0,1 | route T | claimed 2860.0268852814814463 | coeffs 178523140,178523140,332237559,332237559,79431193,79431193,-241575445,-241575445,-359031654,-359031654,-525812077,-525812077,-583425290,-583425290,-556402889,-556402889,-374849324,-374849324,-169675847,-169675847,-166348480,-166348480,-270854318,-270854318,-298603444,-298603444,-89431076,-89431076,42057558,42057558,251619494,251619494,247060335,247060335,452585069,452585069,506658663,506658663,401640480,401640480,610645123,610645123,548352683,548352683,532245735,532245735,308417196,308417196,124589679,124589679,209884816,209884816,219275798,219275798,450186235,450186235,369413086,369413086,446869678,446869678,141177272,141177272,-71091446,-71091446
# status f = 982333193,0,1 : PASS_RHO (rho 0.97009, T 2860.0, 0s)
# summary n = 7 l = 1000412353 : EXCLUSION_CANDIDATE ; PASS 32 / 32 ; OPEN_NEAR 0 ; OPEN_FAR 0 ; 15s
