# FAMILY WITNESS FILE (generator family_gen.sage r10). n = 7 ; l = 1001148481 ; m = 64 ; deg = 2 ; ncomp = 32 ; bar_T = 4224 ; L_n = 16.3328709449664096755483535644
# line: f = c0,...,c_deg (monic, over F_l) | route RHO|T | claimed (rho or T, float) | coeffs a_0..a_{m-1}
f = 3117031,0,1 | route RHO | claimed 0.93472657125294926355 | coeffs 512427991,512427991,563443295,563443295,461168483,461168483,333546640,333546640,67566626,67566626,38900168,38900168,324473255,324473255,94168585,94168585,-83900706,-83900706,-128809918,-128809918,-171732955,-171732955,-314618245,-314618245,-350970737,-350970737,-463974437,-463974437,-387082337,-387082337,-454129736,-454129736,-545171010,-545171010,-793362439,-793362439,-662540823,-662540823,-635983875,-635983875,-363715638,-363715638,-213490345,-213490345,-75755316,-75755316,-9689532,-9689532,143939120,143939120,115511169,115511169,-165464114,-165464114,-302014565,-302014565,-399804910,-399804910,-586813508,-586813508,-603481746,-603481746,-378639261,-378639261
f = 3117031,0,1 | route T | claimed 2183.19545442374728 | coeffs 301244455,301244455,52528039,52528039,176148010,176148010,334771737,334771737,326583677,326583677,-28788699,-28788699,88333702,88333702,53792940,53792940,288359354,288359354,297744029,297744029,240136646,240136646,319061518,319061518,126853174,126853174,122828768,122828768,-50870210,-50870210,-70423350,-70423350,182293312,182293312,233749567,233749567,217724268,217724268,-36976352,-36976352,-64180130,-64180130,210943794,210943794,321700075,321700075,212473803,212473803,142985767,142985767,253396883,253396883,84285376,84285376,259374505,259374505,258026750,258026750,208883600,208883600,192501495,192501495,131849914,131849914
# status f = 3117031,0,1 : PASS_RHO (rho 0.93473, T 2183.2, 1s)
f = 52461951,0,1 | route RHO | claimed 0.93287727364124997345 | coeffs 894283332,782692173,782692173,874174202,874174202,915978629,915978629,908068170,908068170,735873314,735873314,943898529,943898529,860802780,860802780,941383955,941383955,737148881,737148881,523945680,523945680,383934360,383934360,363344695,363344695,164136667,164136667,60475971,60475971,177788712,177788712,-57918831,-57918831,-431641919,-431641919,-451540038,-451540038,-450829928,-450829928,-168733285,-168733285,-230023092,-230023092,-200026775,-200026775,-311571007,-311571007,-198896449,-198896449,-295826672,-295826672,-191418591,-191418591,-467525629,-467525629,-395712475,-395712475,-586749750,-586749750,-611404086,-611404086,-806427217,-806427217,-894283332
f = 52461951,0,1 | route T | claimed 2282.2159012810424694 | coeffs -293476999,-57559712,-57559712,299158053,299158053,372020816,372020816,678610505,678610505,651991493,651991493,688600048,688600048,505571282,505571282,588523543,588523543,788478453,788478453,836119055,836119055,557209689,557209689,660143224,660143224,562058918,562058918,435377852,435377852,282211669,282211669,617134490,617134490,734583115,734583115,565852529,565852529,610360343,610360343,708499568,708499568,539052518,539052518,596589835,596589835,379012311,379012311,340175687,340175687,470119718,470119718,382597097,382597097,296622634,296622634,104803938,104803938,242944451,242944451,128453637,128453637,219668385,219668385,293476999
# status f = 52461951,0,1 : PASS_RHO (rho 0.93288, T 2282.2, 0s)
f = 60997183,0,1 | route RHO | claimed 0.93472657125294926355 | coeffs -171732955,-128809918,-128809918,-83900706,-83900706,94168585,94168585,324473255,324473255,38900168,38900168,67566626,67566626,333546640,333546640,461168483,461168483,563443295,563443295,512427991,512427991,378639261,378639261,603481746,603481746,586813508,586813508,399804910,399804910,302014565,302014565,165464114,165464114,-115511169,-115511169,-143939120,-143939120,9689532,9689532,75755316,75755316,213490345,213490345,363715638,363715638,635983875,635983875,662540823,662540823,793362439,793362439,545171010,545171010,454129736,454129736,387082337,387082337,463974437,463974437,350970737,350970737,314618245,314618245,171732955
f = 60997183,0,1 | route T | claimed 3003.9755171783606149 | coeffs 142985767,212473803,212473803,321700075,321700075,210943794,210943794,-64180130,-64180130,-36976352,-36976352,217724268,217724268,233749567,233749567,182293312,182293312,-70423350,-70423350,-50870210,-50870210,122828768,122828768,126853174,126853174,319061518,319061518,240136646,240136646,297744029,297744029,288359354,288359354,53792940,53792940,88333702,88333702,-28788699,-28788699,326583677,326583677,334771737,334771737,176148010,176148010,52528039,52528039,301244455,301244455,-131849914,-131849914,-192501495,-192501495,-208883600,-208883600,-258026750,-258026750,-259374505,-259374505,-84285376,-84285376,-253396883,-253396883,-142985767
# status f = 60997183,0,1 : PASS_RHO (rho 0.93473, T 3004.0, 1s)
f = 123252972,0,1 | route RHO | claimed 0.93831855561551435667 | coeffs -186626806,-186626806,-119579407,-119579407,-76656370,-76656370,-47989912,-47989912,-181778642,-181778642,-318329093,-318329093,-180594064,-180594064,-428785493,-428785493,-465137985,-465137985,-695442655,-695442655,-797717467,-797717467,-610708869,-610708869,-764337521,-764337521,-790894469,-790894469,-867786569,-867786569,-822877357,-822877357,-556897343,-556897343,-332054858,-332054858,-613030141,-613030141,-462804848,-462804848,-553846122,-553846122,-696731412,-696731412,-411158325,-411158325,-360143021,-360143021,-262352676,-262352676,-328418460,-328418460,-459240076,-459240076,-346236376,-346236376,-168167085,-168167085,-40545242,-40545242,-57213480,-57213480,-85641431,-85641431
f = 123252972,0,1 | route T | claimed 2318.7192804265186972 | coeffs 96978464,96978464,321697209,321697209,397650070,397650070,484136596,484136596,362622779,362622779,564395699,564395699,595974465,595974465,394707079,394707079,230308103,230308103,266096744,266096744,-225135703,-225135703,-79016667,-79016667,6881441,6881441,-108564206,-108564206,134018311,134018311,299935576,299935576,371087102,371087102,203084661,203084661,244881632,244881632,169821325,169821325,170583894,170583894,26292781,26292781,-306508184,-306508184,-62299157,-62299157,-142997538,-142997538,-58716246,-58716246,-202470424,-202470424,-14772581,-14772581,4508260,4508260,-88180559,-88180559,-5167596,-5167596,-4202724,-4202724
# status f = 123252972,0,1 : PASS_RHO (rho 0.93832, T 2318.7, 0s)
f = 130670670,0,1 | route RHO | claimed 0.91447532507039547739 | coeffs 185236305,457504542,457504542,508519846,508519846,431627746,431627746,295077295,295077295,117008004,117008004,-33217289,-33217289,69057523,69057523,2010124,2010124,99800469,99800469,144709681,144709681,282444710,282444710,154822867,154822867,245864141,245864141,58855543,58855543,15932506,15932506,-50133278,-50133278,215846736,215846736,-32344693,-32344693,-15676455,-15676455,127208835,127208835,280837487,280837487,252171029,252171029,121349413,121349413,346191898,346191898,309839406,309839406,338267357,338267357,52694270,52694270,79251218,79251218,213039948,213039948,326043648,326043648,45068365,45068365,-185236305
f = 130670670,0,1 | route T | claimed 2241.8523555253104592 | coeffs -366480720,-197750134,-197750134,19827390,19827390,211646086,211646086,447563373,447563373,484171928,484171928,205262562,205262562,540185383,540185383,370738333,370738333,283215712,283215712,374430460,374430460,67840771,67840771,-132114139,-132114139,-5433073,-5433073,-49940887,-49940887,-11104263,-11104263,-149244776,-149244776,207472989,207472989,24444223,24444223,127377758,127377758,244826383,244826383,302363700,302363700,216389237,216389237,290197851,290197851,316816863,316816863,269176261,269176261,422342444,422342444,324203219,324203219,194259188,194259188,308750002,308750002,381612765,381612765,464565026,464565026,366480720
# status f = 130670670,0,1 : PASS_RHO (rho 0.91448, T 2241.9, 0s)
f = 172956548,0,1 | route RHO | claimed 0.92837639094227652546 | coeffs -181858639,-312680255,-312680255,-357589467,-357589467,-491378197,-491378197,-557443981,-557443981,-480551881,-480551881,-451885423,-451885423,-354095078,-354095078,-327538130,-327538130,-284615093,-284615093,-233599789,-233599789,-79971137,-79971137,-12923738,-12923738,272649349,272649349,85640751,85640751,-186627486,-186627486,-329512776,-329512776,-227237964,-227237964,-198810013,-198810013,-289851287,-289851287,-59546617,-59546617,-42878379,-42878379,107346914,107346914,143699406,143699406,16077563,16077563,-264897720,-264897720,-16706291,-16706291,-194775582,-194775582,30066903,30066903,-107668126,-107668126,-220671826,-220671826,45308188,45308188,181858639
f = 172956548,0,1 | route T | claimed 2303.8027925690508189 | coeffs 378716646,35232364,35232364,184517686,184517686,77906893,77906893,-23466536,-23466536,11532192,11532192,256518925,256518925,340639030,340639030,614779683,614779683,667449831,667449831,573092250,573092250,451090143,451090143,275500992,275500992,222311933,222311933,462709505,462709505,394027379,394027379,523009818,523009818,440269559,440269559,537301266,537301266,590989150,590989150,663154294,663154294,837661777,837661777,574288129,574288129,625879726,625879726,551658302,551658302,668821732,668821732,611832011,611832011,441242462,441242462,374956677,374956677,9855794,9855794,36248353,36248353,-195476215,-195476215,-378716646
# status f = 172956548,0,1 : PASS_RHO (rho 0.92838, T 2303.8, 0s)
f = 197084450,0,1 | route RHO | claimed 0.87226545999292808246 | coeffs -389809647,-389809647,-287534835,-287534835,-424085286,-424085286,-151817049,-151817049,-264820749,-264820749,20752338,20752338,-204090147,-204090147,-357718799,-357718799,-109527370,-109527370,-66604333,-66604333,61017510,61017510,-36772835,-36772835,113452458,113452458,190344558,190344558,-39960112,-39960112,93828618,93828618,122256569,122256569,-8565047,-8565047,134320243,134320243,400300257,400300257,213291659,213291659,351026688,351026688,283979289,283979289,105909998,105909998,156925302,156925302,437900585,437900585,411343637,411343637,447696129,447696129,476362587,476362587,459694349,459694349,525760133,525760133,434718859,434718859
f = 197084450,0,1 | route T | claimed 2157.9799199533480578 | coeffs 93828618,93828618,122256569,122256569,-8565047,-8565047,134320243,134320243,400300257,400300257,213291659,213291659,351026688,351026688,283979289,283979289,105909998,105909998,156925302,156925302,437900585,437900585,411343637,411343637,447696129,447696129,476362587,476362587,459694349,459694349,525760133,525760133,434718859,434718859,389809647,389809647,287534835,287534835,424085286,424085286,151817049,151817049,264820749,264820749,-20752338,-20752338,204090147,204090147,357718799,357718799,109527370,109527370,66604333,66604333,-61017510,-61017510,36772835,36772835,-113452458,-113452458,-190344558,-190344558,39960112,39960112
# status f = 197084450,0,1 : PASS_RHO (rho 0.87227, T 2158.0, 0s)
f = 210271933,0,1 | route RHO | claimed 0.92641928352290653106 | coeffs -65247104,99693780,99693780,275175621,275175621,-41174812,-41174812,204475044,204475044,357101880,357101880,387318250,387318250,206454162,206454162,30927261,30927261,-67185930,-67185930,69765510,69765510,297624309,297624309,216537259,216537259,173452928,173452928,445864992,445864992,108924894,108924894,159551619,159551619,332076574,332076574,190098088,190098088,121908558,121908558,86392977,86392977,12934122,12934122,-223837526,-223837526,11931732,11931732,42388914,42388914,-213898618,-213898618,-132523829,-132523829,-233756384,-233756384,-141325232,-141325232,61196040,61196040,123452628,123452628,-16550056,-16550056,65247104
f = 210271933,0,1 | route T | claimed 2253.5222597098069529 | coeffs -215985306,-308761046,-308761046,-140758605,-140758605,-64805744,-64805744,-139866051,-139866051,-18352234,-18352234,125938879,125938879,157517645,157517645,401726672,401726672,566125648,566125648,481844356,481844356,-9388091,-9388091,178309752,178309752,92411644,92411644,185100463,185100463,427682980,427682980,428647852,428647852,357496326,357496326,582215071,582215071,624012042,624012042,537525516,537525516,536762947,536762947,738535867,738535867,405734902,405734902,607002288,607002288,687700669,687700669,723489310,723489310,579735132,579735132,433616096,433616096,414335255,414335255,298889608,298889608,381902571,381902571,215985306
# status f = 210271933,0,1 : PASS_RHO (rho 0.92642, T 2253.5, 0s)
f = 251916244,0,1 | route RHO | claimed 0.93831855561551435667 | coeffs -346236376,-459240076,-459240076,-328418460,-328418460,-262352676,-262352676,-360143021,-360143021,-411158325,-411158325,-696731412,-696731412,-553846122,-553846122,-462804848,-462804848,-613030141,-613030141,-332054858,-332054858,-556897343,-556897343,-822877357,-822877357,-867786569,-867786569,-790894469,-790894469,-764337521,-764337521,-610708869,-610708869,-797717467,-797717467,-695442655,-695442655,-465137985,-465137985,-428785493,-428785493,-180594064,-180594064,-318329093,-318329093,-181778642,-181778642,-47989912,-47989912,-76656370,-76656370,-119579407,-119579407,-186626806,-186626806,85641431,85641431,57213480,57213480,40545242,40545242,168167085,168167085,346236376
f = 251916244,0,1 | route T | claimed 3167.0889146294775181 | coeffs -411158325,-696731412,-696731412,-553846122,-553846122,-462804848,-462804848,-613030141,-613030141,-332054858,-332054858,-556897343,-556897343,-822877357,-822877357,-867786569,-867786569,-790894469,-790894469,-764337521,-764337521,-610708869,-610708869,-797717467,-797717467,-695442655,-695442655,-465137985,-465137985,-428785493,-428785493,-180594064,-180594064,-318329093,-318329093,-181778642,-181778642,-47989912,-47989912,-76656370,-76656370,-119579407,-119579407,-186626806,-186626806,85641431,85641431,57213480,57213480,40545242,40545242,168167085,168167085,346236376,346236376,459240076,459240076,328418460,328418460,262352676,262352676,360143021,360143021,411158325
# status f = 251916244,0,1 : PASS_RHO (rho 0.93832, T 3167.1, 0s)
f = 280610977,0,1 | route RHO | claimed 0.94274389156275188118 | coeffs 138202128,20889387,20889387,228914602,228914602,37877327,37877327,-244219316,-244219316,-384230636,-384230636,-475712665,-475712665,-378782442,-378782442,-614489985,-614489985,-531394236,-531394236,-506739900,-506739900,-568029707,-568029707,-547440042,-547440042,-505635615,-505635615,-401227534,-401227534,-27504446,-27504446,53076729,53076729,-141946402,-141946402,-171942719,-171942719,-371150747,-371150747,-363240288,-363240288,-87133250,-87133250,-107031369,-107031369,97203705,97203705,185059820,185059820,73515588,73515588,177176284,177176284,4981428,4981428,76794582,76794582,76084472,76084472,-137118729,-137118729,-25527570,-25527570,-138202128
f = 280610977,0,1 | route T | claimed 2618.5278868554137974 | coeffs 288955370,245451243,245451243,671053982,671053982,353335641,353335641,97858010,97858010,149665386,149665386,102691171,102691171,151980792,151980792,152190536,152190536,196449661,196449661,374270180,374270180,349588928,349588928,508319106,508319106,451984308,451984308,277483023,277483023,294488346,294488346,245125490,245125490,385025180,385025180,538057629,538057629,453340415,453340415,291803824,291803824,464977327,464977327,517941971,517941971,634654424,634654424,605061914,605061914,576469943,576469943,771345387,771345387,541613214,541613214,515342062,515342062,208042263,208042263,80813525,80813525,23674098,23674098,-288955370
# status f = 280610977,0,1 : PASS_RHO (rho 0.94274, T 2618.5, 0s)
f = 306419746,0,1 | route RHO | claimed 0.90926328942572410643 | coeffs 126914814,126914814,168719241,168719241,144064905,144064905,240995128,240995128,523091771,523091771,405779030,405779030,192575829,192575829,364770685,364770685,452626800,452626800,176519762,176519762,146523445,146523445,-227199643,-227199643,-206609978,-206609978,-289705727,-289705727,-381187756,-381187756,-190150481,-190150481,-77475923,-77475923,-78186033,-78186033,-181846729,-181846729,22388345,22388345,14477886,14477886,-180545245,-180545245,-284953326,-284953326,-346243133,-346243133,-110535590,-110535590,-250546910,-250546910,-458572125,-458572125,-570163284,-570163284,-498350130,-498350130,-386805898,-386805898,-406704017,-406704017,-207495989,-207495989
f = 306419746,0,1 | route T | claimed 2612.5713444887498942 | coeffs 317398467,111815638,111815638,100172957,100172957,418816059,418816059,248100216,248100216,74823609,74823609,14205195,14205195,-19482463,-19482463,-60173664,-60173664,78621273,78621273,41348881,41348881,-239306858,-239306858,-223433145,-223433145,10453196,10453196,184572641,184572641,109254667,109254667,195011447,195011447,99733326,99733326,442481550,442481550,341194108,341194108,483363283,483363283,586070103,586070103,752851090,752851090,493126157,493126157,411673585,411673585,46138557,46138557,-42498050,-42498050,-183201182,-183201182,-225540061,-225540061,-287219448,-287219448,-333168617,-333168617,-223122446,-223122446,-317398467
# status f = 306419746,0,1 : PASS_RHO (rho 0.90926, T 2612.6, 0s)
f = 388026040,0,1 | route RHO | claimed 0.92489225730448641265 | coeffs 428523253,180331824,180331824,452600061,452600061,518665845,518665845,237690562,237690562,50681964,50681964,-83106766,-83106766,44515077,44515077,-241058010,-241058010,-196148798,-196148798,-159796306,-159796306,-92748907,-92748907,-223570523,-223570523,-373795816,-373795816,-527424468,-527424468,-390874017,-390874017,-374205779,-374205779,-323190475,-323190475,-589170489,-589170489,-819475159,-819475159,-862398196,-862398196,-975401896,-975401896,-1066443170,-1066443170,-1039886222,-1039886222,-902151193,-902151193,-930579144,-930579144,-1028369489,-1028369489,-803527004,-803527004,-701252192,-701252192,-672585734,-672585734,-494516443,-494516443,-351631153,-351631153,-428523253
f = 388026040,0,1 | route T | claimed 2206.7959732839824536 | coeffs 491040331,450150164,450150164,418144545,418144545,542199935,542199935,405704848,405704848,243609747,243609747,498670449,498670449,345753170,345753170,427348110,427348110,524855234,524855234,50569966,50569966,849696,849696,239728979,239728979,193437955,193437955,-100813544,-100813544,171190000,171190000,32742479,32742479,-203336952,-203336952,-260166146,-260166146,-276428438,-276428438,-328415343,-328415343,-99473069,-99473069,-394455002,-394455002,-331692501,-331692501,-237589670,-237589670,108817976,108817976,-47214049,-47214049,-130498091,-130498091,-24372023,-24372023,-219384961,-219384961,-287157901,-287157901,-326802939,-326802939,-491040331
# status f = 388026040,0,1 : PASS_RHO (rho 0.92489, T 2206.8, 0s)
f = 410126744,0,1 | route RHO | claimed 0.87226545999292808246 | coeffs 476362587,476362587,447696129,447696129,411343637,411343637,437900585,437900585,156925302,156925302,105909998,105909998,283979289,283979289,351026688,351026688,213291659,213291659,400300257,400300257,134320243,134320243,-8565047,-8565047,122256569,122256569,93828618,93828618,-39960112,-39960112,190344558,190344558,113452458,113452458,-36772835,-36772835,61017510,61017510,-66604333,-66604333,-109527370,-109527370,-357718799,-357718799,-204090147,-204090147,20752338,20752338,-264820749,-264820749,-151817049,-151817049,-424085286,-424085286,-287534835,-287534835,-389809647,-389809647,-434718859,-434718859,-525760133,-525760133,-459694349,-459694349
f = 410126744,0,1 | route T | claimed 2180.3970739528236476 | coeffs 66604333,66604333,109527370,109527370,357718799,357718799,204090147,204090147,-20752338,-20752338,264820749,264820749,151817049,151817049,424085286,424085286,287534835,287534835,389809647,389809647,434718859,434718859,525760133,525760133,459694349,459694349,476362587,476362587,447696129,447696129,411343637,411343637,437900585,437900585,156925302,156925302,105909998,105909998,283979289,283979289,351026688,351026688,213291659,213291659,400300257,400300257,134320243,134320243,-8565047,-8565047,122256569,122256569,93828618,93828618,-39960112,-39960112,190344558,190344558,113452458,113452458,-36772835,-36772835,61017510,61017510
# status f = 410126744,0,1 : PASS_RHO (rho 0.87227, T 2180.4, 0s)
f = 413177355,0,1 | route RHO | claimed 0.91659029713462308737 | coeffs -172121609,100146628,100146628,55237416,55237416,71905654,71905654,45348706,45348706,223417997,223417997,36409399,36409399,167231015,167231015,-63073655,-63073655,34716690,34716690,282908119,282908119,-2664968,-2664968,-139215419,-139215419,-230256693,-230256693,-258923151,-258923151,22052132,22052132,89099531,89099531,355079545,355079545,326651594,326651594,403543694,403543694,275921851,275921851,122293199,122293199,235296899,235296899,337571711,337571711,403637495,403637495,367285003,367285003,418300307,418300307,280565278,280565278,423450568,423450568,289661838,289661838,439887131,439887131,396964094,396964094,172121609
f = 413177355,0,1 | route T | claimed 2939.5141286769916325 | coeffs -652336846,-303660543,-303660543,-484133898,-484133898,-582395125,-582395125,-514170560,-514170560,-229499589,-229499589,-163067334,-163067334,-32443953,-32443953,298768038,298768038,152083789,152083789,204247710,204247710,-81919503,-81919503,72266073,72266073,106305414,106305414,293168900,293168900,185009706,185009706,150109897,150109897,252830492,252830492,442025747,442025747,448275647,448275647,424629596,424629596,385635970,385635970,169391091,169391091,247716211,247716211,338007610,338007610,583227750,583227750,339472848,339472848,570507459,570507459,504140957,504140957,523405515,523405515,447206460,447206460,312591447,312591447,652336846
# status f = 413177355,0,1 : PASS_RHO (rho 0.91659, T 2939.5, 0s)
f = 469993222,0,1 | route RHO | claimed 0.90282388111313827757 | coeffs -752576280,-752576280,-965779481,-965779481,-770756350,-770756350,-1052852993,-1052852993,-848617919,-848617919,-873272255,-873272255,-872562145,-872562145,-791980970,-791980970,-600943695,-600943695,-581045576,-581045576,-497949827,-497949827,-426136673,-426136673,-799859761,-799859761,-591834546,-591834546,-315727508,-315727508,-80019965,-80019965,92174891,92174891,196582972,196582972,313895713,313895713,305985254,305985254,402915477,402915477,506576173,506576173,464771746,464771746,577446304,577446304,378238276,378238276,469720305,469720305,581264537,581264537,601854202,601854202,713445361,713445361,743441678,743441678,603430358,603430358,691286473,691286473
f = 469993222,0,1 | route T | claimed 3327.3641146589688536 | coeffs 305985254,402915477,402915477,506576173,506576173,464771746,464771746,577446304,577446304,378238276,378238276,469720305,469720305,581264537,581264537,601854202,601854202,713445361,713445361,743441678,743441678,603430358,603430358,691286473,691286473,752576280,752576280,965779481,965779481,770756350,770756350,1052852993,1052852993,848617919,848617919,873272255,873272255,872562145,872562145,791980970,791980970,600943695,600943695,581045576,581045576,497949827,497949827,426136673,426136673,799859761,799859761,591834546,591834546,315727508,315727508,80019965,80019965,-92174891,-92174891,-196582972,-196582972,-313895713,-313895713,-305985254
# status f = 469993222,0,1 : PASS_RHO (rho 0.90282, T 3327.4, 0s)
f = 472636956,0,1 | route RHO | claimed 0.87624193079398570032 | coeffs 588084011,588084011,718905627,718905627,846527470,846527470,574259233,574259233,545592775,545592775,683327804,683327804,913632474,913632474,760003822,760003822,715094610,715094610,434119327,434119327,577004617,577004617,674794962,674794962,561791262,561791262,545123024,545123024,612170423,612170423,745959153,745959153,497767724,497767724,600042536,600042536,573485588,573485588,307505574,307505574,457730867,457730867,172157780,172157780,106091996,106091996,-71977295,-71977295,-100405246,-100405246,-57482209,-57482209,79068242,79068242,42715750,42715750,-144292848,-144292848,-221184948,-221184948,-446027433,-446027433,-537068707,-537068707
f = 472636956,0,1 | route T | claimed 1987.0218933495117703 | coeffs -10820361,74780052,74780052,254467893,254467893,157531772,157531772,-79053510,-79053510,176119365,176119365,82741432,82741432,52966425,52966425,21884515,21884515,364351965,364351965,542732892,542732892,736070827,736070827,796468012,796468012,630369006,630369006,656217160,656217160,710640263,710640263,654823213,654823213,601798592,601798592,877518657,877518657,566848761,566848761,237666225,237666225,253958980,253958980,406169054,406169054,542374932,542374932,460139599,460139599,425398123,425398123,415516607,415516607,482520036,482520036,305529920,305529920,234524583,234524583,338571954,338571954,226128400,226128400,10820361
# status f = 472636956,0,1 : PASS_RHO (rho 0.87624, T 1987.0, 0s)
f = 528511525,0,1 | route RHO | claimed 0.94274389156275188118 | coeffs -137118729,-137118729,76084472,76084472,76794582,76794582,4981428,4981428,177176284,177176284,73515588,73515588,185059820,185059820,97203705,97203705,-107031369,-107031369,-87133250,-87133250,-363240288,-363240288,-371150747,-371150747,-171942719,-171942719,-141946402,-141946402,53076729,53076729,-27504446,-27504446,-401227534,-401227534,-505635615,-505635615,-547440042,-547440042,-568029707,-568029707,-506739900,-506739900,-531394236,-531394236,-614489985,-614489985,-378782442,-378782442,-475712665,-475712665,-384230636,-384230636,-244219316,-244219316,37877327,37877327,228914602,228914602,20889387,20889387,138202128,138202128,25527570,25527570
f = 528511525,0,1 | route T | claimed 2418.4047704261452581 | coeffs 198541772,198541772,305152565,305152565,248162844,248162844,165422585,165422585,439563238,439563238,671287806,671287806,934661454,934661454,987850513,987850513,1089223942,1089223942,918634393,918634393,1015666100,1015666100,1068336248,1068336248,1251576679,1251576679,1199985082,1199985082,959587510,959587510,924588782,924588782,858302997,858302997,911990881,911990881,817633300,817633300,474149018,474149018,548370442,548370442,617052568,617052568,372065835,372065835,6964952,6964952,79130096,79130096,-42872011,-42872011,106413311,106413311,-10750119,-10750119,-139732558,-139732558,-223852663,-223852663,-197460104,-197460104,-22952621,-22952621
# status f = 528511525,0,1 : PASS_RHO (rho 0.94274, T 2418.4, 0s)
f = 531155259,0,1 | route RHO | claimed 0.92489225730448641265 | coeffs -223570523,-223570523,-92748907,-92748907,-159796306,-159796306,-196148798,-196148798,-241058010,-241058010,44515077,44515077,-83106766,-83106766,50681964,50681964,237690562,237690562,518665845,518665845,452600061,452600061,180331824,180331824,428523253,428523253,351631153,351631153,494516443,494516443,672585734,672585734,701252192,701252192,803527004,803527004,1028369489,1028369489,930579144,930579144,902151193,902151193,1039886222,1039886222,1066443170,1066443170,975401896,975401896,862398196,862398196,819475159,819475159,589170489,589170489,323190475,323190475,374205779,374205779,390874017,390874017,527424468,527424468,373795816,373795816
f = 531155259,0,1 | route T | claimed 2327.6457254528387653 | coeffs 104465325,201401446,201401446,145584396,145584396,216589733,216589733,38208806,38208806,174414684,174414684,-62170598,-62170598,-9145977,-9145977,94901394,94901394,288239329,288239329,370474662,370474662,115301787,115301787,391021852,391021852,503465406,503465406,443068221,443068221,408326745,408326745,314948812,314948812,625618708,625618708,410310669,410310669,244211663,244211663,254093179,254093179,283868186,283868186,-45314350,-45314350,40286063,40286063,14437909,14437909,81441338,81441338,50359428,50359428,34066673,34066673,-145621168,-145621168,-91198065,-91198065,85792051,85792051,-256675399,-256675399,-104465325
# status f = 531155259,0,1 : PASS_RHO (rho 0.92489, T 2327.6, 0s)
f = 587971126,0,1 | route RHO | claimed 0.92641928352290653106 | coeffs 141325232,141325232,233756384,233756384,132523829,132523829,213898618,213898618,-42388914,-42388914,-11931732,-11931732,223837526,223837526,-12934122,-12934122,-86392977,-86392977,-121908558,-121908558,-190098088,-190098088,-332076574,-332076574,-159551619,-159551619,-108924894,-108924894,-445864992,-445864992,-173452928,-173452928,-216537259,-216537259,-297624309,-297624309,-69765510,-69765510,67185930,67185930,-30927261,-30927261,-206454162,-206454162,-387318250,-387318250,-357101880,-357101880,-204475044,-204475044,41174812,41174812,-275175621,-275175621,-99693780,-99693780,65247104,65247104,-16550056,-16550056,123452628,123452628,61196040,61196040
f = 587971126,0,1 | route T | claimed 2149.9585968701899137 | coeffs -401726672,-401726672,-157517645,-157517645,-125938879,-125938879,18352234,18352234,139866051,139866051,64805744,64805744,140758605,140758605,308761046,308761046,215985306,215985306,381902571,381902571,298889608,298889608,414335255,414335255,433616096,433616096,579735132,579735132,723489310,723489310,687700669,687700669,607002288,607002288,405734902,405734902,738535867,738535867,536762947,536762947,537525516,537525516,624012042,624012042,582215071,582215071,357496326,357496326,428647852,428647852,427682980,427682980,185100463,185100463,92411644,92411644,178309752,178309752,-9388091,-9388091,481844356,481844356,566125648,566125648
# status f = 587971126,0,1 : PASS_RHO (rho 0.92642, T 2150.0, 0s)
f = 591021737,0,1 | route RHO | claimed 0.94175542169681577615 | coeffs -461050071,-461050071,-737157109,-737157109,-950360310,-950360310,-853430087,-853430087,-934011262,-934011262,-1045555494,-1045555494,-837530279,-837530279,-776240472,-776240472,-768330013,-768330013,-767619903,-767619903,-676137874,-676137874,-302414786,-302414786,-390270901,-390270901,-272958160,-272958160,-248303824,-248303824,-49095796,-49095796,22717358,22717358,-117293962,-117293962,-221702043,-221702043,-17466969,-17466969,95207589,95207589,12111840,12111840,-17884477,-17884477,154310379,154310379,436407022,436407022,478211449,478211449,498109568,498109568,609700727,609700727,373993184,373993184,569016315,569016315,672677011,672677011,481639736,481639736
f = 591021737,0,1 | route T | claimed 2353.78591702627758 | coeffs -121946016,48643533,48643533,224232684,224232684,-140868199,-140868199,99529373,99529373,331253941,331253941,202271502,202271502,545755784,545755784,642787491,642787491,536176698,536176698,464011554,464011554,429012826,429012826,165639178,165639178,249759283,249759283,323980707,323980707,271310559,271310559,214320838,214320838,92318731,92318731,158604516,158604516,211793575,211793575,238186134,238186134,169504008,169504008,352744439,352744439,435484698,435484698,286199376,286199376,339887260,339887260,238513831,238513831,64006348,64006348,-180980385,-180980385,-129388788,-129388788,144751865,144751865,27588435,27588435,121946016
# status f = 591021737,0,1 : PASS_RHO (rho 0.94176, T 2353.8, 0s)
f = 613122441,0,1 | route RHO | claimed 0.90282388111313827757 | coeffs 315727508,591834546,591834546,799859761,799859761,426136673,426136673,497949827,497949827,581045576,581045576,600943695,600943695,791980970,791980970,872562145,872562145,873272255,873272255,848617919,848617919,1052852993,1052852993,770756350,770756350,965779481,965779481,752576280,752576280,691286473,691286473,603430358,603430358,743441678,743441678,713445361,713445361,601854202,601854202,581264537,581264537,469720305,469720305,378238276,378238276,577446304,577446304,464771746,464771746,506576173,506576173,402915477,402915477,305985254,305985254,313895713,313895713,196582972,196582972,92174891,92174891,-80019965,-80019965,-315727508
f = 613122441,0,1 | route T | claimed 1912.4151372416837274 | coeffs -200966323,-156057111,-156057111,-192409603,-192409603,-125362204,-125362204,5459412,5459412,-144765881,-144765881,8862771,8862771,145413222,145413222,128744984,128744984,179760288,179760288,445740302,445740302,215435632,215435632,258358669,258358669,145354969,145354969,236396243,236396243,262953191,262953191,125218162,125218162,96790211,96790211,194580556,194580556,419423041,419423041,317148229,317148229,345814687,345814687,167745396,167745396,310630686,310630686,387522786,387522786,635714215,635714215,907982452,907982452,841916668,841916668,560941385,560941385,747949983,747949983,614161253,614161253,486539410,486539410,200966323
# status f = 613122441,0,1 : PASS_RHO (rho 0.90282, T 1912.4, 0s)
f = 694728735,0,1 | route RHO | claimed 0.91447532507039547739 | coeffs -154822867,-154822867,-282444710,-282444710,-144709681,-144709681,-99800469,-99800469,-2010124,-2010124,-69057523,-69057523,33217289,33217289,-117008004,-117008004,-295077295,-295077295,-431627746,-431627746,-508519846,-508519846,-457504542,-457504542,-185236305,-185236305,45068365,45068365,326043648,326043648,213039948,213039948,79251218,79251218,52694270,52694270,338267357,338267357,309839406,309839406,346191898,346191898,121349413,121349413,252171029,252171029,280837487,280837487,127208835,127208835,-15676455,-15676455,-32344693,-32344693,215846736,215846736,-50133278,-50133278,15932506,15932506,58855543,58855543,245864141,245864141
f = 694728735,0,1 | route T | claimed 1681.0886731975360435 | coeffs -457504542,-185236305,-185236305,45068365,45068365,326043648,326043648,213039948,213039948,79251218,79251218,52694270,52694270,338267357,338267357,309839406,309839406,346191898,346191898,121349413,121349413,252171029,252171029,280837487,280837487,127208835,127208835,-15676455,-15676455,-32344693,-32344693,215846736,215846736,-50133278,-50133278,15932506,15932506,58855543,58855543,245864141,245864141,154822867,154822867,282444710,282444710,144709681,144709681,99800469,99800469,2010124,2010124,69057523,69057523,-33217289,-33217289,117008004,117008004,295077295,295077295,431627746,431627746,508519846,508519846,457504542
# status f = 694728735,0,1 : PASS_RHO (rho 0.91448, T 1681.1, 0s)
f = 720537504,0,1 | route RHO | claimed 0.87624193079398570032 | coeffs -573485588,-600042536,-600042536,-497767724,-497767724,-745959153,-745959153,-612170423,-612170423,-545123024,-545123024,-561791262,-561791262,-674794962,-674794962,-577004617,-577004617,-434119327,-434119327,-715094610,-715094610,-760003822,-760003822,-913632474,-913632474,-683327804,-683327804,-545592775,-545592775,-574259233,-574259233,-846527470,-846527470,-718905627,-718905627,-588084011,-588084011,-537068707,-537068707,-446027433,-446027433,-221184948,-221184948,-144292848,-144292848,42715750,42715750,79068242,79068242,-57482209,-57482209,-100405246,-100405246,-71977295,-71977295,106091996,106091996,172157780,172157780,457730867,457730867,307505574,307505574,573485588
f = 720537504,0,1 | route T | claimed 1692.7499154839663421 | coeffs -588084011,-588084011,-537068707,-537068707,-446027433,-446027433,-221184948,-221184948,-144292848,-144292848,42715750,42715750,79068242,79068242,-57482209,-57482209,-100405246,-100405246,-71977295,-71977295,106091996,106091996,172157780,172157780,457730867,457730867,307505574,307505574,573485588,573485588,600042536,600042536,497767724,497767724,745959153,745959153,612170423,612170423,545123024,545123024,561791262,561791262,674794962,674794962,577004617,577004617,434119327,434119327,715094610,715094610,760003822,760003822,913632474,913632474,683327804,683327804,545592775,545592775,574259233,574259233,846527470,846527470,718905627,718905627
# status f = 720537504,0,1 : PASS_RHO (rho 0.87624, T 1692.7, 0s)
f = 749232237,0,1 | route RHO | claimed 0.92246436655517585629 | coeffs 132221870,132221870,417794957,417794957,560680247,560680247,469638973,469638973,319413680,319413680,38438397,38438397,-186404088,-186404088,79575926,79575926,34666714,34666714,-42225386,-42225386,-15668438,-15668438,-169297090,-169297090,-356305688,-356305688,-458580500,-458580500,-228275830,-228275830,-264628322,-264628322,-16436893,-16436893,121298136,121298136,257848587,257848587,124059857,124059857,95393399,95393399,138316436,138316436,71269037,71269037,-200999200,-200999200,-229427151,-229427151,-212758913,-212758913,-85137070,-85137070,-263206361,-263206361,-150202661,-150202661,-19381045,-19381045,-85446829,-85446829,-183237174,-183237174
f = 749232237,0,1 | route T | claimed 2435.5159737807967861 | coeffs -166473819,-374813,-374813,179313028,179313028,315518906,315518906,255121721,255121721,340722134,340722134,492932208,492932208,299594273,299594273,514902312,514902312,531195067,531195067,352814140,352814140,465257694,465257694,136075158,136075158,-206392292,-206392292,-310439663,-310439663,-621109559,-621109559,-590027649,-590027649,-519022312,-519022312,-243302247,-243302247,-213527240,-213527240,-36537124,-36537124,-89561745,-89561745,3816188,3816188,-63187241,-63187241,-119004291,-119004291,-374177166,-374177166,-364295650,-364295650,-309872547,-309872547,-73287265,-73287265,-38545789,-38545789,-12697635,-12697635,84238486,84238486,166473819
# status f = 749232237,0,1 : PASS_RHO (rho 0.92246, T 2435.5, 0s)
f = 790876548,0,1 | route RHO | claimed 0.91659029713462308737 | coeffs -139215419,-2664968,-2664968,282908119,282908119,34716690,34716690,-63073655,-63073655,167231015,167231015,36409399,36409399,223417997,223417997,45348706,45348706,71905654,71905654,55237416,55237416,100146628,100146628,-172121609,-172121609,-396964094,-396964094,-439887131,-439887131,-289661838,-289661838,-423450568,-423450568,-280565278,-280565278,-418300307,-418300307,-367285003,-367285003,-403637495,-403637495,-337571711,-337571711,-235296899,-235296899,-122293199,-122293199,-275921851,-275921851,-403543694,-403543694,-326651594,-326651594,-355079545,-355079545,-89099531,-89099531,-22052132,-22052132,258923151,258923151,230256693,230256693,139215419
f = 790876548,0,1 | route T | claimed 2243.8360324353659165 | coeffs -100146628,172121609,172121609,396964094,396964094,439887131,439887131,289661838,289661838,423450568,423450568,280565278,280565278,418300307,418300307,367285003,367285003,403637495,403637495,337571711,337571711,235296899,235296899,122293199,122293199,275921851,275921851,403543694,403543694,326651594,326651594,355079545,355079545,89099531,89099531,22052132,22052132,-258923151,-258923151,-230256693,-230256693,-139215419,-139215419,-2664968,-2664968,282908119,282908119,34716690,34716690,-63073655,-63073655,167231015,167231015,36409399,36409399,223417997,223417997,45348706,45348706,71905654,71905654,55237416,55237416,100146628
# status f = 790876548,0,1 : PASS_RHO (rho 0.91659, T 2243.8, 0s)
f = 804064031,0,1 | route RHO | claimed 0.94175542169681577615 | coeffs -17466969,-17466969,-221702043,-221702043,-117293962,-117293962,22717358,22717358,-49095796,-49095796,-248303824,-248303824,-272958160,-272958160,-390270901,-390270901,-302414786,-302414786,-676137874,-676137874,-767619903,-767619903,-768330013,-768330013,-776240472,-776240472,-837530279,-837530279,-1045555494,-1045555494,-934011262,-934011262,-853430087,-853430087,-950360310,-950360310,-737157109,-737157109,-461050071,-461050071,-481639736,-481639736,-672677011,-672677011,-569016315,-569016315,-373993184,-373993184,-609700727,-609700727,-498109568,-498109568,-478211449,-478211449,-436407022,-436407022,-154310379,-154310379,17884477,17884477,-12111840,-12111840,-95207589,-95207589
f = 804064031,0,1 | route T | claimed 2081.5652087245851509 | coeffs 211793575,158604516,158604516,92318731,92318731,214320838,214320838,271310559,271310559,323980707,323980707,249759283,249759283,165639178,165639178,429012826,429012826,464011554,464011554,536176698,536176698,642787491,642787491,545755784,545755784,202271502,202271502,331253941,331253941,99529373,99529373,-140868199,-140868199,224232684,224232684,48643533,48643533,-121946016,-121946016,-27588435,-27588435,-144751865,-144751865,129388788,129388788,180980385,180980385,-64006348,-64006348,-238513831,-238513831,-339887260,-339887260,-286199376,-286199376,-435484698,-435484698,-352744439,-352744439,-169504008,-169504008,-238186134,-238186134,-211793575
# status f = 804064031,0,1 : PASS_RHO (rho 0.94176, T 2081.6, 0s)
f = 828191933,0,1 | route RHO | claimed 0.93287727364124997345 | coeffs -915978629,-874174202,-874174202,-782692173,-782692173,-894283332,-894283332,-806427217,-806427217,-611404086,-611404086,-586749750,-586749750,-395712475,-395712475,-467525629,-467525629,-191418591,-191418591,-295826672,-295826672,-198896449,-198896449,-311571007,-311571007,-200026775,-200026775,-230023092,-230023092,-168733285,-168733285,-450829928,-450829928,-451540038,-451540038,-431641919,-431641919,-57918831,-57918831,177788712,177788712,60475971,60475971,164136667,164136667,363344695,363344695,383934360,383934360,523945680,523945680,737148881,737148881,941383955,941383955,860802780,860802780,943898529,943898529,735873314,735873314,908068170,908068170,915978629
f = 828191933,0,1 | route T | claimed 2744.4981971314101958 | coeffs 227780577,227780577,-79519222,-79519222,-132483866,-132483866,-115478543,-115478543,-115688287,-115688287,-159192414,-159192414,35683030,35683030,120400244,120400244,279130422,279130422,227323046,227323046,354551784,354551784,471264237,471264237,520627093,520627093,564886218,564886218,139283479,139283479,369015652,369015652,207479061,207479061,263813859,263813859,216839644,216839644,159700217,159700217,189292727,189292727,329192417,329192417,151371898,151371898,-166346443,-166346443,-192617595,-192617595,-365791098,-365791098,-540292383,-540292383,-589582004,-589582004,-276952536,-276952536,-305544507,-305544507,-458576956,-458576956,-483258208,-483258208
# status f = 828191933,0,1 : PASS_RHO (rho 0.93288, T 2744.5, 0s)
f = 870477811,0,1 | route RHO | claimed 0.90926328942572410643 | coeffs 190150481,381187756,381187756,289705727,289705727,206609978,206609978,227199643,227199643,-146523445,-146523445,-176519762,-176519762,-452626800,-452626800,-364770685,-364770685,-192575829,-192575829,-405779030,-405779030,-523091771,-523091771,-240995128,-240995128,-144064905,-144064905,-168719241,-168719241,-126914814,-126914814,-207495989,-207495989,-406704017,-406704017,-386805898,-386805898,-498350130,-498350130,-570163284,-570163284,-458572125,-458572125,-250546910,-250546910,-110535590,-110535590,-346243133,-346243133,-284953326,-284953326,-180545245,-180545245,14477886,14477886,22388345,22388345,-181846729,-181846729,-78186033,-78186033,-77475923,-77475923,-190150481
f = 870477811,0,1 | route T | claimed 2748.1723022375731157 | coeffs 170531091,170531091,400263264,400263264,273034526,273034526,229530399,229530399,485008030,485008030,534297651,534297651,356477132,356477132,300142334,300142334,349505190,349505190,264787976,264787976,211823332,211823332,183231361,183231361,209502513,209502513,152363086,152363086,577965825,577965825,526158449,526158449,526368193,526368193,551049445,551049445,376548160,376548160,236648470,236648470,75111879,75111879,-41600574,-41600574,153274870,153274870,460574669,460574669,147945201,147945201,-169773140,-169773140,-122798925,-122798925,-78539800,-78539800,-237269978,-237269978,-220264655,-220264655,-373297104,-373297104,-200123601,-200123601
# status f = 870477811,0,1 : PASS_RHO (rho 0.90926, T 2748.2, 0s)
f = 877895509,0,1 | route RHO | claimed 0.92246436655517585629 | coeffs 264628322,264628322,228275830,228275830,458580500,458580500,356305688,356305688,169297090,169297090,15668438,15668438,42225386,42225386,-34666714,-34666714,-79575926,-79575926,186404088,186404088,-38438397,-38438397,-319413680,-319413680,-469638973,-469638973,-560680247,-560680247,-417794957,-417794957,-132221870,-132221870,-183237174,-183237174,-85446829,-85446829,-19381045,-19381045,-150202661,-150202661,-263206361,-263206361,-85137070,-85137070,-212758913,-212758913,-229427151,-229427151,-200999200,-200999200,71269037,71269037,138316436,138316436,95393399,95393399,124059857,124059857,257848587,257848587,121298136,121298136,-16436893,-16436893
f = 877895509,0,1 | route T | claimed 1681.8514917384866486 | coeffs 257848587,121298136,121298136,-16436893,-16436893,-264628322,-264628322,-228275830,-228275830,-458580500,-458580500,-356305688,-356305688,-169297090,-169297090,-15668438,-15668438,-42225386,-42225386,34666714,34666714,79575926,79575926,-186404088,-186404088,38438397,38438397,319413680,319413680,469638973,469638973,560680247,560680247,417794957,417794957,132221870,132221870,183237174,183237174,85446829,85446829,19381045,19381045,150202661,150202661,263206361,263206361,85137070,85137070,212758913,212758913,229427151,229427151,200999200,200999200,-71269037,-71269037,-138316436,-138316436,-95393399,-95393399,-124059857,-124059857,-257848587
# status f = 877895509,0,1 : PASS_RHO (rho 0.92246, T 1681.9, 0s)
f = 940151298,0,1 | route RHO | claimed 0.92457070861908459314 | coeffs 586465025,586465025,615131483,615131483,349151469,349151469,476773312,476773312,374498500,374498500,323483196,323483196,457271926,457271926,682114411,682114411,698782649,698782649,511774051,511774051,609564396,609564396,473013945,473013945,753989228,753989228,725561277,725561277,571932625,571932625,637998409,637998409,500263380,500263380,650488673,650488673,378220436,378220436,404777384,404777384,273955768,273955768,25764339,25764339,116805613,116805613,49758214,49758214,-27133886,-27133886,-140137586,-140137586,-103785094,-103785094,-246670384,-246670384,-203747347,-203747347,-248656559,-248656559,-70587268,-70587268,-300891938,-300891938
f = 940151298,0,1 | route T | claimed 2437.0914206722812068 | coeffs -821296467,-802667288,-802667288,-687266220,-687266220,-625506488,-625506488,-463128362,-463128362,-433273373,-433273373,-260661626,-260661626,-309809008,-309809008,-484806192,-484806192,-386967970,-386967970,-460548903,-460548903,-403058055,-403058055,-219982362,-219982362,-241427917,-241427917,-17098752,-17098752,-199510796,-199510796,63679132,63679132,128357070,128357070,-5796784,-5796784,-27643216,-27643216,83954050,83954050,178422403,178422403,168565183,168565183,155133253,155133253,442408843,442408843,137606113,137606113,476295673,476295673,266719938,266719938,593472058,593472058,698949010,698949010,469255084,469255084,708400680,708400680,821296467
# status f = 940151298,0,1 : PASS_RHO (rho 0.92457, T 2437.1, 0s)
f = 948686530,0,1 | route RHO | claimed 0.92837639094227652546 | coeffs -107346914,42878379,42878379,59546617,59546617,289851287,289851287,198810013,198810013,227237964,227237964,329512776,329512776,186627486,186627486,-85640751,-85640751,-272649349,-272649349,12923738,12923738,79971137,79971137,233599789,233599789,284615093,284615093,327538130,327538130,354095078,354095078,451885423,451885423,480551881,480551881,557443981,557443981,491378197,491378197,357589467,357589467,312680255,312680255,181858639,181858639,45308188,45308188,-220671826,-220671826,-107668126,-107668126,30066903,30066903,-194775582,-194775582,-16706291,-16706291,-264897720,-264897720,16077563,16077563,143699406,143699406,107346914
f = 948686530,0,1 | route T | claimed 2172.4517407045608808 | coeffs 374956677,441242462,441242462,611832011,611832011,668821732,668821732,551658302,551658302,625879726,625879726,574288129,574288129,837661777,837661777,663154294,663154294,590989150,590989150,537301266,537301266,440269559,440269559,523009818,523009818,394027379,394027379,462709505,462709505,222311933,222311933,275500992,275500992,451090143,451090143,573092250,573092250,667449831,667449831,614779683,614779683,340639030,340639030,256518925,256518925,11532192,11532192,-23466536,-23466536,77906893,77906893,184517686,184517686,35232364,35232364,378716646,378716646,195476215,195476215,-36248353,-36248353,-9855794,-9855794,-374956677
# status f = 948686530,0,1 : PASS_RHO (rho 0.92838, T 2172.5, 0s)
f = 998031450,0,1 | route RHO | claimed 0.92457070861908459314 | coeffs -586465025,-300891938,-300891938,-70587268,-70587268,-248656559,-248656559,-203747347,-203747347,-246670384,-246670384,-103785094,-103785094,-140137586,-140137586,-27133886,-27133886,49758214,49758214,116805613,116805613,25764339,25764339,273955768,273955768,404777384,404777384,378220436,378220436,650488673,650488673,500263380,500263380,637998409,637998409,571932625,571932625,725561277,725561277,753989228,753989228,473013945,473013945,609564396,609564396,511774051,511774051,698782649,698782649,682114411,682114411,457271926,457271926,323483196,323483196,374498500,374498500,476773312,476773312,349151469,349151469,615131483,615131483,586465025
f = 998031450,0,1 | route T | claimed 2110.8918947361653071 | coeffs 601745462,683980795,683980795,1026448245,1026448245,1016566729,1016566729,823228794,823228794,1000218910,1000218910,834119904,834119904,938167275,938167275,883744172,883744172,1099052211,1099052211,1046027590,1046027590,866339749,866339749,1177009645,1177009645,940424363,940424363,956717118,956717118,1050095051,1050095051,913889173,913889173,882807263,882807263,848065787,848065787,669684860,669684860,602681431,602681431,663078616,663078616,592073279,592073279,566225125,566225125,678668679,678668679,622851629,622851629,537251216,537251216,261531151,261531151,164595030,164595030,-164587506,-164587506,-419760381,-419760381,-571970455,-571970455,-601745462
# status f = 998031450,0,1 : PASS_RHO (rho 0.92457, T 2110.9, 0s)
# summary n = 7 l = 1001148481 : EXCLUSION_CANDIDATE ; PASS 32 / 32 ; OPEN_NEAR 0 ; OPEN_FAR 0 ; 14s
