# FAMILY WITNESS FILE (generator family_gen.sage r10). n = 7 ; l = 1000072897 ; m = 64 ; deg = 2 ; ncomp = 32 ; bar_T = 4224 ; L_n = 16.3328709449664096755483535644
# line: f = c0,...,c_deg (monic, over F_l) | route RHO|T | claimed (rho or T, float) | coeffs a_0..a_{m-1}
f = 17434648,0,1 | route RHO | claimed 0.86939353492275427631 | coeffs -577322714,-577322714,-608274193,-608274193,-696776550,-696776550,-653578317,-653578317,-528586301,-528586301,-778642735,-778642735,-633044884,-633044884,-300278444,-300278444,-152771071,-152771071,-16023450,-16023450,91915984,91915984,204890646,204890646,207664514,207664514,501464846,501464846,289542838,289542838,215893781,215893781,117594931,117594931,174720185,174720185,144942704,144942704,247658719,247658719,352863745,352863745,334367839,334367839,295713138,295713138,300297622,300297622,107581089,107581089,48960387,48960387,94399779,94399779,-69217862,-69217862,275332199,275332199,410699468,410699468,313051656,313051656,384347773,384347773
f = 17434648,0,1 | route T | claimed 2102.2417568149422455 | coeffs 204890646,204890646,207664514,207664514,501464846,501464846,289542838,289542838,215893781,215893781,117594931,117594931,174720185,174720185,144942704,144942704,247658719,247658719,352863745,352863745,334367839,334367839,295713138,295713138,300297622,300297622,107581089,107581089,48960387,48960387,94399779,94399779,-69217862,-69217862,275332199,275332199,410699468,410699468,313051656,313051656,384347773,384347773,577322714,577322714,608274193,608274193,696776550,696776550,653578317,653578317,528586301,528586301,778642735,778642735,633044884,633044884,300278444,300278444,152771071,152771071,16023450,16023450,-91915984,-91915984
# status f = 17434648,0,1 : PASS_RHO (rho 0.86939, T 2102.2, 1s)
f = 56158473,0,1 | route RHO | claimed 0.86070779232736237879 | coeffs 600158773,436541132,436541132,433767264,433767264,298399995,298399995,86477987,86477987,157774104,157774104,256072954,256072954,225121475,225121475,195343994,195343994,152145761,152145761,46940735,46940735,-203115699,-203115699,-241770400,-241770400,-574536840,-574536840,-381820307,-381820307,-245072686,-245072686,-199633294,-199633294,-312607956,-312607956,-657158017,-657158017,-363357685,-363357685,-461005497,-461005497,-387356440,-387356440,-580331381,-580331381,-523206127,-523206127,-434703770,-434703770,-537419785,-537419785,-412427769,-412427769,-430923675,-430923675,-576521526,-576521526,-581106010,-581106010,-433598637,-433598637,-492219339,-492219339,-600158773
f = 56158473,0,1 | route T | claimed 1600.9916821721749162 | coeffs -225121475,-225121475,-195343994,-195343994,-152145761,-152145761,-46940735,-46940735,203115699,203115699,241770400,241770400,574536840,574536840,381820307,381820307,245072686,245072686,199633294,199633294,312607956,312607956,657158017,657158017,363357685,363357685,461005497,461005497,387356440,387356440,580331381,580331381,523206127,523206127,434703770,434703770,537419785,537419785,412427769,412427769,430923675,430923675,576521526,576521526,581106010,581106010,433598637,433598637,492219339,492219339,600158773,600158773,436541132,436541132,433767264,433767264,298399995,298399995,86477987,86477987,157774104,157774104,256072954,256072954
# status f = 56158473,0,1 : PASS_RHO (rho 0.86071, T 1601.0, 0s)
f = 58000908,0,1 | route RHO | claimed 0.94986368407350897091 | coeffs 81139603,60497651,60497651,53975347,53975347,119857187,119857187,-33700431,-33700431,207849156,207849156,387757708,387757708,494623063,494623063,196190652,196190652,329569688,329569688,336351867,336351867,389854981,389854981,558614605,558614605,531381733,531381733,501830042,501830042,630139128,630139128,740510857,740510857,698411842,698411842,632923215,632923215,418485925,418485925,453832676,453832676,324071024,324071024,271270073,271270073,630131735,630131735,591172223,591172223,368620106,368620106,328911337,328911337,44423037,44423037,78876945,78876945,-95556557,-95556557,-166860118,-166860118,-391984192,-391984192,-81139603
f = 58000908,0,1 | route T | claimed 2028.0490136749648157 | coeffs -33700431,-33700431,207849156,207849156,387757708,387757708,494623063,494623063,196190652,196190652,329569688,329569688,336351867,336351867,389854981,389854981,558614605,558614605,531381733,531381733,501830042,501830042,630139128,630139128,740510857,740510857,698411842,698411842,632923215,632923215,418485925,418485925,453832676,453832676,324071024,324071024,271270073,271270073,630131735,630131735,591172223,591172223,368620106,368620106,328911337,328911337,44423037,44423037,78876945,78876945,-95556557,-95556557,-166860118,-166860118,-391984192,-391984192,-81139603,-81139603,-60497651,-60497651,-53975347,-53975347,-119857187,-119857187
# status f = 58000908,0,1 : PASS_RHO (rho 0.94986, T 2028.0, 0s)
f = 75537459,0,1 | route RHO | claimed 0.9116905522696539047 | coeffs -429610815,-429610815,-399833334,-399833334,-404417818,-404417818,-748967879,-748967879,-779919358,-779919358,-634321507,-634321507,-521346845,-521346845,-619645695,-619645695,-638141601,-638141601,-592702209,-592702209,-521406092,-521406092,-646398108,-646398108,-783145729,-783145729,-571223721,-571223721,-673939736,-673939736,-481223203,-481223203,-616590472,-616590472,-705092829,-705092829,-372326389,-372326389,-369552521,-369552521,-312427267,-312427267,-351081968,-351081968,-514699609,-514699609,-321724668,-321724668,-71668234,-71668234,-179607668,-179607668,-105958611,-105958611,-211163637,-211163637,-152542935,-152542935,-54895123,-54895123,-11696890,-11696890,135810483,135810483
f = 75537459,0,1 | route T | claimed 1482.2677860448055505 | coeffs -105958611,-105958611,-211163637,-211163637,-152542935,-152542935,-54895123,-54895123,-11696890,-11696890,135810483,135810483,429610815,429610815,399833334,399833334,404417818,404417818,748967879,748967879,779919358,779919358,634321507,634321507,521346845,521346845,619645695,619645695,638141601,638141601,592702209,592702209,521406092,521406092,646398108,646398108,783145729,783145729,571223721,571223721,673939736,673939736,481223203,481223203,616590472,616590472,705092829,705092829,372326389,372326389,369552521,369552521,312427267,312427267,351081968,351081968,514699609,514699609,321724668,321724668,71668234,71668234,179607668,179607668
# status f = 75537459,0,1 : PASS_RHO (rho 0.91169, T 1482.3, 0s)
f = 111235484,0,1 | route RHO | claimed 0.91298417519462901047 | coeffs 433028066,433028066,335380254,335380254,392505508,392505508,517497524,517497524,512913040,512913040,404973606,404973606,540340875,540340875,442042025,442042025,485240258,485240258,523894959,523894959,387147338,387147338,731697399,731697399,658048342,658048342,569545985,569545985,588041891,588041891,440534518,440534518,276916877,276916877,64994869,64994869,34043390,34043390,-71161636,-71161636,-403928076,-403928076,-358488684,-358488684,-64688352,-64688352,-257663293,-257663293,-360379308,-360379308,-505977159,-505977159,-564597861,-564597861,-561823993,-561823993,-633120110,-633120110,-603342629,-603342629,-353286195,-353286195,-546002728,-546002728
f = 111235484,0,1 | route T | claimed 2516.2125288768196851 | coeffs -34043390,71161636,71161636,403928076,403928076,358488684,358488684,64688352,64688352,257663293,257663293,360379308,360379308,505977159,505977159,564597861,564597861,561823993,561823993,633120110,633120110,603342629,603342629,353286195,353286195,546002728,546002728,433028066,433028066,335380254,335380254,392505508,392505508,517497524,517497524,512913040,512913040,404973606,404973606,540340875,540340875,442042025,442042025,485240258,485240258,523894959,523894959,387147338,387147338,731697399,731697399,658048342,658048342,569545985,569545985,588041891,588041891,440534518,440534518,276916877,276916877,64994869,64994869,34043390
# status f = 111235484,0,1 : PASS_RHO (rho 0.91298, T 2516.2, 0s)
f = 163621003,0,1 | route RHO | claimed 0.86872846856617170965 | coeffs 115920010,27417653,27417653,-31203049,-31203049,67095801,67095801,399862241,399862241,302214429,302214429,320710335,320710335,323484203,323484203,280285970,280285970,234846578,234846578,291971832,291971832,144464459,144464459,73168342,73168342,34513641,34513641,-259286691,-259286691,-134294675,-134294675,-297912316,-297912316,-268134835,-268134835,-131387214,-131387214,61587727,61587727,57003243,57003243,-154918765,-154918765,95137669,95137669,-249412392,-249412392,-146696377,-146696377,-254635811,-254635811,-285587290,-285587290,-478303823,-478303823,-404654766,-404654766,-259056915,-259056915,-123689646,-123689646,-228894672,-228894672,-115920010
f = 163621003,0,1 | route T | claimed 2482.1541459367151444 | coeffs 268134835,268134835,131387214,131387214,-61587727,-61587727,-57003243,-57003243,154918765,154918765,-95137669,-95137669,249412392,249412392,146696377,146696377,254635811,254635811,285587290,285587290,478303823,478303823,404654766,404654766,259056915,259056915,123689646,123689646,228894672,228894672,115920010,115920010,27417653,27417653,-31203049,-31203049,67095801,67095801,399862241,399862241,302214429,302214429,320710335,320710335,323484203,323484203,280285970,280285970,234846578,234846578,291971832,291971832,144464459,144464459,73168342,73168342,34513641,34513641,-259286691,-259286691,-134294675,-134294675,-297912316,-297912316
# status f = 163621003,0,1 : PASS_RHO (rho 0.86873, T 2482.2, 0s)
f = 204652539,0,1 | route RHO | claimed 0.94412341911920898855 | coeffs 71353072,71353072,-192953665,-192953665,-312213577,-312213577,-443731226,-443731226,-493565234,-493565234,-442465495,-442465495,-401835498,-401835498,-700837698,-700837698,-1005583933,-1005583933,-984434966,-984434966,-1016250719,-1016250719,-1042110304,-1042110304,-820189947,-820189947,-877007956,-877007956,-854287461,-854287461,-792608651,-792608651,-916619905,-916619905,-969196053,-969196053,-1050965543,-1050965543,-1072617055,-1072617055,-971092595,-971092595,-688207696,-688207696,-468518118,-468518118,-509944573,-509944573,-552492883,-552492883,-515445780,-515445780,-333089424,-333089424,-692393298,-692393298,-667152351,-667152351,-465083129,-465083129,-328190760,-328190760,-56972323,-56972323
f = 204652539,0,1 | route T | claimed 1930.9363720259861989 | coeffs -328190760,-328190760,-56972323,-56972323,-71353072,-71353072,192953665,192953665,312213577,312213577,443731226,443731226,493565234,493565234,442465495,442465495,401835498,401835498,700837698,700837698,1005583933,1005583933,984434966,984434966,1016250719,1016250719,1042110304,1042110304,820189947,820189947,877007956,877007956,854287461,854287461,792608651,792608651,916619905,916619905,969196053,969196053,1050965543,1050965543,1072617055,1072617055,971092595,971092595,688207696,688207696,468518118,468518118,509944573,509944573,552492883,552492883,515445780,515445780,333089424,333089424,692393298,692393298,667152351,667152351,465083129,465083129
# status f = 204652539,0,1 : PASS_RHO (rho 0.94412, T 1930.9, 0s)
f = 227078944,0,1 | route RHO | claimed 0.94412341911920898855 | coeffs -465083129,-465083129,-667152351,-667152351,-692393298,-692393298,-333089424,-333089424,-515445780,-515445780,-552492883,-552492883,-509944573,-509944573,-468518118,-468518118,-688207696,-688207696,-971092595,-971092595,-1072617055,-1072617055,-1050965543,-1050965543,-969196053,-969196053,-916619905,-916619905,-792608651,-792608651,-854287461,-854287461,-877007956,-877007956,-820189947,-820189947,-1042110304,-1042110304,-1016250719,-1016250719,-984434966,-984434966,-1005583933,-1005583933,-700837698,-700837698,-401835498,-401835498,-442465495,-442465495,-493565234,-493565234,-443731226,-443731226,-312213577,-312213577,-192953665,-192953665,71353072,71353072,56972323,56972323,328190760,328190760
f = 227078944,0,1 | route T | claimed 3137.8645395103688101 | coeffs 454472627,559677653,559677653,265877321,265877321,411475172,411475172,482771289,482771289,675487822,675487822,732613076,732613076,624673642,624673642,667871875,667871875,1012421936,1012421936,1030917842,1030917842,818995834,818995834,486229394,486229394,293254453,293254453,234633751,234633751,264411232,264411232,377385894,377385894,252393878,252393878,117026609,117026609,78371908,78371908,152020965,152020965,299528338,299528338,330479817,330479817,285040425,285040425,387756440,387756440,384982572,384982572,134926138,134926138,37278326,37278326,32693842,32693842,-65605008,-65605008,-202352629,-202352629,-290854986,-290854986,-454472627
# status f = 227078944,0,1 : PASS_RHO (rho 0.94412, T 3137.9, 0s)
f = 231367457,0,1 | route RHO | claimed 0.89052271448458296736 | coeffs 87378134,87378134,-10269678,-10269678,-112985693,-112985693,34521680,34521680,169888949,169888949,199666430,199666430,532432870,532432870,876982931,876982931,819857677,819857677,965455528,965455528,801837887,801837887,900136737,900136737,650080303,650080303,695519695,695519695,769168752,769168752,894160768,894160768,835540066,835540066,1047462074,1047462074,1090660307,1090660307,897943774,897943774,604143442,604143442,515641085,515641085,520225569,520225569,517451701,517451701,486500222,486500222,447845521,447845521,334870859,334870859,141895918,141895918,123400012,123400012,15460578,15460578,-55835539,-55835539,49369487,49369487
f = 231367457,0,1 | route T | claimed 1634.0349773274723125 | coeffs 87378134,87378134,-10269678,-10269678,-112985693,-112985693,34521680,34521680,169888949,169888949,199666430,199666430,532432870,532432870,876982931,876982931,819857677,819857677,965455528,965455528,801837887,801837887,900136737,900136737,650080303,650080303,695519695,695519695,769168752,769168752,894160768,894160768,835540066,835540066,1047462074,1047462074,1090660307,1090660307,897943774,897943774,604143442,604143442,515641085,515641085,520225569,520225569,517451701,517451701,486500222,486500222,447845521,447845521,334870859,334870859,141895918,141895918,123400012,123400012,15460578,15460578,-55835539,-55835539,49369487,49369487
# status f = 231367457,0,1 : PASS_RHO (rho 0.89052, T 1634.0, 0s)
f = 314141978,0,1 | route RHO | claimed 0.91969534564070712472 | coeffs -824909571,-824909571,-913411928,-913411928,-1163468362,-1163468362,-1015960989,-1015960989,-902986327,-902986327,-1114908335,-1114908335,-1057783081,-1057783081,-952578055,-952578055,-947993571,-947993571,-902554179,-902554179,-767186910,-767186910,-574211969,-574211969,-617410202,-617410202,-763008053,-763008053,-899755674,-899755674,-902529542,-902529542,-828880485,-828880485,-799103004,-799103004,-780607098,-780607098,-587890565,-587890565,-424272924,-424272924,-326625112,-326625112,-357576591,-357576591,-232584575,-232584575,100181865,100181865,208121299,208121299,501921631,501921631,403622781,403622781,506338796,506338796,467684095,467684095,409063393,409063393,753613454,753613454
f = 314141978,0,1 | route T | claimed 2695.65634119912767 | coeffs -357576591,-232584575,-232584575,100181865,100181865,208121299,208121299,501921631,501921631,403622781,403622781,506338796,506338796,467684095,467684095,409063393,409063393,753613454,753613454,824909571,824909571,913411928,913411928,1163468362,1163468362,1015960989,1015960989,902986327,902986327,1114908335,1114908335,1057783081,1057783081,952578055,952578055,947993571,947993571,902554179,902554179,767186910,767186910,574211969,574211969,617410202,617410202,763008053,763008053,899755674,899755674,902529542,902529542,828880485,828880485,799103004,799103004,780607098,780607098,587890565,587890565,424272924,424272924,326625112,326625112,357576591
# status f = 314141978,0,1 : PASS_RHO (rho 0.91970, T 2695.7, 0s)
f = 316688142,0,1 | route RHO | claimed 0.91298417519462901047 | coeffs -523894959,-485240258,-485240258,-442042025,-442042025,-540340875,-540340875,-404973606,-404973606,-512913040,-512913040,-517497524,-517497524,-392505508,-392505508,-335380254,-335380254,-433028066,-433028066,-546002728,-546002728,-353286195,-353286195,-603342629,-603342629,-633120110,-633120110,-561823993,-561823993,-564597861,-564597861,-505977159,-505977159,-360379308,-360379308,-257663293,-257663293,-64688352,-64688352,-358488684,-358488684,-403928076,-403928076,-71161636,-71161636,34043390,34043390,64994869,64994869,276916877,276916877,440534518,440534518,588041891,588041891,569545985,569545985,658048342,658048342,731697399,731697399,387147338,387147338,523894959
f = 316688142,0,1 | route T | claimed 1989.3816604688662988 | coeffs 64994869,276916877,276916877,440534518,440534518,588041891,588041891,569545985,569545985,658048342,658048342,731697399,731697399,387147338,387147338,523894959,523894959,485240258,485240258,442042025,442042025,540340875,540340875,404973606,404973606,512913040,512913040,517497524,517497524,392505508,392505508,335380254,335380254,433028066,433028066,546002728,546002728,353286195,353286195,603342629,603342629,633120110,633120110,561823993,561823993,564597861,564597861,505977159,505977159,360379308,360379308,257663293,257663293,64688352,64688352,358488684,358488684,403928076,403928076,71161636,71161636,-34043390,-34043390,-64994869
# status f = 316688142,0,1 : PASS_RHO (rho 0.91298, T 1989.4, 0s)
f = 334929706,0,1 | route RHO | claimed 0.91969534564070712472 | coeffs 899755674,899755674,763008053,763008053,617410202,617410202,574211969,574211969,767186910,767186910,902554179,902554179,947993571,947993571,952578055,952578055,1057783081,1057783081,1114908335,1114908335,902986327,902986327,1015960989,1015960989,1163468362,1163468362,913411928,913411928,824909571,824909571,753613454,753613454,409063393,409063393,467684095,467684095,506338796,506338796,403622781,403622781,501921631,501921631,208121299,208121299,100181865,100181865,-232584575,-232584575,-357576591,-357576591,-326625112,-326625112,-424272924,-424272924,-587890565,-587890565,-780607098,-780607098,-799103004,-799103004,-828880485,-828880485,-902529542,-902529542
f = 334929706,0,1 | route T | claimed 1963.0271101909899446 | coeffs -403622781,-501921631,-501921631,-208121299,-208121299,-100181865,-100181865,232584575,232584575,357576591,357576591,326625112,326625112,424272924,424272924,587890565,587890565,780607098,780607098,799103004,799103004,828880485,828880485,902529542,902529542,899755674,899755674,763008053,763008053,617410202,617410202,574211969,574211969,767186910,767186910,902554179,902554179,947993571,947993571,952578055,952578055,1057783081,1057783081,1114908335,1114908335,902986327,902986327,1015960989,1015960989,1163468362,1163468362,913411928,913411928,824909571,824909571,753613454,753613454,409063393,409063393,467684095,467684095,506338796,506338796,403622781
# status f = 334929706,0,1 : PASS_RHO (rho 0.91970, T 1963.0, 0s)
f = 340700763,0,1 | route RHO | claimed 0.90666895760026180274 | coeffs -73516277,24782573,24782573,137757235,137757235,-7840616,-7840616,-38792095,-38792095,305757966,305757966,301173482,301173482,271396001,271396001,-22404331,-22404331,125103042,125103042,81904809,81904809,179552621,179552621,120931919,120931919,15726893,15726893,-57922164,-57922164,-165861598,-165861598,-415918032,-415918032,-222943091,-222943091,-59325450,-59325450,-97980151,-97980151,-155105405,-155105405,-152331537,-152331537,-485097977,-485097977,-573600334,-573600334,-438233065,-438233065,-245516532,-245516532,-142800517,-142800517,69121491,69121491,205869112,205869112,80877096,80877096,9580979,9580979,55020371,55020371,73516277
f = 340700763,0,1 | route T | claimed 2793.6241361485894882 | coeffs -245516532,-142800517,-142800517,69121491,69121491,205869112,205869112,80877096,80877096,9580979,9580979,55020371,55020371,73516277,73516277,-24782573,-24782573,-137757235,-137757235,7840616,7840616,38792095,38792095,-305757966,-305757966,-301173482,-301173482,-271396001,-271396001,22404331,22404331,-125103042,-125103042,-81904809,-81904809,-179552621,-179552621,-120931919,-120931919,-15726893,-15726893,57922164,57922164,165861598,165861598,415918032,415918032,222943091,222943091,59325450,59325450,97980151,97980151,155105405,155105405,152331537,152331537,485097977,485097977,573600334,573600334,438233065,438233065,245516532
# status f = 340700763,0,1 : PASS_RHO (rho 0.90667, T 2793.6, 0s)
f = 344850857,0,1 | route RHO | claimed 0.9185385141090245907 | coeffs 503563883,503563883,560689137,560689137,905239198,905239198,572472758,572472758,602250239,602250239,466882970,466882970,614390343,614390343,717106358,717106358,619458546,619458546,482710925,482710925,377505899,377505899,306209782,306209782,414149216,414149216,395653310,395653310,588628251,588628251,475653589,475653589,514308290,514308290,483356811,483356811,486130679,486130679,490715163,490715163,579217520,579217520,285417188,285417188,478133721,478133721,521331954,521331954,309409946,309409946,250789244,250789244,125797228,125797228,199446285,199446285,154006893,154006893,-96049541,-96049541,-194348391,-194348391,-357966032,-357966032
f = 344850857,0,1 | route T | claimed 2126.6046351757776538 | coeffs -199446285,-199446285,-154006893,-154006893,96049541,96049541,194348391,194348391,357966032,357966032,503563883,503563883,560689137,560689137,905239198,905239198,572472758,572472758,602250239,602250239,466882970,466882970,614390343,614390343,717106358,717106358,619458546,619458546,482710925,482710925,377505899,377505899,306209782,306209782,414149216,414149216,395653310,395653310,588628251,588628251,475653589,475653589,514308290,514308290,483356811,483356811,486130679,486130679,490715163,490715163,579217520,579217520,285417188,285417188,478133721,478133721,521331954,521331954,309409946,309409946,250789244,250789244,125797228,125797228
# status f = 344850857,0,1 : PASS_RHO (rho 0.91854, T 2126.6, 0s)
f = 391103969,0,1 | route RHO | claimed 0.86939353492275427631 | coeffs 48960387,48960387,107581089,107581089,300297622,300297622,295713138,295713138,334367839,334367839,352863745,352863745,247658719,247658719,144942704,144942704,174720185,174720185,117594931,117594931,215893781,215893781,289542838,289542838,501464846,501464846,207664514,207664514,204890646,204890646,91915984,91915984,-16023450,-16023450,-152771071,-152771071,-300278444,-300278444,-633044884,-633044884,-778642735,-778642735,-528586301,-528586301,-653578317,-653578317,-696776550,-696776550,-608274193,-608274193,-577322714,-577322714,-384347773,-384347773,-313051656,-313051656,-410699468,-410699468,-275332199,-275332199,69217862,69217862,-94399779,-94399779
f = 391103969,0,1 | route T | claimed 1792.102947433226561 | coeffs -5622948,-26771915,-26771915,-108541405,-108541405,250762469,250762469,300596477,300596477,243778468,243778468,24088890,24088890,295307327,295307327,-9438908,-9438908,43137240,43137240,225493596,225493596,93975947,93975947,-127944410,-127944410,154940489,154940489,18048120,18048120,317050320,317050320,193039066,193039066,155991963,155991963,275251875,275251875,249392290,249392290,147867830,147867830,349937052,349937052,390567049,390567049,328888239,328888239,286339929,286339929,22033192,22033192,53848945,53848945,32197433,32197433,6956486,6956486,-44143253,-44143253,-21422758,-21422758,20003697,20003697,5622948
# status f = 391103969,0,1 : PASS_RHO (rho 0.86939, T 1792.1, 0s)
f = 414673229,0,1 | route RHO | claimed 0.92339243782198692568 | coeffs 317592982,452731628,452731628,509277193,509277193,172805792,172805792,23818764,23818764,-21230210,-21230210,-49651495,-49651495,-238308290,-238308290,-222795967,-222795967,-384127427,-384127427,-547253780,-547253780,-496311895,-496311895,-741957075,-741957075,-761207058,-761207058,-700339623,-700339623,-877825423,-877825423,-688002487,-688002487,-451546914,-451546914,-545954561,-545954561,-475693146,-475693146,-261732186,-261732186,-212790941,-212790941,-321013310,-321013310,-157738103,-157738103,-343232964,-343232964,-226369776,-226369776,26221222,26221222,-86791244,-86791244,-269525737,-269525737,106330518,106330518,-158050732,-158050732,-285171198,-285171198,-317592982
f = 414673229,0,1 | route T | claimed 2333.7092831034230968 | coeffs 328819047,578875481,578875481,790797489,790797489,786213005,786213005,593238064,593238064,729985685,729985685,700208204,700208204,536590563,536590563,411598547,411598547,117798215,117798215,156452916,156452916,85156799,85156799,232664172,232664172,289789426,289789426,335228818,335228818,292030585,292030585,289256717,289256717,307752623,307752623,405400435,405400435,738166875,738166875,639868025,639868025,581247323,581247323,669749680,669749680,556775018,556775018,451569992,451569992,316202723,316202723,461800574,461800574,388151517,388151517,195434984,195434984,226386463,226386463,118447029,118447029,15731014,15731014,-328819047
# status f = 414673229,0,1 : PASS_RHO (rho 0.92339, T 2333.7, 0s)
f = 585399668,0,1 | route RHO | claimed 0.86872846856617170965 | coeffs -57003243,-61587727,-61587727,131387214,131387214,268134835,268134835,297912316,297912316,134294675,134294675,259286691,259286691,-34513641,-34513641,-73168342,-73168342,-144464459,-144464459,-291971832,-291971832,-234846578,-234846578,-280285970,-280285970,-323484203,-323484203,-320710335,-320710335,-302214429,-302214429,-399862241,-399862241,-67095801,-67095801,31203049,31203049,-27417653,-27417653,-115920010,-115920010,-228894672,-228894672,-123689646,-123689646,-259056915,-259056915,-404654766,-404654766,-478303823,-478303823,-285587290,-285587290,-254635811,-254635811,-146696377,-146696377,-249412392,-249412392,95137669,95137669,-154918765,-154918765,57003243
f = 585399668,0,1 | route T | claimed 2530.5255151295400438 | coeffs 73168342,73168342,144464459,144464459,291971832,291971832,234846578,234846578,280285970,280285970,323484203,323484203,320710335,320710335,302214429,302214429,399862241,399862241,67095801,67095801,-31203049,-31203049,27417653,27417653,115920010,115920010,228894672,228894672,123689646,123689646,259056915,259056915,404654766,404654766,478303823,478303823,285587290,285587290,254635811,254635811,146696377,146696377,249412392,249412392,-95137669,-95137669,154918765,154918765,-57003243,-57003243,-61587727,-61587727,131387214,131387214,268134835,268134835,297912316,297912316,134294675,134294675,259286691,259286691,-34513641,-34513641
# status f = 585399668,0,1 : PASS_RHO (rho 0.86873, T 2530.5, 0s)
f = 608968928,0,1 | route RHO | claimed 0.94213940148706024809 | coeffs -4275474,-4275474,49227640,49227640,14773732,14773732,42006604,42006604,-29296957,-29296957,99012129,99012129,-211832460,-211832460,-169733445,-169733445,-163211141,-163211141,-377648431,-377648431,-531206049,-531206049,-401444397,-401444397,-581352949,-581352949,-222491287,-222491287,-520923698,-520923698,-298371581,-298371581,-305153760,-305153760,-589642060,-589642060,-420882436,-420882436,-246448934,-246448934,-216897243,-216897243,-442021317,-442021317,-331649588,-331649588,-352291540,-352291540,-286802913,-286802913,-352684753,-352684753,-317338002,-317338002,-75788415,-75788415,-22987464,-22987464,-129852819,-129852819,-168812331,-168812331,-35433295,-35433295
f = 608968928,0,1 | route T | claimed 2451.9038256750312134 | coeffs 29296957,29296957,-99012129,-99012129,211832460,211832460,169733445,169733445,163211141,163211141,377648431,377648431,531206049,531206049,401444397,401444397,581352949,581352949,222491287,222491287,520923698,520923698,298371581,298371581,305153760,305153760,589642060,589642060,420882436,420882436,246448934,246448934,216897243,216897243,442021317,442021317,331649588,331649588,352291540,352291540,286802913,286802913,352684753,352684753,317338002,317338002,75788415,75788415,22987464,22987464,129852819,129852819,168812331,168812331,35433295,35433295,-4275474,-4275474,49227640,49227640,14773732,14773732,42006604,42006604
# status f = 608968928,0,1 : PASS_RHO (rho 0.94214, T 2451.9, 0s)
f = 655222040,0,1 | route RHO | claimed 0.89052271448458296736 | coeffs -112985693,-112985693,-10269678,-10269678,87378134,87378134,-49369487,-49369487,55835539,55835539,-15460578,-15460578,-123400012,-123400012,-141895918,-141895918,-334870859,-334870859,-447845521,-447845521,-486500222,-486500222,-517451701,-517451701,-520225569,-520225569,-515641085,-515641085,-604143442,-604143442,-897943774,-897943774,-1090660307,-1090660307,-1047462074,-1047462074,-835540066,-835540066,-894160768,-894160768,-769168752,-769168752,-695519695,-695519695,-650080303,-650080303,-900136737,-900136737,-801837887,-801837887,-965455528,-965455528,-819857677,-819857677,-876982931,-876982931,-532432870,-532432870,-199666430,-199666430,-169888949,-169888949,-34521680,-34521680
f = 655222040,0,1 | route T | claimed 2196.778314606268643 | coeffs 112985693,10269678,10269678,-87378134,-87378134,49369487,49369487,-55835539,-55835539,15460578,15460578,123400012,123400012,141895918,141895918,334870859,334870859,447845521,447845521,486500222,486500222,517451701,517451701,520225569,520225569,515641085,515641085,604143442,604143442,897943774,897943774,1090660307,1090660307,1047462074,1047462074,835540066,835540066,894160768,894160768,769168752,769168752,695519695,695519695,650080303,650080303,900136737,900136737,801837887,801837887,965455528,965455528,819857677,819857677,876982931,876982931,532432870,532432870,199666430,199666430,169888949,169888949,34521680,34521680,-112985693
# status f = 655222040,0,1 : PASS_RHO (rho 0.89052, T 2196.8, 0s)
f = 659372134,0,1 | route RHO | claimed 0.9116905522696539047 | coeffs -571223721,-783145729,-783145729,-646398108,-646398108,-521406092,-521406092,-592702209,-592702209,-638141601,-638141601,-619645695,-619645695,-521346845,-521346845,-634321507,-634321507,-779919358,-779919358,-748967879,-748967879,-404417818,-404417818,-399833334,-399833334,-429610815,-429610815,-135810483,-135810483,11696890,11696890,54895123,54895123,152542935,152542935,211163637,211163637,105958611,105958611,179607668,179607668,71668234,71668234,321724668,321724668,514699609,514699609,351081968,351081968,312427267,312427267,369552521,369552521,372326389,372326389,705092829,705092829,616590472,616590472,481223203,481223203,673939736,673939736,571223721
f = 659372134,0,1 | route T | claimed 2245.111722032127703 | coeffs 152542935,211163637,211163637,105958611,105958611,179607668,179607668,71668234,71668234,321724668,321724668,514699609,514699609,351081968,351081968,312427267,312427267,369552521,369552521,372326389,372326389,705092829,705092829,616590472,616590472,481223203,481223203,673939736,673939736,571223721,571223721,783145729,783145729,646398108,646398108,521406092,521406092,592702209,592702209,638141601,638141601,619645695,619645695,521346845,521346845,634321507,634321507,779919358,779919358,748967879,748967879,404417818,404417818,399833334,399833334,429610815,429610815,135810483,135810483,-11696890,-11696890,-54895123,-54895123,-152542935
# status f = 659372134,0,1 : PASS_RHO (rho 0.91169, T 2245.1, 0s)
f = 665143191,0,1 | route RHO | claimed 0.89427751397940468958 | coeffs 21909137,-49386980,-49386980,295163081,295163081,353783783,353783783,315129082,315129082,212413067,212413067,114114217,114114217,-179686115,-179686115,-71746681,-71746681,-404513121,-404513121,-279521105,-279521105,-248569626,-248569626,-150921814,-150921814,-314539455,-314539455,-121822922,-121822922,-140318828,-140318828,-110541347,-110541347,-184190404,-184190404,-186964272,-186964272,-50216651,-50216651,-195814502,-195814502,-152616269,-152616269,40358672,40358672,-95008597,-95008597,-49569205,-49569205,-54153689,-54153689,51051337,51051337,-6073917,-6073917,-217995925,-217995925,-330970587,-330970587,-183463214,-183463214,66593220,66593220,-21909137
f = 665143191,0,1 | route T | claimed 1331.615127343985439 | coeffs 71746681,71746681,404513121,404513121,279521105,279521105,248569626,248569626,150921814,150921814,314539455,314539455,121822922,121822922,140318828,140318828,110541347,110541347,184190404,184190404,186964272,186964272,50216651,50216651,195814502,195814502,152616269,152616269,-40358672,-40358672,95008597,95008597,49569205,49569205,54153689,54153689,-51051337,-51051337,6073917,6073917,217995925,217995925,330970587,330970587,183463214,183463214,-66593220,-66593220,21909137,21909137,-49386980,-49386980,295163081,295163081,353783783,353783783,315129082,315129082,212413067,212413067,114114217,114114217,-179686115,-179686115
# status f = 665143191,0,1 : PASS_RHO (rho 0.89428, T 1331.6, 0s)
f = 683384755,0,1 | route RHO | claimed 0.89470651965160161581 | coeffs -134498570,-134498570,2249051,2249051,40903752,40903752,-2294481,-2294481,-100593331,-100593331,-235960600,-235960600,-343900034,-343900034,-339315550,-339315550,-214323534,-214323534,-271448788,-271448788,-369096600,-369096600,-256121938,-256121938,-63405405,-63405405,186651029,186651029,156873548,156873548,85577431,85577431,82803563,82803563,24182861,24182861,169780712,169780712,67064697,67064697,260039638,260039638,553839970,553839970,508400578,508400578,175634138,175634138,280839164,280839164,249887685,249887685,461809693,461809693,298192052,298192052,445699425,445699425,464195331,464195331,552697688,552697688,479048631,479048631
f = 683384755,0,1 | route T | claimed 1289.4183962300768172 | coeffs 169780712,67064697,67064697,260039638,260039638,553839970,553839970,508400578,508400578,175634138,175634138,280839164,280839164,249887685,249887685,461809693,461809693,298192052,298192052,445699425,445699425,464195331,464195331,552697688,552697688,479048631,479048631,134498570,134498570,-2249051,-2249051,-40903752,-40903752,2294481,2294481,100593331,100593331,235960600,235960600,343900034,343900034,339315550,339315550,214323534,214323534,271448788,271448788,369096600,369096600,256121938,256121938,63405405,63405405,-186651029,-186651029,-156873548,-156873548,-85577431,-85577431,-82803563,-82803563,-24182861,-24182861,-169780712
# status f = 683384755,0,1 : PASS_RHO (rho 0.89471, T 1289.4, 0s)
f = 685930919,0,1 | route RHO | claimed 0.89427751397940468958 | coeffs -179686115,114114217,114114217,212413067,212413067,315129082,315129082,353783783,353783783,295163081,295163081,-49386980,-49386980,21909137,21909137,-66593220,-66593220,183463214,183463214,330970587,330970587,217995925,217995925,6073917,6073917,-51051337,-51051337,54153689,54153689,49569205,49569205,95008597,95008597,-40358672,-40358672,152616269,152616269,195814502,195814502,50216651,50216651,186964272,186964272,184190404,184190404,110541347,110541347,140318828,140318828,121822922,121822922,314539455,314539455,150921814,150921814,248569626,248569626,279521105,279521105,404513121,404513121,71746681,71746681,179686115
f = 685930919,0,1 | route T | claimed 2209.1795809629573302 | coeffs -179686115,114114217,114114217,212413067,212413067,315129082,315129082,353783783,353783783,295163081,295163081,-49386980,-49386980,21909137,21909137,-66593220,-66593220,183463214,183463214,330970587,330970587,217995925,217995925,6073917,6073917,-51051337,-51051337,54153689,54153689,49569205,49569205,95008597,95008597,-40358672,-40358672,152616269,152616269,195814502,195814502,50216651,50216651,186964272,186964272,184190404,184190404,110541347,110541347,140318828,140318828,121822922,121822922,314539455,314539455,150921814,150921814,248569626,248569626,279521105,279521105,404513121,404513121,71746681,71746681,179686115
# status f = 685930919,0,1 : PASS_RHO (rho 0.89428, T 2209.2, 0s)
f = 768705440,0,1 | route RHO | claimed 0.9185385141090245907 | coeffs -514308290,-475653589,-475653589,-588628251,-588628251,-395653310,-395653310,-414149216,-414149216,-306209782,-306209782,-377505899,-377505899,-482710925,-482710925,-619458546,-619458546,-717106358,-717106358,-614390343,-614390343,-466882970,-466882970,-602250239,-602250239,-572472758,-572472758,-905239198,-905239198,-560689137,-560689137,-503563883,-503563883,-357966032,-357966032,-194348391,-194348391,-96049541,-96049541,154006893,154006893,199446285,199446285,125797228,125797228,250789244,250789244,309409946,309409946,521331954,521331954,478133721,478133721,285417188,285417188,579217520,579217520,490715163,490715163,486130679,486130679,483356811,483356811,514308290
f = 768705440,0,1 | route T | claimed 1649.1838731459739397 | coeffs -194348391,-194348391,-96049541,-96049541,154006893,154006893,199446285,199446285,125797228,125797228,250789244,250789244,309409946,309409946,521331954,521331954,478133721,478133721,285417188,285417188,579217520,579217520,490715163,490715163,486130679,486130679,483356811,483356811,514308290,514308290,475653589,475653589,588628251,588628251,395653310,395653310,414149216,414149216,306209782,306209782,377505899,377505899,482710925,482710925,619458546,619458546,717106358,717106358,614390343,614390343,466882970,466882970,602250239,602250239,572472758,572472758,905239198,905239198,560689137,560689137,503563883,503563883,357966032,357966032
# status f = 768705440,0,1 : PASS_RHO (rho 0.91854, T 1649.2, 0s)
f = 772993953,0,1 | route RHO | claimed 0.86415917379750203986 | coeffs -335566289,-335566289,-247063932,-247063932,-410681573,-410681573,-305476547,-305476547,-11676215,-11676215,133921636,133921636,62625519,62625519,255342052,255342052,198216798,198216798,90277364,90277364,47079131,47079131,391629192,391629192,373133286,373133286,161211278,161211278,493977718,493977718,301002777,301002777,359623479,359623479,389400960,389400960,276426298,276426298,151434282,151434282,286801551,286801551,248146850,248146850,174497793,174497793,322005166,322005166,291053687,291053687,245614295,245614295,142898280,142898280,140124412,140124412,390180846,390180846,292533034,292533034,297117518,297117518,198818668,198818668
f = 772993953,0,1 | route T | claimed 1651.5532270625763406 | coeffs 198216798,198216798,90277364,90277364,47079131,47079131,391629192,391629192,373133286,373133286,161211278,161211278,493977718,493977718,301002777,301002777,359623479,359623479,389400960,389400960,276426298,276426298,151434282,151434282,286801551,286801551,248146850,248146850,174497793,174497793,322005166,322005166,291053687,291053687,245614295,245614295,142898280,142898280,140124412,140124412,390180846,390180846,292533034,292533034,297117518,297117518,198818668,198818668,335566289,335566289,247063932,247063932,410681573,410681573,305476547,305476547,11676215,11676215,-133921636,-133921636,-62625519,-62625519,-255342052,-255342052
# status f = 772993953,0,1 : PASS_RHO (rho 0.86416, T 1651.6, 0s)
f = 795420358,0,1 | route RHO | claimed 0.86415917379750203986 | coeffs -276426298,-389400960,-389400960,-359623479,-359623479,-301002777,-301002777,-493977718,-493977718,-161211278,-161211278,-373133286,-373133286,-391629192,-391629192,-47079131,-47079131,-90277364,-90277364,-198216798,-198216798,-255342052,-255342052,-62625519,-62625519,-133921636,-133921636,11676215,11676215,305476547,305476547,410681573,410681573,247063932,247063932,335566289,335566289,198818668,198818668,297117518,297117518,292533034,292533034,390180846,390180846,140124412,140124412,142898280,142898280,245614295,245614295,291053687,291053687,322005166,322005166,174497793,174497793,248146850,248146850,286801551,286801551,151434282,151434282,276426298
f = 795420358,0,1 | route T | claimed 1701.8997379387886365 | coeffs -39757494,-39757494,319104168,319104168,629948757,629948757,496569721,496569721,562058348,562058348,846546648,846546648,692989030,692989030,665756158,665756158,612955207,612955207,387831133,387831133,686263544,686263544,728362559,728362559,768071328,768071328,833953168,833953168,1002712792,1002712792,872951140,872951140,801647579,801647579,694782224,694782224,584410495,584410495,806962612,806962612,800440308,800440308,853943422,853943422,889290173,889290173,714856671,714856671,534948119,534948119,406639033,406639033,445598545,445598545,424956593,424956593,431738772,431738772,217301482,217301482,251755390,251755390,10205803,10205803
# status f = 795420358,0,1 : PASS_RHO (rho 0.86416, T 1701.9, 0s)
f = 836451894,0,1 | route RHO | claimed 0.92339243782198692568 | coeffs -285171198,-285171198,-158050732,-158050732,106330518,106330518,-269525737,-269525737,-86791244,-86791244,26221222,26221222,-226369776,-226369776,-343232964,-343232964,-157738103,-157738103,-321013310,-321013310,-212790941,-212790941,-261732186,-261732186,-475693146,-475693146,-545954561,-545954561,-451546914,-451546914,-688002487,-688002487,-877825423,-877825423,-700339623,-700339623,-761207058,-761207058,-741957075,-741957075,-496311895,-496311895,-547253780,-547253780,-384127427,-384127427,-222795967,-222795967,-238308290,-238308290,-49651495,-49651495,-21230210,-21230210,23818764,23818764,172805792,172805792,509277193,509277193,452731628,452731628,317592982,317592982
f = 836451894,0,1 | route T | claimed 1915.5869688726871035 | coeffs 59047232,59047232,418351106,418351106,196430749,196430749,398499971,398499971,421220466,421220466,150002029,150002029,274013283,274013283,538320020,538320020,456550530,456550530,325032881,325032881,223508421,223508421,172408682,172408682,392098260,392098260,93096060,93096060,135644370,135644370,114495403,114495403,296851759,296851759,270992174,270992174,245751227,245751227,302569236,302569236,439461605,439461605,501140415,501140415,515521164,515521164,568097312,568097312,687357224,687357224,665705712,665705712,615871704,615871704,332986805,332986805,292356808,292356808,250930353,250930353,-53815882,-53815882,-90862985,-90862985
# status f = 836451894,0,1 : PASS_RHO (rho 0.92339, T 1915.6, 0s)
f = 888837413,0,1 | route RHO | claimed 0.89470651965160161581 | coeffs 214323534,214323534,339315550,339315550,343900034,343900034,235960600,235960600,100593331,100593331,2294481,2294481,-40903752,-40903752,-2249051,-2249051,134498570,134498570,479048631,479048631,552697688,552697688,464195331,464195331,445699425,445699425,298192052,298192052,461809693,461809693,249887685,249887685,280839164,280839164,175634138,175634138,508400578,508400578,553839970,553839970,260039638,260039638,67064697,67064697,169780712,169780712,24182861,24182861,82803563,82803563,85577431,85577431,156873548,156873548,186651029,186651029,-63405405,-63405405,-256121938,-256121938,-369096600,-369096600,-271448788,-271448788
f = 888837413,0,1 | route T | claimed 2314.318695250224909 | coeffs -480031782,-121170120,-121170120,-85823369,-85823369,-127922384,-127922384,-157474075,-157474075,-103970961,-103970961,-402403372,-402403372,-160853785,-160853785,-167376089,-167376089,57747985,57747985,23294077,23294077,245846194,245846194,298647145,298647145,513084435,513084435,402712706,402712706,429945578,429945578,423163399,423163399,316298044,316298044,469855662,469855662,490497614,490497614,419194053,419194053,134705753,134705753,95746241,95746241,-34015411,-34015411,-99504038,-99504038,28805048,28805048,197564672,197564672,330943708,330943708,510852260,510852260,576734100,576734100,265889511,265889511,440323013,440323013,480031782
# status f = 888837413,0,1 : PASS_RHO (rho 0.89471, T 2314.3, 0s)
f = 924535438,0,1 | route RHO | claimed 0.90666895760026180274 | coeffs 137757235,137757235,24782573,24782573,-73516277,-73516277,-55020371,-55020371,-9580979,-9580979,-80877096,-80877096,-205869112,-205869112,-69121491,-69121491,142800517,142800517,245516532,245516532,438233065,438233065,573600334,573600334,485097977,485097977,152331537,152331537,155105405,155105405,97980151,97980151,59325450,59325450,222943091,222943091,415918032,415918032,165861598,165861598,57922164,57922164,-15726893,-15726893,-120931919,-120931919,-179552621,-179552621,-81904809,-81904809,-125103042,-125103042,22404331,22404331,-271396001,-271396001,-301173482,-301173482,-305757966,-305757966,38792095,38792095,7840616,7840616
f = 924535438,0,1 | route T | claimed 1582.6658066624288915 | coeffs -69121491,-69121491,142800517,142800517,245516532,245516532,438233065,438233065,573600334,573600334,485097977,485097977,152331537,152331537,155105405,155105405,97980151,97980151,59325450,59325450,222943091,222943091,415918032,415918032,165861598,165861598,57922164,57922164,-15726893,-15726893,-120931919,-120931919,-179552621,-179552621,-81904809,-81904809,-125103042,-125103042,22404331,22404331,-271396001,-271396001,-301173482,-301173482,-305757966,-305757966,38792095,38792095,7840616,7840616,-137757235,-137757235,-24782573,-24782573,73516277,73516277,55020371,55020371,9580979,9580979,80877096,80877096,205869112,205869112
# status f = 924535438,0,1 : PASS_RHO (rho 0.90667, T 1582.7, 0s)
f = 942071989,0,1 | route RHO | claimed 0.86070779232736237879 | coeffs -245072686,-381820307,-381820307,-574536840,-574536840,-241770400,-241770400,-203115699,-203115699,46940735,46940735,152145761,152145761,195343994,195343994,225121475,225121475,256072954,256072954,157774104,157774104,86477987,86477987,298399995,298399995,433767264,433767264,436541132,436541132,600158773,600158773,492219339,492219339,433598637,433598637,581106010,581106010,576521526,576521526,430923675,430923675,412427769,412427769,537419785,537419785,434703770,434703770,523206127,523206127,580331381,580331381,387356440,387356440,461005497,461005497,363357685,363357685,657158017,657158017,312607956,312607956,199633294,199633294,245072686
f = 942071989,0,1 | route T | claimed 1674.4729258662859462 | coeffs 404439703,427160198,427160198,128157998,128157998,142538747,142538747,105491644,105491644,187261134,187261134,213120719,213120719,262954727,262954727,465023949,465023949,684713527,684713527,746392337,746392337,441646102,441646102,177339365,177339365,-5016991,-5016991,16634521,16634521,-205285836,-205285836,-256385575,-256385575,-119493206,-119493206,-160919661,-160919661,-284930915,-284930915,-263781948,-263781948,-383041860,-383041860,-23737986,-23737986,-125262446,-125262446,-68444437,-68444437,-109074434,-109074434,162144003,162144003,119595693,119595693,67019545,67019545,35203792,35203792,-96313857,-96313857,-121554804,-121554804,-404439703
# status f = 942071989,0,1 : PASS_RHO (rho 0.86071, T 1674.5, 0s)
f = 943914424,0,1 | route RHO | claimed 0.94986368407350897091 | coeffs 44423037,44423037,328911337,328911337,368620106,368620106,591172223,591172223,630131735,630131735,271270073,271270073,324071024,324071024,453832676,453832676,418485925,418485925,632923215,632923215,698411842,698411842,740510857,740510857,630139128,630139128,501830042,501830042,531381733,531381733,558614605,558614605,389854981,389854981,336351867,336351867,329569688,329569688,196190652,196190652,494623063,494623063,387757708,387757708,207849156,207849156,-33700431,-33700431,119857187,119857187,53975347,53975347,60497651,60497651,81139603,81139603,391984192,391984192,166860118,166860118,95556557,95556557,-78876945,-78876945
f = 943914424,0,1 | route T | claimed 2689.1918209479126179 | coeffs -150087607,-52439795,-52439795,21209262,21209262,214184203,214184203,271309457,271309457,182807100,182807100,80091085,80091085,-44900931,-44900931,-63396837,-63396837,82201014,82201014,77616530,77616530,-69890843,-69890843,-128511545,-128511545,-20572111,-20572111,143045530,143045530,140271662,140271662,275638931,275638931,63716923,63716923,-7579194,-7579194,90719656,90719656,121671135,121671135,91893654,91893654,135091887,135091887,29886861,29886861,279943295,279943295,241288594,241288594,574055034,574055034,766771567,766771567,630023946,630023946,675463338,675463338,788438000,788438000,443887939,443887939,150087607
# status f = 943914424,0,1 : PASS_RHO (rho 0.94986, T 2689.2, 0s)
f = 982638249,0,1 | route RHO | claimed 0.94213940148706024809 | coeffs -163211141,-169733445,-169733445,-211832460,-211832460,99012129,99012129,-29296957,-29296957,42006604,42006604,14773732,14773732,49227640,49227640,-4275474,-4275474,35433295,35433295,168812331,168812331,129852819,129852819,22987464,22987464,75788415,75788415,317338002,317338002,352684753,352684753,286802913,286802913,352291540,352291540,331649588,331649588,442021317,442021317,216897243,216897243,246448934,246448934,420882436,420882436,589642060,589642060,305153760,305153760,298371581,298371581,520923698,520923698,222491287,222491287,581352949,581352949,401444397,401444397,531206049,531206049,377648431,377648431,163211141
f = 982638249,0,1 | route T | claimed 2152.951878904241843 | coeffs -52554407,66873500,66873500,-174067245,-174067245,-43714489,-43714489,71911767,71911767,414493704,414493704,278969724,278969724,354801495,354801495,139777929,139777929,-10550845,-10550845,430120964,430120964,184068778,184068778,170126428,170126428,219633645,219633645,-80567108,-80567108,115829991,115829991,101564780,101564780,136730599,136730599,5575577,5575577,344370626,344370626,239356397,239356397,245551232,245551232,197580091,197580091,127234854,127234854,154336713,154336713,150542900,150542900,-16527598,-16527598,-3306876,-3306876,-55420358,-55420358,-41009728,-41009728,-273759926,-273759926,-201410561,-201410561,52554407
# status f = 982638249,0,1 : PASS_RHO (rho 0.94214, T 2153.0, 0s)
# summary n = 7 l = 1000072897 : EXCLUSION_CANDIDATE ; PASS 32 / 32 ; OPEN_NEAR 0 ; OPEN_FAR 0 ; 14s
