# FAMILY WITNESS FILE (generator family_gen.sage r10). n = 7 ; l = 1000683713 ; m = 64 ; deg = 2 ; ncomp = 32 ; bar_T = 4224 ; L_n = 16.3328709449664096755483535644
# line: f = c0,...,c_deg (monic, over F_l) | route RHO|T | claimed (rho or T, float) | coeffs a_0..a_{m-1}
f = 82832442,0,1 | route RHO | claimed 0.92201917009744245943 | coeffs -948347675,-552944629,-552944629,-595747965,-595747965,-548325049,-548325049,-440152940,-440152940,-346232344,-346232344,-385069157,-385069157,-54159574,-54159574,-170281724,-170281724,36589685,36589685,384699983,384699983,150166275,150166275,15875100,15875100,133999595,133999595,240175070,240175070,94389753,94389753,184380051,184380051,211614516,211614516,325401077,325401077,405658267,405658267,225279973,225279973,100963132,100963132,336227304,336227304,523143395,523143395,645317594,645317594,567212599,567212599,797392872,797392872,671657001,671657001,881526374,881526374,822488075,822488075,697596101,697596101,878718429,878718429,948347675
f = 82832442,0,1 | route T | claimed 2251.9184935569064657 | coeffs 249775343,246704437,246704437,253302352,253302352,330727292,330727292,39602466,39602466,40972531,40972531,101466252,101466252,133864917,133864917,58529934,58529934,141974457,141974457,-63919408,-63919408,98044156,98044156,159734009,159734009,71325961,71325961,210807567,210807567,94112414,94112414,199026002,199026002,-48174224,-48174224,431154489,431154489,307119256,307119256,329016285,329016285,27656578,27656578,-61429417,-61429417,-334647822,-334647822,-116702879,-116702879,-14804909,-14804909,-222447364,-222447364,11590171,11590171,-59993237,-59993237,-172767147,-172767147,-374616122,-374616122,-404436352,-404436352,-249775343
# status f = 82832442,0,1 : PASS_RHO (rho 0.92202, T 2251.9, 1s)
f = 105814778,0,1 | route RHO | claimed 0.9406346059981551793 | coeffs -413070286,-233791580,-233791580,-341038262,-341038262,-546625324,-546625324,-223958785,-223958785,-240333333,-240333333,-276709196,-276709196,174019847,174019847,-74083312,-74083312,-22824601,-22824601,-228141546,-228141546,-138865456,-138865456,-220128351,-220128351,-93033138,-93033138,243848054,243848054,94975413,94975413,318241796,318241796,276521598,276521598,249999826,249999826,280444601,280444601,195927565,195927565,228149091,228149091,262767836,262767836,239454490,239454490,509957999,509957999,366569881,366569881,406298835,406298835,158769820,158769820,267616380,267616380,209703722,209703722,246373356,246373356,341286393,341286393,413070286
f = 105814778,0,1 | route T | claimed 2522.9623109908558622 | coeffs -413070286,-233791580,-233791580,-341038262,-341038262,-546625324,-546625324,-223958785,-223958785,-240333333,-240333333,-276709196,-276709196,174019847,174019847,-74083312,-74083312,-22824601,-22824601,-228141546,-228141546,-138865456,-138865456,-220128351,-220128351,-93033138,-93033138,243848054,243848054,94975413,94975413,318241796,318241796,276521598,276521598,249999826,249999826,280444601,280444601,195927565,195927565,228149091,228149091,262767836,262767836,239454490,239454490,509957999,509957999,366569881,366569881,406298835,406298835,158769820,158769820,267616380,267616380,209703722,209703722,246373356,246373356,341286393,341286393,413070286
# status f = 105814778,0,1 : PASS_RHO (rho 0.94063, T 2523.0, 0s)
f = 122641439,0,1 | route RHO | claimed 0.92201917009744245943 | coeffs -523143395,-523143395,-336227304,-336227304,-100963132,-100963132,-225279973,-225279973,-405658267,-405658267,-325401077,-325401077,-211614516,-211614516,-184380051,-184380051,-94389753,-94389753,-240175070,-240175070,-133999595,-133999595,-15875100,-15875100,-150166275,-150166275,-384699983,-384699983,-36589685,-36589685,170281724,170281724,54159574,54159574,385069157,385069157,346232344,346232344,440152940,440152940,548325049,548325049,595747965,595747965,552944629,552944629,948347675,948347675,878718429,878718429,697596101,697596101,822488075,822488075,881526374,881526374,671657001,671657001,797392872,797392872,567212599,567212599,645317594,645317594
f = 122641439,0,1 | route T | claimed 1714.2099536375919676 | coeffs -211614516,-184380051,-184380051,-94389753,-94389753,-240175070,-240175070,-133999595,-133999595,-15875100,-15875100,-150166275,-150166275,-384699983,-384699983,-36589685,-36589685,170281724,170281724,54159574,54159574,385069157,385069157,346232344,346232344,440152940,440152940,548325049,548325049,595747965,595747965,552944629,552944629,948347675,948347675,878718429,878718429,697596101,697596101,822488075,822488075,881526374,881526374,671657001,671657001,797392872,797392872,567212599,567212599,645317594,645317594,523143395,523143395,336227304,336227304,100963132,100963132,225279973,225279973,405658267,405658267,325401077,325401077,211614516
# status f = 122641439,0,1 : PASS_RHO (rho 0.92202, T 1714.2, 0s)
f = 159372082,0,1 | route RHO | claimed 0.92831335054746725093 | coeffs 455000386,455000386,287396071,287396071,437048498,437048498,560182002,560182002,569356224,569356224,726920365,726920365,582259399,582259399,591406548,591406548,485491849,485491849,860875580,860875580,636037204,636037204,628796047,628796047,776827320,776827320,364451664,364451664,267193136,267193136,269870064,269870064,29428807,29428807,29094337,29094337,22272698,22272698,-50117971,-50117971,-362881695,-362881695,-333984834,-333984834,-429555649,-429555649,-446068133,-446068133,-206460653,-206460653,-165744718,-165744718,-148497789,-148497789,-428190972,-428190972,-390593350,-390593350,-443949483,-443949483,-497020672,-497020672,-307750730,-307750730
f = 159372082,0,1 | route T | claimed 2349.5058554575943784 | coeffs -364451664,-267193136,-267193136,-269870064,-269870064,-29428807,-29428807,-29094337,-29094337,-22272698,-22272698,50117971,50117971,362881695,362881695,333984834,333984834,429555649,429555649,446068133,446068133,206460653,206460653,165744718,165744718,148497789,148497789,428190972,428190972,390593350,390593350,443949483,443949483,497020672,497020672,307750730,307750730,455000386,455000386,287396071,287396071,437048498,437048498,560182002,560182002,569356224,569356224,726920365,726920365,582259399,582259399,591406548,591406548,485491849,485491849,860875580,860875580,636037204,636037204,628796047,628796047,776827320,776827320,364451664
# status f = 159372082,0,1 : PASS_RHO (rho 0.92831, T 2349.5, 0s)
f = 161266201,0,1 | route RHO | claimed 0.9142672160275060403 | coeffs 338322355,321075426,321075426,328316583,328316583,365914205,365914205,-46461451,-46461451,6609738,6609738,3932810,3932810,-143316846,-143316846,-143651316,-143651316,6001111,6001111,78391780,78391780,69217558,69217558,98114419,98114419,-46546547,-46546547,-30034063,-30034063,75880636,75880636,116596571,116596571,-108241805,-108241805,171451378,171451378,23420105,23420105,-29936028,-29936028,-127194556,-127194556,-316464498,-316464498,-76023241,-76023241,91581074,91581074,84759435,84759435,207892939,207892939,520656663,520656663,363092522,363092522,267521707,267521707,276668856,276668856,37061376,37061376,-338322355
f = 161266201,0,1 | route T | claimed 2516.7554019196442921 | coeffs 250478900,-10632971,-10632971,-38703451,-38703451,48195607,48195607,12330647,12330647,-42356948,-42356948,-117678107,-117678107,-202073063,-202073063,-81032853,-81032853,-54539738,-54539738,-214678612,-214678612,-368277003,-368277003,-332531430,-332531430,-389615281,-389615281,-165821824,-165821824,63897603,63897603,101510811,101510811,-135593027,-135593027,196170356,196170356,196900820,196900820,271652103,271652103,87741209,87741209,32992947,32992947,199980917,199980917,252605833,252605833,66328729,66328729,77931077,77931077,122565861,122565861,-181597093,-181597093,58701601,58701601,194961278,194961278,-249734866,-249734866,-250478900
# status f = 161266201,0,1 : PASS_RHO (rho 0.91427, T 2516.8, 0s)
f = 190529757,0,1 | route RHO | claimed 0.93424791739453777058 | coeffs 96344951,-185081923,-185081923,-189801370,-189801370,-123413224,-123413224,-263370278,-263370278,-399308530,-399308530,-219894508,-219894508,-27552896,-27552896,-49605824,-49605824,69404613,69404613,-45016203,-45016203,178297643,178297643,157243966,157243966,-143672798,-143672798,-184197466,-184197466,167453334,167453334,306040950,306040950,101635276,101635276,368106592,368106592,335756624,335756624,569183701,569183701,516914167,516914167,556791535,556791535,277825959,277825959,432532968,432532968,123502787,123502787,-63875494,-63875494,32496191,32496191,36621499,36621499,7155877,7155877,-39692110,-39692110,44953813,44953813,-96344951
f = 190529757,0,1 | route T | claimed 1788.7620114103572055 | coeffs -219894508,-27552896,-27552896,-49605824,-49605824,69404613,69404613,-45016203,-45016203,178297643,178297643,157243966,157243966,-143672798,-143672798,-184197466,-184197466,167453334,167453334,306040950,306040950,101635276,101635276,368106592,368106592,335756624,335756624,569183701,569183701,516914167,516914167,556791535,556791535,277825959,277825959,432532968,432532968,123502787,123502787,-63875494,-63875494,32496191,32496191,36621499,36621499,7155877,7155877,-39692110,-39692110,44953813,44953813,-96344951,-96344951,185081923,185081923,189801370,189801370,123413224,123413224,263370278,263370278,399308530,399308530,219894508
# status f = 190529757,0,1 : PASS_RHO (rho 0.93425, T 1788.8, 0s)
f = 191307776,0,1 | route RHO | claimed 0.92831335054746725093 | coeffs 165744718,165744718,206460653,206460653,446068133,446068133,429555649,429555649,333984834,333984834,362881695,362881695,50117971,50117971,-22272698,-22272698,-29094337,-29094337,-29428807,-29428807,-269870064,-269870064,-267193136,-267193136,-364451664,-364451664,-776827320,-776827320,-628796047,-628796047,-636037204,-636037204,-860875580,-860875580,-485491849,-485491849,-591406548,-591406548,-582259399,-582259399,-726920365,-726920365,-569356224,-569356224,-560182002,-560182002,-437048498,-437048498,-287396071,-287396071,-455000386,-455000386,-307750730,-307750730,-497020672,-497020672,-443949483,-443949483,-390593350,-390593350,-428190972,-428190972,-148497789,-148497789
f = 191307776,0,1 | route T | claimed 2541.2378290422615812 | coeffs 472088936,472088936,293465031,293465031,515230372,515230372,502355338,502355338,510259079,510259079,492331892,492331892,511906693,511906693,227845596,227845596,169688449,169688449,20124594,20124594,-71862417,-71862417,-106423900,-106423900,-14399530,-14399530,106642865,106642865,-50412151,-50412151,68033982,68033982,-116468207,-116468207,-623727613,-623727613,-611707497,-611707497,-650322903,-650322903,-842665880,-842665880,-427085994,-427085994,-471740819,-471740819,-518118479,-518118479,-363511461,-363511461,-507255346,-507255346,-596954206,-596954206,-862992037,-862992037,-788814137,-788814137,-895409120,-895409120,-685031955,-685031955,-440495778,-440495778
# status f = 191307776,0,1 : PASS_RHO (rho 0.92831, T 2541.2, 0s)
f = 192235218,0,1 | route RHO | claimed 0.9215225688159217603 | coeffs -225475076,-313216285,-313216285,-131619192,-131619192,-83423585,-83423585,-298102197,-298102197,-433695224,-433695224,-181089391,-181089391,-430824257,-430824257,-313146150,-313146150,76469131,76469131,-195182972,-195182972,-317748833,-317748833,-356452284,-356452284,-410992022,-410992022,-309481211,-309481211,-109500294,-109500294,85460984,85460984,127817932,127817932,460349362,460349362,263448542,263448542,185517465,185517465,174884494,174884494,93851641,93851641,157749244,157749244,190742191,190742191,249443792,249443792,237113145,237113145,605390148,605390148,409219792,409219792,342891063,342891063,593369963,593369963,391296900,391296900,225475076
f = 192235218,0,1 | route T | claimed 2385.2034000791631304 | coeffs 287224164,381659173,381659173,475290012,475290012,340718259,340718259,546824707,546824707,475967707,475967707,770456011,770456011,888014128,888014128,813115008,813115008,877342875,877342875,1005405076,1005405076,967171786,967171786,618742915,618742915,476485489,476485489,340116673,340116673,350904275,350904275,503760932,503760932,324925480,324925480,128437304,128437304,-53739375,-53739375,-338450410,-338450410,-441862956,-441862956,-344905650,-344905650,-178437649,-178437649,-144715420,-144715420,-87877467,-87877467,-28018232,-28018232,-287519532,-287519532,-394109937,-394109937,-129354750,-129354750,-156119006,-156119006,-365329123,-365329123,-287224164
# status f = 192235218,0,1 : PASS_RHO (rho 0.92152, T 2385.2, 0s)
f = 192614518,0,1 | route RHO | claimed 0.94544568945556186916 | coeffs 134291175,395403046,395403046,235264172,235264172,234533708,234533708,-69629246,-69629246,-124316841,-124316841,-348110298,-348110298,-181122328,-181122328,-180378294,-180378294,-206871409,-206871409,124891974,124891974,80257190,80257190,116122150,116122150,59038299,59038299,113786561,113786561,-330909583,-330909583,-209869373,-209869373,27234465,27234465,38836813,38836813,125735871,125735871,89990298,89990298,-93920596,-93920596,-230180273,-230180273,-145785317,-145785317,-108172109,-108172109,78104995,78104995,106175475,106175475,-47422916,-47422916,-122174199,-122174199,118124495,118124495,42803336,42803336,-186916091,-186916091,-134291175
f = 192614518,0,1 | route T | claimed 1809.4633821938046064 | coeffs 124316841,348110298,348110298,181122328,181122328,180378294,180378294,206871409,206871409,-124891974,-124891974,-80257190,-80257190,-116122150,-116122150,-59038299,-59038299,-113786561,-113786561,330909583,330909583,209869373,209869373,-27234465,-27234465,-38836813,-38836813,-125735871,-125735871,-89990298,-89990298,93920596,93920596,230180273,230180273,145785317,145785317,108172109,108172109,-78104995,-78104995,-106175475,-106175475,47422916,47422916,122174199,122174199,-118124495,-118124495,-42803336,-42803336,186916091,186916091,134291175,134291175,395403046,395403046,235264172,235264172,234533708,234533708,-69629246,-69629246,-124316841
# status f = 192614518,0,1 : PASS_RHO (rho 0.94545, T 1809.5, 0s)
f = 197826363,0,1 | route RHO | claimed 0.96448217789974494099 | coeffs -399449808,-411865025,-411865025,-569606210,-569606210,-662790661,-662790661,-417141384,-417141384,-530109955,-530109955,-371420973,-371420973,-549100831,-549100831,-541067994,-541067994,-660241620,-660241620,-575296457,-575296457,-992240532,-992240532,-910470739,-910470739,-800632309,-800632309,-622909542,-622909542,-381375184,-381375184,-97888721,-97888721,-356974500,-356974500,-315461204,-315461204,-92927676,-92927676,45993702,45993702,-170790790,-170790790,-102259903,-102259903,-209918262,-209918262,33478411,33478411,136557212,136557212,220458726,220458726,202104474,202104474,275857378,275857378,222203588,222203588,326097662,326097662,533586352,533586352,399449808
f = 197826363,0,1 | route T | claimed 2437.5309341356855565 | coeffs 364314244,635631021,635631021,741746735,741746735,692182181,692182181,861232499,861232499,839495749,839495749,838416738,838416738,655771723,655771723,771439038,771439038,724593042,724593042,861864616,861864616,562042219,562042219,626590830,626590830,426338263,426338263,608330731,608330731,343873722,343873722,378229188,378229188,617809656,617809656,458343269,458343269,455419518,455419518,340334936,340334936,533746268,533746268,497340443,497340443,180736880,180736880,497874247,497874247,330760028,330760028,331593202,331593202,91592098,91592098,7488082,7488082,-149516388,-149516388,-191994434,-191994434,-306631788,-306631788,-364314244
# status f = 197826363,0,1 : PASS_RHO (rho 0.96448, T 2437.5, 0s)
f = 244239302,0,1 | route RHO | claimed 0.9722906298483808435 | coeffs 439189970,439189970,332364785,332364785,395369047,395369047,769539408,769539408,602116705,602116705,367165098,367165098,363769529,363769529,361070785,361070785,595995413,595995413,494622437,494622437,677309653,677309653,696284438,696284438,808127424,808127424,621999721,621999721,537427731,537427731,681621627,681621627,754724583,754724583,795132867,795132867,617450682,617450682,774085783,774085783,356782548,356782548,295950250,295950250,4160690,4160690,-96192185,-96192185,83285750,83285750,165353721,165353721,206238171,206238171,260863186,260863186,162279854,162279854,68016392,68016392,-212546320,-212546320,-323882566,-323882566
f = 244239302,0,1 | route T | claimed 2203.6707523700674888 | coeffs 439189970,439189970,332364785,332364785,395369047,395369047,769539408,769539408,602116705,602116705,367165098,367165098,363769529,363769529,361070785,361070785,595995413,595995413,494622437,494622437,677309653,677309653,696284438,696284438,808127424,808127424,621999721,621999721,537427731,537427731,681621627,681621627,754724583,754724583,795132867,795132867,617450682,617450682,774085783,774085783,356782548,356782548,295950250,295950250,4160690,4160690,-96192185,-96192185,83285750,83285750,165353721,165353721,206238171,206238171,260863186,260863186,162279854,162279854,68016392,68016392,-212546320,-212546320,-323882566,-323882566
# status f = 244239302,0,1 : PASS_RHO (rho 0.97229, T 2203.7, 0s)
f = 357229312,0,1 | route RHO | claimed 0.96767654462918148473 | coeffs -571484959,-571484959,-657006258,-657006258,-622118773,-622118773,-503289352,-503289352,-379068515,-379068515,-269417894,-269417894,-133630461,-133630461,128294121,128294121,419602901,419602901,217457028,217457028,485739224,485739224,52340785,52340785,400612424,400612424,415638050,415638050,413273969,413273969,427149498,427149498,459298214,459298214,582652951,582652951,563616155,563616155,570943304,570943304,606791187,606791187,395669613,395669613,541178180,541178180,566740937,566740937,696080619,696080619,725750333,725750333,815621394,815621394,746787592,746787592,666749117,666749117,859546572,859546572,525938823,525938823,725421614,725421614
f = 357229312,0,1 | route T | claimed 2714.7050404998527586 | coeffs 620015440,620015440,914503744,914503744,850275877,850275877,501847006,501847006,491059404,491059404,294571228,294571228,397983774,397983774,431706003,431706003,691207303,691207303,664443047,664443047,758878056,758878056,552771608,552771608,670329725,670329725,542267524,542267524,400010098,400010098,247153441,247153441,64976762,64976762,-31980544,-31980544,24857409,24857409,131447814,131447814,-77762303,-77762303,15868536,15868536,86725536,86725536,11826416,11826416,50059706,50059706,-86309110,-86309110,92526342,92526342,-192184693,-192184693,-358652694,-358652694,-298793459,-298793459,-563548646,-563548646,-485443687,-485443687
# status f = 357229312,0,1 : PASS_RHO (rho 0.96768, T 2714.7, 0s)
f = 358970694,0,1 | route RHO | claimed 0.9353635808135612043 | coeffs -111542873,-29773080,-29773080,-11418828,-11418828,-96363991,-96363991,6714810,6714810,14747647,14747647,122406006,122406006,-36282976,-36282976,-253067468,-253067468,-7418191,-7418191,-229951719,-229951719,-72210534,-72210534,-331296313,-331296313,-197159769,-197159769,-438694127,-438694127,-334800053,-334800053,-224961623,-224961623,-298714527,-298714527,118229548,118229548,202131062,202131062,82957436,82957436,-160439237,-160439237,17240621,17240621,85771508,85771508,-27197063,-27197063,-166118441,-166118441,-72933990,-72933990,-31420694,-31420694,-43835911,-43835911,-327322374,-327322374,-119833684,-119833684,57889083,57889083,111542873
f = 358970694,0,1 | route T | claimed 1807.2546176160223056 | coeffs -122406006,36282976,36282976,253067468,253067468,7418191,7418191,229951719,229951719,72210534,72210534,331296313,331296313,197159769,197159769,438694127,438694127,334800053,334800053,224961623,224961623,298714527,298714527,-118229548,-118229548,-202131062,-202131062,-82957436,-82957436,160439237,160439237,-17240621,-17240621,-85771508,-85771508,27197063,27197063,166118441,166118441,72933990,72933990,31420694,31420694,43835911,43835911,327322374,327322374,119833684,119833684,-57889083,-57889083,-111542873,-111542873,-29773080,-29773080,-11418828,-11418828,-96363991,-96363991,6714810,6714810,14747647,14747647,122406006
# status f = 358970694,0,1 : PASS_RHO (rho 0.93536, T 1807.3, 0s)
f = 389281723,0,1 | route RHO | claimed 0.94498173665049444796 | coeffs 504951860,205304474,205304474,336979720,336979720,468429537,468429537,177956373,177956373,300484470,300484470,207095911,207095911,328998403,328998403,211085243,211085243,190087353,190087353,216419030,216419030,57789935,57789935,74389667,74389667,-88548598,-88548598,-396830120,-396830120,-222666247,-222666247,-279689813,-279689813,-595212492,-595212492,-323790091,-323790091,-381148127,-381148127,-383907082,-383907082,-128997165,-128997165,-203602130,-203602130,-259717218,-259717218,142442355,142442355,-55296114,-55296114,-256072168,-256072168,-229296326,-229296326,-279003522,-279003522,-482456504,-482456504,-462502301,-462502301,-541106358,-541106358,-504951860
f = 389281723,0,1 | route T | claimed 2250.4177907076664679 | coeffs 378793462,266000156,266000156,306758460,306758460,472455680,472455680,525827285,525827285,426268377,426268377,539407031,539407031,452770137,452770137,379086205,379086205,637220295,637220295,613203408,613203408,408000687,408000687,686058634,686058634,722219519,722219519,398664003,398664003,560247974,560247974,461376642,461376642,566276046,566276046,747433059,747433059,660412877,660412877,762986771,762986771,748202269,748202269,833950263,833950263,416389717,416389717,527067073,527067073,684848567,684848567,235746308,235746308,374874137,374874137,118547313,118547313,-67831717,-67831717,-11581004,-11581004,-89602460,-89602460,-378793462
# status f = 389281723,0,1 : PASS_RHO (rho 0.94498, T 2250.4, 0s)
f = 393057173,0,1 | route RHO | claimed 0.93424791739453777058 | coeffs 189801370,189801370,185081923,185081923,-96344951,-96344951,44953813,44953813,-39692110,-39692110,7155877,7155877,36621499,36621499,32496191,32496191,-63875494,-63875494,123502787,123502787,432532968,432532968,277825959,277825959,556791535,556791535,516914167,516914167,569183701,569183701,335756624,335756624,368106592,368106592,101635276,101635276,306040950,306040950,167453334,167453334,-184197466,-184197466,-143672798,-143672798,157243966,157243966,178297643,178297643,-45016203,-45016203,69404613,69404613,-49605824,-49605824,-27552896,-27552896,-219894508,-219894508,-399308530,-399308530,-263370278,-263370278,-123413224,-123413224
f = 393057173,0,1 | route T | claimed 2017.7427876667781742 | coeffs 399308530,263370278,263370278,123413224,123413224,189801370,189801370,185081923,185081923,-96344951,-96344951,44953813,44953813,-39692110,-39692110,7155877,7155877,36621499,36621499,32496191,32496191,-63875494,-63875494,123502787,123502787,432532968,432532968,277825959,277825959,556791535,556791535,516914167,516914167,569183701,569183701,335756624,335756624,368106592,368106592,101635276,101635276,306040950,306040950,167453334,167453334,-184197466,-184197466,-143672798,-143672798,157243966,157243966,178297643,178297643,-45016203,-45016203,69404613,69404613,-49605824,-49605824,-27552896,-27552896,-219894508,-219894508,-399308530
# status f = 393057173,0,1 : PASS_RHO (rho 0.93425, T 2017.7, 0s)
f = 494638945,0,1 | route RHO | claimed 0.9371681430237331402 | coeffs -107075170,132925934,132925934,17841352,17841352,218093919,218093919,217014908,217014908,102377554,102377554,-214759813,-214759813,24820655,24820655,-112450919,-112450919,-162015473,-162015473,-246119489,-246119489,-439530821,-439530821,-257538353,-257538353,-74893338,-74893338,-17210882,-17210882,-184325101,-184325101,-24858714,-24858714,-324681111,-324681111,-493731429,-493731429,-336726959,-336726959,-373132784,-373132784,-108675775,-108675775,6991540,6991540,-264325237,-264325237,-265158411,-265158411,-268082162,-268082162,-332630773,-332630773,-354367523,-354367523,-396845569,-396845569,-80242006,-80242006,-45886540,-45886540,959456,959456,107075170
f = 494638945,0,1 | route T | claimed 2128.9296214908751558 | coeffs -217014908,-102377554,-102377554,214759813,214759813,-24820655,-24820655,112450919,112450919,162015473,162015473,246119489,246119489,439530821,439530821,257538353,257538353,74893338,74893338,17210882,17210882,184325101,184325101,24858714,24858714,324681111,324681111,493731429,493731429,336726959,336726959,373132784,373132784,108675775,108675775,-6991540,-6991540,264325237,264325237,265158411,265158411,268082162,268082162,332630773,332630773,354367523,354367523,396845569,396845569,80242006,80242006,45886540,45886540,-959456,-959456,-107075170,-107075170,132925934,132925934,17841352,17841352,218093919,218093919,217014908
# status f = 494638945,0,1 : PASS_RHO (rho 0.93717, T 2128.9, 0s)
f = 506044768,0,1 | route RHO | claimed 0.9142672160275060403 | coeffs 365914205,365914205,328316583,328316583,321075426,321075426,338322355,338322355,-37061376,-37061376,-276668856,-276668856,-267521707,-267521707,-363092522,-363092522,-520656663,-520656663,-207892939,-207892939,-84759435,-84759435,-91581074,-91581074,76023241,76023241,316464498,316464498,127194556,127194556,29936028,29936028,-23420105,-23420105,-171451378,-171451378,108241805,108241805,-116596571,-116596571,-75880636,-75880636,30034063,30034063,46546547,46546547,-98114419,-98114419,-69217558,-69217558,-78391780,-78391780,-6001111,-6001111,143651316,143651316,143316846,143316846,-3932810,-3932810,-6609738,-6609738,46461451,46461451
f = 506044768,0,1 | route T | claimed 2620.9217910346406656 | coeffs 365914205,365914205,328316583,328316583,321075426,321075426,338322355,338322355,-37061376,-37061376,-276668856,-276668856,-267521707,-267521707,-363092522,-363092522,-520656663,-520656663,-207892939,-207892939,-84759435,-84759435,-91581074,-91581074,76023241,76023241,316464498,316464498,127194556,127194556,29936028,29936028,-23420105,-23420105,-171451378,-171451378,108241805,108241805,-116596571,-116596571,-75880636,-75880636,30034063,30034063,46546547,46546547,-98114419,-98114419,-69217558,-69217558,-78391780,-78391780,-6001111,-6001111,143651316,143651316,143316846,143316846,-3932810,-3932810,-6609738,-6609738,46461451,46461451
# status f = 506044768,0,1 : PASS_RHO (rho 0.91427, T 2620.9, 0s)
f = 607626540,0,1 | route RHO | claimed 0.94799871039709276248 | coeffs -299047197,-299047197,-210639149,-210639149,-150145428,-150145428,-179965658,-179965658,-397910601,-397910601,-645110827,-645110827,-439216962,-439216962,-361792022,-361792022,-433375430,-433375430,-132015723,-132015723,7465883,7465883,-24932782,-24932782,-179593791,-179593791,-77695821,-77695821,-557024534,-557024534,-395060970,-395060970,-103936144,-103936144,8837766,8837766,-80248229,-80248229,36446924,36446924,-38888059,-38888059,-35817153,-35817153,171825302,171825302,47790069,47790069,-13899784,-13899784,-12529719,-12529719,-214378694,-214378694,58839711,58839711,163753299,163753299,80308776,80308776,86906691,86906691,320944226,320944226
f = 607626540,0,1 | route T | claimed 1637.2222513881512051 | coeffs -299047197,-299047197,-210639149,-210639149,-150145428,-150145428,-179965658,-179965658,-397910601,-397910601,-645110827,-645110827,-439216962,-439216962,-361792022,-361792022,-433375430,-433375430,-132015723,-132015723,7465883,7465883,-24932782,-24932782,-179593791,-179593791,-77695821,-77695821,-557024534,-557024534,-395060970,-395060970,-103936144,-103936144,8837766,8837766,-80248229,-80248229,36446924,36446924,-38888059,-38888059,-35817153,-35817153,171825302,171825302,47790069,47790069,-13899784,-13899784,-12529719,-12529719,-214378694,-214378694,58839711,58839711,163753299,163753299,80308776,80308776,86906691,86906691,320944226,320944226
# status f = 607626540,0,1 : PASS_RHO (rho 0.94800, T 1637.2, 0s)
f = 611401990,0,1 | route RHO | claimed 0.9406346059981551793 | coeffs -174019847,-174019847,276709196,276709196,240333333,240333333,223958785,223958785,546625324,546625324,341038262,341038262,233791580,233791580,413070286,413070286,341286393,341286393,246373356,246373356,209703722,209703722,267616380,267616380,158769820,158769820,406298835,406298835,366569881,366569881,509957999,509957999,239454490,239454490,262767836,262767836,228149091,228149091,195927565,195927565,280444601,280444601,249999826,249999826,276521598,276521598,318241796,318241796,94975413,94975413,243848054,243848054,-93033138,-93033138,-220128351,-220128351,-138865456,-138865456,-228141546,-228141546,-22824601,-22824601,-74083312,-74083312
f = 611401990,0,1 | route T | claimed 2110.0257335647480395 | coeffs 163876258,163876258,-14584458,-14584458,-234617137,-234617137,32201012,32201012,116865359,116865359,55856027,55856027,154729109,154729109,210253918,210253918,177758519,177758519,272642269,272642269,189256028,189256028,151426842,151426842,114013174,114013174,172656296,172656296,-11511423,-11511423,422294696,422294696,346820169,346820169,45512143,45512143,106772017,106772017,75397768,75397768,-11845893,-11845893,109530972,109530972,330307685,330307685,62759072,62759072,53415884,53415884,-71851888,-71851888,-134979397,-134979397,254191938,254191938,-45076046,-45076046,-85272201,-85272201,50738956,50738956,-65030249,-65030249
# status f = 611401990,0,1 : PASS_RHO (rho 0.94063, T 2110.0, 0s)
f = 641713019,0,1 | route RHO | claimed 0.9215225688159217603 | coeffs 85460984,-109500294,-109500294,-309481211,-309481211,-410992022,-410992022,-356452284,-356452284,-317748833,-317748833,-195182972,-195182972,76469131,76469131,-313146150,-313146150,-430824257,-430824257,-181089391,-181089391,-433695224,-433695224,-298102197,-298102197,-83423585,-83423585,-131619192,-131619192,-313216285,-313216285,-225475076,-225475076,-391296900,-391296900,-593369963,-593369963,-342891063,-342891063,-409219792,-409219792,-605390148,-605390148,-237113145,-237113145,-249443792,-249443792,-190742191,-190742191,-157749244,-157749244,-93851641,-93851641,-174884494,-174884494,-185517465,-185517465,-263448542,-263448542,-460349362,-460349362,-127817932,-127817932,-85460984
f = 641713019,0,1 | route T | claimed 1967.6779600067657041 | coeffs 86008551,148655570,148655570,98911483,98911483,-75739367,-75739367,-178756932,-178756932,156666189,156666189,155239564,155239564,344734034,344734034,540385060,540385060,477244552,477244552,675808128,675808128,474109776,474109776,289529557,289529557,438793324,438793324,537798642,537798642,394988783,394988783,566386894,566386894,432526529,432526529,135113364,135113364,335315761,335315761,270680943,270680943,209149180,209149180,260699144,260699144,467552916,467552916,497497663,497497663,590397743,590397743,319504848,319504848,-89461017,-89461017,-54848398,-54848398,-257077906,-257077906,-316229498,-316229498,-334809692,-334809692,-86008551
# status f = 641713019,0,1 : PASS_RHO (rho 0.92152, T 1967.7, 0s)
f = 643454401,0,1 | route RHO | claimed 0.97314277693528315089 | coeffs 1039676995,1045422454,1045422454,925802440,925802440,1001881457,1001881457,716072593,716072593,670317602,670317602,348367568,348367568,361428998,361428998,447709793,447709793,450931722,450931722,421841956,421841956,195888158,195888158,-47481442,-47481442,-237073059,-237073059,-230103043,-230103043,52162882,52162882,-183570891,-183570891,-197335727,-197335727,-274369176,-274369176,-454700911,-454700911,-316568793,-316568793,-535813596,-535813596,-468057733,-468057733,-360609365,-360609365,-262740309,-262740309,-240795827,-240795827,-210999732,-210999732,-418285657,-418285657,-722569734,-722569734,-701097169,-701097169,-744049906,-744049906,-999429159,-999429159,-1039676995
f = 643454401,0,1 | route T | claimed 2299.8319496407927389 | coeffs 285085897,285085897,355942897,355942897,430842017,430842017,469075307,469075307,605444123,605444123,784279575,784279575,1068990610,1068990610,902522609,902522609,842663374,842663374,577908187,577908187,499803228,499803228,365231475,365231475,659719779,659719779,723947646,723947646,375518775,375518775,386306377,386306377,189818201,189818201,86405655,86405655,120127884,120127884,-139373416,-139373416,-166137672,-166137672,-260572681,-260572681,-466679129,-466679129,-584237246,-584237246,-712299447,-712299447,-570042021,-570042021,-722898678,-722898678,-540721999,-540721999,-637679305,-637679305,-694517258,-694517258,-587926853,-587926853,-378716736,-378716736
# status f = 643454401,0,1 : PASS_RHO (rho 0.97314, T 2299.8, 0s)
f = 756444411,0,1 | route RHO | claimed 0.96767654462918148473 | coeffs -217457028,-217457028,-419602901,-419602901,-128294121,-128294121,133630461,133630461,269417894,269417894,379068515,379068515,503289352,503289352,622118773,622118773,657006258,657006258,571484959,571484959,725421614,725421614,525938823,525938823,859546572,859546572,666749117,666749117,746787592,746787592,815621394,815621394,725750333,725750333,696080619,696080619,566740937,566740937,541178180,541178180,395669613,395669613,606791187,606791187,570943304,570943304,563616155,563616155,582652951,582652951,459298214,459298214,427149498,427149498,413273969,413273969,415638050,415638050,400612424,400612424,52340785,52340785,485739224,485739224
f = 756444411,0,1 | route T | claimed 3020.5625290586373884 | coeffs 133630461,269417894,269417894,379068515,379068515,503289352,503289352,622118773,622118773,657006258,657006258,571484959,571484959,725421614,725421614,525938823,525938823,859546572,859546572,666749117,666749117,746787592,746787592,815621394,815621394,725750333,725750333,696080619,696080619,566740937,566740937,541178180,541178180,395669613,395669613,606791187,606791187,570943304,570943304,563616155,563616155,582652951,582652951,459298214,459298214,427149498,427149498,413273969,413273969,415638050,415638050,400612424,400612424,52340785,52340785,485739224,485739224,217457028,217457028,419602901,419602901,128294121,128294121,-133630461
# status f = 756444411,0,1 : PASS_RHO (rho 0.96768, T 3020.6, 0s)
f = 802857350,0,1 | route RHO | claimed 0.94544568945556186916 | coeffs -108172109,-145785317,-145785317,-230180273,-230180273,-93920596,-93920596,89990298,89990298,125735871,125735871,38836813,38836813,27234465,27234465,-209869373,-209869373,-330909583,-330909583,113786561,113786561,59038299,59038299,116122150,116122150,80257190,80257190,124891974,124891974,-206871409,-206871409,-180378294,-180378294,-181122328,-181122328,-348110298,-348110298,-124316841,-124316841,-69629246,-69629246,234533708,234533708,235264172,235264172,395403046,395403046,134291175,134291175,186916091,186916091,-42803336,-42803336,-118124495,-118124495,122174199,122174199,47422916,47422916,-106175475,-106175475,-78104995,-78104995,108172109
f = 802857350,0,1 | route T | claimed 2511.6714228350516005 | coeffs -704621001,-808033547,-808033547,-513545243,-513545243,-680013244,-680013244,-605114124,-605114124,-548276171,-548276171,-420213970,-420213970,-160712670,-160712670,187716201,187716201,452471388,452471388,316102572,316102572,525312689,525312689,372456032,372456032,278021023,278021023,81532847,81532847,-53038906,-53038906,231672129,231672129,302529129,302529129,399486435,399486435,517044552,517044552,483322323,483322323,419094456,419094456,478953691,478953691,440720401,440720401,547310806,547310806,689568232,689568232,662803976,662803976,673591578,673591578,595486619,595486619,774322071,774322071,680691232,680691232,498514553,498514553,704621001
# status f = 802857350,0,1 : PASS_RHO (rho 0.94545, T 2511.7, 0s)
f = 808069195,0,1 | route RHO | claimed 0.96448217789974494099 | coeffs 209918262,102259903,102259903,170790790,170790790,-45993702,-45993702,92927676,92927676,315461204,315461204,356974500,356974500,97888721,97888721,381375184,381375184,622909542,622909542,800632309,800632309,910470739,910470739,992240532,992240532,575296457,575296457,660241620,660241620,541067994,541067994,549100831,549100831,371420973,371420973,530109955,530109955,417141384,417141384,662790661,662790661,569606210,569606210,411865025,411865025,399449808,399449808,533586352,533586352,326097662,326097662,222203588,222203588,275857378,275857378,202104474,202104474,220458726,220458726,136557212,136557212,33478411,33478411,-209918262
f = 808069195,0,1 | route T | claimed 2104.8008150915937448 | coeffs 209918262,102259903,102259903,170790790,170790790,-45993702,-45993702,92927676,92927676,315461204,315461204,356974500,356974500,97888721,97888721,381375184,381375184,622909542,622909542,800632309,800632309,910470739,910470739,992240532,992240532,575296457,575296457,660241620,660241620,541067994,541067994,549100831,549100831,371420973,371420973,530109955,530109955,417141384,417141384,662790661,662790661,569606210,569606210,411865025,411865025,399449808,399449808,533586352,533586352,326097662,326097662,222203588,222203588,275857378,275857378,202104474,202104474,220458726,220458726,136557212,136557212,33478411,33478411,-209918262
# status f = 808069195,0,1 : PASS_RHO (rho 0.96448, T 2104.8, 0s)
f = 808448495,0,1 | route RHO | claimed 0.9353635808135612043 | coeffs -224961623,-224961623,-334800053,-334800053,-438694127,-438694127,-197159769,-197159769,-331296313,-331296313,-72210534,-72210534,-229951719,-229951719,-7418191,-7418191,-253067468,-253067468,-36282976,-36282976,122406006,122406006,14747647,14747647,6714810,6714810,-96363991,-96363991,-11418828,-11418828,-29773080,-29773080,-111542873,-111542873,-57889083,-57889083,119833684,119833684,327322374,327322374,43835911,43835911,31420694,31420694,72933990,72933990,166118441,166118441,27197063,27197063,-85771508,-85771508,-17240621,-17240621,160439237,160439237,-82957436,-82957436,-202131062,-202131062,-118229548,-118229548,298714527,298714527
f = 808448495,0,1 | route T | claimed 2700.7009614692078584 | coeffs -157055016,-157055016,-46377660,-46377660,-31593158,-31593158,149563855,149563855,-12020116,-12020116,266037831,266037831,7903741,7903741,121042395,121042395,-44654825,-44654825,244536177,244536177,58157147,58157147,507259406,507259406,89698860,89698860,-12875034,-12875034,92024370,92024370,415579886,415579886,210377165,210377165,284061097,284061097,184502189,184502189,143743885,143743885,221765341,221765341,-34561483,-34561483,-192342977,-192342977,-106594983,-106594983,-19574801,-19574801,-118446133,-118446133,-154607018,-154607018,-178623905,-178623905,-91987011,-91987011,-38615406,-38615406,74177900,74177900,17927187,17927187
# status f = 808448495,0,1 : PASS_RHO (rho 0.93536, T 2700.7, 0s)
f = 809375937,0,1 | route RHO | claimed 0.95860800856858205073 | coeffs -202552686,-256990921,-256990921,-312850200,-312850200,-371676927,-371676927,-670308025,-670308025,-474176415,-474176415,-275039693,-275039693,-347596439,-347596439,-293828264,-293828264,-132117397,-132117397,-323611260,-323611260,-133032214,-133032214,1382707,1382707,330211392,330211392,220957384,220957384,202439974,202439974,384216600,384216600,14531494,14531494,114475792,114475792,4639804,4639804,-6169422,-6169422,161536102,161536102,177063049,177063049,313506680,313506680,471822998,471822998,572456168,572456168,415971028,415971028,568334847,568334847,679731081,679731081,448149109,448149109,450626497,450626497,170358172,170358172,202552686
f = 809375937,0,1 | route T | claimed 2077.9978777117925337 | coeffs -542997509,-360820830,-360820830,-12391959,-12391959,58465041,58465041,31700785,31700785,198168786,198168786,351025443,351025443,415253310,415253310,508884149,508884149,768385449,768385449,1053096484,1053096484,1195353910,1195353910,900865606,900865606,691655489,691655489,725377718,725377718,546542266,546542266,674604467,674604467,540032714,540032714,646623119,646623119,750035665,750035665,886404481,886404481,768846364,768846364,846951323,846951323,903789276,903789276,707301100,707301100,669067810,669067810,875174258,875174258,610419071,610419071,513461765,513461765,502674163,502674163,577573283,577573283,483138274,483138274,542997509
# status f = 809375937,0,1 : PASS_RHO (rho 0.95861, T 2078.0, 0s)
f = 810153956,0,1 | route RHO | claimed 0.94799871039709276248 | coeffs -47790069,-47790069,-171825302,-171825302,35817153,35817153,38888059,38888059,-36446924,-36446924,80248229,80248229,-8837766,-8837766,103936144,103936144,395060970,395060970,557024534,557024534,77695821,77695821,179593791,179593791,24932782,24932782,-7465883,-7465883,132015723,132015723,433375430,433375430,361792022,361792022,439216962,439216962,645110827,645110827,397910601,397910601,179965658,179965658,150145428,150145428,210639149,210639149,299047197,299047197,320944226,320944226,86906691,86906691,80308776,80308776,163753299,163753299,58839711,58839711,-214378694,-214378694,-12529719,-12529719,-13899784,-13899784
f = 810153956,0,1 | route T | claimed 2878.0947797613623655 | coeffs 29894967,29894967,-217634048,-217634048,-12317103,-12317103,131071015,131071015,-117032144,-117032144,-140345490,-140345490,-103969627,-103969627,-136191153,-136191153,186475386,186475386,216920161,216920161,324166843,324166843,365887041,365887041,294103148,294103148,145230507,145230507,181900141,181900141,54804928,54804928,-54041632,-54041632,35234458,35234458,74963412,74963412,23704701,23704701,-246798808,-246798808,203930235,203930235,238548980,238548980,254923528,254923528,339440564,339440564,133853502,133853502,107331730,107331730,-71946976,-71946976,-295213359,-295213359,-390126396,-390126396,-53245204,-53245204,-111157862,-111157862
# status f = 810153956,0,1 : PASS_RHO (rho 0.94800, T 2878.1, 0s)
f = 839417512,0,1 | route RHO | claimed 0.9371681430237331402 | coeffs 332630773,332630773,268082162,268082162,265158411,265158411,264325237,264325237,-6991540,-6991540,108675775,108675775,373132784,373132784,336726959,336726959,493731429,493731429,324681111,324681111,24858714,24858714,184325101,184325101,17210882,17210882,74893338,74893338,257538353,257538353,439530821,439530821,246119489,246119489,162015473,162015473,112450919,112450919,-24820655,-24820655,214759813,214759813,-102377554,-102377554,-217014908,-217014908,-218093919,-218093919,-17841352,-17841352,-132925934,-132925934,107075170,107075170,959456,959456,-45886540,-45886540,-80242006,-80242006,-396845569,-396845569,-354367523,-354367523
f = 839417512,0,1 | route T | claimed 2734.061369168016404 | coeffs -332778709,-357627767,-357627767,-512243639,-512243639,-687575313,-687575313,-529207730,-529207730,-796878989,-796878989,-819507305,-819507305,-932104572,-932104572,-946759477,-946759477,-970331194,-970331194,-1039357528,-1039357528,-1152941603,-1152941603,-1001086088,-1001086088,-641602760,-641602760,-759800101,-759800101,-680170062,-680170062,-392517326,-392517326,-132394743,-132394743,-127603341,-127603341,144496404,144496404,175313015,175313015,3822173,3822173,121378267,121378267,65486746,65486746,-51667751,-51667751,211696235,211696235,521044079,521044079,527114571,527114571,352017081,352017081,128254525,128254525,-37033131,-37033131,130677026,130677026,332778709
# status f = 839417512,0,1 : PASS_RHO (rho 0.93717, T 2734.1, 1s)
f = 841311631,0,1 | route RHO | claimed 0.95860800856858205073 | coeffs -356937262,-356937262,-408005878,-408005878,-567155370,-567155370,-464018533,-464018533,-595212795,-595212795,-648280965,-648280965,-673877564,-673877564,-363789009,-363789009,-294682989,-294682989,-164998987,-164998987,-187309226,-187309226,-215637812,-215637812,-164066260,-164066260,-176291382,-176291382,-128713835,-128713835,-297556131,-297556131,-21958252,-21958252,-186592870,-186592870,-377632619,-377632619,-33759096,-33759096,84241549,84241549,152566948,152566948,450119035,450119035,351941292,351941292,522885153,522885153,277500991,277500991,203579791,203579791,90425685,90425685,127258539,127258539,78321582,78321582,232195862,232195862,577971013,577971013
f = 841311631,0,1 | route T | claimed 2535.2516885004198464 | coeffs 513461765,513461765,610419071,610419071,875174258,875174258,669067810,669067810,707301100,707301100,903789276,903789276,846951323,846951323,768846364,768846364,886404481,886404481,750035665,750035665,646623119,646623119,540032714,540032714,674604467,674604467,546542266,546542266,725377718,725377718,691655489,691655489,900865606,900865606,1195353910,1195353910,1053096484,1053096484,768385449,768385449,508884149,508884149,415253310,415253310,351025443,351025443,198168786,198168786,31700785,31700785,58465041,58465041,-12391959,-12391959,-360820830,-360820830,-542997509,-542997509,-483138274,-483138274,-577573283,-577573283,-502674163,-502674163
# status f = 841311631,0,1 : PASS_RHO (rho 0.95861, T 2535.3, 0s)
f = 878042274,0,1 | route RHO | claimed 0.96723901794874977144 | coeffs 46656160,46656160,165485581,165485581,146448785,146448785,231970084,231970084,199821368,199821368,338577,338577,-2025504,-2025504,190771951,190771951,-157499688,-157499688,-88665886,-88665886,179616310,179616310,209286024,209286024,-82022756,-82022756,-107585513,-107585513,28201920,28201920,-182919654,-182919654,-307140491,-307140491,-314467640,-314467640,-279580155,-279580155,-156225418,-156225418,-310162073,-310162073,-324037602,-324037602,9570147,9570147,24595773,24595773,-55442702,-55442702,377955737,377955737,288084676,288084676,85938803,85938803,215278485,215278485,-46646097,-46646097,-192154664,-192154664,-82504043,-82504043
f = 878042274,0,1 | route T | claimed 2898.025373932628923 | coeffs -188836510,-188836510,-74415694,-74415694,-106765662,-106765662,-110890970,-110890970,25047282,25047282,-15477386,-15477386,263488190,263488190,122189426,122189426,241199863,241199863,-25271453,-25271453,71100232,71100232,-68856822,-68856822,232059942,232059942,271937310,271937310,187291387,187291387,209344315,209344315,4938641,4938641,192316922,192316922,125928776,125928776,104875099,104875099,157144633,157144633,110296646,110296646,302638258,302638258,164050642,164050642,-144979539,-144979539,-149698986,-149698986,-373012832,-373012832,-139585755,-139585755,-110120133,-110120133,-289534155,-289534155,62116645,62116645,-92590364,-92590364
# status f = 878042274,0,1 : PASS_RHO (rho 0.96724, T 2898.0, 0s)
f = 894868935,0,1 | route RHO | claimed 0.94498173665049444796 | coeffs -229296326,-256072168,-256072168,-55296114,-55296114,142442355,142442355,-259717218,-259717218,-203602130,-203602130,-128997165,-128997165,-383907082,-383907082,-381148127,-381148127,-323790091,-323790091,-595212492,-595212492,-279689813,-279689813,-222666247,-222666247,-396830120,-396830120,-88548598,-88548598,74389667,74389667,57789935,57789935,216419030,216419030,190087353,190087353,211085243,211085243,328998403,328998403,207095911,207095911,300484470,300484470,177956373,177956373,468429537,468429537,336979720,336979720,205304474,205304474,504951860,504951860,541106358,541106358,462502301,462502301,482456504,482456504,279003522,279003522,229296326
f = 894868935,0,1 | route T | claimed 2180.1000236545229387 | coeffs 748202269,762986771,762986771,660412877,660412877,747433059,747433059,566276046,566276046,461376642,461376642,560247974,560247974,398664003,398664003,722219519,722219519,686058634,686058634,408000687,408000687,613203408,613203408,637220295,637220295,379086205,379086205,452770137,452770137,539407031,539407031,426268377,426268377,525827285,525827285,472455680,472455680,306758460,306758460,266000156,266000156,378793462,378793462,89602460,89602460,11581004,11581004,67831717,67831717,-118547313,-118547313,-374874137,-374874137,-235746308,-235746308,-684848567,-684848567,-527067073,-527067073,-416389717,-416389717,-833950263,-833950263,-748202269
# status f = 894868935,0,1 : PASS_RHO (rho 0.94498, T 2180.1, 0s)
f = 917851271,0,1 | route RHO | claimed 0.96723901794874977144 | coeffs -157499688,-157499688,190771951,190771951,-2025504,-2025504,338577,338577,199821368,199821368,231970084,231970084,146448785,146448785,165485581,165485581,46656160,46656160,82504043,82504043,192154664,192154664,46646097,46646097,-215278485,-215278485,-85938803,-85938803,-288084676,-288084676,-377955737,-377955737,55442702,55442702,-24595773,-24595773,-9570147,-9570147,324037602,324037602,310162073,310162073,156225418,156225418,279580155,279580155,314467640,314467640,307140491,307140491,182919654,182919654,-28201920,-28201920,107585513,107585513,82022756,82022756,-209286024,-209286024,-179616310,-179616310,88665886,88665886
f = 917851271,0,1 | route T | claimed 2487.6964597682143073 | coeffs 157564141,17246929,17246929,-2676928,-2676928,9174222,9174222,40715935,40715935,97258528,97258528,123133504,123133504,239607480,239607480,412375656,412375656,149652427,149652427,-16512484,-16512484,-148031273,-148031273,-167604315,-167604315,-95570815,-95570815,7241157,7241157,147249656,147249656,28896861,28896861,224838376,224838376,-189269942,-189269942,-312763724,-312763724,-375383731,-375383731,53071189,53071189,-72390669,-72390669,105914699,105914699,53356133,53356133,-6821639,-6821639,-9147149,-9147149,-37597622,-37597622,-334470,-334470,144660966,144660966,279693183,279693183,-240441257,-240441257,-157564141
# status f = 917851271,0,1 : PASS_RHO (rho 0.96724, T 2487.7, 0s)
# summary n = 7 l = 1000683713 : EXCLUSION_CANDIDATE ; PASS 32 / 32 ; OPEN_NEAR 0 ; OPEN_FAR 0 ; 14s
