# FAMILY WITNESS FILE (generator family_gen.sage r10). n = 7 ; l = 1000100033 ; m = 64 ; deg = 2 ; ncomp = 32 ; bar_T = 4224 ; L_n = 16.3328709449664096755483535644
# line: f = c0,...,c_deg (monic, over F_l) | route RHO|T | claimed (rho or T, float) | coeffs a_0..a_{m-1}
f = 8157503,0,1 | route RHO | claimed 0.9907247600925075053 | coeffs 79589534,-116715288,-116715288,-184108802,-184108802,-173872530,-173872530,-177498268,-177498268,-53920154,-53920154,-218530628,-218530628,-280868662,-280868662,-201749645,-201749645,-23904043,-23904043,-19856956,-19856956,-28551050,-28551050,446611964,446611964,192483853,192483853,320303303,320303303,345352673,345352673,315672360,315672360,254316571,254316571,231224973,231224973,-5465360,-5465360,-109268872,-109268872,83405567,83405567,161277723,161277723,-4552726,-4552726,125867524,125867524,520100237,520100237,467330480,467330480,145082130,145082130,175701341,175701341,-99629564,-99629564,-96461700,-96461700,-77749569,-77749569,-79589534
f = 8157503,0,1 | route T | claimed 3437.8751544357010609 | coeffs 412208343,450167888,450167888,721471169,721471169,596528988,596528988,662781637,662781637,828381460,828381460,522040522,522040522,494945613,494945613,273741715,273741715,380385652,380385652,602916427,602916427,642913153,642913153,866213734,866213734,764526466,764526466,851945794,851945794,708530817,708530817,701471596,701471596,755231536,755231536,615856316,615856316,779036677,779036677,500792318,500792318,536008488,536008488,491192004,491192004,428174145,428174145,235972590,235972590,-126840619,-126840619,-77757289,-77757289,-511934305,-511934305,-490536226,-490536226,-810617774,-810617774,-782872892,-782872892,-541806886,-541806886,-412208343
# status f = 8157503,0,1 : PASS_RHO (rho 0.99072, T 3437.9, 1s)
f = 13958333,0,1 | route RHO | claimed 0.9668949051026683846 | coeffs 28759681,28759681,227283322,227283322,269068336,269068336,245946569,245946569,229313623,229313623,-207709418,-207709418,-176700147,-176700147,-102687849,-102687849,-245173417,-245173417,-80842363,-80842363,-6802633,-6802633,91589510,91589510,-21625597,-21625597,49280514,49280514,97708757,97708757,-185473369,-185473369,-22345076,-22345076,13693694,13693694,52999594,52999594,-262130659,-262130659,-113474737,-113474737,-282104729,-282104729,-68013041,-68013041,215099710,215099710,197355610,197355610,461938882,461938882,277546039,277546039,197109563,197109563,350659522,350659522,161595748,161595748,143660809,143660809,51425672,51425672
f = 13958333,0,1 | route T | claimed 2129.1713629067514412 | coeffs 515677375,515677375,357294766,357294766,645404772,645404772,559629125,559629125,771742436,771742436,588919927,588919927,569535959,569535959,367896587,367896587,460636435,460636435,622795219,622795219,696649450,696649450,719169859,719169859,615447743,615447743,557594440,557594440,283714506,283714506,225567956,225567956,-5897442,-5897442,110311383,110311383,275569556,275569556,244720010,244720010,-40040107,-40040107,-27110602,-27110602,-404843988,-404843988,-246419729,-246419729,-356560885,-356560885,-457033138,-457033138,-450857707,-450857707,-411852014,-411852014,-668684733,-668684733,-750368039,-750368039,-294860061,-294860061,-444394266,-444394266
# status f = 13958333,0,1 : PASS_RHO (rho 0.96689, T 2129.2, 1s)
f = 125377530,0,1 | route RHO | claimed 0.96089141813057244396 | coeffs -629939633,-509673400,-509673400,-108183948,-108183948,-210642828,-210642828,-353807678,-353807678,-335542370,-335542370,-334216354,-334216354,-298823203,-298823203,-325319620,-325319620,-222555594,-222555594,-113245156,-113245156,3673020,3673020,36925381,36925381,243783030,243783030,555476135,555476135,428595214,428595214,418950760,418950760,381367157,381367157,421376645,421376645,39756511,39756511,325789179,325789179,301597622,301597622,414109186,414109186,325625135,325625135,544302640,544302640,470088577,470088577,352631933,352631933,582675602,582675602,332874542,332874542,454455139,454455139,427731082,427731082,609041918,609041918,629939633
f = 125377530,0,1 | route T | claimed 3107.4615527598461064 | coeffs -255694655,-74508320,-74508320,-105943294,-105943294,-69346936,-69346936,-116529918,-116529918,-208605417,-208605417,-94012442,-94012442,-332229629,-332229629,-313344522,-313344522,8834335,8834335,-32024930,-32024930,-188981789,-188981789,-213947155,-213947155,-98957092,-98957092,-464699229,-464699229,-80744573,-80744573,48960552,48960552,-180963969,-180963969,187994330,187994330,54750053,54750053,149892574,149892574,133970959,133970959,43982079,43982079,-151642553,-151642553,83286404,83286404,136426350,136426350,193822055,193822055,293864539,293864539,369289408,369289408,284320972,284320972,49769507,49769507,295518064,295518064,255694655
# status f = 125377530,0,1 : PASS_RHO (rho 0.96089, T 3107.5, 1s)
f = 145137172,0,1 | route RHO | claimed 0.97256684776524127167 | coeffs 60697145,60697145,-120613691,-120613691,165418977,165418977,62654951,62654951,89379008,89379008,-292241126,-292241126,-265744709,-265744709,-387325306,-387325306,-347315818,-347315818,-382708969,-382708969,-132907909,-132907909,-170491512,-170491512,-171817528,-171817528,-401861197,-401861197,-411505651,-411505651,-429770959,-429770959,-312314315,-312314315,-439195236,-439195236,-296030386,-296030386,-221816323,-221816323,89876782,89876782,192335662,192335662,-26341843,-26341843,180515806,180515806,-220973646,-220973646,-132489595,-132489595,-99237234,-99237234,-219503467,-219503467,-332015031,-332015031,-215096855,-215096855,-194199140,-194199140,-170007583,-170007583
f = 145137172,0,1 | route T | claimed 2752.7526981468007364 | coeffs -517107775,-517107775,-524031279,-524031279,-608784552,-608784552,-287102213,-287102213,-281779938,-281779938,-113552317,-113552317,-120880788,-120880788,-69643047,-69643047,12966005,12966005,-298095587,-298095587,-153582490,-153582490,-78926711,-78926711,93725360,93725360,225372089,225372089,285080512,285080512,240485207,240485207,459614240,459614240,645295468,645295468,582299348,582299348,690917455,690917455,517582140,517582140,431347976,431347976,602570230,602570230,523946240,523946240,576626575,576626575,525028063,525028063,195101795,195101795,558170155,558170155,466240164,466240164,544978505,544978505,455157718,455157718,799141482,799141482
# status f = 145137172,0,1 : PASS_RHO (rho 0.97257, T 2752.8, 1s)
f = 188223480,0,1 | route RHO | claimed 0.97639725996622749512 | coeffs 74419791,92685099,92685099,-125992406,-125992406,-242910582,-242910582,-269634639,-269634639,-307218242,-307218242,-450383092,-450383092,-361899041,-361899041,-471209479,-471209479,-349628882,-349628882,-359273336,-359273336,-461732216,-461732216,-574243780,-574243780,-677007806,-677007806,-926808866,-926808866,-1053689787,-1053689787,-652200335,-652200335,-628008778,-628008778,-601512361,-601512361,-371468692,-371468692,-59775587,-59775587,60490646,60490646,-225542022,-225542022,-260935173,-260935173,-378391817,-378391817,-171534168,-171534168,-192431883,-192431883,189188251,189188251,187862235,187862235,113648172,113648172,146900533,146900533,-34410303,-34410303,-74419791
f = 188223480,0,1 | route T | claimed 3338.4108071208277525 | coeffs 255043220,255043220,464089374,464089374,433931872,433931872,682112909,682112909,651152297,651152297,437378603,437378603,564592260,564592260,482059385,482059385,418196804,418196804,212259723,212259723,86864222,86864222,330125599,330125599,326682160,326682160,114484734,114484734,83703764,83703764,-267170504,-267170504,-207446134,-207446134,-513866135,-513866135,-460298579,-460298579,-483636727,-483636727,-607721204,-607721204,-617544919,-617544919,-451240609,-451240609,-539445921,-539445921,-863682452,-863682452,-724323659,-724323659,-797840859,-797840859,-852186805,-852186805,-851456759,-851456759,-591189326,-591189326,-193377054,-193377054,-197304993,-197304993
# status f = 188223480,0,1 : PASS_RHO (rho 0.97640, T 3338.4, 1s)
f = 234924055,0,1 | route RHO | claimed 0.97700292440789317969 | coeffs 626980592,626980592,483017004,483017004,547367018,547367018,474000921,474000921,179773122,179773122,98344717,98344717,80790140,80790140,-110325920,-110325920,-4281258,-4281258,118273619,118273619,-102122436,-102122436,247551065,247551065,569157227,569157227,389823760,389823760,419742170,419742170,527519245,527519245,400752538,400752538,41821785,41821785,212645664,212645664,136379020,136379020,-12022173,-12022173,-102978006,-102978006,-369260371,-369260371,-290719560,-290719560,-473805516,-473805516,-322352009,-322352009,-461305835,-461305835,-336060014,-336060014,-368327554,-368327554,-594394706,-594394706,-608285515,-608285515,-590336443,-590336443
f = 234924055,0,1 | route T | claimed 2951.0747603392303888 | coeffs 778020616,692661538,692661538,405475455,405475455,397846777,397846777,658729168,658729168,682136953,682136953,659197118,659197118,603839842,603839842,626898570,626898570,455228015,455228015,460312529,460312529,249852462,249852462,344269442,344269442,103456092,103456092,-32889071,-32889071,140103065,140103065,-142364946,-142364946,-313169380,-313169380,-630162148,-630162148,-439675289,-439675289,-741395698,-741395698,-697860138,-697860138,-758871956,-758871956,-1065419828,-1065419828,-1126889749,-1126889749,-1036211109,-1036211109,-746483210,-746483210,-941193273,-941193273,-992935725,-992935725,-981725530,-981725530,-929199899,-929199899,-794378861,-794378861,-778020616
# status f = 234924055,0,1 : PASS_RHO (rho 0.97700, T 2951.1, 0s)
f = 251267865,0,1 | route RHO | claimed 0.98379794188828983768 | coeffs 8364462,8364462,129730654,129730654,66927818,66927818,42119431,42119431,254912038,254912038,-150084000,-150084000,-392100774,-392100774,-299006928,-299006928,-347077286,-347077286,-267203457,-267203457,-17903478,-17903478,277693740,277693740,221053796,221053796,310365303,310365303,-58903114,-58903114,-191746175,-191746175,-19335464,-19335464,67376345,67376345,63715793,63715793,362169823,362169823,348522840,348522840,267909360,267909360,544888596,544888596,329081863,329081863,238469209,238469209,215605551,215605551,90453529,90453529,260143616,260143616,189485269,189485269,238732250,238732250,225711105,225711105,288263800,288263800
f = 251267865,0,1 | route T | claimed 2927.1382147602448333 | coeffs -139348244,-139348244,26518089,26518089,-220557353,-220557353,-100862443,-100862443,-300112187,-300112187,-15100153,-15100153,-1399726,-1399726,18966272,18966272,246566133,246566133,307701998,307701998,383910630,383910630,192907668,192907668,222633448,222633448,126967417,126967417,54566350,54566350,213022480,213022480,93933363,93933363,131280597,131280597,520292100,520292100,635166072,635166072,512496171,512496171,358963623,358963623,293471974,293471974,-46688484,-46688484,252967604,252967604,159421080,159421080,118229867,118229867,112627930,112627930,60509113,60509113,-53426875,-53426875,353428293,353428293,417358662,417358662
# status f = 251267865,0,1 : PASS_RHO (rho 0.98380, T 2927.1, 1s)
f = 255379348,0,1 | route RHO | claimed 0.98037326970394993311 | coeffs 351018740,351018740,484457837,484457837,514625333,514625333,627213074,627213074,515433470,515433470,614211431,614211431,564625363,564625363,728175713,728175713,737435500,737435500,611092299,611092299,847688340,847688340,467154674,467154674,561115970,561115970,298725753,298725753,375978674,375978674,373790169,373790169,717863175,717863175,843660203,843660203,531237052,531237052,391677421,391677421,217731601,217731601,2645368,2645368,-172549503,-172549503,15122270,15122270,-28800832,-28800832,-204498555,-204498555,-234133151,-234133151,-483914180,-483914180,-567410930,-567410930,-606732020,-606732020,-582878927,-582878927,-398039523,-398039523
f = 255379348,0,1 | route T | claimed 2680.3939187268514981 | coeffs -449534695,-449534695,-428539496,-428539496,-408549275,-408549275,-464088385,-464088385,-560605866,-560605866,-651982789,-651982789,-318456099,-318456099,-570510626,-570510626,-719787144,-719787144,-332921875,-332921875,-389458802,-389458802,-338151209,-338151209,-223118715,-223118715,-288847840,-288847840,-416102435,-416102435,-96479450,-96479450,68329282,68329282,-185661687,-185661687,60913497,60913497,406692860,406692860,590620469,590620469,526464138,526464138,440175927,440175927,169334977,169334977,437411791,437411791,414409172,414409172,274416337,274416337,385886073,385886073,420278793,420278793,257458254,257458254,358137863,358137863,515104175,515104175
# status f = 255379348,0,1 : PASS_RHO (rho 0.98037, T 2680.4, 0s)
f = 270370091,0,1 | route RHO | claimed 0.94328510147794409231 | coeffs 180625599,63168955,63168955,444789089,444789089,478041450,478041450,459776142,459776142,486500199,486500199,398016148,398016148,407660602,407660602,510424628,510424628,108935176,108935176,-121108493,-121108493,164924175,164924175,-41933474,-41933474,-40607458,-40607458,140703378,140703378,-77974127,-77974127,-115557730,-115557730,-224868168,-224868168,-327327048,-327327048,-577128108,-577128108,-552936551,-552936551,-241243446,-241243446,-276636597,-276636597,-297534312,-297534312,-371748375,-371748375,-411757863,-411757863,-294839687,-294839687,-151674837,-151674837,-273255434,-273255434,-160743870,-160743870,-33862949,-33862949,-60359366,-60359366,-180625599
f = 270370091,0,1 | route T | claimed 3045.5487830740395174 | coeffs 279800891,279800891,66931378,66931378,209287098,209287098,158040468,158040468,274545469,274545469,307620989,307620989,305013180,305013180,364562357,364562357,640691566,640691566,475004334,475004334,141027923,141027923,59088939,59088939,60685078,60685078,-392835695,-392835695,-294439244,-294439244,-365104324,-365104324,-15745693,-15745693,190605597,190605597,169070269,169070269,227906685,227906685,284132414,284132414,309653710,309653710,207038861,207038861,275769558,275769558,508961776,508961776,185222135,185222135,410136446,410136446,198895300,198895300,-14135404,-14135404,-66592258,-66592258,-7827462,-7827462,-357242377,-357242377
# status f = 270370091,0,1 : PASS_RHO (rho 0.94329, T 3045.5, 0s)
f = 289038217,0,1 | route RHO | claimed 0.96089141813057244396 | coeffs -427731082,-427731082,-454455139,-454455139,-332874542,-332874542,-582675602,-582675602,-352631933,-352631933,-470088577,-470088577,-544302640,-544302640,-325625135,-325625135,-414109186,-414109186,-301597622,-301597622,-325789179,-325789179,-39756511,-39756511,-421376645,-421376645,-381367157,-381367157,-418950760,-418950760,-428595214,-428595214,-555476135,-555476135,-243783030,-243783030,-36925381,-36925381,-3673020,-3673020,113245156,113245156,222555594,222555594,325319620,325319620,298823203,298823203,334216354,334216354,335542370,335542370,353807678,353807678,210642828,210642828,108183948,108183948,509673400,509673400,629939633,629939633,609041918,609041918
f = 289038217,0,1 | route T | claimed 3155.5533766283312431 | coeffs -272217762,-272217762,-162189181,-162189181,-48980955,-48980955,-97395251,-97395251,-394318485,-394318485,-321971139,-321971139,-583802327,-583802327,-485003999,-485003999,-823940756,-823940756,-887567045,-887567045,-843805672,-843805672,-904511610,-904511610,-632781637,-632781637,-807829302,-807829302,-1146941869,-1146941869,-791746178,-791746178,-816108976,-816108976,-903970022,-903970022,-806658709,-806658709,-525874343,-525874343,-583052866,-583052866,-655314781,-655314781,-449895593,-449895593,-768712891,-768712891,-595860342,-595860342,-562785598,-562785598,-492556223,-492556223,-342457908,-342457908,-5956416,-5956416,28490522,28490522,12495902,12495902,378714057,378714057
# status f = 289038217,0,1 : PASS_RHO (rho 0.96089, T 3155.6, 1s)
f = 419643944,0,1 | route RHO | claimed 0.97639725996622749512 | coeffs 926808866,926808866,677007806,677007806,574243780,574243780,461732216,461732216,359273336,359273336,349628882,349628882,471209479,471209479,361899041,361899041,450383092,450383092,307218242,307218242,269634639,269634639,242910582,242910582,125992406,125992406,-92685099,-92685099,-74419791,-74419791,-34410303,-34410303,146900533,146900533,113648172,113648172,187862235,187862235,189188251,189188251,-192431883,-192431883,-171534168,-171534168,-378391817,-378391817,-260935173,-260935173,-225542022,-225542022,60490646,60490646,-59775587,-59775587,-371468692,-371468692,-601512361,-601512361,-628008778,-628008778,-652200335,-652200335,-1053689787,-1053689787
f = 419643944,0,1 | route T | claimed 2881.500386092438884 | coeffs -307218242,-307218242,-269634639,-269634639,-242910582,-242910582,-125992406,-125992406,92685099,92685099,74419791,74419791,34410303,34410303,-146900533,-146900533,-113648172,-113648172,-187862235,-187862235,-189188251,-189188251,192431883,192431883,171534168,171534168,378391817,378391817,260935173,260935173,225542022,225542022,-60490646,-60490646,59775587,59775587,371468692,371468692,601512361,601512361,628008778,628008778,652200335,652200335,1053689787,1053689787,926808866,926808866,677007806,677007806,574243780,574243780,461732216,461732216,359273336,359273336,349628882,349628882,471209479,471209479,361899041,361899041,450383092,450383092
# status f = 419643944,0,1 : PASS_RHO (rho 0.97640, T 2881.5, 1s)
f = 421794952,0,1 | route RHO | claimed 0.98110367822361397586 | coeffs -97625089,-97625089,-35775635,-35775635,4494171,4494171,-30964352,-30964352,17383853,17383853,-104977112,-104977112,-133573005,-133573005,27301614,27301614,29097213,29097213,-99468387,-99468387,-201966883,-201966883,-114654383,-114654383,-292053131,-292053131,-197946309,-197946309,-404622736,-404622736,-272045866,-272045866,-462139592,-462139592,-755929207,-755929207,-898823879,-898823879,-699685067,-699685067,-340890358,-340890358,-546505332,-546505332,-470701655,-470701655,-648919857,-648919857,-548785442,-548785442,-798347447,-798347447,-721761072,-721761072,-860907051,-860907051,-494716328,-494716328,-338490424,-338490424,-77575951,-77575951,-4920245,-4920245
f = 421794952,0,1 | route T | claimed 2632.2243848022782394 | coeffs 548785442,548785442,798347447,798347447,721761072,721761072,860907051,860907051,494716328,494716328,338490424,338490424,77575951,77575951,4920245,4920245,-97625089,-97625089,-35775635,-35775635,4494171,4494171,-30964352,-30964352,17383853,17383853,-104977112,-104977112,-133573005,-133573005,27301614,27301614,29097213,29097213,-99468387,-99468387,-201966883,-201966883,-114654383,-114654383,-292053131,-292053131,-197946309,-197946309,-404622736,-404622736,-272045866,-272045866,-462139592,-462139592,-755929207,-755929207,-898823879,-898823879,-699685067,-699685067,-340890358,-340890358,-546505332,-546505332,-470701655,-470701655,-648919857,-648919857
# status f = 421794952,0,1 : PASS_RHO (rho 0.98110, T 2632.2, 0s)
f = 443401764,0,1 | route RHO | claimed 0.98110367822361397586 | coeffs -27301614,-27301614,133573005,133573005,104977112,104977112,-17383853,-17383853,30964352,30964352,-4494171,-4494171,35775635,35775635,97625089,97625089,-4920245,-4920245,-77575951,-77575951,-338490424,-338490424,-494716328,-494716328,-860907051,-860907051,-721761072,-721761072,-798347447,-798347447,-548785442,-548785442,-648919857,-648919857,-470701655,-470701655,-546505332,-546505332,-340890358,-340890358,-699685067,-699685067,-898823879,-898823879,-755929207,-755929207,-462139592,-462139592,-272045866,-272045866,-404622736,-404622736,-197946309,-197946309,-292053131,-292053131,-114654383,-114654383,-201966883,-201966883,-99468387,-99468387,29097213,29097213
f = 443401764,0,1 | route T | claimed 2656.5282904949151115 | coeffs -225224072,-225224072,-383648331,-383648331,-454931440,-454931440,-292772656,-292772656,-458030829,-458030829,-419025136,-419025136,-206911825,-206911825,-149058522,-149058522,-526791908,-526791908,-377257703,-377257703,-469997551,-469997551,-353788726,-353788726,-359964157,-359964157,-274188510,-274188510,-377910626,-377910626,-390840131,-390840131,64667847,64667847,-136971525,-136971525,94493873,94493873,-5978380,-5978380,282131626,282131626,259611217,259611217,-25148900,-25148900,56534406,56534406,75918374,75918374,17771824,17771824,127912980,127912980,286295589,286295589,360149820,360149820,390999366,390999366,134166647,134166647,-48655862,-48655862
# status f = 443401764,0,1 : PASS_RHO (rho 0.98110, T 2656.5, 1s)
f = 450796152,0,1 | route RHO | claimed 0.97697882877788585908 | coeffs -147315684,-147315684,21201175,21201175,137862222,137862222,354978957,354978957,113882666,113882666,182925754,182925754,267855932,267855932,254828932,254828932,179380919,179380919,236418919,236418919,209086280,209086280,302055736,302055736,460576476,460576476,325899504,325899504,-115597146,-115597146,177203829,177203829,196056343,196056343,326712572,326712572,310421533,310421533,157828963,157828963,-78387545,-78387545,5270508,5270508,-168772421,-168772421,-211857313,-211857313,-204635615,-204635615,-66276012,-66276012,-349859302,-349859302,-2543199,-2543199,-265914455,-265914455,-268389133,-268389133,-130994018,-130994018,-15058835,-15058835
f = 450796152,0,1 | route T | claimed 2435.6782228153083447 | coeffs 244470973,244470973,257771330,257771330,292825741,292825741,296391778,296391778,176226730,176226730,173433845,173433845,114649156,114649156,224914629,224914629,-45272393,-45272393,278802935,278802935,200525812,200525812,-69230169,-69230169,173468856,173468856,373980403,373980403,327174281,327174281,341174785,341174785,221600420,221600420,29711965,29711965,272662530,272662530,70050643,70050643,-43803400,-43803400,94033438,94033438,-96562324,-96562324,-132119054,-132119054,-133799294,-133799294,-222556010,-222556010,-72404510,-72404510,66935381,66935381,19069641,19069641,-288620132,-288620132,-599705750,-599705750,-287457287,-287457287
# status f = 450796152,0,1 : PASS_RHO (rho 0.97698, T 2435.7, 0s)
f = 484443954,0,1 | route RHO | claimed 0.9635557912861583399 | coeffs 40103699,40103699,214688661,214688661,-62768220,-62768220,101867396,101867396,303461350,303461350,240606872,240606872,91834317,91834317,148029470,148029470,80163416,80163416,201427330,201427330,297189256,297189256,232721679,232721679,-16081915,-16081915,84867657,84867657,50815214,50815214,-173974346,-173974346,67895429,67895429,205797158,205797158,-83081045,-83081045,82467544,82467544,187407113,187407113,102938353,102938353,82854079,82854079,237383397,237383397,35905744,35905744,265576060,265576060,476232307,476232307,322808868,322808868,223585599,223585599,272040713,272040713,471052488,471052488,267426163,267426163
f = 484443954,0,1 | route T | claimed 2624.7689408713592125 | coeffs 477245361,477245361,428739006,428739006,581651449,581651449,464812834,464812834,188003600,188003600,216487222,216487222,399625307,399625307,462007478,462007478,696923701,696923701,394247050,394247050,72877233,72877233,282577054,282577054,9331428,9331428,-314428723,-314428723,-283504366,-283504366,-361683984,-361683984,-565623794,-565623794,-363434074,-363434074,-230068859,-230068859,-539978141,-539978141,-369262743,-369262743,-372008318,-372008318,-485411492,-485411492,-171774246,-171774246,-192723277,-192723277,-81162073,-81162073,-178485777,-178485777,61533130,61533130,-96741952,-96741952,-151291670,-151291670,-170620487,-170620487,-468294271,-468294271
# status f = 484443954,0,1 : PASS_RHO (rho 0.96356, T 2624.8, 1s)
f = 493442442,0,1 | route RHO | claimed 0.9668949051026683846 | coeffs -207709418,229313623,229313623,245946569,245946569,269068336,269068336,227283322,227283322,28759681,28759681,-51425672,-51425672,-143660809,-143660809,-161595748,-161595748,-350659522,-350659522,-197109563,-197109563,-277546039,-277546039,-461938882,-461938882,-197355610,-197355610,-215099710,-215099710,68013041,68013041,282104729,282104729,113474737,113474737,262130659,262130659,-52999594,-52999594,-13693694,-13693694,22345076,22345076,185473369,185473369,-97708757,-97708757,-49280514,-49280514,21625597,21625597,-91589510,-91589510,6802633,6802633,80842363,80842363,245173417,245173417,102687849,102687849,176700147,176700147,207709418
f = 493442442,0,1 | route T | claimed 2783.645750019154829 | coeffs -239923765,-164120088,-164120088,-296696958,-296696958,-294901359,-294901359,-356750813,-356750813,-433337188,-433337188,-234198376,-234198376,-56799628,-56799628,-179160593,-179160593,81753880,81753880,259972082,259972082,69878356,69878356,198443956,198443956,238713762,238713762,99567783,99567783,-259226926,-259226926,-165120104,-165120104,-136524211,-136524211,-209179917,-209179917,-109045502,-109045502,184744113,184744113,82245617,82245617,117704140,117704140,-248486583,-248486583,-454101557,-454101557,-247425130,-247425130,-86550511,-86550511,15994823,15994823,265556828,265556828,122662156,122662156,35349656,35349656,83697861,83697861,239923765
# status f = 493442442,0,1 : PASS_RHO (rho 0.96689, T 2783.6, 1s)
f = 506657591,0,1 | route RHO | claimed 0.95526087883473611407 | coeffs 604881022,604881022,223260888,223260888,113950450,113950450,234216683,234216683,452894188,452894188,579775109,579775109,581101125,581101125,702681722,702681722,416649054,416649054,533567230,533567230,132077778,132077778,206291841,206291841,196647387,196647387,161254236,161254236,187978293,187978293,163786736,163786736,130534375,130534375,28075495,28075495,-89381149,-89381149,-51797546,-51797546,-78293963,-78293963,103016873,103016873,-9494691,-9494691,197362958,197362958,340527808,340527808,110484139,110484139,150493627,150493627,47729601,47729601,26831886,26831886,-61652165,-61652165,-373345270,-373345270,-355079962,-355079962
f = 506657591,0,1 | route T | claimed 2724.6514503763977733 | coeffs 544694198,544694198,521777288,521777288,656221308,656221308,352617877,352617877,440010696,440010696,495570135,495570135,76835802,76835802,436049130,436049130,169065260,169065260,156643691,156643691,102580325,102580325,117651894,117651894,54344722,54344722,-147161612,-147161612,-324833271,-324833271,-448785902,-448785902,-491520058,-491520058,-407959552,-407959552,-702949271,-702949271,-581161649,-581161649,-432300329,-432300329,-390283153,-390283153,-318407768,-318407768,-109178843,-109178843,-216663253,-216663253,-338946734,-338946734,-160522708,-160522708,-297892399,-297892399,-399707922,-399707922,-224116992,-224116992,-703470798,-703470798,-500555933,-500555933
# status f = 506657591,0,1 : PASS_RHO (rho 0.95526, T 2724.7, 1s)
f = 515656079,0,1 | route RHO | claimed 0.94328510147794409231 | coeffs -40607458,-41933474,-41933474,164924175,164924175,-121108493,-121108493,108935176,108935176,510424628,510424628,407660602,407660602,398016148,398016148,486500199,486500199,459776142,459776142,478041450,478041450,444789089,444789089,63168955,63168955,180625599,180625599,60359366,60359366,33862949,33862949,160743870,160743870,273255434,273255434,151674837,151674837,294839687,294839687,411757863,411757863,371748375,371748375,297534312,297534312,276636597,276636597,241243446,241243446,552936551,552936551,577128108,577128108,327327048,327327048,224868168,224868168,115557730,115557730,77974127,77974127,-140703378,-140703378,40607458
f = 515656079,0,1 | route T | claimed 2480.0201475664319023 | coeffs 32794766,8528915,8528915,124707924,124707924,-255741724,-255741724,109122983,109122983,193619667,193619667,114263426,114263426,166088893,166088893,465033011,465033011,490834585,490834585,338295459,338295459,565925489,565925489,490853227,490853227,603225357,603225357,494169319,494169319,185204891,185204891,304457134,304457134,477980516,477980516,528070474,528070474,619492872,619492872,909403184,909403184,582207613,582207613,464457990,464457990,420501547,420501547,190398333,190398333,365746275,365746275,304578754,304578754,356498103,356498103,309396499,309396499,489813960,489813960,211417007,211417007,-23618743,-23618743,-32794766
# status f = 515656079,0,1 : PASS_RHO (rho 0.94329, T 2480.0, 1s)
f = 549303881,0,1 | route RHO | claimed 0.98379794188828983768 | coeffs 63715793,67376345,67376345,-19335464,-19335464,-191746175,-191746175,-58903114,-58903114,310365303,310365303,221053796,221053796,277693740,277693740,-17903478,-17903478,-267203457,-267203457,-347077286,-347077286,-299006928,-299006928,-392100774,-392100774,-150084000,-150084000,254912038,254912038,42119431,42119431,66927818,66927818,129730654,129730654,8364462,8364462,-288263800,-288263800,-225711105,-225711105,-238732250,-238732250,-189485269,-189485269,-260143616,-260143616,-90453529,-90453529,-215605551,-215605551,-238469209,-238469209,-329081863,-329081863,-544888596,-544888596,-267909360,-267909360,-348522840,-348522840,-362169823,-362169823,-63715793
f = 549303881,0,1 | route T | claimed 2460.1983219945872857 | coeffs -185354142,104373757,104373757,96745079,96745079,2328099,2328099,45863659,45863659,-6661972,-6661972,48695304,48695304,-233772707,-233772707,-324451347,-324451347,-37265264,-37265264,-247725331,-247725331,53995078,53995078,65205273,65205273,42265438,42265438,-130726698,-130726698,-192196619,-192196619,-277555697,-277555697,-282640211,-282640211,-92153352,-92153352,-40410900,-40410900,-63818685,-63818685,-200163848,-200163848,106384024,106384024,122742269,122742269,-48928286,-48928286,268064482,268064482,73354419,73354419,334236810,334236810,575050160,575050160,514038342,514038342,379217304,379217304,356158576,356158576,185354142
# status f = 549303881,0,1 : PASS_RHO (rho 0.98380, T 2460.2, 1s)
f = 556698269,0,1 | route RHO | claimed 0.95996782382584885244 | coeffs 2536135,2536135,-56907006,-56907006,-3511041,-3511041,-242098929,-242098929,-178111972,-178111972,-279831216,-279831216,-467375228,-467375228,-676094887,-676094887,-511229186,-511229186,-622562479,-622562479,-537580323,-537580323,-455371958,-455371958,-390861443,-390861443,-459588267,-459588267,-360451691,-360451691,-537354464,-537354464,-798151671,-798151671,-382416616,-382416616,-340908720,-340908720,-524668038,-524668038,-582497774,-582497774,-512825363,-512825363,-682245647,-682245647,-534587406,-534587406,-441771917,-441771917,-524851626,-524851626,-328690393,-328690393,-355535463,-355535463,-795796697,-795796697,-591601529,-591601529,-335965501,-335965501,-254236478,-254236478
f = 556698269,0,1 | route T | claimed 3294.0965386067591135 | coeffs -127308157,-127308157,57531247,57531247,369954398,369954398,468732359,468732359,424809257,424809257,805342923,805342923,781489830,781489830,907286858,907286858,1019066462,1019066462,831394689,831394689,1067990730,1067990730,1028669640,1028669640,684596634,684596634,797184375,797184375,621989504,621989504,748332705,748332705,831829455,831829455,829640950,829640950,799473454,799473454,1014559687,1014559687,1023819474,1023819474,774038445,774038445,696785524,696785524,830224621,830224621,656278801,656278801,492728451,492728451,522363047,522363047,259972830,259972830,306993613,306993613,446553244,446553244,396967176,396967176,221269453,221269453
# status f = 556698269,0,1 : PASS_RHO (rho 0.95997, T 3294.1, 0s)
f = 578305081,0,1 | route RHO | claimed 0.95996782382584885244 | coeffs -2536135,-254236478,-254236478,-335965501,-335965501,-591601529,-591601529,-795796697,-795796697,-355535463,-355535463,-328690393,-328690393,-524851626,-524851626,-441771917,-441771917,-534587406,-534587406,-682245647,-682245647,-512825363,-512825363,-582497774,-582497774,-524668038,-524668038,-340908720,-340908720,-382416616,-382416616,-798151671,-798151671,-537354464,-537354464,-360451691,-360451691,-459588267,-459588267,-390861443,-390861443,-455371958,-455371958,-537580323,-537580323,-622562479,-622562479,-511229186,-511229186,-676094887,-676094887,-467375228,-467375228,-279831216,-279831216,-178111972,-178111972,-242098929,-242098929,-3511041,-3511041,-56907006,-56907006,2536135
f = 578305081,0,1 | route T | claimed 2448.0417806381578386 | coeffs -537580323,-537580323,-622562479,-622562479,-511229186,-511229186,-676094887,-676094887,-467375228,-467375228,-279831216,-279831216,-178111972,-178111972,-242098929,-242098929,-3511041,-3511041,-56907006,-56907006,2536135,2536135,254236478,254236478,335965501,335965501,591601529,591601529,795796697,795796697,355535463,355535463,328690393,328690393,524851626,524851626,441771917,441771917,534587406,534587406,682245647,682245647,512825363,512825363,582497774,582497774,524668038,524668038,340908720,340908720,382416616,382416616,798151671,798151671,537354464,537354464,360451691,360451691,459588267,459588267,390861443,390861443,455371958,455371958
# status f = 578305081,0,1 : PASS_RHO (rho 0.95997, T 2448.0, 0s)
f = 580456089,0,1 | route RHO | claimed 0.95404777467811171646 | coeffs -81395092,-72135305,-72135305,-69946800,-69946800,-245141671,-245141671,-205820581,-205820581,-94040977,-94040977,-474574643,-474574643,-162151492,-162151492,-337849215,-337849215,-384869998,-384869998,-548420348,-548420348,-471167427,-471167427,-256081194,-256081194,-339577944,-339577944,-226990203,-226990203,-463586244,-463586244,-337789216,-337789216,-293866114,-293866114,-109026710,-109026710,-158612778,-158612778,103777439,103777439,-70168381,-70168381,179612648,179612648,149445152,149445152,23101951,23101951,-320971055,-320971055,-133299282,-133299282,-157152375,-157152375,-255930336,-255930336,-161969040,-161969040,-22409409,-22409409,-52044005,-52044005,81395092
f = 580456089,0,1 | route T | claimed 2518.8904655174599043 | coeffs -171232121,29279426,29279426,219875188,219875188,532123651,532123651,261936629,261936629,453825084,453825084,603976584,603976584,607542621,607542621,364843596,364843596,502680434,502680434,813766052,813766052,703500579,703500579,583926214,583926214,672682930,672682930,637628519,637628519,367872538,367872538,481726581,481726581,174036808,174036808,115252119,115252119,101251615,101251615,99571375,99571375,112871732,112871732,191148855,191148855,-11463032,-11463032,36402708,36402708,39195593,39195593,-7610529,-7610529,27946201,27946201,70932515,70932515,395007843,395007843,152057278,152057278,291397169,291397169,171232121
# status f = 580456089,0,1 : PASS_RHO (rho 0.95405, T 2518.9, 1s)
f = 711061816,0,1 | route RHO | claimed 0.99055529788707178356 | coeffs -146909757,-146909757,-123787990,-123787990,-49748260,-49748260,-85787030,-85787030,-103531130,-103531130,-11295993,-11295993,-42305264,-42305264,28600847,28600847,-120055075,-120055075,-200491551,-200491551,-158706537,-158706537,-323037591,-323037591,-159909298,-159909298,-443022049,-443022049,-460956988,-460956988,-897980029,-897980029,-784764922,-784764922,-1099895175,-1099895175,-915502332,-915502332,-1114025973,-1114025973,-1256511541,-1256511541,-973329415,-973329415,-759237727,-759237727,-570173953,-570173953,-553541007,-553541007,-455148864,-455148864,-494454764,-494454764,-229871492,-229871492,-149686139,-149686139,-223698437,-223698437,-175270194,-175270194,-6640202,-6640202
f = 711061816,0,1 | route T | claimed 3211.2578360008383168 | coeffs 274483517,274483517,189322451,189322451,55990599,55990599,-151895143,-151895143,13360199,13360199,205556737,205556737,147722216,147722216,37673078,37673078,22782135,22782135,111975844,111975844,492136270,492136270,254223386,254223386,81983084,81983084,453734856,453734856,396564335,396564335,639488211,639488211,770507574,770507574,819488011,819488011,783034365,783034365,839970348,839970348,743185631,743185631,725879316,725879316,729974364,729974364,378904396,378904396,574577495,574577495,549534617,549534617,415406777,415406777,180364432,180364432,99337255,99337255,-83482512,-83482512,-228984488,-228984488,97364414,97364414
# status f = 711061816,0,1 : PASS_RHO (rho 0.99056, T 3211.3, 1s)
f = 729729942,0,1 | route RHO | claimed 0.9635557912861583399 | coeffs 267426163,471052488,471052488,272040713,272040713,223585599,223585599,322808868,322808868,476232307,476232307,265576060,265576060,35905744,35905744,237383397,237383397,82854079,82854079,102938353,102938353,187407113,187407113,82467544,82467544,-83081045,-83081045,205797158,205797158,67895429,67895429,-173974346,-173974346,50815214,50815214,84867657,84867657,-16081915,-16081915,232721679,232721679,297189256,297189256,201427330,201427330,80163416,80163416,148029470,148029470,91834317,91834317,240606872,240606872,303461350,303461350,101867396,101867396,-62768220,-62768220,214688661,214688661,40103699,40103699,-267426163
f = 729729942,0,1 | route T | claimed 2599.908568479393955 | coeffs 267426163,471052488,471052488,272040713,272040713,223585599,223585599,322808868,322808868,476232307,476232307,265576060,265576060,35905744,35905744,237383397,237383397,82854079,82854079,102938353,102938353,187407113,187407113,82467544,82467544,-83081045,-83081045,205797158,205797158,67895429,67895429,-173974346,-173974346,50815214,50815214,84867657,84867657,-16081915,-16081915,232721679,232721679,297189256,297189256,201427330,201427330,80163416,80163416,148029470,148029470,91834317,91834317,240606872,240606872,303461350,303461350,101867396,101867396,-62768220,-62768220,214688661,214688661,40103699,40103699,-267426163
# status f = 729729942,0,1 : PASS_RHO (rho 0.96356, T 2599.9, 1s)
f = 744720685,0,1 | route RHO | claimed 0.97256684776524127167 | coeffs 62654951,62654951,165418977,165418977,-120613691,-120613691,60697145,60697145,170007583,170007583,194199140,194199140,215096855,215096855,332015031,332015031,219503467,219503467,99237234,99237234,132489595,132489595,220973646,220973646,-180515806,-180515806,26341843,26341843,-192335662,-192335662,-89876782,-89876782,221816323,221816323,296030386,296030386,439195236,439195236,312314315,312314315,429770959,429770959,411505651,411505651,401861197,401861197,171817528,171817528,170491512,170491512,132907909,132907909,382708969,382708969,347315818,347315818,387325306,387325306,265744709,265744709,292241126,292241126,-89379008,-89379008
f = 744720685,0,1 | route T | claimed 2431.423373842190582 | coeffs -524268298,-524268298,-690572608,-690572608,-694500547,-694500547,-758363128,-758363128,-451943127,-451943127,-525460327,-525460327,-277279290,-277279290,-273835851,-273835851,-283659566,-283659566,-681471838,-681471838,-598938963,-598938963,-539214593,-539214593,-678573386,-678573386,-648415884,-648415884,-405154507,-405154507,-281070030,-281070030,-20802597,-20802597,106411060,106411060,457285328,457285328,133048797,133048797,342094951,342094951,467490452,467490452,444152304,444152304,443422258,443422258,657195952,657195952,626414982,626414982,714620294,714620294,656882067,656882067,450944986,450944986,397377430,397377430,343031484,343031484,312070872,312070872
# status f = 744720685,0,1 : PASS_RHO (rho 0.97257, T 2431.4, 1s)
f = 748832168,0,1 | route RHO | claimed 0.97697882877788585908 | coeffs 168772421,-5270508,-5270508,78387545,78387545,-157828963,-157828963,-310421533,-310421533,-326712572,-326712572,-196056343,-196056343,-177203829,-177203829,115597146,115597146,-325899504,-325899504,-460576476,-460576476,-302055736,-302055736,-209086280,-209086280,-236418919,-236418919,-179380919,-179380919,-254828932,-254828932,-267855932,-267855932,-182925754,-182925754,-113882666,-113882666,-354978957,-354978957,-137862222,-137862222,-21201175,-21201175,147315684,147315684,-15058835,-15058835,-130994018,-130994018,-268389133,-268389133,-265914455,-265914455,-2543199,-2543199,-349859302,-349859302,-66276012,-66276012,-204635615,-204635615,-211857313,-211857313,-168772421
f = 748832168,0,1 | route T | claimed 3384.4904372470867892 | coeffs -583003577,-506417202,-506417202,-373840332,-373840332,-325492127,-325492127,-75930122,-75930122,130746305,130746305,166204828,166204828,266339243,266339243,360446065,360446065,400715871,400715871,578934073,578934073,756332821,756332821,694483367,694483367,770287044,770287044,857599544,857599544,755054210,755054210,960669184,960669184,1063167680,1063167680,1135823386,1135823386,1494618095,1494618095,1366052495,1366052495,1105138022,1105138022,905999210,905999210,904203611,904203611,1060429515,1060429515,917534843,917534843,1078409462,1078409462,712218739,712218739,1006008354,1006008354,1034604247,1034604247,895458268,895458268,705364542,705364542,583003577
# status f = 748832168,0,1 : PASS_RHO (rho 0.97698, T 3384.5, 1s)
f = 765175978,0,1 | route RHO | claimed 0.9907247600925075053 | coeffs -345352673,-320303303,-320303303,-192483853,-192483853,-446611964,-446611964,28551050,28551050,19856956,19856956,23904043,23904043,201749645,201749645,280868662,280868662,218530628,218530628,53920154,53920154,177498268,177498268,173872530,173872530,184108802,184108802,116715288,116715288,-79589534,-79589534,-77749569,-77749569,-96461700,-96461700,-99629564,-99629564,175701341,175701341,145082130,145082130,467330480,467330480,520100237,520100237,125867524,125867524,-4552726,-4552726,161277723,161277723,83405567,83405567,-109268872,-109268872,-5465360,-5465360,231224973,231224973,254316571,254316571,315672360,315672360,345352673
f = 765175978,0,1 | route T | claimed 3227.9099361479957971 | coeffs 34925865,-351214088,-351214088,-592434288,-592434288,-908003102,-908003102,-845633528,-845633528,-942959193,-942959193,-950441913,-950441913,-745007875,-745007875,-904898176,-904898176,-755357548,-755357548,-861037484,-861037484,-694323610,-694323610,-593445743,-593445743,-786078487,-786078487,-775351340,-775351340,-756497847,-756497847,-798931020,-798931020,-685705763,-685705763,-674582115,-674582115,-790318903,-790318903,-1029051496,-1029051496,-976416028,-976416028,-1017264509,-1017264509,-740756770,-740756770,-838044716,-838044716,-507572929,-507572929,-456987475,-456987475,-175132707,-175132707,-314689978,-314689978,-327900390,-327900390,-131235003,-131235003,-148947110,-148947110,-34925865
# status f = 765175978,0,1 : PASS_RHO (rho 0.99072, T 3227.9, 0s)
f = 811876553,0,1 | route RHO | claimed 0.95404777467811171646 | coeffs -161969040,-161969040,-255930336,-255930336,-157152375,-157152375,-133299282,-133299282,-320971055,-320971055,23101951,23101951,149445152,149445152,179612648,179612648,-70168381,-70168381,103777439,103777439,-158612778,-158612778,-109026710,-109026710,-293866114,-293866114,-337789216,-337789216,-463586244,-463586244,-226990203,-226990203,-339577944,-339577944,-256081194,-256081194,-471167427,-471167427,-548420348,-548420348,-384869998,-384869998,-337849215,-337849215,-162151492,-162151492,-474574643,-474574643,-94040977,-94040977,-205820581,-205820581,-245141671,-245141671,-69946800,-69946800,-72135305,-72135305,-81395092,-81395092,52044005,52044005,22409409,22409409
f = 811876553,0,1 | route T | claimed 2726.0282718751059599 | coeffs 503151228,503151228,454696114,454696114,165817911,165817911,109622758,109622758,208846027,208846027,346747756,346747756,495520311,495520311,648943750,648943750,890813525,890813525,953668003,953668003,743011756,743011756,518222196,518222196,316628242,316628242,86957926,86957926,52905483,52905483,-111730133,-111730133,89747520,89747520,190697092,190697092,468153973,468153973,313624655,313624655,64821061,64821061,-109763901,-109763901,-89679627,-89679627,-154147204,-154147204,-461677066,-461677066,-377208306,-377208306,-281446380,-281446380,-485072705,-485072705,-590012274,-590012274,-468748360,-468748360,-269736585,-269736585,-435285174,-435285174
# status f = 811876553,0,1 : PASS_RHO (rho 0.95405, T 2726.0, 1s)
f = 854962861,0,1 | route RHO | claimed 0.98037326970394993311 | coeffs 375978674,298725753,298725753,561115970,561115970,467154674,467154674,847688340,847688340,611092299,611092299,737435500,737435500,728175713,728175713,564625363,564625363,614211431,614211431,515433470,515433470,627213074,627213074,514625333,514625333,484457837,484457837,351018740,351018740,398039523,398039523,582878927,582878927,606732020,606732020,567410930,567410930,483914180,483914180,234133151,234133151,204498555,204498555,28800832,28800832,-15122270,-15122270,172549503,172549503,-2645368,-2645368,-217731601,-217731601,-391677421,-391677421,-531237052,-531237052,-843660203,-843660203,-717863175,-717863175,-373790169,-373790169,-375978674
f = 854962861,0,1 | route T | claimed 3317.4769751942636348 | coeffs -362944155,-311201703,-311201703,-267666143,-267666143,-131320980,-131320980,-186678256,-186678256,-170320011,-170320011,-260998651,-260998651,-577991419,-577991419,-367531352,-367531352,-106648961,-106648961,-95438766,-95438766,-34426948,-34426948,138565188,138565188,115506460,115506460,30147382,30147382,319875281,319875281,129388422,129388422,223805402,223805402,200397617,200397617,147871986,147871986,-158675886,-158675886,123792125,123792125,-47878430,-47878430,239307653,239307653,434017716,434017716,132297307,132297307,373110657,373110657,350170822,350170822,484991860,484991860,546461781,546461781,375657347,375657347,370572833,370572833,362944155
# status f = 854962861,0,1 : PASS_RHO (rho 0.98037, T 3317.5, 1s)
f = 874722503,0,1 | route RHO | claimed 0.99055529788707178356 | coeffs -6640202,-175270194,-175270194,-223698437,-223698437,-149686139,-149686139,-229871492,-229871492,-494454764,-494454764,-455148864,-455148864,-553541007,-553541007,-570173953,-570173953,-759237727,-759237727,-973329415,-973329415,-1256511541,-1256511541,-1114025973,-1114025973,-915502332,-915502332,-1099895175,-1099895175,-784764922,-784764922,-897980029,-897980029,-460956988,-460956988,-443022049,-443022049,-159909298,-159909298,-323037591,-323037591,-158706537,-158706537,-200491551,-200491551,-120055075,-120055075,28600847,28600847,-42305264,-42305264,-11295993,-11295993,-103531130,-103531130,-85787030,-85787030,-49748260,-49748260,-123787990,-123787990,-146909757,-146909757,6640202
f = 874722503,0,1 | route T | claimed 3132.7810197182958968 | coeffs -93740997,-536645689,-536645689,-431341779,-431341779,-427129039,-427129039,-361122652,-361122652,-227553853,-227553853,-254249128,-254249128,-169672764,-169672764,138999476,138999476,167093606,167093606,196017471,196017471,361910398,361910398,152729757,152729757,157392676,157392676,143996408,143996408,19186570,19186570,290457489,290457489,472974852,472974852,-16387538,-16387538,6853237,6853237,272897012,272897012,192804996,192804996,189891678,189891678,175002880,175002880,-10091253,-10091253,-31572523,-31572523,22305358,22305358,47533638,47533638,-244699466,-244699466,22581837,22581837,51594716,51594716,91886723,91886723,93740997
# status f = 874722503,0,1 : PASS_RHO (rho 0.99056, T 3132.8, 1s)
f = 986141700,0,1 | route RHO | claimed 0.95526087883473611407 | coeffs -373345270,-61652165,-61652165,26831886,26831886,47729601,47729601,150493627,150493627,110484139,110484139,340527808,340527808,197362958,197362958,-9494691,-9494691,103016873,103016873,-78293963,-78293963,-51797546,-51797546,-89381149,-89381149,28075495,28075495,130534375,130534375,163786736,163786736,187978293,187978293,161254236,161254236,196647387,196647387,206291841,206291841,132077778,132077778,533567230,533567230,416649054,416649054,702681722,702681722,581101125,581101125,579775109,579775109,452894188,452894188,234216683,234216683,113950450,113950450,223260888,223260888,604881022,604881022,355079962,355079962,373345270
f = 986141700,0,1 | route T | claimed 2806.4696640808912279 | coeffs -122458335,137809098,137809098,197533468,197533468,445714505,445714505,279410195,279410195,485347276,485347276,486077322,486077322,135203054,135203054,105045552,105045552,114869267,114869267,178731848,178731848,124385902,124385902,93604932,93604932,302651086,302651086,426735563,426735563,509268438,509268438,435751238,435751238,223553812,223553812,281292039,281292039,304630187,304630187,177416530,177416530,316775323,316775323,313331884,313331884,317259823,317259823,263692267,263692267,477465961,477465961,153229430,153229430,396490807,396490807,-1321465,-1321465,305098536,305098536,336059148,336059148,247853836,247853836,122458335
# status f = 986141700,0,1 : PASS_RHO (rho 0.95526, T 2806.5, 1s)
f = 991942530,0,1 | route RHO | claimed 0.97700292440789317969 | coeffs 322352009,473805516,473805516,290719560,290719560,369260371,369260371,102978006,102978006,12022173,12022173,-136379020,-136379020,-212645664,-212645664,-41821785,-41821785,-400752538,-400752538,-527519245,-527519245,-419742170,-419742170,-389823760,-389823760,-569157227,-569157227,-247551065,-247551065,102122436,102122436,-118273619,-118273619,4281258,4281258,110325920,110325920,-80790140,-80790140,-98344717,-98344717,-179773122,-179773122,-474000921,-474000921,-547367018,-547367018,-483017004,-483017004,-626980592,-626980592,-590336443,-590336443,-608285515,-608285515,-594394706,-594394706,-368327554,-368327554,-336060014,-336060014,-461305835,-461305835,-322352009
f = 991942530,0,1 | route T | claimed 2792.8336430243577816 | coeffs 309443807,315943874,315943874,-44181134,-44181134,-6001339,-6001339,-125011049,-125011049,65333250,65333250,171816211,171816211,301415287,301415287,137357642,137357642,359579461,359579461,256124373,256124373,71711499,71711499,-72221102,-72221102,100870969,100870969,177364056,177364056,419709148,419709148,276011989,276011989,-7928185,-7928185,74033120,74033120,-138717707,-138717707,-333258726,-333258726,-573373883,-573373883,-403677320,-403677320,-606060324,-606060324,-200115144,-200115144,-171747327,-171747327,-191385934,-191385934,-464627509,-464627509,-248932618,-248932618,-328429573,-328429573,-303815055,-303815055,-297040733,-297040733,-309443807
# status f = 991942530,0,1 : PASS_RHO (rho 0.97700, T 2792.8, 1s)
# summary n = 7 l = 1000100033 : EXCLUSION_CANDIDATE ; PASS 32 / 32 ; OPEN_NEAR 0 ; OPEN_FAR 0 ; 17s
