# FAMILY WITNESS FILE (generator family_gen.sage r10). n = 7 ; l = 1000863041 ; m = 64 ; deg = 2 ; ncomp = 32 ; bar_T = 4224 ; L_n = 16.3328709449664096755483535644
# line: f = c0,...,c_deg (monic, over F_l) | route RHO|T | claimed (rho or T, float) | coeffs a_0..a_{m-1}
f = 77515761,0,1 | route RHO | claimed 0.9105347522154397523 | coeffs 49886261,49886261,44328623,44328623,454346416,454346416,334168233,334168233,304555762,304555762,348909112,348909112,180772395,180772395,103884378,103884378,-41835188,-41835188,-201847438,-201847438,-193117114,-193117114,-299542098,-299542098,-242339039,-242339039,-242855974,-242855974,-416749375,-416749375,-357607760,-357607760,-458784266,-458784266,-307628250,-307628250,-390771891,-390771891,-292352234,-292352234,-334010260,-334010260,-283173372,-283173372,-203832950,-203832950,-366843308,-366843308,-274149256,-274149256,-538863977,-538863977,-145949234,-145949234,66623036,66623036,-44898626,-44898626,-165291589,-165291589,-243368997,-243368997,7719504,7719504
f = 77515761,0,1 | route T | claimed 1949.018074336921658 | coeffs 494339493,494339493,625235870,625235870,370548209,370548209,409595045,409595045,212845792,212845792,88067501,88067501,24271067,24271067,196474555,196474555,126009722,126009722,311066004,311066004,448223719,448223719,229826235,229826235,98111863,98111863,177982185,177982185,-110196982,-110196982,150560359,150560359,103279399,103279399,133043301,133043301,-69814520,-69814520,101965736,101965736,-2191549,-2191549,-35176514,-35176514,82576711,82576711,130558244,130558244,156820624,156820624,532165499,532165499,183716333,183716333,-33636482,-33636482,-165475930,-165475930,-316946602,-316946602,-527494302,-527494302,-447259287,-447259287
# status f = 77515761,0,1 : PASS_RHO (rho 0.91053, T 1949.0, 1s)
f = 80555243,0,1 | route RHO | claimed 0.95435337802010992998 | coeffs -201591694,-201591694,-452680195,-452680195,-845594938,-845594938,-896431826,-896431826,-795255320,-795255320,-688830336,-688830336,-520693619,-520693619,-515135981,-515135981,-626657643,-626657643,-789668001,-789668001,-872811642,-872811642,-873328577,-873328577,-1019048143,-1019048143,-1139226326,-1139226326,-1061148918,-1061148918,-796434197,-796434197,-754776171,-754776171,-813917786,-813917786,-822648110,-822648110,-867001460,-867001460,-924607225,-924607225,-712034955,-712034955,-632694533,-632694533,-481538517,-481538517,-424335458,-424335458,-501223475,-501223475,-91205682,-91205682,29187281,29187281,-63506771,-63506771,-161926428,-161926428,11966973,11966973,171979223,171979223
f = 80555243,0,1 | route T | claimed 2748.2304593425839097 | coeffs 595486831,520284902,520284902,296961629,296961629,326272859,326272859,475659619,475659619,703762841,703762841,480735045,480735045,369002976,369002976,311702508,311702508,132790123,132790123,-129827394,-129827394,-427277510,-427277510,-570107506,-570107506,-582638140,-582638140,-444135799,-444135799,-271670032,-271670032,-361742019,-361742019,-497593816,-497593816,-554831490,-554831490,-757048476,-757048476,-749867615,-749867615,-421460686,-421460686,-534753112,-534753112,-625793838,-625793838,-564010352,-564010352,-715013585,-715013585,-652172955,-652172955,-297677319,-297677319,-586801239,-586801239,-524743230,-524743230,-647680288,-647680288,-647001210,-647001210,-595486831
# status f = 80555243,0,1 : PASS_RHO (rho 0.95435, T 2748.2, 0s)
f = 117183546,0,1 | route RHO | claimed 0.9143018063668100443 | coeffs -353717745,-274377323,-274377323,-333518938,-333518938,-479238504,-479238504,-473680866,-473680866,-866595609,-866595609,-768175952,-768175952,-825379011,-825379011,-781025661,-781025661,-859103069,-859103069,-696092711,-696092711,-797269217,-797269217,-637256967,-637256967,-227239174,-227239174,-14666904,-14666904,26991122,26991122,26474187,26474187,194610904,194610904,-56477597,-56477597,36216455,36216455,-114939561,-114939561,-106209237,-106209237,13968946,13968946,125490608,125490608,176327496,176327496,350220897,350220897,273332880,273332880,215727115,215727115,480441836,480441836,397298195,397298195,503723179,503723179,474110708,474110708,353717745
f = 117183546,0,1 | route T | claimed 2239.6252775167961579 | coeffs -17021619,-160374532,-160374532,61795283,61795283,51287229,51287229,192719417,192719417,147525061,147525061,143500190,143500190,420084951,420084951,298714777,298714777,454425462,454425462,475572353,475572353,662592951,662592951,660892217,660892217,290354499,290354499,376101647,376101647,418646553,418646553,346010966,346010966,311003762,311003762,326585647,326585647,210217555,210217555,-145707628,-145707628,34804161,34804161,24813042,24813042,-1891487,-1891487,204002658,204002658,107283735,107283735,535024512,535024512,404924014,404924014,440456516,440456516,350081745,350081745,486265455,486265455,310671320,310671320,17021619
# status f = 117183546,0,1 : PASS_RHO (rho 0.91430, T 2239.6, 0s)
f = 129360230,0,1 | route RHO | claimed 0.9143018063668100443 | coeffs -480441836,-215727115,-215727115,-273332880,-273332880,-350220897,-350220897,-176327496,-176327496,-125490608,-125490608,-13968946,-13968946,106209237,106209237,114939561,114939561,-36216455,-36216455,56477597,56477597,-194610904,-194610904,-26474187,-26474187,-26991122,-26991122,14666904,14666904,227239174,227239174,637256967,637256967,797269217,797269217,696092711,696092711,859103069,859103069,781025661,781025661,825379011,825379011,768175952,768175952,866595609,866595609,473680866,473680866,479238504,479238504,333518938,333518938,274377323,274377323,353717745,353717745,474110708,474110708,503723179,503723179,397298195,397298195,480441836
f = 129360230,0,1 | route T | claimed 2133.9896605468461094 | coeffs -176947912,-269913712,-269913712,-83942300,-83942300,256278666,256278666,343866991,343866991,369404001,369404001,421584958,421584958,575790993,575790993,636702831,636702831,424615393,424615393,673008734,673008734,572943581,572943581,749451121,749451121,873489985,873489985,702732221,702732221,435782779,435782779,212400683,212400683,244631605,244631605,351793950,351793950,200043815,200043815,229908840,229908840,470329742,470329742,451603530,451603530,149162290,149162290,330077714,330077714,380017440,380017440,460482832,460482832,281714449,281714449,306096958,306096958,220340409,220340409,283185932,283185932,399296925,399296925,176947912
# status f = 129360230,0,1 : PASS_RHO (rho 0.91430, T 2134.0, 0s)
f = 130520451,0,1 | route RHO | claimed 0.9344293371544269218 | coeffs 109046978,-11131205,-11131205,-185024606,-185024606,-449739327,-449739327,-420126856,-420126856,-479268471,-479268471,-872183214,-872183214,-827829864,-827829864,-929006370,-929006370,-716434100,-716434100,-548297383,-548297383,-699453399,-699453399,-587931737,-587931737,-664819754,-664819754,-747963395,-747963395,-868356358,-868356358,-722636792,-722636792,-821056449,-821056449,-742979041,-742979041,-902991291,-902991291,-944649317,-944649317,-693560816,-693560816,-702291140,-702291140,-753128028,-753128028,-695522263,-695522263,-801947247,-801947247,-722606825,-722606825,-717049187,-717049187,-774252246,-774252246,-611241888,-611241888,-201224095,-201224095,-201741030,-201741030,-109046978
f = 130520451,0,1 | route T | claimed 2432.6414539514993283 | coeffs -717049187,-717049187,-774252246,-774252246,-611241888,-611241888,-201224095,-201224095,-201741030,-201741030,-109046978,-109046978,11131205,11131205,185024606,185024606,449739327,449739327,420126856,420126856,479268471,479268471,872183214,872183214,827829864,827829864,929006370,929006370,716434100,716434100,548297383,548297383,699453399,699453399,587931737,587931737,664819754,664819754,747963395,747963395,868356358,868356358,722636792,722636792,821056449,821056449,742979041,742979041,902991291,902991291,944649317,944649317,693560816,693560816,702291140,702291140,753128028,753128028,695522263,695522263,801947247,801947247,722606825,722606825
# status f = 130520451,0,1 : PASS_RHO (rho 0.93443, T 2432.6, 0s)
f = 131606053,0,1 | route RHO | claimed 0.96660256207287509506 | coeffs 652863251,590782503,590782503,688170303,688170303,730678978,730678978,1007761661,1007761661,922365594,922365594,719576866,719576866,556811967,556811967,749921245,749921245,572650626,572650626,496659611,496659611,597977656,597977656,334214196,334214196,450268558,450268558,651026479,651026479,690008703,690008703,538465364,538465364,665135344,665135344,721003960,721003960,335889111,335889111,446754945,446754945,298176465,298176465,-157253002,-157253002,-65768255,-65768255,-181682334,-181682334,-185283221,-185283221,-287065573,-287065573,-331013508,-331013508,-260338305,-260338305,-304251342,-304251342,-429246435,-429246435,-580476044,-580476044,-652863251
f = 131606053,0,1 | route T | claimed 2466.0198282827776592 | coeffs 312659043,265578837,265578837,235814935,235814935,-18872726,-18872726,152907530,152907530,349656783,349656783,382641748,382641748,318845314,318845314,366826847,366826847,437291680,437291680,61946805,61946805,199104520,199104520,-18248295,-18248295,113466077,113466077,264936749,264936749,-23242418,-23242418,56992597,56992597,104273557,104273557,235169934,235169934,32312113,32312113,-6734723,-6734723,97422562,97422562,-27355729,-27355729,90397496,90397496,-81805992,-81805992,-108068372,-108068372,76987910,76987910,-271461256,-271461256,-53063772,-53063772,78775676,78775676,158645998,158645998,-51901702,-51901702,-312659043
# status f = 131606053,0,1 : PASS_RHO (rho 0.96660, T 2466.0, 1s)
f = 146260698,0,1 | route RHO | claimed 0.93069882125562180987 | coeffs -27470002,-27470002,-147862965,-147862965,-205066024,-205066024,-417638294,-417638294,-408907970,-408907970,-673622691,-673622691,-527903125,-527903125,-364892767,-364892767,-533029484,-533029484,-482192596,-482192596,-452580125,-452580125,-550999782,-550999782,-140981989,-140981989,10174027,10174027,-47431738,-47431738,-106573353,-106573353,-28495945,-28495945,-29012880,-29012880,-140534542,-140534542,-34109558,-34109558,-427024301,-427024301,-587036551,-587036551,-494342499,-494342499,-417454482,-417454482,-496794904,-496794904,-452441554,-452441554,-494099580,-494099580,-373921397,-373921397,-290777756,-290777756,-296335394,-296335394,-397511900,-397511900,-146423399,-146423399
f = 146260698,0,1 | route T | claimed 2983.7357001031478735 | coeffs -387529087,-414233616,-414233616,-550417326,-550417326,-505222970,-505222970,-506923704,-506923704,-390555612,-390555612,37185165,37185165,-106167748,-106167748,15202426,15202426,57747332,57747332,67738451,67738451,-22636320,-22636320,118795868,118795868,-68224730,-68224730,-52642845,-52642845,44076078,44076078,-249573623,-249573623,27011138,27011138,-58736010,-58736010,121775779,121775779,86243277,86243277,96751331,96751331,117898222,117898222,152905426,152905426,358799571,358799571,534393706,534393706,538418577,538418577,167880859,167880859,523806042,523806042,393705544,393705544,615875359,615875359,460164674,460164674,387529087
# status f = 146260698,0,1 : PASS_RHO (rho 0.93070, T 2983.7, 0s)
f = 164138887,0,1 | route RHO | claimed 0.89861602585902219273 | coeffs -283593215,-283593215,-113074325,-113074325,72331968,72331968,-67879969,-67879969,62340849,62340849,208704792,208704792,-143553296,-143553296,52994107,52994107,284187481,284187481,240014705,240014705,248654979,248654979,610552423,610552423,384838689,384838689,653097329,653097329,678488390,678488390,688104533,688104533,456318575,456318575,571736441,571736441,597750763,597750763,391224652,391224652,601775634,601775634,364520123,364520123,480405460,480405460,461239046,461239046,459258569,459258569,331138548,331138548,457557835,457557835,421513319,421513319,371810687,371810687,245919184,245919184,299175100,299175100,102566271,102566271
f = 164138887,0,1 | route T | claimed 1754.3777868274111907 | coeffs 52994107,52994107,284187481,284187481,240014705,240014705,248654979,248654979,610552423,610552423,384838689,384838689,653097329,653097329,678488390,678488390,688104533,688104533,456318575,456318575,571736441,571736441,597750763,597750763,391224652,391224652,601775634,601775634,364520123,364520123,480405460,480405460,461239046,461239046,459258569,459258569,331138548,331138548,457557835,457557835,421513319,421513319,371810687,371810687,245919184,245919184,299175100,299175100,102566271,102566271,283593215,283593215,113074325,113074325,-72331968,-72331968,67879969,67879969,-62340849,-62340849,-208704792,-208704792,143553296,143553296
# status f = 164138887,0,1 : PASS_RHO (rho 0.89862, T 1754.4, 0s)
f = 192911897,0,1 | route RHO | claimed 0.89230276932216770893 | coeffs 244005358,235275034,235275034,229717396,229717396,322411448,322411448,263269833,263269833,95133116,95133116,-25259847,-25259847,16398179,16398179,-90026805,-90026805,-500044598,-500044598,-235329877,-235329877,-336506383,-336506383,-259618366,-259618366,-181540958,-181540958,-130704070,-130704070,-187907129,-187907129,-308085312,-308085312,84829431,84829431,-66326585,-66326585,-212046151,-212046151,39042350,39042350,-40298072,-40298072,-40815007,-40815007,-11202536,-11202536,-223774806,-223774806,-306918447,-306918447,-146906197,-146906197,-89300432,-89300432,-252310790,-252310790,-78417389,-78417389,-34064039,-34064039,-145585701,-145585701,-244005358
f = 192911897,0,1 | route T | claimed 2325.6682042104858105 | coeffs -523366189,-523366189,-370350255,-370350255,-600691325,-600691325,-806617090,-806617090,-679078165,-679078165,-885657576,-885657576,-970507617,-970507617,-889563522,-889563522,-765771554,-765771554,-993040693,-993040693,-653384969,-653384969,-814110980,-814110980,-784576497,-784576497,-822373733,-822373733,-384584538,-384584538,-299589561,-299589561,-260428953,-260428953,-302045333,-302045333,-362102377,-362102377,-460807369,-460807369,-636258636,-636258636,-577054202,-577054202,-259223414,-259223414,-99871145,-99871145,-177803892,-177803892,-207893157,-207893157,51955748,51955748,18512671,18512671,-4167012,-4167012,72299895,72299895,226147234,226147234,213238131,213238131
# status f = 192911897,0,1 : PASS_RHO (rho 0.89230, T 2325.7, 0s)
f = 213779750,0,1 | route RHO | claimed 0.9641703548752313726 | coeffs -151488065,25782554,25782554,-177006174,-177006174,-219514849,-219514849,-147127642,-147127642,-191040679,-191040679,-89258327,-89258327,2226420,2226420,-108639414,-108639414,18030566,18030566,-182727355,-182727355,-81409310,-81409310,-274518588,-274518588,-359914655,-359914655,-457302455,-457302455,-306072846,-306072846,-235397643,-235397643,-231796756,-231796756,-687226223,-687226223,-302111374,-302111374,-453654713,-453654713,-569709075,-569709075,-645700090,-645700090,-482935191,-482935191,-205852508,-205852508,-143771760,-143771760,-18776667,-18776667,-62724602,-62724602,53189477,53189477,-95389003,-95389003,-151257619,-151257619,-112275395,-112275395,151488065
f = 213779750,0,1 | route T | claimed 2587.9179183511252028 | coeffs 260520706,375334921,375334921,96079690,96079690,300759461,300759461,514208716,514208716,208811490,208811490,292921277,292921277,478805455,478805455,69795529,69795529,122409087,122409087,207837131,207837131,-45484401,-45484401,-193533940,-193533940,-317184205,-317184205,-335022439,-335022439,-337383323,-337383323,-365988451,-365988451,-380520870,-380520870,-579268396,-579268396,-449696724,-449696724,-382717326,-382717326,-397469385,-397469385,-239579048,-239579048,60234545,60234545,127132859,127132859,351708866,351708866,54954719,54954719,-163027339,-163027339,-47257237,-47257237,-167618102,-167618102,-256146526,-256146526,-404284607,-404284607,-260520706
# status f = 213779750,0,1 : PASS_RHO (rho 0.96417, T 2587.9, 0s)
f = 279139610,0,1 | route RHO | claimed 0.9641703548752313726 | coeffs 151488065,-112275395,-112275395,-151257619,-151257619,-95389003,-95389003,53189477,53189477,-62724602,-62724602,-18776667,-18776667,-143771760,-143771760,-205852508,-205852508,-482935191,-482935191,-645700090,-645700090,-569709075,-569709075,-453654713,-453654713,-302111374,-302111374,-687226223,-687226223,-231796756,-231796756,-235397643,-235397643,-306072846,-306072846,-457302455,-457302455,-359914655,-359914655,-274518588,-274518588,-81409310,-81409310,-182727355,-182727355,18030566,18030566,-108639414,-108639414,2226420,2226420,-89258327,-89258327,-191040679,-191040679,-147127642,-147127642,-219514849,-219514849,-177006174,-177006174,25782554,25782554,-151488065
f = 279139610,0,1 | route T | claimed 2694.3628973931806679 | coeffs -485267698,-485267698,-860612573,-860612573,-992326945,-992326945,-912091930,-912091930,-709234109,-709234109,-834012400,-834012400,-807750020,-807750020,-589352536,-589352536,-378804836,-378804836,-349040934,-349040934,-152291681,-152291681,-200273214,-200273214,-63115499,-63115499,-214586171,-214586171,-167305211,-167305211,-128258375,-128258375,-10505150,-10505150,-195561432,-195561432,-63721984,-63721984,197035357,197035357,451723018,451723018,484707983,484707983,414243150,414243150,196890335,196890335,485069502,485069502,615965879,615965879,511808594,511808594,339605106,339605106,688054272,688054272,767924594,767924594,720844388,720844388,549064132,549064132
# status f = 279139610,0,1 : PASS_RHO (rho 0.96417, T 2694.4, 0s)
f = 312254126,0,1 | route RHO | claimed 0.94929081934011087282 | coeffs -67056729,-67056729,76296184,76296184,80321055,80321055,-106699543,-106699543,-34063956,-34063956,-214575745,-214575745,-642316522,-642316522,-466722387,-466722387,-325290199,-325290199,-169579514,-169579514,-83832366,-83832366,-200200458,-200200458,5693687,5693687,-84681084,-84681084,-306850899,-306850899,-583435660,-583435660,-581734926,-581734926,-546727722,-546727722,-536736603,-536736603,-406636105,-406636105,-112986404,-112986404,-158180760,-158180760,-137033869,-137033869,-94488963,-94488963,-450414146,-450414146,-547133069,-547133069,-410949359,-410949359,-400441305,-400441305,-279071131,-279071131,91466587,91466587,75884702,75884702,102589231,102589231
f = 312254126,0,1 | route T | claimed 2836.5501170038855437 | coeffs -365110550,-24889584,-24889584,-87735107,-87735107,-137674833,-137674833,-167539858,-167539858,99409584,99409584,-148983757,-148983757,-174520767,-174520767,-396869780,-396869780,-575638163,-575638163,-594364375,-594364375,-562133453,-562133453,-385625913,-385625913,-231419878,-231419878,-45448466,-45448466,40308083,40308083,-140607341,-140607341,11142794,11142794,181900558,181900558,393987996,393987996,306399671,306399671,422510664,422510664,502976056,502976056,743396958,743396958,520014862,520014862,419949709,419949709,472130666,472130666,379164866,379164866,354782357,354782357,657223597,657223597,550061252,550061252,426022388,426022388,365110550
# status f = 312254126,0,1 : PASS_RHO (rho 0.94929, T 2836.6, 0s)
f = 341960988,0,1 | route RHO | claimed 0.96851843568838054461 | coeffs -434166333,-334101180,-334101180,-363966205,-363966205,-278209656,-278209656,-226028699,-226028699,-492978141,-492978141,-312062717,-312062717,-219096917,-219096917,-467490258,-467490258,-315740123,-315740123,-340122632,-340122632,-314585622,-314585622,-485343386,-485343386,-787784626,-787784626,-1010133639,-1010133639,-798046201,-798046201,-905208546,-905208546,-726440163,-726440163,-638851838,-638851838,-514812974,-514812974,-533539186,-533539186,-417428193,-417428193,-478340031,-478340031,-510570953,-510570953,-591036345,-591036345,-250815379,-250815379,-74307839,-74307839,166113063,166113063,228958586,228958586,74752551,74752551,298134647,298134647,248194921,248194921,434166333
f = 341960988,0,1 | route T | claimed 2117.6404463843183918 | coeffs 338602792,348943492,348943492,389892276,389892276,461790901,461790901,274739215,274739215,320794160,320794160,44161159,44161159,44355405,44355405,187277807,187277807,-219098897,-219098897,184211276,184211276,269043512,269043512,278143343,278143343,355948082,355948082,316218848,316218848,73836200,73836200,-96953694,-96953694,167313185,167313185,381146560,381146560,207930211,207930211,154182801,154182801,328900630,328900630,386162512,386162512,270182003,270182003,175759819,175759819,56794531,56794531,54232416,54232416,16052654,16052654,-294337007,-294337007,-133798924,-133798924,-81709302,-81709302,-145537645,-145537645,-338602792
# status f = 341960988,0,1 : PASS_RHO (rho 0.96852, T 2117.6, 0s)
f = 380282664,0,1 | route RHO | claimed 0.953800097769607585 | coeffs -152864201,7148049,7148049,85225457,85225457,183645114,183645114,329364680,329364680,449757643,449757643,366614002,366614002,443502019,443502019,555023681,555023681,706179697,706179697,874316414,874316414,661744144,661744144,560567638,560567638,516214288,516214288,123299545,123299545,182441160,182441160,212053631,212053631,476768352,476768352,302874951,302874951,423053134,423053134,330359082,330359082,329842147,329842147,-80175646,-80175646,82834712,82834712,140037771,140037771,145595409,145595409,66254987,66254987,-40169997,-40169997,-97775762,-97775762,-148612650,-148612650,-139882326,-139882326,111206175,111206175,152864201
f = 380282664,0,1 | route T | claimed 2468.5141808620826067 | coeffs -76161095,262925524,262925524,396643118,396643118,509053941,509053941,281885454,281885454,120723023,120723023,349902697,349902697,191272190,191272190,321363085,321363085,219893609,219893609,572355235,572355235,329687499,329687499,598928994,598928994,532686260,532686260,460802842,460802842,613620130,613620130,780639156,780639156,828072241,828072241,1005894967,1005894967,921688344,921688344,744137940,744137940,769426752,769426752,727665663,727665663,657707540,657707540,495076839,495076839,711579177,711579177,741707359,741707359,796631368,796631368,669300902,669300902,529578595,529578595,382893751,382893751,382201490,382201490,76161095
# status f = 380282664,0,1 : PASS_RHO (rho 0.95380, T 2468.5, 0s)
f = 437557978,0,1 | route RHO | claimed 0.91954109817440875609 | coeffs 136134048,304270765,304270765,144258515,144258515,87055456,87055456,146197071,146197071,229340712,229340712,280177600,280177600,187483548,187483548,400055818,400055818,478133226,478133226,483690864,483690864,454078393,454078393,530966410,530966410,539696734,539696734,540213669,540213669,439037163,439037163,340617506,340617506,419957928,419957928,684672649,684672649,573150987,573150987,322062486,322062486,-87955307,-87955307,-43601957,-43601957,102117609,102117609,-4307375,-4307375,169586026,169586026,320742042,320742042,362400068,362400068,199389710,199389710,-193525033,-193525033,-313917996,-313917996,-256312231,-256312231,-136134048
f = 437557978,0,1 | route T | claimed 2762.25793195444031 | coeffs -102117609,4307375,4307375,-169586026,-169586026,-320742042,-320742042,-362400068,-362400068,-199389710,-199389710,193525033,193525033,313917996,313917996,256312231,256312231,136134048,136134048,304270765,304270765,144258515,144258515,87055456,87055456,146197071,146197071,229340712,229340712,280177600,280177600,187483548,187483548,400055818,400055818,478133226,478133226,483690864,483690864,454078393,454078393,530966410,530966410,539696734,539696734,540213669,540213669,439037163,439037163,340617506,340617506,419957928,419957928,684672649,684672649,573150987,573150987,322062486,322062486,-87955307,-87955307,-43601957,-43601957,102117609
# status f = 437557978,0,1 : PASS_RHO (rho 0.91954, T 2762.3, 0s)
f = 478594949,0,1 | route RHO | claimed 0.92370758567811603134 | coeffs -10508054,72635587,72635587,-90374771,-90374771,21146891,21146891,26704529,26704529,-141432188,-141432188,-35007204,-35007204,-136183710,-136183710,-187020598,-187020598,205894145,205894145,-45194356,-45194356,-15581885,-15581885,-175594135,-175594135,-1700734,-1700734,96718923,96718923,4024871,4024871,-116368092,-116368092,293649701,293649701,370537718,370537718,427740777,427740777,276584761,276584761,355925183,355925183,143352913,143352913,85747148,85747148,130100498,130100498,121370174,121370174,180511789,180511789,222169815,222169815,-42544906,-42544906,35532502,35532502,155710685,155710685,9991119,9991119,10508054
f = 478594949,0,1 | route T | claimed 3238.0195585151742203 | coeffs 98728086,56219411,56219411,172133490,172133490,288187852,288187852,190800052,190800052,99315305,99315305,-164448155,-164448155,-102367407,-102367407,353062060,353062060,454380105,454380105,381992898,381992898,530571378,530571378,454580363,454580363,303350754,303350754,192484920,192484920,15214301,15214301,-109780792,-109780792,275334057,275334057,468443335,468443335,424530298,424530298,368661682,368661682,205896783,205896783,276571986,276571986,149902006,149902006,-52886722,-52886722,-96834657,-96834657,54708682,54708682,-30687385,-30687385,-132469737,-132469737,-171451961,-171451961,105630722,105630722,102029835,102029835,-98728086
# status f = 478594949,0,1 : PASS_RHO (rho 0.92371, T 3238.0, 0s)
f = 522268092,0,1 | route RHO | claimed 0.95435337802010992998 | coeffs 924607225,867001460,867001460,822648110,822648110,813917786,813917786,754776171,754776171,796434197,796434197,1061148918,1061148918,1139226326,1139226326,1019048143,1019048143,873328577,873328577,872811642,872811642,789668001,789668001,626657643,626657643,515135981,515135981,520693619,520693619,688830336,688830336,795255320,795255320,896431826,896431826,845594938,845594938,452680195,452680195,201591694,201591694,171979223,171979223,11966973,11966973,-161926428,-161926428,-63506771,-63506771,29187281,29187281,-91205682,-91205682,-501223475,-501223475,-424335458,-424335458,-481538517,-481538517,-632694533,-632694533,-712034955,-712034955,-924607225
f = 522268092,0,1 | route T | claimed 2968.6813503157504395 | coeffs 340170173,133072303,133072303,-166243081,-166243081,122383319,122383319,53634280,53634280,114269637,114269637,81926530,81926530,291876971,291876971,187558833,187558833,-58385840,-58385840,-99199310,-99199310,-112509164,-112509164,-125368056,-125368056,-166784578,-166784578,-69113813,-69113813,180824720,180824720,282496619,282496619,139334984,139334984,65827773,65827773,313662361,313662361,70431037,70431037,17650586,17650586,-190153937,-190153937,29205483,29205483,-93383703,-93383703,219466369,219466369,3784135,3784135,-58935476,-58935476,-216865520,-216865520,-365749871,-365749871,-175352571,-175352571,-465776196,-465776196,-340170173
# status f = 522268092,0,1 : PASS_RHO (rho 0.95435, T 2968.7, 0s)
f = 563305063,0,1 | route RHO | claimed 0.94929081934011087282 | coeffs -137033869,-137033869,-158180760,-158180760,-112986404,-112986404,-406636105,-406636105,-536736603,-536736603,-546727722,-546727722,-581734926,-581734926,-583435660,-583435660,-306850899,-306850899,-84681084,-84681084,5693687,5693687,-200200458,-200200458,-83832366,-83832366,-169579514,-169579514,-325290199,-325290199,-466722387,-466722387,-642316522,-642316522,-214575745,-214575745,-34063956,-34063956,-106699543,-106699543,80321055,80321055,76296184,76296184,-67056729,-67056729,-102589231,-102589231,-75884702,-75884702,-91466587,-91466587,279071131,279071131,400441305,400441305,410949359,410949359,547133069,547133069,450414146,450414146,94488963,94488963
f = 563305063,0,1 | route T | claimed 2894.763003446286386 | coeffs -328530633,-328530633,-85299309,-85299309,-148018920,-148018920,-447334304,-447334304,-201389631,-201389631,-99717732,-99717732,-319077152,-319077152,-128679852,-128679852,-68044495,-68044495,-55185603,-55185603,192648985,192648985,408331219,408331219,615429089,615429089,511110951,511110951,261172418,261172418,53367895,53367895,202252246,202252246,271001285,271001285,257691431,257691431,331198642,331198642,644048714,644048714,518442691,518442691,308492250,308492250,406163015,406163015,458943466,458943466,301013422,301013422,589639822,589639822,630453292,630453292,487291657,487291657,609880843,609880843,319457218,319457218,287114111,287114111
# status f = 563305063,0,1 : PASS_RHO (rho 0.94929, T 2894.8, 0s)
f = 620580377,0,1 | route RHO | claimed 0.9344293371544269218 | coeffs 479268471,420126856,420126856,449739327,449739327,185024606,185024606,11131205,11131205,-109046978,-109046978,-201741030,-201741030,-201224095,-201224095,-611241888,-611241888,-774252246,-774252246,-717049187,-717049187,-722606825,-722606825,-801947247,-801947247,-695522263,-695522263,-753128028,-753128028,-702291140,-702291140,-693560816,-693560816,-944649317,-944649317,-902991291,-902991291,-742979041,-742979041,-821056449,-821056449,-722636792,-722636792,-868356358,-868356358,-747963395,-747963395,-664819754,-664819754,-587931737,-587931737,-699453399,-699453399,-548297383,-548297383,-716434100,-716434100,-929006370,-929006370,-827829864,-827829864,-872183214,-872183214,-479268471
f = 620580377,0,1 | route T | claimed 2830.7329750754243755 | coeffs 146564396,146564396,370804800,370804800,375477157,375477157,93841942,93841942,71044129,71044129,71779177,71779177,2970625,2970625,21290238,21290238,-305679323,-305679323,-304048327,-304048327,-73042028,-73042028,-251674950,-251674950,-374023073,-374023073,-140027242,-140027242,80722123,80722123,162950450,162950450,419899157,419899157,198772122,198772122,269640674,269640674,-30404699,-30404699,57214716,57214716,-170632625,-170632625,-82520688,-82520688,-71675062,-71675062,-422218833,-422218833,-114432910,-114432910,-100426786,-100426786,-369514841,-369514841,-224308605,-224308605,-55280360,-55280360,-140474476,-140474476,-71035586,-71035586
# status f = 620580377,0,1 : PASS_RHO (rho 0.93443, T 2830.7, 0s)
f = 658902053,0,1 | route RHO | claimed 0.9105347522154397523 | coeffs 203832950,283173372,283173372,334010260,334010260,292352234,292352234,390771891,390771891,307628250,307628250,458784266,458784266,357607760,357607760,416749375,416749375,242855974,242855974,242339039,242339039,299542098,299542098,193117114,193117114,201847438,201847438,41835188,41835188,-103884378,-103884378,-180772395,-180772395,-348909112,-348909112,-304555762,-304555762,-334168233,-334168233,-454346416,-454346416,-44328623,-44328623,-49886261,-49886261,7719504,7719504,-243368997,-243368997,-165291589,-165291589,-44898626,-44898626,66623036,66623036,-145949234,-145949234,-538863977,-538863977,-274149256,-274149256,-366843308,-366843308,-203832950
f = 658902053,0,1 | route T | claimed 2694.7909307541335054 | coeffs -428369602,-428369602,-218419161,-218419161,-2736927,-2736927,38679595,38679595,164285618,164285618,412120206,412120206,379777099,379777099,66927027,66927027,79785919,79785919,-210637706,-210637706,-284144917,-284144917,-223509560,-223509560,-100920374,-100920374,-87610520,-87610520,102786780,102786780,-40374855,-40374855,-109123894,-109123894,-328483314,-328483314,-287669844,-287669844,-436554195,-436554195,-334882296,-334882296,-46255896,-46255896,161548627,161548627,407493300,407493300,249563256,249563256,499501789,499501789,200186405,200186405,252966856,252966856,357284994,357284994,294565383,294565383,392236148,392236148,185138278,185138278
# status f = 658902053,0,1 : PASS_RHO (rho 0.91053, T 2694.8, 0s)
f = 688608915,0,1 | route RHO | claimed 0.91954109817440875609 | coeffs -573150987,-684672649,-684672649,-419957928,-419957928,-340617506,-340617506,-439037163,-439037163,-540213669,-540213669,-539696734,-539696734,-530966410,-530966410,-454078393,-454078393,-483690864,-483690864,-478133226,-478133226,-400055818,-400055818,-187483548,-187483548,-280177600,-280177600,-229340712,-229340712,-146197071,-146197071,-87055456,-87055456,-144258515,-144258515,-304270765,-304270765,-136134048,-136134048,-256312231,-256312231,-313917996,-313917996,-193525033,-193525033,199389710,199389710,362400068,362400068,320742042,320742042,169586026,169586026,-4307375,-4307375,102117609,102117609,-43601957,-43601957,-87955307,-87955307,322062486,322062486,573150987
f = 688608915,0,1 | route T | claimed 2708.8709107074162547 | coeffs 224061645,210941451,210941451,455992488,455992488,142814959,142814959,87900638,87900638,-91643104,-91643104,-103386642,-103386642,-255460446,-255460446,-253548982,-253548982,-371881919,-371881919,-317807326,-317807326,-286084233,-286084233,-438503544,-438503544,-453767243,-453767243,-249941375,-249941375,-428668349,-428668349,-624621916,-624621916,-296221982,-296221982,-506469170,-506469170,-327600593,-327600593,-226589614,-226589614,-21644108,-21644108,-294982202,-294982202,-361307682,-361307682,-367607180,-367607180,-591623915,-591623915,-586410352,-586410352,-568268937,-568268937,-589965691,-589965691,-70526720,-70526720,-75074519,-75074519,-247030707,-247030707,-224061645
# status f = 688608915,0,1 : PASS_RHO (rho 0.91954, T 2708.9, 0s)
f = 721723431,0,1 | route RHO | claimed 0.90849887237852732173 | coeffs 150451091,227339108,227339108,620253851,620253851,619736916,619736916,677342681,677342681,578923024,578923024,747059741,747059741,482345020,482345020,539548079,539548079,288459578,288459578,371603219,371603219,327249869,327249869,419943921,419943921,313518937,313518937,391596345,391596345,240440329,240440329,270052800,270052800,107042442,107042442,115772766,115772766,236165729,236165729,337342235,337342235,457520418,457520418,536860840,536860840,376848590,376848590,488370252,488370252,429228637,429228637,19210844,19210844,70047732,70047732,-75671834,-75671834,-288244104,-288244104,-114350703,-114350703,-108793065,-108793065,-150451091
f = 721723431,0,1 | route T | claimed 1928.051466671156324 | coeffs -19210844,-19210844,-70047732,-70047732,75671834,75671834,288244104,288244104,114350703,114350703,108793065,108793065,150451091,150451091,227339108,227339108,620253851,620253851,619736916,619736916,677342681,677342681,578923024,578923024,747059741,747059741,482345020,482345020,539548079,539548079,288459578,288459578,371603219,371603219,327249869,327249869,419943921,419943921,313518937,313518937,391596345,391596345,240440329,240440329,270052800,270052800,107042442,107042442,115772766,115772766,236165729,236165729,337342235,337342235,457520418,457520418,536860840,536860840,376848590,376848590,488370252,488370252,429228637,429228637
# status f = 721723431,0,1 : PASS_RHO (rho 0.90850, T 1928.1, 0s)
f = 787083291,0,1 | route RHO | claimed 0.90849887237852732173 | coeffs -236165729,-236165729,-115772766,-115772766,-107042442,-107042442,-270052800,-270052800,-240440329,-240440329,-391596345,-391596345,-313518937,-313518937,-419943921,-419943921,-327249869,-327249869,-371603219,-371603219,-288459578,-288459578,-539548079,-539548079,-482345020,-482345020,-747059741,-747059741,-578923024,-578923024,-677342681,-677342681,-619736916,-619736916,-620253851,-620253851,-227339108,-227339108,-150451091,-150451091,-108793065,-108793065,-114350703,-114350703,-288244104,-288244104,-75671834,-75671834,70047732,70047732,19210844,19210844,429228637,429228637,488370252,488370252,376848590,376848590,536860840,536860840,457520418,457520418,337342235,337342235
f = 787083291,0,1 | route T | claimed 2403.6886715344553584 | coeffs -76272661,-76272661,75370632,75370632,20900253,20900253,-244724048,-244724048,54052790,54052790,149094076,149094076,106056185,106056185,268948736,268948736,-4623909,-4623909,-174672767,-174672767,-114671066,-114671066,-179272225,-179272225,68183698,68183698,-29409939,-29409939,104914610,104914610,247108730,247108730,153777745,153777745,279518205,279518205,366463848,366463848,324637233,324637233,41809360,41809360,-118189385,-118189385,-509491360,-509491360,-350817656,-350817656,-448962059,-448962059,-351076842,-351076842,-141274752,-141274752,-174908386,-174908386,3436618,3436618,10194751,10194751,-70603395,-70603395,176593660,176593660
# status f = 787083291,0,1 : PASS_RHO (rho 0.90850, T 2403.7, 0s)
f = 807951144,0,1 | route RHO | claimed 0.89861602585902219273 | coeffs -67879969,-67879969,72331968,72331968,-113074325,-113074325,-283593215,-283593215,-102566271,-102566271,-299175100,-299175100,-245919184,-245919184,-371810687,-371810687,-421513319,-421513319,-457557835,-457557835,-331138548,-331138548,-459258569,-459258569,-461239046,-461239046,-480405460,-480405460,-364520123,-364520123,-601775634,-601775634,-391224652,-391224652,-597750763,-597750763,-571736441,-571736441,-456318575,-456318575,-688104533,-688104533,-678488390,-678488390,-653097329,-653097329,-384838689,-384838689,-610552423,-610552423,-248654979,-248654979,-240014705,-240014705,-284187481,-284187481,-52994107,-52994107,143553296,143553296,-208704792,-208704792,-62340849,-62340849
f = 807951144,0,1 | route T | claimed 1865.0510347076781989 | coeffs 90559189,90559189,-65151496,-65151496,-271045641,-271045641,5539120,5539120,-4451999,-4451999,40742357,40742357,396667540,396667540,386159486,386159486,401741371,401741371,545094284,545094284,617729871,617729871,793324006,793324006,879071154,879071154,788696383,788696383,790397117,790397117,920497615,920497615,941644506,941644506,844925583,844925583,966295757,966295757,993000286,993000286,988975415,988975415,1169487204,1169487204,1028055016,1028055016,1144423108,1144423108,1366592923,1366592923,1331585719,1331585719,1037936018,1037936018,995391112,995391112,859207402,859207402,488669684,488669684,524202186,524202186,337181588,337181588
# status f = 807951144,0,1 : PASS_RHO (rho 0.89862, T 1865.1, 0s)
f = 836724154,0,1 | route RHO | claimed 0.89230276932216770893 | coeffs -146906197,-146906197,-306918447,-306918447,-223774806,-223774806,-11202536,-11202536,-40815007,-40815007,-40298072,-40298072,39042350,39042350,-212046151,-212046151,-66326585,-66326585,84829431,84829431,-308085312,-308085312,-187907129,-187907129,-130704070,-130704070,-181540958,-181540958,-259618366,-259618366,-336506383,-336506383,-235329877,-235329877,-500044598,-500044598,-90026805,-90026805,16398179,16398179,-25259847,-25259847,95133116,95133116,263269833,263269833,322411448,322411448,229717396,229717396,235275034,235275034,244005358,244005358,145585701,145585701,34064039,34064039,78417389,78417389,252310790,252310790,89300432,89300432
f = 836724154,0,1 | route T | claimed 2365.4770623147019076 | coeffs 95133116,263269833,263269833,322411448,322411448,229717396,229717396,235275034,235275034,244005358,244005358,145585701,145585701,34064039,34064039,78417389,78417389,252310790,252310790,89300432,89300432,146906197,146906197,306918447,306918447,223774806,223774806,11202536,11202536,40815007,40815007,40298072,40298072,-39042350,-39042350,212046151,212046151,66326585,66326585,-84829431,-84829431,308085312,308085312,187907129,187907129,130704070,130704070,181540958,181540958,259618366,259618366,336506383,336506383,235329877,235329877,500044598,500044598,90026805,90026805,-16398179,-16398179,25259847,25259847,-95133116
# status f = 836724154,0,1 : PASS_RHO (rho 0.89230, T 2365.5, 0s)
f = 854602343,0,1 | route RHO | claimed 0.96660256207287509506 | coeffs 721003960,665135344,665135344,538465364,538465364,690008703,690008703,651026479,651026479,450268558,450268558,334214196,334214196,597977656,597977656,496659611,496659611,572650626,572650626,749921245,749921245,556811967,556811967,719576866,719576866,922365594,922365594,1007761661,1007761661,730678978,730678978,688170303,688170303,590782503,590782503,652863251,652863251,580476044,580476044,429246435,429246435,304251342,304251342,260338305,260338305,331013508,331013508,287065573,287065573,185283221,185283221,181682334,181682334,65768255,65768255,157253002,157253002,-298176465,-298176465,-446754945,-446754945,-335889111,-335889111,-721003960
f = 854602343,0,1 | route T | claimed 2448.3993197034180171 | coeffs 174106125,174106125,254571517,254571517,102821382,102821382,279328922,279328922,304865932,304865932,242020409,242020409,544461649,544461649,767843745,767843745,979931183,979931183,793959771,793959771,615191388,615191388,645056413,645056413,769095277,769095277,821276234,821276234,705165241,705165241,524249817,524249817,492018895,492018895,243625554,243625554,-96595412,-96595412,-72212903,-72212903,168207999,168207999,-2549765,-2549765,151656270,151656270,374005283,374005283,324065557,324065557,216903212,216903212,316968365,316968365,229380040,229380040,143623491,143623491,124897279,124897279,-142052163,-142052163,-81140325,-81140325
# status f = 854602343,0,1 : PASS_RHO (rho 0.96660, T 2448.4, 0s)
f = 869256988,0,1 | route RHO | claimed 0.93069882125562180987 | coeffs -452441554,-452441554,-496794904,-496794904,-417454482,-417454482,-494342499,-494342499,-587036551,-587036551,-427024301,-427024301,-34109558,-34109558,-140534542,-140534542,-29012880,-29012880,-28495945,-28495945,-106573353,-106573353,-47431738,-47431738,10174027,10174027,-140981989,-140981989,-550999782,-550999782,-452580125,-452580125,-482192596,-482192596,-533029484,-533029484,-364892767,-364892767,-527903125,-527903125,-673622691,-673622691,-408907970,-408907970,-417638294,-417638294,-205066024,-205066024,-147862965,-147862965,-27470002,-27470002,146423399,146423399,397511900,397511900,296335394,296335394,290777756,290777756,373921397,373921397,494099580,494099580
f = 869256988,0,1 | route T | claimed 3099.9491696860577403 | coeffs 146423399,397511900,397511900,296335394,296335394,290777756,290777756,373921397,373921397,494099580,494099580,452441554,452441554,496794904,496794904,417454482,417454482,494342499,494342499,587036551,587036551,427024301,427024301,34109558,34109558,140534542,140534542,29012880,29012880,28495945,28495945,106573353,106573353,47431738,47431738,-10174027,-10174027,140981989,140981989,550999782,550999782,452580125,452580125,482192596,482192596,533029484,533029484,364892767,364892767,527903125,527903125,673622691,673622691,408907970,408907970,417638294,417638294,205066024,205066024,147862965,147862965,27470002,27470002,-146423399
# status f = 869256988,0,1 : PASS_RHO (rho 0.93070, T 3099.9, 0s)
f = 870342590,0,1 | route RHO | claimed 0.953800097769607585 | coeffs -476768352,-476768352,-212053631,-212053631,-182441160,-182441160,-123299545,-123299545,-516214288,-516214288,-560567638,-560567638,-661744144,-661744144,-874316414,-874316414,-706179697,-706179697,-555023681,-555023681,-443502019,-443502019,-366614002,-366614002,-449757643,-449757643,-329364680,-329364680,-183645114,-183645114,-85225457,-85225457,-7148049,-7148049,152864201,152864201,111206175,111206175,-139882326,-139882326,-148612650,-148612650,-97775762,-97775762,-40169997,-40169997,66254987,66254987,145595409,145595409,140037771,140037771,82834712,82834712,-80175646,-80175646,329842147,329842147,330359082,330359082,423053134,423053134,302874951,302874951
f = 870342590,0,1 | route T | claimed 3600.5629798931760984 | coeffs 634547195,634547195,763600540,763600540,653254131,653254131,619569385,619569385,779889890,779889890,787591587,787591587,448536915,448536915,728684411,728684411,630226278,630226278,691132555,691132555,593884416,593884416,690105140,690105140,800939765,800939765,847642587,847642587,908325098,908325098,765060722,765060722,570105206,570105206,420572596,420572596,492430011,492430011,521939657,521939657,427858243,427858243,326211259,326211259,463623221,463623221,141620860,141620860,-98546802,-98546802,268589203,268589203,199853671,199853671,-96797153,-96797153,-175758466,-175758466,-434789400,-434789400,-318561577,-318561577,-456189216,-456189216
# status f = 870342590,0,1 : PASS_RHO (rho 0.95380, T 3600.6, 0s)
f = 871502811,0,1 | route RHO | claimed 0.97784959116279357141 | coeffs -50330906,-50330906,-251781088,-251781088,15284471,15284471,60670862,60670862,139745316,139745316,-178913435,-178913435,-75071598,-75071598,-298244138,-298244138,9979581,9979581,282726432,282726432,192921875,192921875,237544975,237544975,298857631,298857631,283834608,283834608,208350303,208350303,143391304,143391304,207794892,207794892,235617087,235617087,354067385,354067385,251466356,251466356,375976707,375976707,422835050,422835050,320325356,320325356,174649163,174649163,453209238,453209238,156410278,156410278,218178642,218178642,634983632,634983632,460944802,460944802,320869563,320869563,290283788,290283788,319366057,319366057
f = 871502811,0,1 | route T | claimed 2704.5091435114764186 | coeffs 528059691,528059691,245231818,245231818,86558114,86558114,296360204,296360204,289602071,289602071,189281072,189281072,-76343229,-76343229,-33305338,-33305338,-203354196,-203354196,-450810119,-450810119,-308615999,-308615999,-395561642,-395561642,-555560387,-555560387,-457415984,-457415984,-491049618,-491049618,-410251472,-410251472,-561894765,-561894765,-263117927,-263117927,-426010478,-426010478,-366008777,-366008777,-268415140,-268415140,-361746125,-361746125,-319919510,-319919510,-711221485,-711221485,-809106702,-809106702,-630761698,-630761698,-877958753,-877958753,-823488374,-823488374,-728447088,-728447088,-454874443,-454874443,-519475602,-519475602,-653800151,-653800151
# status f = 871502811,0,1 : PASS_RHO (rho 0.97785, T 2704.5, 0s)
f = 883679495,0,1 | route RHO | claimed 0.97784959116279357141 | coeffs -283834608,-298857631,-298857631,-237544975,-237544975,-192921875,-192921875,-282726432,-282726432,-9979581,-9979581,298244138,298244138,75071598,75071598,178913435,178913435,-139745316,-139745316,-60670862,-60670862,-15284471,-15284471,251781088,251781088,50330906,50330906,319366057,319366057,290283788,290283788,320869563,320869563,460944802,460944802,634983632,634983632,218178642,218178642,156410278,156410278,453209238,453209238,174649163,174649163,320325356,320325356,422835050,422835050,375976707,375976707,251466356,251466356,354067385,354067385,235617087,235617087,207794892,207794892,143391304,143391304,208350303,208350303,283834608
f = 883679495,0,1 | route T | claimed 3066.2235679031212531 | coeffs -1084056422,-1084056422,-936637636,-936637636,-983849900,-983849900,-931374577,-931374577,-538705293,-538705293,-693005481,-693005481,-792213785,-792213785,-435230442,-435230442,-468407259,-468407259,-374604709,-374604709,-316824305,-316824305,-191464066,-191464066,-389375582,-389375582,-200023339,-200023339,-152606097,-152606097,-68401693,-68401693,259031599,259031599,48789557,48789557,-9345316,-9345316,214149990,214149990,190822936,190822936,181008147,181008147,628364186,628364186,540188817,540188817,215922497,215922497,386504692,386504692,448449058,448449058,178393890,178393890,353625525,353625525,412660797,412660797,574500886,574500886,948805018,948805018
# status f = 883679495,0,1 : PASS_RHO (rho 0.97785, T 3066.2, 0s)
f = 920307798,0,1 | route RHO | claimed 0.92370758567811603134 | coeffs -15581885,-15581885,-45194356,-45194356,205894145,205894145,-187020598,-187020598,-136183710,-136183710,-35007204,-35007204,-141432188,-141432188,26704529,26704529,21146891,21146891,-90374771,-90374771,72635587,72635587,-10508054,-10508054,-9991119,-9991119,-155710685,-155710685,-35532502,-35532502,42544906,42544906,-222169815,-222169815,-180511789,-180511789,-121370174,-121370174,-130100498,-130100498,-85747148,-85747148,-143352913,-143352913,-355925183,-355925183,-276584761,-276584761,-427740777,-427740777,-370537718,-370537718,-293649701,-293649701,116368092,116368092,-4024871,-4024871,-96718923,-96718923,1700734,1700734,175594135,175594135
f = 920307798,0,1 | route T | claimed 2381.7193769363025045 | coeffs 130100498,130100498,85747148,85747148,143352913,143352913,355925183,355925183,276584761,276584761,427740777,427740777,370537718,370537718,293649701,293649701,-116368092,-116368092,4024871,4024871,96718923,96718923,-1700734,-1700734,-175594135,-175594135,-15581885,-15581885,-45194356,-45194356,205894145,205894145,-187020598,-187020598,-136183710,-136183710,-35007204,-35007204,-141432188,-141432188,26704529,26704529,21146891,21146891,-90374771,-90374771,72635587,72635587,-10508054,-10508054,-9991119,-9991119,-155710685,-155710685,-35532502,-35532502,42544906,42544906,-222169815,-222169815,-180511789,-180511789,-121370174,-121370174
# status f = 920307798,0,1 : PASS_RHO (rho 0.92371, T 2381.7, 0s)
f = 923347280,0,1 | route RHO | claimed 0.96851843568838054461 | coeffs 74307839,74307839,250815379,250815379,591036345,591036345,510570953,510570953,478340031,478340031,417428193,417428193,533539186,533539186,514812974,514812974,638851838,638851838,726440163,726440163,905208546,905208546,798046201,798046201,1010133639,1010133639,787784626,787784626,485343386,485343386,314585622,314585622,340122632,340122632,315740123,315740123,467490258,467490258,219096917,219096917,312062717,312062717,492978141,492978141,226028699,226028699,278209656,278209656,363966205,363966205,334101180,334101180,434166333,434166333,248194921,248194921,298134647,298134647,74752551,74752551,228958586,228958586,166113063,166113063
f = 923347280,0,1 | route T | claimed 2249.6352042613806954 | coeffs 38803379,38803379,204391348,204391348,-42480306,-42480306,163322007,163322007,189350520,189350520,243958177,243958177,165552087,165552087,417280143,417280143,201746642,201746642,385223376,385223376,278498287,278498287,-69173008,-69173008,-15384089,-15384089,-61171170,-61171170,73303204,73303204,-10828491,-10828491,463956260,463956260,590500614,590500614,640745500,640745500,585509107,585509107,450924827,450924827,691351059,691351059,787390220,787390220,651686559,651686559,450475564,450475564,635635485,635635485,563924248,563924248,392693104,392693104,324204296,324204296,352199095,352199095,105719517,105719517,227300061,227300061
# status f = 923347280,0,1 : PASS_RHO (rho 0.96852, T 2249.6, 0s)
# summary n = 7 l = 1000863041 : EXCLUSION_CANDIDATE ; PASS 32 / 32 ; OPEN_NEAR 0 ; OPEN_FAR 0 ; 13s
