# FAMILY WITNESS FILE (generator family_gen.sage r10). n = 7 ; l = 1000742209 ; m = 64 ; deg = 2 ; ncomp = 32 ; bar_T = 4224 ; L_n = 16.3328709449664096755483535644
# line: f = c0,...,c_deg (monic, over F_l) | route RHO|T | claimed (rho or T, float) | coeffs a_0..a_{m-1}
f = 42470868,0,1 | route RHO | claimed 0.97510950648575343672 | coeffs 210013440,-225587807,-225587807,62044118,62044118,-58178199,-58178199,-28914731,-28914731,-26357672,-26357672,291709615,291709615,228566798,228566798,-29755820,-29755820,125509972,125509972,60236802,60236802,-162941302,-162941302,-353695876,-353695876,-434373461,-434373461,-225089693,-225089693,-256961708,-256961708,-115986261,-115986261,-315934312,-315934312,-288492971,-288492971,-192201036,-192201036,-160418120,-160418120,-195998103,-195998103,-198855237,-198855237,-167050947,-167050947,-72735738,-72735738,56959708,56959708,-63543453,-63543453,249207641,249207641,89438482,89438482,-142499340,-142499340,-17934382,-17934382,-100113222,-100113222,-210013440
f = 42470868,0,1 | route T | claimed 2634.140829755123451 | coeffs -211692254,-19477146,-19477146,94238866,94238866,147242196,147242196,81576327,81576327,-153956791,-153956791,-121033723,-121033723,-185060783,-185060783,-329784045,-329784045,-331730489,-331730489,-330335275,-330335275,-225589373,-225589373,58707452,58707452,-35864625,-35864625,134504710,134504710,27119957,27119957,-93859148,-93859148,-13009522,-13009522,17742724,17742724,-55189982,-55189982,249252764,249252764,-9965564,-9965564,111770559,111770559,144698072,144698072,209004046,209004046,161983977,161983977,31678813,31678813,-222883215,-222883215,203673556,203673556,146088689,146088689,-71802461,-71802461,293229502,293229502,211692254
# status f = 42470868,0,1 : PASS_RHO (rho 0.97511, T 2634.1, 1s)
f = 88199526,0,1 | route RHO | claimed 0.94402283694684744353 | coeffs 263998143,263998143,129493433,129493433,139458997,139458997,-64214559,-64214559,83027637,83027637,-247307638,-247307638,-260317160,-260317160,-51313114,-51313114,241916388,241916388,362950111,362950111,398814736,398814736,149561972,149561972,372445187,372445187,466684053,466684053,134953564,134953564,41094416,41094416,185792488,185792488,113990027,113990027,267946818,267946818,209239366,209239366,264429348,264429348,232750535,232750535,213273389,213273389,-116510656,-116510656,-89390699,-89390699,22379860,22379860,168468549,168468549,86892222,86892222,312481595,312481595,294738871,294738871,132754894,132754894,-78937360,-78937360
f = 88199526,0,1 | route T | claimed 2862.2696964130004717 | coeffs -362938890,-362938890,8520655,8520655,-54026879,-54026879,-220568024,-220568024,34437202,34437202,244235421,244235421,145038311,145038311,340462894,340462894,610908925,610908925,520477047,520477047,777902368,777902368,660679978,660679978,786810529,786810529,873568910,873568910,817026954,817026954,583611067,583611067,570877487,570877487,634740410,634740410,485131266,485131266,266656950,266656950,545001074,545001074,534011115,534011115,578680346,578680346,519990709,519990709,506445818,506445818,608338613,608338613,446048567,446048567,131502097,131502097,271194777,271194777,250837686,250837686,177379035,177379035,194752933,194752933
# status f = 88199526,0,1 : PASS_RHO (rho 0.94402, T 2862.3, 0s)
f = 93919227,0,1 | route RHO | claimed 0.95632883169825749522 | coeffs 125017117,125017117,351611526,351611526,139424299,139424299,-189365012,-189365012,-8016561,-8016561,-400098515,-400098515,-363098054,-363098054,-206971459,-206971459,-189661259,-189661259,-485940898,-485940898,-359843547,-359843547,-583637688,-583637688,-763118229,-763118229,-656305400,-656305400,-563570827,-563570827,-498908103,-498908103,-402074587,-402074587,-516825331,-516825331,-675469763,-675469763,-425848876,-425848876,-662333380,-662333380,-711208188,-711208188,-642833437,-642833437,-791925595,-791925595,-562180068,-562180068,-340089604,-340089604,-145559170,-145559170,-178272076,-178272076,-139997239,-139997239,-116052399,-116052399,-272577249,-272577249,-201573268,-201573268
f = 93919227,0,1 | route T | claimed 2368.8627956699841501 | coeffs -277545111,-277545111,-352256205,-352256205,-318824224,-318824224,-123061305,-123061305,235496187,235496187,83035742,83035742,151706862,151706862,111813786,111813786,153909461,153909461,337086739,337086739,391435563,391435563,577544671,577544671,746716364,746716364,684732829,684732829,432258154,432258154,777738713,777738713,759224272,759224272,708920217,708920217,888942383,888942383,587731212,587731212,892460248,892460248,1074609868,1074609868,853560065,853560065,606491735,606491735,505123400,505123400,514576529,514576529,536965294,536965294,426491768,426491768,541702120,541702120,344436582,344436582,475220549,475220549,398756213,398756213
# status f = 93919227,0,1 : PASS_RHO (rho 0.95633, T 2368.9, 1s)
f = 126500293,0,1 | route RHO | claimed 0.99162041120099580684 | coeffs 228964603,-19420550,-19420550,69913817,69913817,182772214,182772214,-208413039,-208413039,-135929232,-135929232,-166639614,-166639614,-415688458,-415688458,-143191311,-143191311,-50992435,-50992435,19062347,19062347,26812535,26812535,-35487281,-35487281,-672046,-672046,-177611126,-177611126,116533915,116533915,124520173,124520173,-118077277,-118077277,36128222,36128222,-233578189,-233578189,-286369360,-286369360,-267513379,-267513379,-124786068,-124786068,-301962787,-301962787,-110151564,-110151564,-286343674,-286343674,-454849719,-454849719,-108896010,-108896010,-149297583,-149297583,88340232,88340232,-92795660,-92795660,-98012393,-98012393,-228964603
f = 126500293,0,1 | route T | claimed 3373.189403185114815 | coeffs 118077277,118077277,-36128222,-36128222,233578189,233578189,286369360,286369360,267513379,267513379,124786068,124786068,301962787,301962787,110151564,110151564,286343674,286343674,454849719,454849719,108896010,108896010,149297583,149297583,-88340232,-88340232,92795660,92795660,98012393,98012393,228964603,228964603,-19420550,-19420550,69913817,69913817,182772214,182772214,-208413039,-208413039,-135929232,-135929232,-166639614,-166639614,-415688458,-415688458,-143191311,-143191311,-50992435,-50992435,19062347,19062347,26812535,26812535,-35487281,-35487281,-672046,-672046,-177611126,-177611126,116533915,116533915,124520173,124520173
# status f = 126500293,0,1 : PASS_RHO (rho 0.99162, T 3373.2, 0s)
f = 137616407,0,1 | route RHO | claimed 0.92331140933232132579 | coeffs 158698193,156272309,156272309,352722850,352722850,658511090,658511090,608202590,608202590,378475535,378475535,643892891,643892891,601069276,601069276,746808387,746808387,668374611,668374611,841207667,841207667,844904851,844904851,702806226,702806226,845754647,845754647,405133858,405133858,407584791,407584791,304087994,304087994,258235374,258235374,488210542,488210542,327223202,327223202,194803045,194803045,191273865,191273865,204769730,204769730,227772785,227772785,217155965,217155965,215867714,215867714,-67944587,-67944587,73844116,73844116,-130271641,-130271641,-203626177,-203626177,-174609625,-174609625,-315288551,-315288551,-158698193
f = 137616407,0,1 | route T | claimed 2969.1299304152216708 | coeffs 315288551,315288551,158698193,158698193,156272309,156272309,352722850,352722850,658511090,658511090,608202590,608202590,378475535,378475535,643892891,643892891,601069276,601069276,746808387,746808387,668374611,668374611,841207667,841207667,844904851,844904851,702806226,702806226,845754647,845754647,405133858,405133858,407584791,407584791,304087994,304087994,258235374,258235374,488210542,488210542,327223202,327223202,194803045,194803045,191273865,191273865,204769730,204769730,227772785,227772785,217155965,217155965,215867714,215867714,-67944587,-67944587,73844116,73844116,-130271641,-130271641,-203626177,-203626177,-174609625,-174609625
# status f = 137616407,0,1 : PASS_RHO (rho 0.92331, T 2969.1, 0s)
f = 158875633,0,1 | route RHO | claimed 0.95632883169825749522 | coeffs -516825331,-516825331,-402074587,-402074587,-498908103,-498908103,-563570827,-563570827,-656305400,-656305400,-763118229,-763118229,-583637688,-583637688,-359843547,-359843547,-485940898,-485940898,-189661259,-189661259,-206971459,-206971459,-363098054,-363098054,-400098515,-400098515,-8016561,-8016561,-189365012,-189365012,139424299,139424299,351611526,351611526,125017117,125017117,201573268,201573268,272577249,272577249,116052399,116052399,139997239,139997239,178272076,178272076,145559170,145559170,340089604,340089604,562180068,562180068,791925595,791925595,642833437,642833437,711208188,711208188,662333380,662333380,425848876,425848876,675469763,675469763
f = 158875633,0,1 | route T | claimed 2308.3414089443767914 | coeffs -400098515,-400098515,-8016561,-8016561,-189365012,-189365012,139424299,139424299,351611526,351611526,125017117,125017117,201573268,201573268,272577249,272577249,116052399,116052399,139997239,139997239,178272076,178272076,145559170,145559170,340089604,340089604,562180068,562180068,791925595,791925595,642833437,642833437,711208188,711208188,662333380,662333380,425848876,425848876,675469763,675469763,516825331,516825331,402074587,402074587,498908103,498908103,563570827,563570827,656305400,656305400,763118229,763118229,583637688,583637688,359843547,359843547,485940898,485940898,189661259,189661259,206971459,206971459,363098054,363098054
# status f = 158875633,0,1 : PASS_RHO (rho 0.95633, T 2308.3, 1s)
f = 161380787,0,1 | route RHO | claimed 0.96354948181285273514 | coeffs -786046661,-786046661,-836355161,-836355161,-840052345,-840052345,-610077177,-610077177,-608788926,-608788926,-452198568,-452198568,-495022183,-495022183,-54401394,-54401394,-57930574,-57930574,146185183,146185183,-159603057,-159603057,13229999,13229999,59082619,59082619,48465799,48465799,189144725,189144725,-76272631,-76272631,66675790,66675790,199095947,199095947,340884650,340884650,537335191,537335191,615768967,615768967,512272170,512272170,489269115,489269115,518285667,518285667,288558612,288558612,430657237,430657237,269669897,269669897,553482198,553482198,555908082,555908082,701647193,701647193,699196260,699196260,712692125,712692125
f = 161380787,0,1 | route T | claimed 3298.1392033523047243 | coeffs 110411583,110411583,-10602471,-10602471,-11143047,-11143047,74183738,74183738,180468770,180468770,-115350140,-115350140,-39585585,-39585585,255836669,255836669,169431637,169431637,253766497,253766497,170442631,170442631,217202632,217202632,-36064186,-36064186,269699194,269699194,327331511,327331511,301828379,301828379,355193184,355193184,180758739,180758739,13254882,13254882,356188863,356188863,154337531,154337531,170308985,170308985,367592995,367592995,553496584,553496584,121514474,121514474,200047075,200047075,166036702,166036702,384985150,384985150,343296148,343296148,116725701,116725701,114175943,114175943,58185384,58185384
# status f = 161380787,0,1 : PASS_RHO (rho 0.96355, T 3298.1, 1s)
f = 250829835,0,1 | route RHO | claimed 0.94407373113476840144 | coeffs 171232905,171232905,-4258155,-4258155,-107082898,-107082898,-78824178,-78824178,-4163406,-4163406,199184181,199184181,251297090,251297090,338647228,338647228,541696180,541696180,579273242,579273242,645534716,645534716,547953034,547953034,674122229,674122229,532358980,532358980,793829712,793829712,817165568,817165568,675790795,675790795,539909013,539909013,412113523,412113523,634948694,634948694,385873672,385873672,324263780,324263780,20032351,20032351,39167890,39167890,290238871,290238871,-133084244,-133084244,62462063,62462063,-91059514,-91059514,-69462283,-69462283,-107452474,-107452474,-255844029,-255844029,-164752928,-164752928
f = 250829835,0,1 | route T | claimed 2769.9543534567259186 | coeffs 198724270,198724270,289910496,289910496,200212763,200212763,427040544,427040544,98856924,98856924,-107664756,-107664756,-220448213,-220448213,-92760289,-92760289,-171196515,-171196515,65896004,65896004,278897661,278897661,216190058,216190058,-14322609,-14322609,92372337,92372337,-70059410,-70059410,-79713480,-79713480,35107032,35107032,352969837,352969837,449323843,449323843,649332652,649332652,725248196,725248196,512846002,512846002,321152392,321152392,83035137,83035137,144497060,144497060,91917372,91917372,162944793,162944793,218756621,218756621,329078386,329078386,490451634,490451634,293956300,293956300,161318987,161318987
# status f = 250829835,0,1 : PASS_RHO (rho 0.94407, T 2770.0, 0s)
f = 263406645,0,1 | route RHO | claimed 0.93198613314533182383 | coeffs 34139835,34139835,36565719,36565719,7549167,7549167,149337870,149337870,159954690,159954690,156425510,156425510,-73549658,-73549658,-71098725,-71098725,70999900,70999900,-7433876,-7433876,-272851232,-272851232,32937008,32937008,189527366,189527366,262881902,262881902,-20930399,-20930399,-43933454,-43933454,-176353611,-176353611,-130500991,-130500991,-571121780,-571121780,-574818964,-574818964,-429079853,-429079853,-199352798,-199352798,-2902257,-2902257,-143581183,-143581183,60534574,60534574,59246323,59246323,45750458,45750458,-115236882,-115236882,-11740085,-11740085,131208336,131208336,-41624720,-41624720,-84448335,-84448335
f = 263406645,0,1 | route T | claimed 2559.7240457364567244 | coeffs -275946892,-275946892,-167081257,-167081257,-214049304,-214049304,86864262,86864262,-38365004,-38365004,77801941,77801941,266920635,266920635,309465964,309465964,108075668,108075668,195972758,195972758,93344788,93344788,450996149,450996149,220187178,220187178,327489287,327489287,114219504,114219504,304795386,304795386,229206560,229206560,347245499,347245499,398412533,398412533,562473719,562473719,1013486288,1013486288,842055116,842055116,1048117317,1048117317,965291818,965291818,984723466,984723466,994105461,994105461,862069140,862069140,578460790,578460790,478560440,478560440,434341611,434341611,292435003,292435003,354315093,354315093
# status f = 263406645,0,1 : PASS_RHO (rho 0.93199, T 2559.7, 1s)
f = 266758362,0,1 | route RHO | claimed 0.91671400473266524399 | coeffs 335943875,335943875,174956535,174956535,124648035,124648035,128177215,128177215,-137240141,-137240141,-114237086,-114237086,31502025,31502025,32790276,32790276,-140042780,-140042780,1745923,1745923,-140352702,-140352702,-66998166,-66998166,373622623,373622623,232943697,232943697,129446900,129446900,127021016,127021016,-102954152,-102954152,-408742392,-408742392,-541162549,-541162549,-770889604,-770889604,-784385469,-784385469,-741561854,-741561854,-752178674,-752178674,-830612450,-830612450,-546800149,-546800149,-550497333,-550497333,-754613090,-754613090,-611664669,-611664669,-640681221,-640681221,-643132154,-643132154,-486541796,-486541796,-532394416,-532394416
f = 266758362,0,1 | route T | claimed 2786.4498276475319501 | coeffs -414873355,-446190431,-446190431,-559358203,-559358203,-764502484,-764502484,-450120933,-450120933,-550221336,-550221336,-602190461,-602190461,-754101086,-754101086,-890337724,-890337724,-576973597,-576973597,-625203175,-625203175,-746663908,-746663908,-659234527,-659234527,-691742316,-691742316,-545816568,-545816568,-682756961,-682756961,-801680570,-801680570,-573553646,-573553646,-516921284,-516921284,-199920175,-199920175,-314274827,-314274827,-375090202,-375090202,-108347567,-108347567,176905595,176905595,101092326,101092326,387926211,387926211,535727817,535727817,389269938,389269938,154819798,154819798,462202687,462202687,340965748,340965748,427720603,427720603,414873355
# status f = 266758362,0,1 : PASS_RHO (rho 0.91671, T 2786.4, 0s)
f = 354564819,0,1 | route RHO | claimed 0.92331140933232132579 | coeffs -658511090,-352722850,-352722850,-156272309,-156272309,-158698193,-158698193,-315288551,-315288551,-174609625,-174609625,-203626177,-203626177,-130271641,-130271641,73844116,73844116,-67944587,-67944587,215867714,215867714,217155965,217155965,227772785,227772785,204769730,204769730,191273865,191273865,194803045,194803045,327223202,327223202,488210542,488210542,258235374,258235374,304087994,304087994,407584791,407584791,405133858,405133858,845754647,845754647,702806226,702806226,844904851,844904851,841207667,841207667,668374611,668374611,746808387,746808387,601069276,601069276,643892891,643892891,378475535,378475535,608202590,608202590,658511090
f = 354564819,0,1 | route T | claimed 1752.4332537904796138 | coeffs -352722850,-156272309,-156272309,-158698193,-158698193,-315288551,-315288551,-174609625,-174609625,-203626177,-203626177,-130271641,-130271641,73844116,73844116,-67944587,-67944587,215867714,215867714,217155965,217155965,227772785,227772785,204769730,204769730,191273865,191273865,194803045,194803045,327223202,327223202,488210542,488210542,258235374,258235374,304087994,304087994,407584791,407584791,405133858,405133858,845754647,845754647,702806226,702806226,844904851,844904851,841207667,841207667,668374611,668374611,746808387,746808387,601069276,601069276,643892891,643892891,378475535,378475535,608202590,608202590,658511090,658511090,352722850
# status f = 354564819,0,1 : PASS_RHO (rho 0.92331, T 1752.4, 0s)
f = 355294486,0,1 | route RHO | claimed 0.9223023838256141138 | coeffs -226644703,-226644703,-16815639,-16815639,13498639,13498639,146932409,146932409,506679793,506679793,521101925,521101925,449134853,449134853,791265527,791265527,890179362,890179362,723652195,723652195,741539950,741539950,760467794,760467794,944024576,944024576,810955613,810955613,771500355,771500355,525788366,525788366,617320782,617320782,654490817,654490817,412440635,412440635,437922305,437922305,599097288,599097288,340986648,340986648,543177354,543177354,532081640,532081640,367464163,367464163,348403700,348403700,347283226,347283226,-56846015,-56846015,219041542,219041542,223265536,223265536,121112839,121112839,251485561,251485561
f = 355294486,0,1 | route T | claimed 2186.0249290474845284 | coeffs 146932409,146932409,506679793,506679793,521101925,521101925,449134853,449134853,791265527,791265527,890179362,890179362,723652195,723652195,741539950,741539950,760467794,760467794,944024576,944024576,810955613,810955613,771500355,771500355,525788366,525788366,617320782,617320782,654490817,654490817,412440635,412440635,437922305,437922305,599097288,599097288,340986648,340986648,543177354,543177354,532081640,532081640,367464163,367464163,348403700,348403700,347283226,347283226,-56846015,-56846015,219041542,219041542,223265536,223265536,121112839,121112839,251485561,251485561,226644703,226644703,16815639,16815639,-13498639,-13498639
# status f = 355294486,0,1 : PASS_RHO (rho 0.92230, T 2186.0, 0s)
f = 360418435,0,1 | route RHO | claimed 0.97510950648575343672 | coeffs 63543453,63543453,-56959708,-56959708,72735738,72735738,167050947,167050947,198855237,198855237,195998103,195998103,160418120,160418120,192201036,192201036,288492971,288492971,315934312,315934312,115986261,115986261,256961708,256961708,225089693,225089693,434373461,434373461,353695876,353695876,162941302,162941302,-60236802,-60236802,-125509972,-125509972,29755820,29755820,-228566798,-228566798,-291709615,-291709615,26357672,26357672,28914731,28914731,58178199,58178199,-62044118,-62044118,225587807,225587807,-210013440,-210013440,-100113222,-100113222,-17934382,-17934382,-142499340,-142499340,89438482,89438482,249207641,249207641
f = 360418435,0,1 | route T | claimed 2775.9960295057215595 | coeffs 837136932,740851900,740851900,754475992,754475992,885283518,885283518,1006009251,1006009251,1061187523,1061187523,1008431206,1008431206,818774857,818774857,619464525,619464525,368114256,368114256,212070025,212070025,-69951038,-69951038,-78168718,-78168718,76762145,76762145,-5970827,-5970827,131091654,131091654,-92501249,-92501249,-350046123,-350046123,-377858269,-377858269,-447844511,-447844511,-490436403,-490436403,-464382904,-464382904,-525311990,-525311990,-554539870,-554539870,-766832347,-766832347,-974548142,-974548142,-678625425,-678625425,-1096184224,-1096184224,-1096835480,-1096835480,-1203139823,-1203139823,-951499300,-951499300,-992245079,-992245079,-837136932
# status f = 360418435,0,1 : PASS_RHO (rho 0.97511, T 2776.0, 1s)
f = 371022143,0,1 | route RHO | claimed 0.97042072072022772594 | coeffs 310803442,183115518,183115518,413628185,413628185,95765380,95765380,287458990,287458990,231647162,231647162,591690419,591690419,385168739,385168739,598170396,598170396,588516326,588516326,664431870,664431870,611852182,611852182,415356848,415356848,188529067,188529067,266965293,266965293,160270347,160270347,63916341,63916341,302033596,302033596,191711831,191711831,282898057,282898057,170114600,170114600,107406997,107406997,222227509,222227509,9825315,9825315,80852736,80852736,-51784577,-51784577,276399043,276399043,39306524,39306524,201738271,201738271,1729462,1729462,-59732461,-59732461,-221105709,-221105709,-310803442
f = 371022143,0,1 | route T | claimed 3146.6349015684714623 | coeffs 422552899,270962617,270962617,15714218,15714218,42040338,42040338,47794567,47794567,332168793,332168793,135138155,135138155,197955842,197955842,349997270,349997270,-96153806,-96153806,-290542910,-290542910,-555881158,-555881158,-653622301,-653622301,-650768446,-650768446,-861341705,-861341705,-724796063,-724796063,-628491309,-628491309,-297763801,-297763801,-363774534,-363774534,-618418138,-618418138,-686662123,-686662123,-609712418,-609712418,-724422329,-724422329,-873636872,-873636872,-850017504,-850017504,-642461853,-642461853,-556934784,-556934784,-538716982,-538716982,-793217815,-793217815,-452998830,-452998830,-520505818,-520505818,-498476915,-498476915,-422552899
# status f = 371022143,0,1 : PASS_RHO (rho 0.97042, T 3146.6, 1s)
f = 400736897,0,1 | route RHO | claimed 0.91358947414502617797 | coeffs 260231034,260231034,322938637,322938637,485370384,485370384,167507579,167507579,91592035,91592035,329709290,329709290,258681869,258681869,97308621,97308621,457351878,457351878,684179659,684179659,571396202,571396202,808488721,808488721,577976054,577976054,568321984,568321984,664675990,664675990,452273796,452273796,513735719,513735719,569547547,569547547,373052213,373052213,281865987,281865987,610049607,610049607,482361683,482361683,269360026,269360026,162665080,162665080,47844568,47844568,-152164241,-152164241,39529369,39529369,92109057,92109057,-18212708,-18212708,114424605,114424605,24726872,24726872,-181794808,-181794808
f = 400736897,0,1 | route T | claimed 3128.9306082210684724 | coeffs -92109057,-92109057,18212708,18212708,-114424605,-114424605,-24726872,-24726872,181794808,181794808,260231034,260231034,322938637,322938637,485370384,485370384,167507579,167507579,91592035,91592035,329709290,329709290,258681869,258681869,97308621,97308621,457351878,457351878,684179659,684179659,571396202,571396202,808488721,808488721,577976054,577976054,568321984,568321984,664675990,664675990,452273796,452273796,513735719,513735719,569547547,569547547,373052213,373052213,281865987,281865987,610049607,610049607,482361683,482361683,269360026,269360026,162665080,162665080,47844568,47844568,-152164241,-152164241,39529369,39529369
# status f = 400736897,0,1 : PASS_RHO (rho 0.91359, T 3128.9, 1s)
f = 461483742,0,1 | route RHO | claimed 0.94407373113476840144 | coeffs -4258155,171232905,171232905,164752928,164752928,255844029,255844029,107452474,107452474,69462283,69462283,91059514,91059514,-62462063,-62462063,133084244,133084244,-290238871,-290238871,-39167890,-39167890,-20032351,-20032351,-324263780,-324263780,-385873672,-385873672,-634948694,-634948694,-412113523,-412113523,-539909013,-539909013,-675790795,-675790795,-817165568,-817165568,-793829712,-793829712,-532358980,-532358980,-674122229,-674122229,-547953034,-547953034,-645534716,-645534716,-579273242,-579273242,-541696180,-541696180,-338647228,-338647228,-251297090,-251297090,-199184181,-199184181,4163406,4163406,78824178,78824178,107082898,107082898,4258155
f = 461483742,0,1 | route T | claimed 2514.5668252075783318 | coeffs 512846002,725248196,725248196,649332652,649332652,449323843,449323843,352969837,352969837,35107032,35107032,-79713480,-79713480,-70059410,-70059410,92372337,92372337,-14322609,-14322609,216190058,216190058,278897661,278897661,65896004,65896004,-171196515,-171196515,-92760289,-92760289,-220448213,-220448213,-107664756,-107664756,98856924,98856924,427040544,427040544,200212763,200212763,289910496,289910496,198724270,198724270,-161318987,-161318987,-293956300,-293956300,-490451634,-490451634,-329078386,-329078386,-218756621,-218756621,-162944793,-162944793,-91917372,-91917372,-144497060,-144497060,-83035137,-83035137,-321152392,-321152392,-512846002
# status f = 461483742,0,1 : PASS_RHO (rho 0.94407, T 2514.6, 0s)
f = 539258467,0,1 | route RHO | claimed 0.95834958877042986705 | coeffs -622947603,-622947603,-477208492,-477208492,-171420252,-171420252,-200436804,-200436804,-199148553,-199148553,-66728396,-66728396,-69179329,-69179329,-242012385,-242012385,-12285330,-12285330,144305028,144305028,286093731,286093731,299589596,299589596,253736976,253736976,111638351,111638351,68814736,68814736,265265277,265265277,338619813,338619813,349236633,349236633,510223973,510223973,950844762,950844762,1029278538,1029278538,1079587038,1079587038,938908112,938908112,655095811,655095811,651566631,651566631,548069834,548069834,551767018,551767018,817184374,817184374,814758490,814758490,1018874247,1018874247,995871192,995871192,765896024,765896024
f = 539258467,0,1 | route T | claimed 2988.5973757808476699 | coeffs 158368359,158368359,77518733,77518733,191234745,191234745,118302039,118302039,183967908,183967908,443186236,443186236,476109304,476109304,509036817,509036817,653760079,653760079,700780148,700780148,702175362,702175362,447613334,447613334,163316509,163316509,220901376,220901376,391270711,391270711,756302674,756302674,877281779,877281779,1069496887,1069496887,1100249133,1100249133,1047245803,1047245803,742803057,742803057,507269939,507269939,629006062,629006062,693033122,693033122,628727148,628727148,626780704,626780704,496475540,496475540,391729638,391729638,-34827133,-34827133,-129399210,-129399210,-347290360,-347290360,-239905607,-239905607
# status f = 539258467,0,1 : PASS_RHO (rho 0.95835, T 2988.6, 1s)
f = 600005312,0,1 | route RHO | claimed 0.91671400473266524399 | coeffs -129446900,-129446900,-232943697,-232943697,-373622623,-373622623,66998166,66998166,140352702,140352702,-1745923,-1745923,140042780,140042780,-32790276,-32790276,-31502025,-31502025,114237086,114237086,137240141,137240141,-128177215,-128177215,-124648035,-124648035,-174956535,-174956535,-335943875,-335943875,-532394416,-532394416,-486541796,-486541796,-643132154,-643132154,-640681221,-640681221,-611664669,-611664669,-754613090,-754613090,-550497333,-550497333,-546800149,-546800149,-830612450,-830612450,-752178674,-752178674,-741561854,-741561854,-784385469,-784385469,-770889604,-770889604,-541162549,-541162549,-408742392,-408742392,-102954152,-102954152,127021016,127021016
f = 600005312,0,1 | route T | claimed 2195.6540419219313159 | coeffs 128177215,128177215,124648035,124648035,174956535,174956535,335943875,335943875,532394416,532394416,486541796,486541796,643132154,643132154,640681221,640681221,611664669,611664669,754613090,754613090,550497333,550497333,546800149,546800149,830612450,830612450,752178674,752178674,741561854,741561854,784385469,784385469,770889604,770889604,541162549,541162549,408742392,408742392,102954152,102954152,-127021016,-127021016,-129446900,-129446900,-232943697,-232943697,-373622623,-373622623,66998166,66998166,140352702,140352702,-1745923,-1745923,140042780,140042780,-32790276,-32790276,-31502025,-31502025,114237086,114237086,137240141,137240141
# status f = 600005312,0,1 : PASS_RHO (rho 0.91671, T 2195.7, 1s)
f = 629720066,0,1 | route RHO | claimed 0.96354948181285273514 | coeffs 555908082,553482198,553482198,269669897,269669897,430657237,430657237,288558612,288558612,518285667,518285667,489269115,489269115,512272170,512272170,615768967,615768967,537335191,537335191,340884650,340884650,199095947,199095947,66675790,66675790,-76272631,-76272631,189144725,189144725,48465799,48465799,59082619,59082619,13229999,13229999,-159603057,-159603057,146185183,146185183,-57930574,-57930574,-54401394,-54401394,-495022183,-495022183,-452198568,-452198568,-608788926,-608788926,-610077177,-610077177,-840052345,-840052345,-836355161,-836355161,-786046661,-786046661,-712692125,-712692125,-699196260,-699196260,-701647193,-701647193,-555908082
f = 629720066,0,1 | route T | claimed 3118.2988953542799997 | coeffs -156001523,-179803592,-179803592,-408786021,-408786021,-585955620,-585955620,-596597083,-596597083,-593548988,-593548988,-738830102,-738830102,-840229512,-840229512,-691375862,-691375862,-666473085,-666473085,-817948143,-817948143,-711515603,-711515603,-928392131,-928392131,-987711718,-987711718,-1281382627,-1281382627,-1173921081,-1173921081,-1027486080,-1027486080,-1010231646,-1010231646,-974857183,-974857183,-703703839,-703703839,-564657993,-564657993,-301865421,-301865421,106566186,106566186,-117447562,-117447562,-246076813,-246076813,-51089122,-51089122,-112882778,-112882778,-324108323,-324108323,-104105175,-104105175,-217773310,-217773310,-9688897,-9688897,164507561,164507561,156001523
# status f = 629720066,0,1 : PASS_RHO (rho 0.96355, T 3118.3, 1s)
f = 640323774,0,1 | route RHO | claimed 0.92312323404161855123 | coeffs -222072580,-193813860,-193813860,55261162,55261162,-148086425,-148086425,-452317854,-452317854,-364967716,-364967716,-616038697,-616038697,-653615759,-653615759,-458069452,-458069452,-555651134,-555651134,-577248365,-577248365,-435485116,-435485116,-583876671,-583876671,-560540815,-560540815,-554060838,-554060838,-418179056,-418179056,-315354313,-315354313,-92519142,-92519142,-17858370,-17858370,43751522,43751522,-8361387,-8361387,10774152,10774152,213823104,213823104,637146219,637146219,570884745,570884745,417363168,417363168,543532363,543532363,581522554,581522554,320051822,320051822,411142923,411142923,269768150,269768150,94277090,94277090,222072580
f = 640323774,0,1 | route T | claimed 3085.1696641426883024 | coeffs -221662012,-221662012,53269548,53269548,10343930,10343930,-136697670,-136697670,125353307,125353307,266168241,266168241,227532680,227532680,393284553,393284553,313519672,313519672,85915703,85915703,232846732,232846732,407636964,407636964,581885057,581885057,718971170,718971170,869681022,869681022,908500079,908500079,1197561251,1197561251,973667581,973667581,869212375,869212375,825419284,825419284,671525455,671525455,657557696,657557696,777690531,777690531,505279653,505279653,702147263,702147263,870496910,870496910,680322029,680322029,708557839,708557839,671474129,671474129,414317930,414317930,564012521,564012521,566474213,566474213
# status f = 640323774,0,1 : PASS_RHO (rho 0.92312, T 3085.2, 0s)
f = 645447723,0,1 | route RHO | claimed 0.93198613314533182383 | coeffs 189527366,189527366,32937008,32937008,-272851232,-272851232,-7433876,-7433876,70999900,70999900,-71098725,-71098725,-73549658,-73549658,156425510,156425510,159954690,159954690,149337870,149337870,7549167,7549167,36565719,36565719,34139835,34139835,84448335,84448335,41624720,41624720,-131208336,-131208336,11740085,11740085,115236882,115236882,-45750458,-45750458,-59246323,-59246323,-60534574,-60534574,143581183,143581183,2902257,2902257,199352798,199352798,429079853,429079853,574818964,574818964,571121780,571121780,130500991,130500991,176353611,176353611,43933454,43933454,20930399,20930399,-262881902,-262881902
f = 645447723,0,1 | route T | claimed 2789.9211512993108347 | coeffs -358056533,-358056533,-53825104,-53825104,-91815295,-91815295,-17154523,-17154523,80427159,80427159,-47368331,-47368331,375954784,375954784,369474807,369474807,456824945,456824945,195354213,195354213,133744321,133744321,112147090,112147090,83888370,83888370,150149844,150149844,286031626,286031626,537102607,537102607,446011506,446011506,393898597,393898597,252135348,252135348,501210370,501210370,347688793,347688793,244864050,244864050,207286988,207286988,65912215,65912215,46776676,46776676,-101614879,-101614879,101732708,101732708,-24436487,-24436487,198398684,198398684,2852377,2852377,178343437,178343437,381392389,381392389
# status f = 645447723,0,1 : PASS_RHO (rho 0.93199, T 2789.9, 1s)
f = 646177390,0,1 | route RHO | claimed 0.95679259911793574287 | coeffs -52309190,-52309190,124399846,124399846,44413855,44413855,73478707,73478707,89539165,89539165,413782084,413782084,268267249,268267249,392272197,392272197,297712102,297712102,-4264442,-4264442,61786304,61786304,-22705399,-22705399,-17360931,-17360931,-13699124,-13699124,-31315834,-31315834,-326263854,-326263854,-402889147,-402889147,-197488305,-197488305,-437000069,-437000069,-212398690,-212398690,-228290836,-228290836,-238266076,-238266076,191002695,191002695,41084375,41084375,-180166794,-180166794,-238549896,-238549896,-129956984,-129956984,-223450147,-223450147,-72493429,-72493429,-233180429,-233180429,-405451126,-405451126,-55367177,-55367177
f = 646177390,0,1 | route T | claimed 2819.3502148037220911 | coeffs 398522427,567569048,567569048,526025780,526025780,336691859,336691859,655461182,655461182,554286657,554286657,259077114,259077114,18906227,18906227,377558096,377558096,371547595,371547595,277662458,277662458,381651276,381651276,328429816,328429816,243334822,243334822,83284702,83284702,45639945,45639945,33788892,33788892,271347531,271347531,346544124,346544124,400037985,400037985,529609255,529609255,545757373,545757373,376908417,376908417,190816302,190816302,330435512,330435512,210240386,210240386,472743890,472743890,259878645,259878645,27464946,27464946,-5795194,-5795194,-293467260,-293467260,-338845807,-338845807,-398522427
# status f = 646177390,0,1 : PASS_RHO (rho 0.95679, T 2819.4, 1s)
f = 733983847,0,1 | route RHO | claimed 0.91358947414502617797 | coeffs -258681869,-258681869,-329709290,-329709290,-91592035,-91592035,-167507579,-167507579,-485370384,-485370384,-322938637,-322938637,-260231034,-260231034,-181794808,-181794808,24726872,24726872,114424605,114424605,-18212708,-18212708,92109057,92109057,39529369,39529369,-152164241,-152164241,47844568,47844568,162665080,162665080,269360026,269360026,482361683,482361683,610049607,610049607,281865987,281865987,373052213,373052213,569547547,569547547,513735719,513735719,452273796,452273796,664675990,664675990,568321984,568321984,577976054,577976054,808488721,808488721,571396202,571396202,684179659,684179659,457351878,457351878,97308621,97308621
f = 733983847,0,1 | route T | claimed 3423.5902815960551139 | coeffs -123774378,-123774378,192546909,192546909,15622243,15622243,-98172877,-98172877,143796625,143796625,485031459,485031459,343891091,343891091,137234342,137234342,35619319,35619319,46373158,46373158,122572751,122572751,-52599901,-52599901,-104234195,-104234195,427099743,427099743,569965321,569965321,223698678,223698678,386162095,386162095,524036246,524036246,643979737,643979737,643018316,643018316,767483834,767483834,689707185,689707185,675856225,675856225,763806279,763806279,663034469,663034469,723980351,723980351,808348547,808348547,804262901,804262901,609797868,609797868,568459416,568459416,350735447,350735447,362632178,362632178
# status f = 733983847,0,1 : PASS_RHO (rho 0.91359, T 3423.6, 0s)
f = 737335564,0,1 | route RHO | claimed 0.9223023838256141138 | coeffs -506679793,-506679793,-146932409,-146932409,-13498639,-13498639,16815639,16815639,226644703,226644703,251485561,251485561,121112839,121112839,223265536,223265536,219041542,219041542,-56846015,-56846015,347283226,347283226,348403700,348403700,367464163,367464163,532081640,532081640,543177354,543177354,340986648,340986648,599097288,599097288,437922305,437922305,412440635,412440635,654490817,654490817,617320782,617320782,525788366,525788366,771500355,771500355,810955613,810955613,944024576,944024576,760467794,760467794,741539950,741539950,723652195,723652195,890179362,890179362,791265527,791265527,449134853,449134853,521101925,521101925
f = 737335564,0,1 | route T | claimed 2353.7386976285004701 | coeffs -506679793,-506679793,-146932409,-146932409,-13498639,-13498639,16815639,16815639,226644703,226644703,251485561,251485561,121112839,121112839,223265536,223265536,219041542,219041542,-56846015,-56846015,347283226,347283226,348403700,348403700,367464163,367464163,532081640,532081640,543177354,543177354,340986648,340986648,599097288,599097288,437922305,437922305,412440635,412440635,654490817,654490817,617320782,617320782,525788366,525788366,771500355,771500355,810955613,810955613,944024576,944024576,760467794,760467794,741539950,741539950,723652195,723652195,890179362,890179362,791265527,791265527,449134853,449134853,521101925,521101925
# status f = 737335564,0,1 : PASS_RHO (rho 0.92230, T 2353.7, 1s)
f = 749912374,0,1 | route RHO | claimed 0.95834958877042986705 | coeffs 299589596,286093731,286093731,144305028,144305028,-12285330,-12285330,-242012385,-242012385,-69179329,-69179329,-66728396,-66728396,-199148553,-199148553,-200436804,-200436804,-171420252,-171420252,-477208492,-477208492,-622947603,-622947603,-765896024,-765896024,-995871192,-995871192,-1018874247,-1018874247,-814758490,-814758490,-817184374,-817184374,-551767018,-551767018,-548069834,-548069834,-651566631,-651566631,-655095811,-655095811,-938908112,-938908112,-1079587038,-1079587038,-1029278538,-1029278538,-950844762,-950844762,-510223973,-510223973,-349236633,-349236633,-338619813,-338619813,-265265277,-265265277,-68814736,-68814736,-111638351,-111638351,-253736976,-253736976,-299589596
f = 749912374,0,1 | route T | claimed 2690.2169691992926225 | coeffs -392599456,-392599456,-655264715,-655264715,-578950079,-578950079,-491645563,-491645563,-891379097,-891379097,-823791308,-823791308,-866065267,-866065267,-827444161,-827444161,-899780455,-899780455,-474272009,-474272009,-510230223,-510230223,-483577795,-483577795,-426155079,-426155079,-262022971,-262022971,-285918542,-285918542,-229866273,-229866273,-21685109,-21685109,-228992151,-228992151,-110155231,-110155231,-103818888,-103818888,-523913141,-523913141,-522294902,-522294902,-396942097,-396942097,-547145789,-547145789,-173578276,-173578276,144943095,144943095,147687433,147687433,230968877,230968877,460929973,460929973,300909805,300909805,416569982,416569982,458639971,458639971
# status f = 749912374,0,1 : PASS_RHO (rho 0.95835, T 2690.2, 1s)
f = 839361422,0,1 | route RHO | claimed 0.97042072072022772594 | coeffs -588516326,-588516326,-598170396,-598170396,-385168739,-385168739,-591690419,-591690419,-231647162,-231647162,-287458990,-287458990,-95765380,-95765380,-413628185,-413628185,-183115518,-183115518,-310803442,-310803442,-221105709,-221105709,-59732461,-59732461,1729462,1729462,201738271,201738271,39306524,39306524,276399043,276399043,-51784577,-51784577,80852736,80852736,9825315,9825315,222227509,222227509,107406997,107406997,170114600,170114600,282898057,282898057,191711831,191711831,302033596,302033596,63916341,63916341,160270347,160270347,266965293,266965293,188529067,188529067,415356848,415356848,611852182,611852182,664431870,664431870
f = 839361422,0,1 | route T | claimed 3430.6455619811502954 | coeffs 92510800,0,91116291,0,79253988,0,-11380500,0,-93631274,0,251014383,0,-240428971,0,-198448564,0,54176016,0,153114858,0,141515136,0,-59662076,0,-23861738,0,92597131,0,134372421,0,-106865091,0,-178328968,0,-226030901,0,-42840005,0,102641097,0,160441213,0,214935187,0,402587389,0,-139811132,0,-262593910,0,-196007343,0,-237969912,0,125389000,0,20543728,0,65634621,0,54413130,0,-144449463,0
# status f = 839361422,0,1 : PASS_RHO (rho 0.97042, T 3430.6, 0s)
f = 841866576,0,1 | route RHO | claimed 0.93853944160876862637 | coeffs 212949520,97527851,97527851,-22748746,-22748746,-53012702,-53012702,-340702583,-340702583,-254610022,-254610022,-338207425,-338207425,-747088686,-747088686,-683365754,-683365754,-852189520,-852189520,-866538460,-866538460,-729795662,-729795662,-799694393,-799694393,-717690436,-717690436,-532492721,-532492721,-428790150,-428790150,-628601911,-628601911,-679994826,-679994826,-705396104,-705396104,-748675319,-748675319,-509627300,-509627300,-477155773,-477155773,-598458895,-598458895,-559546175,-559546175,-480898613,-480898613,-526741399,-526741399,-326309687,-326309687,-139422933,-139422933,-450469353,-450469353,-529781936,-529781936,-419449809,-419449809,-632726187,-632726187,-212949520
f = 841866576,0,1 | route T | claimed 2966.4026923266983495 | coeffs -632726187,-212949520,-212949520,-97527851,-97527851,22748746,22748746,53012702,53012702,340702583,340702583,254610022,254610022,338207425,338207425,747088686,747088686,683365754,683365754,852189520,852189520,866538460,866538460,729795662,729795662,799694393,799694393,717690436,717690436,532492721,532492721,428790150,428790150,628601911,628601911,679994826,679994826,705396104,705396104,748675319,748675319,509627300,509627300,477155773,477155773,598458895,598458895,559546175,559546175,480898613,480898613,526741399,526741399,326309687,326309687,139422933,139422933,450469353,450469353,529781936,529781936,419449809,419449809,632726187
# status f = 841866576,0,1 : PASS_RHO (rho 0.93854, T 2966.4, 0s)
f = 863125802,0,1 | route RHO | claimed 0.95679259911793574287 | coeffs 223450147,223450147,129956984,129956984,238549896,238549896,180166794,180166794,-41084375,-41084375,-191002695,-191002695,238266076,238266076,228290836,228290836,212398690,212398690,437000069,437000069,197488305,197488305,402889147,402889147,326263854,326263854,31315834,31315834,13699124,13699124,17360931,17360931,22705399,22705399,-61786304,-61786304,4264442,4264442,-297712102,-297712102,-392272197,-392272197,-268267249,-268267249,-413782084,-413782084,-89539165,-89539165,-73478707,-73478707,-44413855,-44413855,-124399846,-124399846,52309190,52309190,-55367177,-55367177,-405451126,-405451126,-233180429,-233180429,-72493429,-72493429
f = 863125802,0,1 | route T | claimed 2156.5204126391571578 | coeffs -55367177,-405451126,-405451126,-233180429,-233180429,-72493429,-72493429,-223450147,-223450147,-129956984,-129956984,-238549896,-238549896,-180166794,-180166794,41084375,41084375,191002695,191002695,-238266076,-238266076,-228290836,-228290836,-212398690,-212398690,-437000069,-437000069,-197488305,-197488305,-402889147,-402889147,-326263854,-326263854,-31315834,-31315834,-13699124,-13699124,-17360931,-17360931,-22705399,-22705399,61786304,61786304,-4264442,-4264442,297712102,297712102,392272197,392272197,268267249,268267249,413782084,413782084,89539165,89539165,73478707,73478707,44413855,44413855,124399846,124399846,-52309190,-52309190,55367177
# status f = 863125802,0,1 : PASS_RHO (rho 0.95679, T 2156.5, 1s)
f = 874241916,0,1 | route RHO | claimed 0.94402283694684744353 | coeffs -372445187,-149561972,-149561972,-398814736,-398814736,-362950111,-362950111,-241916388,-241916388,51313114,51313114,260317160,260317160,247307638,247307638,-83027637,-83027637,64214559,64214559,-139458997,-139458997,-129493433,-129493433,-263998143,-263998143,-78937360,-78937360,132754894,132754894,294738871,294738871,312481595,312481595,86892222,86892222,168468549,168468549,22379860,22379860,-89390699,-89390699,-116510656,-116510656,213273389,213273389,232750535,232750535,264429348,264429348,209239366,209239366,267946818,267946818,113990027,113990027,185792488,185792488,41094416,41094416,134953564,134953564,466684053,466684053,372445187
f = 874241916,0,1 | route T | claimed 3196.5330626526885401 | coeffs -177653832,-261251235,-261251235,-376672904,-376672904,-65626484,-65626484,-104539204,-104539204,-79137926,-79137926,-161141883,-161141883,-224864815,-224864815,-194600859,-194600859,-84268732,-84268732,-130111518,-130111518,108936501,108936501,212639072,212639072,198290132,198290132,284382693,284382693,-135393974,-135393974,-322280728,-322280728,-200977606,-200977606,-149584691,-149584691,-79685960,-79685960,329195301,329195301,449471898,449471898,370159315,370159315,448806877,448806877,405527662,405527662,590725377,590725377,421901611,421901611,134211730,134211730,347488108,347488108,147056396,147056396,114584869,114584869,314396630,314396630,177653832
# status f = 874241916,0,1 : PASS_RHO (rho 0.94402, T 3196.5, 0s)
f = 906822982,0,1 | route RHO | claimed 0.93853944160876862637 | coeffs 340702583,53012702,53012702,22748746,22748746,-97527851,-97527851,-212949520,-212949520,-632726187,-632726187,-419449809,-419449809,-529781936,-529781936,-450469353,-450469353,-139422933,-139422933,-326309687,-326309687,-526741399,-526741399,-480898613,-480898613,-559546175,-559546175,-598458895,-598458895,-477155773,-477155773,-509627300,-509627300,-748675319,-748675319,-705396104,-705396104,-679994826,-679994826,-628601911,-628601911,-428790150,-428790150,-532492721,-532492721,-717690436,-717690436,-799694393,-799694393,-729795662,-729795662,-866538460,-866538460,-852189520,-852189520,-683365754,-683365754,-747088686,-747088686,-338207425,-338207425,-254610022,-254610022,-340702583
f = 906822982,0,1 | route T | claimed 2600.2445117755074215 | coeffs 280106545,278818294,278818294,382315091,382315091,339491476,339491476,368508028,368508028,372037208,372037208,229938583,229938583,-75849657,-75849657,207962644,207962644,162110024,162110024,16370913,16370913,157049839,157049839,170545704,170545704,27597283,27597283,-22711217,-22711217,119077486,119077486,-110897682,-110897682,-189331458,-189331458,-32741100,-32741100,-55744155,-55744155,-496364944,-496364944,-266637889,-266637889,-62522132,-62522132,-223509472,-223509472,-396342528,-396342528,-398768412,-398768412,-409385232,-409385232,-411836165,-411836165,-146418809,-146418809,-219773345,-219773345,-87353188,-87353188,-83656004,-83656004,-280106545
# status f = 906822982,0,1 : PASS_RHO (rho 0.93854, T 2600.2, 1s)
f = 912542683,0,1 | route RHO | claimed 0.96202378126949180879 | coeffs -519097369,-519097369,-452835895,-452835895,-675671066,-675671066,-654073835,-654073835,-450726248,-450726248,-712196980,-712196980,-693061441,-693061441,-686581464,-686581464,-724158526,-724158526,-851954016,-851954016,-698432439,-698432439,-773093211,-773093211,-914856460,-914856460,-610625031,-610625031,-519533930,-519533930,-316484978,-316484978,-180603196,-180603196,14943111,14943111,43201831,43201831,-82967364,-82967364,-144577256,-144577256,3814299,3814299,-83535839,-83535839,-224910612,-224910612,198412503,198412503,301237246,301237246,203655564,203655564,452730586,452730586,414740395,414740395,466853304,466853304,443517448,443517448,694588429,694588429
f = 912542683,0,1 | route T | claimed 2576.7947517166405273 | coeffs -602633208,-602633208,-677746507,-677746507,-477258563,-477258563,-352836589,-352836589,-247070684,-247070684,-259466394,-259466394,-278321046,-278321046,-219728160,-219728160,-280641078,-280641078,-157365587,-157365587,-179335070,-179335070,-320257316,-320257316,-239185394,-239185394,43448804,43448804,-68807682,-68807682,395712002,395712002,512458245,512458245,701524575,701524575,767360357,767360357,768986652,768986652,553855183,553855183,776907510,776907510,831320621,831320621,385714419,385714419,717946433,717946433,617722224,617722224,384258760,384258760,437787475,437787475,371538564,371538564,549820668,549820668,588094704,588094704,690774130,690774130
# status f = 912542683,0,1 : PASS_RHO (rho 0.96202, T 2576.8, 1s)
f = 958271341,0,1 | route RHO | claimed 0.92312323404161855123 | coeffs -616038697,-364967716,-364967716,-452317854,-452317854,-148086425,-148086425,55261162,55261162,-193813860,-193813860,-222072580,-222072580,-94277090,-94277090,-269768150,-269768150,-411142923,-411142923,-320051822,-320051822,-581522554,-581522554,-543532363,-543532363,-417363168,-417363168,-570884745,-570884745,-637146219,-637146219,-213823104,-213823104,-10774152,-10774152,8361387,8361387,-43751522,-43751522,17858370,17858370,92519142,92519142,315354313,315354313,418179056,418179056,554060838,554060838,560540815,560540815,583876671,583876671,435485116,435485116,577248365,577248365,555651134,555651134,458069452,458069452,653615759,653615759,616038697
f = 958271341,0,1 | route T | claimed 2631.1410130100296023 | coeffs 315354313,315354313,418179056,418179056,554060838,554060838,560540815,560540815,583876671,583876671,435485116,435485116,577248365,577248365,555651134,555651134,458069452,458069452,653615759,653615759,616038697,616038697,364967716,364967716,452317854,452317854,148086425,148086425,-55261162,-55261162,193813860,193813860,222072580,222072580,94277090,94277090,269768150,269768150,411142923,411142923,320051822,320051822,581522554,581522554,543532363,543532363,417363168,417363168,570884745,570884745,637146219,637146219,213823104,213823104,10774152,10774152,-8361387,-8361387,43751522,43751522,-17858370,-17858370,-92519142,-92519142
# status f = 958271341,0,1 : PASS_RHO (rho 0.92312, T 2631.1, 0s)
# summary n = 7 l = 1000742209 : EXCLUSION_CANDIDATE ; PASS 32 / 32 ; OPEN_NEAR 0 ; OPEN_FAR 0 ; 17s
