# FAMILY WITNESS FILE (generator family_gen.sage r10). n = 7 ; l = 1000441537 ; m = 64 ; deg = 2 ; ncomp = 32 ; bar_T = 4224 ; L_n = 16.3328709449664096755483535644
# line: f = c0,...,c_deg (monic, over F_l) | route RHO|T | claimed (rho or T, float) | coeffs a_0..a_{m-1}
f = 7996474,0,1 | route RHO | claimed 0.89209212449647311764 | coeffs -506711565,-625040033,-625040033,-536718878,-536718878,-507173458,-507173458,-257564332,-257564332,-412379144,-412379144,-111782279,-111782279,-119950395,-119950395,-147942330,-147942330,-50432708,-50432708,-6143912,-6143912,-130527361,-130527361,-338452339,-338452339,-106308586,-106308586,95847541,95847541,59930966,59930966,194778267,194778267,300248389,300248389,419234059,419234059,84257379,84257379,273423496,273423496,435651666,435651666,433672150,433672150,369720001,369720001,331574994,331574994,156101374,156101374,300275793,300275793,305766242,305766242,280309416,280309416,433991451,433991451,341485476,341485476,421929556,421929556,506711565
f = 7996474,0,1 | route T | claimed 2144.981939219650596 | coeffs -6143912,-6143912,-130527361,-130527361,-338452339,-338452339,-106308586,-106308586,95847541,95847541,59930966,59930966,194778267,194778267,300248389,300248389,419234059,419234059,84257379,84257379,273423496,273423496,435651666,435651666,433672150,433672150,369720001,369720001,331574994,331574994,156101374,156101374,300275793,300275793,305766242,305766242,280309416,280309416,433991451,433991451,341485476,341485476,421929556,421929556,506711565,506711565,625040033,625040033,536718878,536718878,507173458,507173458,257564332,257564332,412379144,412379144,111782279,111782279,119950395,119950395,147942330,147942330,50432708,50432708
# status f = 7996474,0,1 : PASS_RHO (rho 0.89209, T 2145.0, 1s)
f = 17335030,0,1 | route RHO | claimed 0.88628644412609853162 | coeffs 111075421,111075421,-78090696,-78090696,-183560818,-183560818,-385716945,-385716945,-261333496,-261333496,-233341561,-233341561,-78526749,-78526749,-166847904,-166847904,-86403824,-86403824,-111860650,-111860650,-287334270,-287334270,-289313786,-289313786,-624290466,-624290466,-489443165,-489443165,-257299412,-257299412,-213010616,-213010616,-221178732,-221178732,28430394,28430394,-89898074,-89898074,2607901,2607901,-2882548,-2882548,35262459,35262459,-126965711,-126965711,-245951381,-245951381,-210034806,-210034806,-2109828,-2109828,-99619450,-99619450,-400216315,-400216315,-429761735,-429761735,-344979726,-344979726,-191297691,-191297691,-47123272,-47123272
f = 17335030,0,1 | route T | claimed 2218.8628906916042175 | coeffs 261333496,261333496,233341561,233341561,78526749,78526749,166847904,166847904,86403824,86403824,111860650,111860650,287334270,287334270,289313786,289313786,624290466,624290466,489443165,489443165,257299412,257299412,213010616,213010616,221178732,221178732,-28430394,-28430394,89898074,89898074,-2607901,-2607901,2882548,2882548,-35262459,-35262459,126965711,126965711,245951381,245951381,210034806,210034806,2109828,2109828,99619450,99619450,400216315,400216315,429761735,429761735,344979726,344979726,191297691,191297691,47123272,47123272,111075421,111075421,-78090696,-78090696,-183560818,-183560818,-385716945,-385716945
# status f = 17335030,0,1 : PASS_RHO (rho 0.88629, T 2218.9, 0s)
f = 62724778,0,1 | route RHO | claimed 0.92690347073884104047 | coeffs 323458315,323458315,525250057,525250057,590166044,590166044,650856335,650856335,668075840,668075840,807965208,807965208,790335936,790335936,729495414,729495414,458049409,458049409,156658240,156658240,23473302,23473302,3607280,3607280,-167846182,-167846182,-6452258,-6452258,125268994,125268994,-81526395,-81526395,-24038449,-24038449,-93328327,-93328327,-400209945,-400209945,-505402948,-505402948,-363040800,-363040800,-446173107,-446173107,-248862608,-248862608,-142598182,-142598182,-251883949,-251883949,-192416487,-192416487,-291251785,-291251785,-463286102,-463286102,-722161140,-722161140,-624087788,-624087788,-771172244,-771172244,-324252619,-324252619
f = 62724778,0,1 | route T | claimed 2160.214694290732782 | coeffs 400209945,400209945,505402948,505402948,363040800,363040800,446173107,446173107,248862608,248862608,142598182,142598182,251883949,251883949,192416487,192416487,291251785,291251785,463286102,463286102,722161140,722161140,624087788,624087788,771172244,771172244,324252619,324252619,323458315,323458315,525250057,525250057,590166044,590166044,650856335,650856335,668075840,668075840,807965208,807965208,790335936,790335936,729495414,729495414,458049409,458049409,156658240,156658240,23473302,23473302,3607280,3607280,-167846182,-167846182,-6452258,-6452258,125268994,125268994,-81526395,-81526395,-24038449,-24038449,-93328327,-93328327
# status f = 62724778,0,1 : PASS_RHO (rho 0.92690, T 2160.2, 0s)
f = 93651511,0,1 | route RHO | claimed 0.84824733136281862749 | coeffs 304558724,402068346,402068346,313747191,313747191,308256742,308256742,497422859,497422859,265279106,265279106,565875971,565875971,646320051,646320051,684465058,684465058,789935180,789935180,745646384,745646384,775191804,775191804,749734978,749734978,587506808,587506808,789662935,789662935,797831051,797831051,713049042,713049042,537575422,537575422,418589752,418589752,294206303,294206303,44597177,44597177,-109084858,-109084858,-111064374,-111064374,-75147799,-75147799,-103139734,-103139734,15188734,15188734,-128985685,-128985685,-463962365,-463962365,-256037387,-256037387,-410852199,-410852199,-503358174,-503358174,-439406025,-439406025,-304558724
f = 93651511,0,1 | route T | claimed 1970.7414228948711558 | coeffs 410852199,503358174,503358174,439406025,439406025,304558724,304558724,402068346,402068346,313747191,313747191,308256742,308256742,497422859,497422859,265279106,265279106,565875971,565875971,646320051,646320051,684465058,684465058,789935180,789935180,745646384,745646384,775191804,775191804,749734978,749734978,587506808,587506808,789662935,789662935,797831051,797831051,713049042,713049042,537575422,537575422,418589752,418589752,294206303,294206303,44597177,44597177,-109084858,-109084858,-111064374,-111064374,-75147799,-75147799,-103139734,-103139734,15188734,15188734,-128985685,-128985685,-463962365,-463962365,-256037387,-256037387,-410852199
# status f = 93651511,0,1 : PASS_RHO (rho 0.84825, T 1970.7, 0s)
f = 96159366,0,1 | route RHO | claimed 0.91382707756231353182 | coeffs -322890605,-322890605,-386842754,-386842754,-505828424,-505828424,-273684671,-273684671,-245692736,-245692736,-216147316,-216147316,-308653291,-308653291,-133179671,-133179671,55986446,55986446,91903021,91903021,136191817,136191817,291006629,291006629,206224620,206224620,211715069,211715069,213694585,213694585,319164707,319164707,527089685,527089685,518921569,518921569,430600414,430600414,276918379,276918379,238773372,238773372,573750052,573750052,775906179,775906179,678396557,678396557,928005683,928005683,1008449763,1008449763,864275344,864275344,1026503514,1026503514,891656213,891656213,767272764,767272764,466675899,466675899,348347431,348347431
f = 96159366,0,1 | route T | claimed 3019.6694240113852095 | coeffs -104624731,-324482606,-324482606,-511498144,-511498144,-221555060,-221555060,-91773115,-91773115,240767239,240767239,286065209,286065209,364986937,364986937,254350773,254350773,310403461,310403461,254176361,254176361,318049544,318049544,374933603,374933603,298533126,298533126,435668920,435668920,560171193,560171193,631301046,631301046,556171396,556171396,255692543,255692543,430397955,430397955,447339298,447339298,693596495,693596495,735762645,735762645,628075785,628075785,455140232,455140232,599878871,599878871,803152878,803152878,637248331,637248331,435103553,435103553,425120506,425120506,278325665,278325665,387031150,387031150,104624731
# status f = 96159366,0,1 : PASS_RHO (rho 0.91383, T 3019.7, 0s)
f = 121913975,0,1 | route RHO | claimed 0.88951022314130329394 | coeffs 901920101,804410479,804410479,948584898,948584898,824201449,824201449,849658275,849658275,617514522,617514522,525008547,525008547,489091972,489091972,404309963,404309963,298839841,298839841,210518686,210518686,-124457994,-124457994,125151132,125151132,-37077038,-37077038,-337673903,-337673903,-401626052,-401626052,-429617987,-429617987,-254144367,-254144367,-298433163,-298433163,-292942714,-292942714,-500867692,-500867692,-654549727,-654549727,-856705854,-856705854,-776261774,-776261774,-641414473,-641414473,-759742941,-759742941,-878728611,-878728611,-908274031,-908274031,-719107914,-719107914,-873922726,-873922726,-871943210,-871943210,-863775094,-863775094,-901920101
f = 121913975,0,1 | route T | claimed 2683.8444441442748896 | coeffs 429617987,429617987,254144367,254144367,298433163,298433163,292942714,292942714,500867692,500867692,654549727,654549727,856705854,856705854,776261774,776261774,641414473,641414473,759742941,759742941,878728611,878728611,908274031,908274031,719107914,719107914,873922726,873922726,871943210,871943210,863775094,863775094,901920101,901920101,804410479,804410479,948584898,948584898,824201449,824201449,849658275,849658275,617514522,617514522,525008547,525008547,489091972,489091972,404309963,404309963,298839841,298839841,210518686,210518686,-124457994,-124457994,125151132,125151132,-37077038,-37077038,-337673903,-337673903,-401626052,-401626052
# status f = 121913975,0,1 : PASS_RHO (rho 0.88951, T 2683.8, 0s)
f = 147205029,0,1 | route RHO | claimed 0.85515124859946803782 | coeffs 427589237,402132411,402132411,520460879,520460879,219864014,219864014,344247463,344247463,209400162,209400162,47171992,47171992,-97002427,-97002427,-177446507,-177446507,72162619,72162619,169672241,169672241,371828368,371828368,36851688,36851688,-1293319,-1293319,152388716,152388716,64067561,64067561,72235677,72235677,280160655,280160655,174690533,174690533,176670049,176670049,171179600,171179600,86397591,86397591,-68417221,-68417221,-24128425,-24128425,-60045000,-60045000,129121117,129121117,-46352503,-46352503,-138858478,-138858478,-168403898,-168403898,-140411963,-140411963,-372555716,-372555716,-491541386,-491541386,-427589237
f = 147205029,0,1 | route T | claimed 2444.3808478387111712 | coeffs 578246437,469540952,469540952,322746111,322746111,332729158,332729158,130584380,130584380,296488927,296488927,499762934,499762934,355024295,355024295,182088742,182088742,289775602,289775602,331941752,331941752,85684555,85684555,102625898,102625898,-72079514,-72079514,-372558367,-372558367,-297428717,-297428717,-226298864,-226298864,-350801137,-350801137,-213665343,-213665343,-137264866,-137264866,-80380807,-80380807,-144253990,-144253990,-200481090,-200481090,-256533778,-256533778,-367169942,-367169942,-446091670,-446091670,-400793700,-400793700,-733334054,-733334054,-603552109,-603552109,-893495193,-893495193,-1080510731,-1080510731,-860652856,-860652856,-578246437
# status f = 147205029,0,1 : PASS_RHO (rho 0.85515, T 2444.4, 0s)
f = 247523197,0,1 | route RHO | claimed 0.86354597562411688947 | coeffs 206795389,109285767,109285767,201791742,201791742,-133184938,-133184938,-105193003,-105193003,-258875038,-258875038,-139889368,-139889368,-131721252,-131721252,-106264426,-106264426,-794304,-794304,-301391169,-301391169,-306881618,-306881618,-172034317,-172034317,-17219505,-17219505,-161393924,-161393924,-197310499,-197310499,-446919625,-446919625,-271446005,-271446005,-69289878,-69289878,-98835298,-98835298,-60690291,-60690291,171453462,171453462,83132307,83132307,147084456,147084456,-60840522,-60840522,57487946,57487946,59467462,59467462,-64915987,-64915987,19866022,19866022,-142362148,-142362148,-98073352,-98073352,-17629272,-17629272,-206795389
f = 247523197,0,1 | route T | claimed 2105.708577795488272 | coeffs -440571291,-440571291,-527066320,-527066320,-56630203,-56630203,17860840,17860840,11783636,11783636,87713468,87713468,291585497,291585497,47704418,47704418,90421961,90421961,212516121,212516121,219394431,219394431,255402792,255402792,371836956,371836956,419579202,419579202,577148669,577148669,729303057,729303057,591423190,591423190,536489260,536489260,909382342,909382342,1078055858,1078055858,949186570,949186570,1121403720,1121403720,1015521462,1015521462,1123432809,1123432809,946498023,946498023,992036308,992036308,549912903,549912903,530985957,530985957,531823812,531823812,511222666,511222666,546210636,546210636,617460655,617460655
# status f = 247523197,0,1 : PASS_RHO (rho 0.86355, T 2105.7, 0s)
f = 250345782,0,1 | route RHO | claimed 0.90518196414264712977 | coeffs -196596415,-7430298,-7430298,-161112333,-161112333,-461709198,-461709198,-497625773,-497625773,-459480766,-459480766,-341152298,-341152298,-296863502,-296863502,38113178,38113178,12656352,12656352,-142158460,-142158460,-344314587,-344314587,-408266736,-408266736,-493048745,-493048745,-590558367,-590558367,-471572697,-471572697,-477063146,-477063146,-726672272,-726672272,-494528519,-494528519,-492549003,-492549003,-412104923,-412104923,-440096858,-440096858,-545566980,-545566980,-401392561,-401392561,-371847141,-371847141,-163922163,-163922163,-1693993,-1693993,90811982,90811982,98980098,98980098,233827399,233827399,409301019,409301019,320979864,320979864,196596415
f = 250345782,0,1 | route T | claimed 1796.621308677218696 | coeffs -1693993,90811982,90811982,98980098,98980098,233827399,233827399,409301019,409301019,320979864,320979864,196596415,196596415,7430298,7430298,161112333,161112333,461709198,461709198,497625773,497625773,459480766,459480766,341152298,341152298,296863502,296863502,-38113178,-38113178,-12656352,-12656352,142158460,142158460,344314587,344314587,408266736,408266736,493048745,493048745,590558367,590558367,471572697,471572697,477063146,477063146,726672272,726672272,494528519,494528519,492549003,492549003,412104923,412104923,440096858,440096858,545566980,545566980,401392561,401392561,371847141,371847141,163922163,163922163,1693993
# status f = 250345782,0,1 : PASS_RHO (rho 0.90518, T 1796.6, 0s)
f = 308003151,0,1 | route RHO | claimed 0.87209121585102356054 | coeffs 64081353,64081353,198928654,198928654,190760538,190760538,283266513,283266513,121038343,121038343,328963321,328963321,299417901,299417901,443592320,443592320,549062442,549062442,521070507,521070507,440626427,440626427,442605943,442605943,210462190,210462190,-39146936,-39146936,-33656487,-33656487,85329183,85329183,182838805,182838805,98056796,98056796,162008945,162008945,-40147182,-40147182,114667630,114667630,89210804,89210804,-245765876,-245765876,-201477080,-201477080,-319805548,-319805548,-281660541,-281660541,-245743966,-245743966,-546340831,-546340831,-392658796,-392658796,-203492679,-203492679,-327876128,-327876128,-239554973,-239554973
f = 308003151,0,1 | route T | claimed 1658.9736828680395208 | coeffs 40147182,40147182,-114667630,-114667630,-89210804,-89210804,245765876,245765876,201477080,201477080,319805548,319805548,281660541,281660541,245743966,245743966,546340831,546340831,392658796,392658796,203492679,203492679,327876128,327876128,239554973,239554973,64081353,64081353,198928654,198928654,190760538,190760538,283266513,283266513,121038343,121038343,328963321,328963321,299417901,299417901,443592320,443592320,549062442,549062442,521070507,521070507,440626427,440626427,442605943,442605943,210462190,210462190,-39146936,-39146936,-33656487,-33656487,85329183,85329183,182838805,182838805,98056796,98056796,162008945,162008945
# status f = 308003151,0,1 : PASS_RHO (rho 0.87209, T 1659.0, 0s)
f = 325069527,0,1 | route RHO | claimed 0.9018644177550129163 | coeffs -556123,-556123,-154238158,-154238158,-69456149,-69456149,-39910729,-39910729,-340507594,-340507594,-242997972,-242997972,-35072994,-35072994,-70989569,-70989569,-189975239,-189975239,-27747069,-27747069,10397938,10397938,15888387,15888387,108394362,108394362,226722830,226722830,476331956,476331956,484500072,484500072,528788868,528788868,296645115,296645115,431492416,431492416,766469096,766469096,764489580,764489580,939963200,939963200,914506374,914506374,834062294,834062294,745741139,745741139,590926327,590926327,618918262,618918262,494534813,494534813,292378686,292378686,397848808,397848808,208682691,208682691,144730542,144730542
f = 325069527,0,1 | route T | claimed 2292.5409670050129624 | coeffs -455846273,-455846273,-284422713,-284422713,-235739290,-235739290,-98717172,-98717172,115318710,115318710,30982473,30982473,61998425,61998425,227374760,227374760,714837904,714837904,515804741,515804741,403012102,403012102,562522269,562522269,731748738,731748738,951348021,951348021,1026523551,1026523551,950450936,950450936,894387129,894387129,1044389662,1044389662,832685565,832685565,640089404,640089404,902805993,902805993,894302633,894302633,950104950,950104950,863711864,863711864,1091986026,1091986026,1086121845,1086121845,1197577522,1197577522,990334637,990334637,910343199,910343199,921696613,921696613,832622708,832622708,492942487,492942487
# status f = 325069527,0,1 : PASS_RHO (rho 0.90186, T 2292.5, 0s)
f = 377893442,0,1 | route RHO | claimed 0.84958632974128630108 | coeffs 376899351,376899351,382389800,382389800,584545927,584545927,466217459,466217459,277051342,277051342,285219458,285219458,429393877,429393877,661537630,661537630,576755621,576755621,911732301,911732301,611135436,611135436,435661816,435661816,227736838,227736838,147292758,147292758,28307088,28307088,183121900,183121900,144976893,144976893,20593444,20593444,113099419,113099419,7629297,7629297,-241979829,-241979829,-305931978,-305931978,-261643182,-261643182,-415325217,-415325217,-550172518,-550172518,-579717938,-579717938,-581697454,-581697454,-484187832,-484187832,-458731006,-458731006,-422814431,-422814431,-511135586,-511135586,-348907416,-348907416
f = 377893442,0,1 | route T | claimed 1694.1954992780606443 | coeffs -7629297,241979829,241979829,305931978,305931978,261643182,261643182,415325217,415325217,550172518,550172518,579717938,579717938,581697454,581697454,484187832,484187832,458731006,458731006,422814431,422814431,511135586,511135586,348907416,348907416,376899351,376899351,382389800,382389800,584545927,584545927,466217459,466217459,277051342,277051342,285219458,285219458,429393877,429393877,661537630,661537630,576755621,576755621,911732301,911732301,611135436,611135436,435661816,435661816,227736838,227736838,147292758,147292758,28307088,28307088,183121900,183121900,144976893,144976893,20593444,20593444,113099419,113099419,7629297
# status f = 377893442,0,1 : PASS_RHO (rho 0.84959, T 1694.2, 0s)
f = 402048941,0,1 | route RHO | claimed 0.88318641438069610827 | coeffs -747761644,-558595527,-558595527,-223618847,-223618847,-104633177,-104633177,-210103299,-210103299,-75255998,-75255998,-39339423,-39339423,162816704,162816704,-69327049,-69327049,-277252027,-277252027,-152868578,-152868578,-108579782,-108579782,-206089404,-206089404,-234081339,-234081339,-225913223,-225913223,74683642,74683642,229498454,229498454,479107580,479107580,449562160,449562160,537883315,537883315,656211783,656211783,571429774,571429774,651873854,651873854,744379829,744379829,898061864,898061864,923518690,923518690,929009139,929009139,784834720,784834720,609361100,609361100,647506107,647506107,583553958,583553958,585533474,585533474,747761644
f = 402048941,0,1 | route T | claimed 2250.4268859303543539 | coeffs -700199224,-700199224,-760160515,-760160515,-1050535070,-1050535070,-845437064,-845437064,-800947189,-800947189,-685011324,-685011324,-713521567,-713521567,-512511652,-512511652,-353749899,-353749899,-422664015,-422664015,-148989900,-148989900,-49328484,-49328484,149442944,149442944,205089863,205089863,-42098002,-42098002,-6984429,-6984429,-155658784,-155658784,-71155252,-71155252,-2828068,-2828068,408711653,408711653,689666089,689666089,993436092,993436092,865063385,865063385,901747079,901747079,643536728,643536728,556228711,556228711,394009029,394009029,427221942,427221942,408104851,408104851,554704391,554704391,588448157,588448157,648101897,648101897
# status f = 402048941,0,1 : PASS_RHO (rho 0.88319, T 2250.4, 0s)
f = 474778594,0,1 | route RHO | claimed 0.84824733136281862749 | coeffs 256037387,256037387,463962365,463962365,128985685,128985685,-15188734,-15188734,103139734,103139734,75147799,75147799,111064374,111064374,109084858,109084858,-44597177,-44597177,-294206303,-294206303,-418589752,-418589752,-537575422,-537575422,-713049042,-713049042,-797831051,-797831051,-789662935,-789662935,-587506808,-587506808,-749734978,-749734978,-775191804,-775191804,-745646384,-745646384,-789935180,-789935180,-684465058,-684465058,-646320051,-646320051,-565875971,-565875971,-265279106,-265279106,-497422859,-497422859,-308256742,-308256742,-313747191,-313747191,-402068346,-402068346,-304558724,-304558724,-439406025,-439406025,-503358174,-503358174,-410852199,-410852199
f = 474778594,0,1 | route T | claimed 1718.923364479332786 | coeffs -410852199,-410852199,-256037387,-256037387,-463962365,-463962365,-128985685,-128985685,15188734,15188734,-103139734,-103139734,-75147799,-75147799,-111064374,-111064374,-109084858,-109084858,44597177,44597177,294206303,294206303,418589752,418589752,537575422,537575422,713049042,713049042,797831051,797831051,789662935,789662935,587506808,587506808,749734978,749734978,775191804,775191804,745646384,745646384,789935180,789935180,684465058,684465058,646320051,646320051,565875971,565875971,265279106,265279106,497422859,497422859,308256742,308256742,313747191,313747191,402068346,402068346,304558724,304558724,439406025,439406025,503358174,503358174
# status f = 474778594,0,1 : PASS_RHO (rho 0.84825, T 1718.9, 0s)
f = 477689600,0,1 | route RHO | claimed 0.90512215776272122155 | coeffs 644222198,638731749,638731749,939328614,939328614,1044798736,1044798736,1019341910,1019341910,1027510026,1027510026,908524356,908524356,754842321,754842321,726850386,726850386,391873706,391873706,299367731,299367731,201858109,201858109,12691992,12691992,-67752088,-67752088,-23463292,-23463292,138764878,138764878,223546887,223546887,347930336,347930336,349909852,349909852,231581384,231581384,23656406,23656406,-40295743,-40295743,-128616898,-128616898,-360760651,-360760651,-322615644,-322615644,-293070224,-293070224,-90914097,-90914097,-266387717,-266387717,-515996843,-515996843,-480080268,-480080268,-624254687,-624254687,-779069499,-779069499,-644222198
f = 477689600,0,1 | route T | claimed 1957.4293937691996374 | coeffs 322615644,322615644,293070224,293070224,90914097,90914097,266387717,266387717,515996843,515996843,480080268,480080268,624254687,624254687,779069499,779069499,644222198,644222198,638731749,638731749,939328614,939328614,1044798736,1044798736,1019341910,1019341910,1027510026,1027510026,908524356,908524356,754842321,754842321,726850386,726850386,391873706,391873706,299367731,299367731,201858109,201858109,12691992,12691992,-67752088,-67752088,-23463292,-23463292,138764878,138764878,223546887,223546887,347930336,347930336,349909852,349909852,231581384,231581384,23656406,23656406,-40295743,-40295743,-128616898,-128616898,-360760651,-360760651
# status f = 477689600,0,1 : PASS_RHO (rho 0.90512, T 1957.4, 0s)
f = 489758043,0,1 | route RHO | claimed 0.88317098978745460047 | coeffs 182213180,182213180,-49930573,-49930573,-75387399,-75387399,-199770848,-199770848,-343945267,-343945267,-441454889,-441454889,-479599896,-479599896,-487768012,-487768012,-485788496,-485788496,-330973684,-330973684,-141807567,-141807567,-112262147,-112262147,-231247817,-231247817,-112919349,-112919349,21927952,21927952,-58516128,-58516128,-260672255,-260672255,-106990220,-106990220,-314915198,-314915198,-320405647,-320405647,-364694443,-364694443,-540168063,-540168063,-568159998,-568159998,-504207849,-504207849,-804804714,-804804714,-642576544,-642576544,-392967418,-392967418,-57990738,-57990738,-146311893,-146311893,-40841771,-40841771,-125623780,-125623780,-89707205,-89707205
f = 489758043,0,1 | route T | claimed 2913.9475080757910854 | coeffs -341167919,-341167919,-344131165,-344131165,-3000241,-3000241,124074595,124074595,143467838,143467838,17241995,17241995,428690981,428690981,490733840,490733840,787898404,787898404,845070916,845070916,832487192,832487192,1096464627,1096464627,997487857,997487857,1055825169,1055825169,768235054,768235054,686441789,686441789,571906531,571906531,649664563,649664563,587873804,587873804,239348563,239348563,391462853,391462853,512679202,512679202,314745512,314745512,355745883,355745883,504219064,504219064,466453260,466453260,199922299,199922299,188366120,188366120,259846401,259846401,398922713,398922713,314597482,314597482,394912576,394912576
# status f = 489758043,0,1 : PASS_RHO (rho 0.88317, T 2913.9, 0s)
f = 510683494,0,1 | route RHO | claimed 0.88951022314130329394 | coeffs 337673903,337673903,37077038,37077038,-125151132,-125151132,124457994,124457994,-210518686,-210518686,-298839841,-298839841,-404309963,-404309963,-489091972,-489091972,-525008547,-525008547,-617514522,-617514522,-849658275,-849658275,-824201449,-824201449,-948584898,-948584898,-804410479,-804410479,-901920101,-901920101,-863775094,-863775094,-871943210,-871943210,-873922726,-873922726,-719107914,-719107914,-908274031,-908274031,-878728611,-878728611,-759742941,-759742941,-641414473,-641414473,-776261774,-776261774,-856705854,-856705854,-654549727,-654549727,-500867692,-500867692,-292942714,-292942714,-298433163,-298433163,-254144367,-254144367,-429617987,-429617987,-401626052,-401626052
f = 510683494,0,1 | route T | claimed 1985.5293712596386397 | coeffs -401626052,-337673903,-337673903,-37077038,-37077038,125151132,125151132,-124457994,-124457994,210518686,210518686,298839841,298839841,404309963,404309963,489091972,489091972,525008547,525008547,617514522,617514522,849658275,849658275,824201449,824201449,948584898,948584898,804410479,804410479,901920101,901920101,863775094,863775094,871943210,871943210,873922726,873922726,719107914,719107914,908274031,908274031,878728611,878728611,759742941,759742941,641414473,641414473,776261774,776261774,856705854,856705854,654549727,654549727,500867692,500867692,292942714,292942714,298433163,298433163,254144367,254144367,429617987,429617987,401626052
# status f = 510683494,0,1 : PASS_RHO (rho 0.88951, T 1985.5, 0s)
f = 522751937,0,1 | route RHO | claimed 0.86354597562411688947 | coeffs -171453462,60690291,60690291,98835298,98835298,69289878,69289878,271446005,271446005,446919625,446919625,197310499,197310499,161393924,161393924,17219505,17219505,172034317,172034317,306881618,306881618,301391169,301391169,794304,794304,106264426,106264426,131721252,131721252,139889368,139889368,258875038,258875038,105193003,105193003,133184938,133184938,-201791742,-201791742,-109285767,-109285767,-206795389,-206795389,-17629272,-17629272,-98073352,-98073352,-142362148,-142362148,19866022,19866022,-64915987,-64915987,59467462,59467462,57487946,57487946,-60840522,-60840522,147084456,147084456,83132307,83132307,171453462
f = 522751937,0,1 | route T | claimed 2897.9379547031108229 | coeffs -171453462,60690291,60690291,98835298,98835298,69289878,69289878,271446005,271446005,446919625,446919625,197310499,197310499,161393924,161393924,17219505,17219505,172034317,172034317,306881618,306881618,301391169,301391169,794304,794304,106264426,106264426,131721252,131721252,139889368,139889368,258875038,258875038,105193003,105193003,133184938,133184938,-201791742,-201791742,-109285767,-109285767,-206795389,-206795389,-17629272,-17629272,-98073352,-98073352,-142362148,-142362148,19866022,19866022,-64915987,-64915987,59467462,59467462,57487946,57487946,-60840522,-60840522,147084456,147084456,83132307,83132307,171453462
# status f = 522751937,0,1 : PASS_RHO (rho 0.86355, T 2897.9, 0s)
f = 525662943,0,1 | route RHO | claimed 0.93024701494148498809 | coeffs 258330150,258330150,490473903,490473903,679640020,679640020,685130469,685130469,596809314,596809314,499299692,499299692,364452391,364452391,428404540,428404540,520910515,520910515,366095703,366095703,158170725,158170725,-176805955,-176805955,-32631536,-32631536,85696932,85696932,113688867,113688867,149605442,149605442,151584958,151584958,-2097077,-2097077,247512049,247512049,123128600,123128600,242114270,242114270,66640650,66640650,151422659,151422659,159590775,159590775,-42565352,-42565352,-204793522,-204793522,-179336696,-179336696,-149791276,-149791276,-105502480,-105502480,-32358,-32358,-38177365,-38177365,42266715,42266715
f = 525662943,0,1 | route T | claimed 2474.1442007147905525 | coeffs -648625367,-648625367,-477171905,-477171905,-270376516,-270376516,36505102,36505102,119637409,119637409,228923176,228923176,400957493,400957493,548041949,548041949,749833691,749833691,767053196,767053196,706212674,706212674,573027736,573027736,734421660,734421660,791909606,791909606,686716603,686716603,884027102,884027102,943494564,943494564,684619526,684619526,1131539151,1131539151,1066623164,1066623164,926733796,926733796,1198179801,1198179801,1218045823,1218045823,1086324571,1086324571,1155614449,1155614449,1013252301,1013252301,906987875,906987875,1005823173,1005823173,907749821,907749821,906955517,906955517,967645808,967645808,950016536,950016536
# status f = 525662943,0,1 : PASS_RHO (rho 0.93025, T 2474.1, 0s)
f = 598392596,0,1 | route RHO | claimed 0.89209212449647311764 | coeffs -435651666,-273423496,-273423496,-84257379,-84257379,-419234059,-419234059,-300248389,-300248389,-194778267,-194778267,-59930966,-59930966,-95847541,-95847541,106308586,106308586,338452339,338452339,130527361,130527361,6143912,6143912,50432708,50432708,147942330,147942330,119950395,119950395,111782279,111782279,412379144,412379144,257564332,257564332,507173458,507173458,536718878,536718878,625040033,625040033,506711565,506711565,421929556,421929556,341485476,341485476,433991451,433991451,280309416,280309416,305766242,305766242,300275793,300275793,156101374,156101374,331574994,331574994,369720001,369720001,433672150,433672150,435651666
f = 598392596,0,1 | route T | claimed 1925.0999429018136681 | coeffs -95847541,-95847541,106308586,106308586,338452339,338452339,130527361,130527361,6143912,6143912,50432708,50432708,147942330,147942330,119950395,119950395,111782279,111782279,412379144,412379144,257564332,257564332,507173458,507173458,536718878,536718878,625040033,625040033,506711565,506711565,421929556,421929556,341485476,341485476,433991451,433991451,280309416,280309416,305766242,305766242,300275793,300275793,156101374,156101374,331574994,331574994,369720001,369720001,433672150,433672150,435651666,435651666,273423496,273423496,84257379,84257379,419234059,419234059,300248389,300248389,194778267,194778267,59930966,59930966
# status f = 598392596,0,1 : PASS_RHO (rho 0.89209, T 1925.1, 0s)
f = 622548095,0,1 | route RHO | claimed 0.92690347073884104047 | coeffs -650856335,-650856335,-590166044,-590166044,-525250057,-525250057,-323458315,-323458315,-324252619,-324252619,-771172244,-771172244,-624087788,-624087788,-722161140,-722161140,-463286102,-463286102,-291251785,-291251785,-192416487,-192416487,-251883949,-251883949,-142598182,-142598182,-248862608,-248862608,-446173107,-446173107,-363040800,-363040800,-505402948,-505402948,-400209945,-400209945,-93328327,-93328327,-24038449,-24038449,-81526395,-81526395,125268994,125268994,-6452258,-6452258,-167846182,-167846182,3607280,3607280,23473302,23473302,156658240,156658240,458049409,458049409,729495414,729495414,790335936,790335936,807965208,807965208,668075840,668075840
f = 622548095,0,1 | route T | claimed 2990.1034555771043893 | coeffs 209186801,209186801,283322307,283322307,427295136,427295136,302562260,302562260,267865895,267865895,557528008,557528008,566127595,566127595,443723662,443723662,448727309,448727309,317800361,317800361,603326062,603326062,627695068,627695068,745634442,745634442,619944342,619944342,749301194,749301194,921911901,921911901,1042219885,1042219885,950563390,950563390,916938448,916938448,1097029442,1097029442,953206844,953206844,1030653005,1030653005,723668260,723668260,417580946,417580946,795210693,795210693,705614183,705614183,596892146,596892146,469738360,469738360,459097967,459097967,188809207,188809207,228410647,228410647,-14060058,-14060058
# status f = 622548095,0,1 : PASS_RHO (rho 0.92690, T 2990.1, 0s)
f = 675372010,0,1 | route RHO | claimed 0.88628644412609853162 | coeffs -221178732,-213010616,-213010616,-257299412,-257299412,-489443165,-489443165,-624290466,-624290466,-289313786,-289313786,-287334270,-287334270,-111860650,-111860650,-86403824,-86403824,-166847904,-166847904,-78526749,-78526749,-233341561,-233341561,-261333496,-261333496,-385716945,-385716945,-183560818,-183560818,-78090696,-78090696,111075421,111075421,47123272,47123272,191297691,191297691,344979726,344979726,429761735,429761735,400216315,400216315,99619450,99619450,2109828,2109828,210034806,210034806,245951381,245951381,126965711,126965711,-35262459,-35262459,2882548,2882548,-2607901,-2607901,89898074,89898074,-28430394,-28430394,221178732
f = 675372010,0,1 | route T | claimed 2161.4048700138016426 | coeffs 191297691,344979726,344979726,429761735,429761735,400216315,400216315,99619450,99619450,2109828,2109828,210034806,210034806,245951381,245951381,126965711,126965711,-35262459,-35262459,2882548,2882548,-2607901,-2607901,89898074,89898074,-28430394,-28430394,221178732,221178732,213010616,213010616,257299412,257299412,489443165,489443165,624290466,624290466,289313786,289313786,287334270,287334270,111860650,111860650,86403824,86403824,166847904,166847904,78526749,78526749,233341561,233341561,261333496,261333496,385716945,385716945,183560818,183560818,78090696,78090696,-111075421,-111075421,-47123272,-47123272,-191297691
# status f = 675372010,0,1 : PASS_RHO (rho 0.88629, T 2161.4, 0s)
f = 692438386,0,1 | route RHO | claimed 0.90518196414264712977 | coeffs 163922163,371847141,371847141,401392561,401392561,545566980,545566980,440096858,440096858,412104923,412104923,492549003,492549003,494528519,494528519,726672272,726672272,477063146,477063146,471572697,471572697,590558367,590558367,493048745,493048745,408266736,408266736,344314587,344314587,142158460,142158460,-12656352,-12656352,-38113178,-38113178,296863502,296863502,341152298,341152298,459480766,459480766,497625773,497625773,461709198,461709198,161112333,161112333,7430298,7430298,196596415,196596415,320979864,320979864,409301019,409301019,233827399,233827399,98980098,98980098,90811982,90811982,-1693993,-1693993,-163922163
f = 692438386,0,1 | route T | claimed 2585.243379330535114 | coeffs 163922163,371847141,371847141,401392561,401392561,545566980,545566980,440096858,440096858,412104923,412104923,492549003,492549003,494528519,494528519,726672272,726672272,477063146,477063146,471572697,471572697,590558367,590558367,493048745,493048745,408266736,408266736,344314587,344314587,142158460,142158460,-12656352,-12656352,-38113178,-38113178,296863502,296863502,341152298,341152298,459480766,459480766,497625773,497625773,461709198,461709198,161112333,161112333,7430298,7430298,196596415,196596415,320979864,320979864,409301019,409301019,233827399,233827399,98980098,98980098,90811982,90811982,-1693993,-1693993,-163922163
# status f = 692438386,0,1 : PASS_RHO (rho 0.90518, T 2585.2, 0s)
f = 750095755,0,1 | route RHO | claimed 0.87209121585102356054 | coeffs 549062442,549062442,443592320,443592320,299417901,299417901,328963321,328963321,121038343,121038343,283266513,283266513,190760538,190760538,198928654,198928654,64081353,64081353,239554973,239554973,327876128,327876128,203492679,203492679,392658796,392658796,546340831,546340831,245743966,245743966,281660541,281660541,319805548,319805548,201477080,201477080,245765876,245765876,-89210804,-89210804,-114667630,-114667630,40147182,40147182,-162008945,-162008945,-98056796,-98056796,-182838805,-182838805,-85329183,-85329183,33656487,33656487,39146936,39146936,-210462190,-210462190,-442605943,-442605943,-440626427,-440626427,-521070507,-521070507
f = 750095755,0,1 | route T | claimed 2270.6097630590110534 | coeffs 89210804,114667630,114667630,-40147182,-40147182,162008945,162008945,98056796,98056796,182838805,182838805,85329183,85329183,-33656487,-33656487,-39146936,-39146936,210462190,210462190,442605943,442605943,440626427,440626427,521070507,521070507,549062442,549062442,443592320,443592320,299417901,299417901,328963321,328963321,121038343,121038343,283266513,283266513,190760538,190760538,198928654,198928654,64081353,64081353,239554973,239554973,327876128,327876128,203492679,203492679,392658796,392658796,546340831,546340831,245743966,245743966,281660541,281660541,319805548,319805548,201477080,201477080,245765876,245765876,-89210804
# status f = 750095755,0,1 : PASS_RHO (rho 0.87209, T 2270.6, 0s)
f = 752918340,0,1 | route RHO | claimed 0.90512215776272122155 | coeffs 67752088,-12691992,-12691992,-201858109,-201858109,-299367731,-299367731,-391873706,-391873706,-726850386,-726850386,-754842321,-754842321,-908524356,-908524356,-1027510026,-1027510026,-1019341910,-1019341910,-1044798736,-1044798736,-939328614,-939328614,-638731749,-638731749,-644222198,-644222198,-779069499,-779069499,-624254687,-624254687,-480080268,-480080268,-515996843,-515996843,-266387717,-266387717,-90914097,-90914097,-293070224,-293070224,-322615644,-322615644,-360760651,-360760651,-128616898,-128616898,-40295743,-40295743,23656406,23656406,231581384,231581384,349909852,349909852,347930336,347930336,223546887,223546887,138764878,138764878,-23463292,-23463292,-67752088
f = 752918340,0,1 | route T | claimed 1782.9364759146820438 | coeffs 146210953,203698899,203698899,144231437,144231437,79315450,79315450,59449428,59449428,-82912720,-82912720,15160632,15160632,-2468640,-2468640,204326749,204326749,95040982,95040982,296832724,296832724,430017662,430017662,324824659,324824659,583699697,583699697,443810329,443810329,575531581,575531581,469267155,469267155,470061459,470061459,168670290,168670290,475551908,475551908,303517591,303517591,320737096,320737096,159343172,159343172,356653671,356653671,-90265954,-90265954,181180051,181180051,111890173,111890173,210725471,210725471,150035180,150035180,-21418282,-21418282,61714025,61714025,-85370431,-85370431,-146210953
# status f = 752918340,0,1 : PASS_RHO (rho 0.90512, T 1782.9, 0s)
f = 853236508,0,1 | route RHO | claimed 0.91382707756231353182 | coeffs 308653291,216147316,216147316,245692736,245692736,273684671,273684671,505828424,505828424,386842754,386842754,322890605,322890605,348347431,348347431,466675899,466675899,767272764,767272764,891656213,891656213,1026503514,1026503514,864275344,864275344,1008449763,1008449763,928005683,928005683,678396557,678396557,775906179,775906179,573750052,573750052,238773372,238773372,276918379,276918379,430600414,430600414,518921569,518921569,527089685,527089685,319164707,319164707,213694585,213694585,211715069,211715069,206224620,206224620,291006629,291006629,136191817,136191817,91903021,91903021,55986446,55986446,-133179671,-133179671,-308653291
f = 853236508,0,1 | route T | claimed 2722.6348809528236743 | coeffs -561704052,-739473884,-739473884,-806269902,-806269902,-832275750,-832275750,-643071656,-643071656,-700230568,-700230568,-738405019,-738405019,-825264260,-825264260,-514247345,-514247345,-573260605,-573260605,-380317346,-380317346,-486172459,-486172459,-336311417,-336311417,-143381518,-143381518,-127040379,-127040379,-188493833,-188493833,-47447698,-47447698,-83570531,-83570531,-387695245,-387695245,-507910142,-507910142,-50027222,-50027222,-164066379,-164066379,144108142,144108142,261265612,261265612,290815784,290815784,571282896,571282896,691679973,691679973,652253580,652253580,382911290,382911290,560580869,560580869,637645953,637645953,598386292,598386292,561704052
# status f = 853236508,0,1 : PASS_RHO (rho 0.91383, T 2722.6, 0s)
f = 878527562,0,1 | route RHO | claimed 0.88317098978745460047 | coeffs 330973684,485788496,485788496,487768012,487768012,479599896,479599896,441454889,441454889,343945267,343945267,199770848,199770848,75387399,75387399,49930573,49930573,-182213180,-182213180,-89707205,-89707205,-125623780,-125623780,-40841771,-40841771,-146311893,-146311893,-57990738,-57990738,-392967418,-392967418,-642576544,-642576544,-804804714,-804804714,-504207849,-504207849,-568159998,-568159998,-540168063,-540168063,-364694443,-364694443,-320405647,-320405647,-314915198,-314915198,-106990220,-106990220,-260672255,-260672255,-58516128,-58516128,21927952,21927952,-112919349,-112919349,-231247817,-231247817,-112262147,-112262147,-141807567,-141807567,-330973684
f = 878527562,0,1 | route T | claimed 2723.4043418193353005 | coeffs -485788496,-487768012,-487768012,-479599896,-479599896,-441454889,-441454889,-343945267,-343945267,-199770848,-199770848,-75387399,-75387399,-49930573,-49930573,182213180,182213180,89707205,89707205,125623780,125623780,40841771,40841771,146311893,146311893,57990738,57990738,392967418,392967418,642576544,642576544,804804714,804804714,504207849,504207849,568159998,568159998,540168063,540168063,364694443,364694443,320405647,320405647,314915198,314915198,106990220,106990220,260672255,260672255,58516128,58516128,-21927952,-21927952,112919349,112919349,231247817,231247817,112262147,112262147,141807567,141807567,330973684,330973684,485788496
# status f = 878527562,0,1 : PASS_RHO (rho 0.88317, T 2723.4, 0s)
f = 904282171,0,1 | route RHO | claimed 0.85515124859946803782 | coeffs 140411963,168403898,168403898,138858478,138858478,46352503,46352503,-129121117,-129121117,60045000,60045000,24128425,24128425,68417221,68417221,-86397591,-86397591,-171179600,-171179600,-176670049,-176670049,-174690533,-174690533,-280160655,-280160655,-72235677,-72235677,-64067561,-64067561,-152388716,-152388716,1293319,1293319,-36851688,-36851688,-371828368,-371828368,-169672241,-169672241,-72162619,-72162619,177446507,177446507,97002427,97002427,-47171992,-47171992,-209400162,-209400162,-344247463,-344247463,-219864014,-219864014,-520460879,-520460879,-402132411,-402132411,-427589237,-427589237,-491541386,-491541386,-372555716,-372555716,-140411963
f = 904282171,0,1 | route T | claimed 1544.5011747399378235 | coeffs -46352503,-46352503,129121117,129121117,-60045000,-60045000,-24128425,-24128425,-68417221,-68417221,86397591,86397591,171179600,171179600,176670049,176670049,174690533,174690533,280160655,280160655,72235677,72235677,64067561,64067561,152388716,152388716,-1293319,-1293319,36851688,36851688,371828368,371828368,169672241,169672241,72162619,72162619,-177446507,-177446507,-97002427,-97002427,47171992,47171992,209400162,209400162,344247463,344247463,219864014,219864014,520460879,520460879,402132411,402132411,427589237,427589237,491541386,491541386,372555716,372555716,140411963,140411963,168403898,168403898,138858478,138858478
# status f = 904282171,0,1 : PASS_RHO (rho 0.85515, T 1544.5, 0s)
f = 906790026,0,1 | route RHO | claimed 0.93024701494148498809 | coeffs 113688867,113688867,85696932,85696932,-32631536,-32631536,-176805955,-176805955,158170725,158170725,366095703,366095703,520910515,520910515,428404540,428404540,364452391,364452391,499299692,499299692,596809314,596809314,685130469,685130469,679640020,679640020,490473903,490473903,258330150,258330150,-42266715,-42266715,38177365,38177365,32358,32358,105502480,105502480,149791276,149791276,179336696,179336696,204793522,204793522,42565352,42565352,-159590775,-159590775,-151422659,-151422659,-66640650,-66640650,-242114270,-242114270,-123128600,-123128600,-247512049,-247512049,2097077,2097077,-151584958,-151584958,-149605442,-149605442
f = 906790026,0,1 | route T | claimed 2878.2417438668394812 | coeffs 271523620,271523620,537551621,537551621,363696406,363696406,412819481,412819481,655244764,655244764,923692497,923692497,676470880,676470880,718135855,718135855,497201409,497201409,417969072,417969072,185442349,185442349,174284906,174284906,2369413,2369413,86465672,86465672,182191684,182191684,159696001,159696001,154721734,154721734,-30905943,-30905943,-138838994,-138838994,-69177906,-69177906,-422386023,-422386023,-444089767,-444089767,-706960978,-706960978,-688555258,-688555258,-556162123,-556162123,-696235778,-696235778,-668402834,-668402834,-758663296,-758663296,-842012310,-842012310,-584674195,-584674195,-738677007,-738677007,-574125982,-574125982
# status f = 906790026,0,1 : PASS_RHO (rho 0.93025, T 2878.2, 1s)
f = 937716759,0,1 | route RHO | claimed 0.84958632974128630108 | coeffs -183121900,-183121900,-28307088,-28307088,-147292758,-147292758,-227736838,-227736838,-435661816,-435661816,-611135436,-611135436,-911732301,-911732301,-576755621,-576755621,-661537630,-661537630,-429393877,-429393877,-285219458,-285219458,-277051342,-277051342,-466217459,-466217459,-584545927,-584545927,-382389800,-382389800,-376899351,-376899351,-348907416,-348907416,-511135586,-511135586,-422814431,-422814431,-458731006,-458731006,-484187832,-484187832,-581697454,-581697454,-579717938,-579717938,-550172518,-550172518,-415325217,-415325217,-261643182,-261643182,-305931978,-305931978,-241979829,-241979829,7629297,7629297,113099419,113099419,20593444,20593444,144976893,144976893
f = 937716759,0,1 | route T | claimed 2145.4897221059581107 | coeffs 305508447,305508447,192715808,192715808,186851627,186851627,-300611517,-300611517,-214218431,-214218431,-183202479,-183202479,-191705839,-191705839,-405741721,-405741721,-213145560,-213145560,-164462137,-164462137,-14459604,-14459604,-51555818,-51555818,24516797,24516797,113590702,113590702,333189985,333189985,253198547,253198547,93688380,93688380,-17767297,-17767297,-216800460,-216800460,11473702,11473702,-153902633,-153902633,-209704950,-209704950,-294041187,-294041187,-31324598,-31324598,-168346716,-168346716,43357381,43357381,214780941,214780941,158717134,158717134,-180963087,-180963087,-256138617,-256138617,-267492031,-267492031,-98265562,-98265562
# status f = 937716759,0,1 : PASS_RHO (rho 0.84959, T 2145.5, 0s)
f = 983106507,0,1 | route RHO | claimed 0.9018644177550129163 | coeffs 340507594,39910729,39910729,69456149,69456149,154238158,154238158,556123,556123,144730542,144730542,208682691,208682691,397848808,397848808,292378686,292378686,494534813,494534813,618918262,618918262,590926327,590926327,745741139,745741139,834062294,834062294,914506374,914506374,939963200,939963200,764489580,764489580,766469096,766469096,431492416,431492416,296645115,296645115,528788868,528788868,484500072,484500072,476331956,476331956,226722830,226722830,108394362,108394362,15888387,15888387,10397938,10397938,-27747069,-27747069,-189975239,-189975239,-70989569,-70989569,-35072994,-35072994,-242997972,-242997972,-340507594
f = 983106507,0,1 | route T | claimed 1991.5881120329197302 | coeffs -54249566,-256394344,-256394344,33548740,33548740,89775840,89775840,14646190,14646190,187581743,187581743,296287228,296287228,341585198,341585198,417985675,417985675,434927018,434927018,600831565,600831565,787847103,787847103,843899791,843899791,772769938,772769938,665083078,665083078,811877919,811877919,479337565,479337565,536221624,536221624,361516212,361516212,564790219,564790219,344932344,344932344,455568508,455568508,580070781,580070781,537904631,537904631,527921584,527921584,657703529,657703529,593830346,593830346,293351493,293351493,148612854,148612854,-133793565,-133793565,-54871837,-54871837,-192007631,-192007631,54249566
# status f = 983106507,0,1 : PASS_RHO (rho 0.90186, T 1991.6, 0s)
f = 992445063,0,1 | route RHO | claimed 0.88318641438069610827 | coeffs -784834720,-929009139,-929009139,-923518690,-923518690,-898061864,-898061864,-744379829,-744379829,-651873854,-651873854,-571429774,-571429774,-656211783,-656211783,-537883315,-537883315,-449562160,-449562160,-479107580,-479107580,-229498454,-229498454,-74683642,-74683642,225913223,225913223,234081339,234081339,206089404,206089404,108579782,108579782,152868578,152868578,277252027,277252027,69327049,69327049,-162816704,-162816704,39339423,39339423,75255998,75255998,210103299,210103299,104633177,104633177,223618847,223618847,558595527,558595527,747761644,747761644,585533474,585533474,583553958,583553958,647506107,647506107,609361100,609361100,784834720
f = 992445063,0,1 | route T | claimed 2742.3987300933070638 | coeffs 846645393,846645393,1062981922,1062981922,678304578,678304578,875203925,875203925,974201130,974201130,718437460,718437460,391803120,391803120,514602876,514602876,387947194,387947194,279482023,279482023,232189177,232189177,187005824,187005824,25909623,25909623,-55934200,-55934200,-152398657,-152398657,-134276312,-134276312,-100456359,-100456359,-337986457,-337986457,-592099088,-592099088,-437784405,-437784405,-546012707,-546012707,-493562715,-493562715,-446413878,-446413878,-288356857,-288356857,-381634974,-381634974,-598491606,-598491606,-641309394,-641309394,-957048599,-957048599,-1078022450,-1078022450,-1132405050,-1132405050,-1103912179,-1103912179,-908014789,-908014789
# status f = 992445063,0,1 : PASS_RHO (rho 0.88319, T 2742.4, 0s)
# summary n = 7 l = 1000441537 : EXCLUSION_CANDIDATE ; PASS 32 / 32 ; OPEN_NEAR 0 ; OPEN_FAR 0 ; 13s
