# FAMILY WITNESS FILE (generator family_gen.sage r10). n = 7 ; l = 1000812353 ; m = 64 ; deg = 2 ; ncomp = 32 ; bar_T = 4224 ; L_n = 16.3328709449664096755483535644
# line: f = c0,...,c_deg (monic, over F_l) | route RHO|T | claimed (rho or T, float) | coeffs a_0..a_{m-1}
f = 78433026,0,1 | route RHO | claimed 0.93549136256351527751 | coeffs 845392997,845392997,1081396295,1081396295,1024906487,1024906487,1207708077,1207708077,1039649313,1039649313,1056221378,1056221378,951839911,951839911,775057831,775057831,1036039515,1036039515,883921214,883921214,797788947,797788947,797036575,797036575,804947983,804947983,566915550,566915550,720154531,720154531,671367696,671367696,664726313,664726313,394635319,394635319,418586570,418586570,415135591,415135591,178443363,178443363,251270780,251270780,28514252,28514252,230630688,230630688,-147669802,-147669802,-234979146,-234979146,-394796931,-394796931,-429071892,-429071892,-453559586,-453559586,-457578299,-457578299,-615772300,-615772300,-837090661,-837090661
f = 78433026,0,1 | route T | claimed 2742.4445396372502652 | coeffs 70335166,70335166,45356780,45356780,140985273,140985273,409919130,409919130,242612738,242612738,251273395,251273395,384924361,384924361,54903300,54903300,364671819,364671819,219194901,219194901,403153628,403153628,378450005,378450005,389812392,389812392,388472187,388472187,468883751,468883751,642853444,642853444,434095625,434095625,542305121,542305121,653565716,653565716,809932522,809932522,607515255,607515255,704830366,704830366,486092551,486092551,846402988,846402988,689420859,689420859,610413851,610413851,686599364,686599364,595834595,595834595,754148491,754148491,582071014,582071014,440449078,440449078,114749250,114749250
# status f = 78433026,0,1 : PASS_RHO (rho 0.93549, T 2742.4, 1s)
f = 119655012,0,1 | route RHO | claimed 0.93549136256351527751 | coeffs 797036575,797788947,797788947,883921214,883921214,1036039515,1036039515,775057831,775057831,951839911,951839911,1056221378,1056221378,1039649313,1039649313,1207708077,1207708077,1024906487,1024906487,1081396295,1081396295,845392997,845392997,837090661,837090661,615772300,615772300,457578299,457578299,453559586,453559586,429071892,429071892,394796931,394796931,234979146,234979146,147669802,147669802,-230630688,-230630688,-28514252,-28514252,-251270780,-251270780,-178443363,-178443363,-415135591,-415135591,-418586570,-418586570,-394635319,-394635319,-664726313,-664726313,-671367696,-671367696,-720154531,-720154531,-566915550,-566915550,-804947983,-804947983,-797036575
f = 119655012,0,1 | route T | claimed 2490.6116150395150867 | coeffs 28514252,28514252,251270780,251270780,178443363,178443363,415135591,415135591,418586570,418586570,394635319,394635319,664726313,664726313,671367696,671367696,720154531,720154531,566915550,566915550,804947983,804947983,797036575,797036575,797788947,797788947,883921214,883921214,1036039515,1036039515,775057831,775057831,951839911,951839911,1056221378,1056221378,1039649313,1039649313,1207708077,1207708077,1024906487,1024906487,1081396295,1081396295,845392997,845392997,837090661,837090661,615772300,615772300,457578299,457578299,453559586,453559586,429071892,429071892,394796931,394796931,234979146,234979146,147669802,147669802,-230630688,-230630688
# status f = 119655012,0,1 : PASS_RHO (rho 0.93549, T 2490.6, 1s)
f = 151743848,0,1 | route RHO | claimed 0.93845980618101029116 | coeffs 48656040,48656040,-65552853,-65552853,-285442417,-285442417,-4119179,-4119179,-26687092,-26687092,-114806530,-114806530,-60240872,-60240872,65939766,65939766,8594909,8594909,40101687,40101687,-243533121,-243533121,-167778439,-167778439,-294223923,-294223923,-226195022,-226195022,-432247253,-432247253,-385018542,-385018542,-557439938,-557439938,-730456258,-730456258,-581367358,-581367358,-462044400,-462044400,-358401770,-358401770,-419640291,-419640291,-291371197,-291371197,-252465225,-252465225,-655742645,-655742645,-623031405,-623031405,-654383171,-654383171,-525215552,-525215552,-210461685,-210461685,-174526991,-174526991,-34680275,-34680275,-202875566,-202875566
f = 151743848,0,1 | route T | claimed 2261.8068768481126668 | coeffs 419640291,291371197,291371197,252465225,252465225,655742645,655742645,623031405,623031405,654383171,654383171,525215552,525215552,210461685,210461685,174526991,174526991,34680275,34680275,202875566,202875566,48656040,48656040,-65552853,-65552853,-285442417,-285442417,-4119179,-4119179,-26687092,-26687092,-114806530,-114806530,-60240872,-60240872,65939766,65939766,8594909,8594909,40101687,40101687,-243533121,-243533121,-167778439,-167778439,-294223923,-294223923,-226195022,-226195022,-432247253,-432247253,-385018542,-385018542,-557439938,-557439938,-730456258,-730456258,-581367358,-581367358,-462044400,-462044400,-358401770,-358401770,-419640291
# status f = 151743848,0,1 : PASS_RHO (rho 0.93846, T 2261.8, 0s)
f = 155352188,0,1 | route RHO | claimed 0.92402383724518193547 | coeffs 238394097,164469522,164469522,155680259,155680259,181346956,181346956,225602899,225602899,116755159,116755159,162635411,162635411,62644771,62644771,179464773,179464773,-92452649,-92452649,-198080445,-198080445,-309677870,-309677870,-315679908,-315679908,-382023794,-382023794,-564974624,-564974624,-372424839,-372424839,-472866944,-472866944,-185293900,-185293900,-658236409,-658236409,-666523576,-666523576,-722259999,-722259999,-735024934,-735024934,-516486716,-516486716,-497010494,-497010494,-510681044,-510681044,-615506760,-615506760,-424778744,-424778744,-362121005,-362121005,-683235382,-683235382,-647295294,-647295294,-631214750,-631214750,-534533116,-534533116,-238394097
f = 155352188,0,1 | route T | claimed 2478.3178419794926291 | coeffs 258385275,258385275,169398165,169398165,267173237,267173237,-99778583,-99778583,-356972227,-356972227,-207438883,-207438883,-121952404,-121952404,26502994,26502994,27660131,27660131,-157136040,-157136040,-270244905,-270244905,-183232914,-183232914,-95565519,-95565519,-44886468,-44886468,-9271302,-9271302,134083839,134083839,195437371,195437371,298395630,298395630,355035148,355035148,693358545,693358545,349620173,349620173,293696303,293696303,288486625,288486625,532932788,532932788,453296296,453296296,258954533,258954533,185189312,185189312,237789974,237789974,67838994,67838994,170880256,170880256,-444849,-444849,-146372308,-146372308
# status f = 155352188,0,1 : PASS_RHO (rho 0.92402, T 2478.3, 0s)
f = 198525434,0,1 | route RHO | claimed 0.91092001246475370205 | coeffs 294941817,408050682,408050682,262123223,262123223,-81615149,-81615149,-266411320,-266411320,-95086215,-95086215,-433409612,-433409612,-434566749,-434566749,-331525487,-331525487,-274885969,-274885969,-126430571,-126430571,43520409,43520409,-59437850,-59437850,-144924329,-144924329,-92323667,-92323667,-30970135,-30970135,118563209,118563209,192328430,192328430,48973289,48973289,306166933,306166933,111825170,111825170,147440336,147440336,-219511484,-219511484,-139874992,-139874992,-190554043,-190554043,-288329115,-288329115,-43882952,-43882952,43784443,43784443,-45202667,-45202667,-39992989,-39992989,-127004980,-127004980,-239017947,-239017947,-294941817
f = 198525434,0,1 | route T | claimed 2352.1790337961050791 | coeffs 752357825,892204541,892204541,856269847,856269847,1171023714,1171023714,1041856095,1041856095,1010504329,1010504329,977793089,977793089,574515669,574515669,535609697,535609697,663878791,663878791,725117312,725117312,828759942,828759942,709436984,709436984,858525884,858525884,1031542204,1031542204,859120808,859120808,811892097,811892097,605839866,605839866,537810965,537810965,411365481,411365481,335610799,335610799,51975991,51975991,20469213,20469213,-36875644,-36875644,-163056282,-163056282,-108490624,-108490624,-20371186,-20371186,-42939099,-42939099,-324262337,-324262337,-544151901,-544151901,-429943008,-429943008,-584162534,-584162534,-752357825
# status f = 198525434,0,1 : PASS_RHO (rho 0.91092, T 2352.2, 0s)
f = 211200240,0,1 | route RHO | claimed 0.86176768623771168499 | coeffs -149631852,-149631852,-150384224,-150384224,-174335475,-174335475,-261644819,-261644819,-253342483,-253342483,-76560403,-76560403,76678578,76678578,3851161,3851161,-20636533,-20636533,162165057,162165057,248297324,248297324,-21793670,-21793670,356506820,356506820,135188459,135188459,30806992,30806992,268839425,268839425,32147197,32147197,66422158,66422158,122911966,122911966,-29206335,-29206335,-22564952,-22564952,179551484,179551484,337745485,337745485,321173420,321173420,329084828,329084828,332535807,332535807,172718022,172718022,408721320,408721320,147739636,147739636,98952801,98952801,321709329,321709329,317690616,317690616
f = 211200240,0,1 | route T | claimed 1818.0482274819442284 | coeffs 3851161,3851161,-20636533,-20636533,162165057,162165057,248297324,248297324,-21793670,-21793670,356506820,356506820,135188459,135188459,30806992,30806992,268839425,268839425,32147197,32147197,66422158,66422158,122911966,122911966,-29206335,-29206335,-22564952,-22564952,179551484,179551484,337745485,337745485,321173420,321173420,329084828,329084828,332535807,332535807,172718022,172718022,408721320,408721320,147739636,147739636,98952801,98952801,321709329,321709329,317690616,317690616,149631852,149631852,150384224,150384224,174335475,174335475,261644819,261644819,253342483,253342483,76560403,76560403,-76678578,-76678578
# status f = 211200240,0,1 : PASS_RHO (rho 0.86177, T 1818.0, 0s)
f = 213252521,0,1 | route RHO | claimed 0.91029172299331744676 | coeffs 328148035,50725797,50725797,-20404983,-20404983,99350376,99350376,-6512098,-6512098,-17394617,-17394617,19550264,19550264,309790919,309790919,183375113,183375113,9587762,9587762,-12288033,-12288033,-289909572,-289909572,-111279485,-111279485,-280366454,-280366454,-369097878,-369097878,-492634920,-492634920,-623150951,-623150951,-1032605002,-1032605002,-957062676,-957062676,-725281091,-725281091,-804123946,-804123946,-688842468,-688842468,-795556554,-795556554,-689035260,-689035260,-685393365,-685393365,-711443149,-711443149,-758547969,-758547969,-633539170,-633539170,-417394285,-417394285,-283096153,-283096153,-368738336,-368738336,-292516800,-292516800,-328148035
f = 213252521,0,1 | route T | claimed 2286.2620406995852659 | coeffs 12288033,289909572,289909572,111279485,111279485,280366454,280366454,369097878,369097878,492634920,492634920,623150951,623150951,1032605002,1032605002,957062676,957062676,725281091,725281091,804123946,804123946,688842468,688842468,795556554,795556554,689035260,689035260,685393365,685393365,711443149,711443149,758547969,758547969,633539170,633539170,417394285,417394285,283096153,283096153,368738336,368738336,292516800,292516800,328148035,328148035,50725797,50725797,-20404983,-20404983,99350376,99350376,-6512098,-6512098,-17394617,-17394617,19550264,19550264,309790919,309790919,183375113,183375113,9587762,9587762,-12288033
# status f = 213252521,0,1 : PASS_RHO (rho 0.91029, T 2286.3, 0s)
f = 237039123,0,1 | route RHO | claimed 0.90582439425417950793 | coeffs 428690596,601111992,601111992,662350513,662350513,693702279,693702279,861897570,861897570,839329657,839329657,870836435,870836435,664784204,664784204,784107162,784107162,380829742,380829742,416764436,416764436,636654000,636654000,510473362,510473362,636918846,636918846,809935166,809935166,681666072,681666072,552498453,552498453,398278927,398278927,310159489,310159489,26524681,26524681,73753392,73753392,177396022,177396022,210107262,210107262,349953978,349953978,68630740,68630740,125975597,125975597,57946696,57946696,-91142204,-91142204,-130048176,-130048176,-444802043,-444802043,-559010936,-559010936,-504445278,-504445278,-428690596
f = 237039123,0,1 | route T | claimed 2172.6426559113700868 | coeffs -3325823,292813196,292813196,273336974,273336974,90386144,90386144,199233884,199233884,520348261,520348261,512061094,512061094,617688890,617688890,543764315,543764315,530093765,530093765,337543980,337543980,383424232,383424232,419364320,419364320,475100743,475100743,363503318,363503318,372292581,372292581,477118297,477118297,376676192,376676192,476666832,476666832,460586288,460586288,447821353,447821353,453823391,453823391,479490088,479490088,670218104,670218104,382645060,382645060,499465062,499465062,596146696,596146696,377608478,377608478,311264592,311264592,267008649,267008649,204350910,204350910,-268591599,-268591599,3325823
# status f = 237039123,0,1 : PASS_RHO (rho 0.90582, T 2172.6, 0s)
f = 245873289,0,1 | route RHO | claimed 0.90582439425417950793 | coeffs 784107162,664784204,664784204,870836435,870836435,839329657,839329657,861897570,861897570,693702279,693702279,662350513,662350513,601111992,601111992,428690596,428690596,504445278,504445278,559010936,559010936,444802043,444802043,130048176,130048176,91142204,91142204,-57946696,-57946696,-125975597,-125975597,-68630740,-68630740,-349953978,-349953978,-210107262,-210107262,-177396022,-177396022,-73753392,-73753392,-26524681,-26524681,-310159489,-310159489,-398278927,-398278927,-552498453,-552498453,-681666072,-681666072,-809935166,-809935166,-636918846,-636918846,-510473362,-510473362,-636654000,-636654000,-416764436,-416764436,-380829742,-380829742,-784107162
f = 245873289,0,1 | route T | claimed 2466.423090099211133 | coeffs -384249835,25204216,25204216,113935640,113935640,391557179,391557179,517972985,517972985,528855504,528855504,599986284,599986284,676207820,676207820,892352705,892352705,866302921,866302921,759588835,759588835,991370420,991370420,860854389,860854389,691767420,691767420,669891625,669891625,960132280,960132280,854269806,854269806,576847568,576847568,662489751,662489751,537480952,537480952,533839057,533839057,418557579,418557579,343015253,343015253,466552295,466552295,287922208,287922208,461709559,461709559,424764678,424764678,305009319,305009319,269378084,269378084,403676216,403676216,356571396,356571396,463092690,463092690,384249835
# status f = 245873289,0,1 : PASS_RHO (rho 0.90582, T 2466.4, 0s)
f = 308577790,0,1 | route RHO | claimed 0.94842512988375973767 | coeffs -656605243,-634037330,-634037330,-695275851,-695275851,-640710193,-640710193,-679616165,-679616165,-622271308,-622271308,-589560068,-589560068,-873194876,-873194876,-1002362495,-1002362495,-875917011,-875917011,-839982317,-839982317,-1046034548,-1046034548,-877839257,-877839257,-705417861,-705417861,-591208968,-591208968,-442120068,-442120068,-160796830,-160796830,-264439460,-264439460,-176320022,-176320022,-48050928,-48050928,78129710,78129710,481407130,481407130,449900352,449900352,418548586,418548586,494303268,494303268,179549401,179549401,111520500,111520500,251367216,251367216,298595927,298595927,144376401,144376401,317392721,317392721,537282285,537282285,656605243
f = 308577790,0,1 | route T | claimed 2204.3647421603816189 | coeffs -839982317,-1046034548,-1046034548,-877839257,-877839257,-705417861,-705417861,-591208968,-591208968,-442120068,-442120068,-160796830,-160796830,-264439460,-264439460,-176320022,-176320022,-48050928,-48050928,78129710,78129710,481407130,481407130,449900352,449900352,418548586,418548586,494303268,494303268,179549401,179549401,111520500,111520500,251367216,251367216,298595927,298595927,144376401,144376401,317392721,317392721,537282285,537282285,656605243,656605243,634037330,634037330,695275851,695275851,640710193,640710193,679616165,679616165,622271308,622271308,589560068,589560068,873194876,873194876,1002362495,1002362495,875917011,875917011,839982317
# status f = 308577790,0,1 : PASS_RHO (rho 0.94843, T 2204.4, 0s)
f = 310613082,0,1 | route RHO | claimed 0.91029172299331744676 | coeffs 1032605002,1032605002,623150951,623150951,492634920,492634920,369097878,369097878,280366454,280366454,111279485,111279485,289909572,289909572,12288033,12288033,-9587762,-9587762,-183375113,-183375113,-309790919,-309790919,-19550264,-19550264,17394617,17394617,6512098,6512098,-99350376,-99350376,20404983,20404983,-50725797,-50725797,-328148035,-328148035,-292516800,-292516800,-368738336,-368738336,-283096153,-283096153,-417394285,-417394285,-633539170,-633539170,-758547969,-758547969,-711443149,-711443149,-685393365,-685393365,-689035260,-689035260,-795556554,-795556554,-688842468,-688842468,-804123946,-804123946,-725281091,-725281091,-957062676,-957062676
f = 310613082,0,1 | route T | claimed 2313.3053844560668879 | coeffs 718758370,718758370,598776443,598776443,649119370,649119370,696600229,696600229,548502172,548502172,420468772,420468772,710581273,710581273,728179017,728179017,550120494,550120494,298676353,298676353,355446545,355446545,470598193,470598193,493623376,493623376,732989162,732989162,618015828,618015828,550313286,550313286,290108961,290108961,319007922,319007922,317659463,317659463,186299465,186299465,66088534,66088534,157173557,157173557,-196445994,-196445994,-498434926,-498434926,-423986038,-423986038,-692696008,-692696008,-715521436,-715521436,-635226485,-635226485,-647975650,-647975650,-897055190,-897055190,-662259775,-662259775,-751171574,-751171574
# status f = 310613082,0,1 : PASS_RHO (rho 0.91029, T 2313.3, 0s)
f = 311364714,0,1 | route RHO | claimed 0.92402383724518193547 | coeffs -658236409,-658236409,-185293900,-185293900,-472866944,-472866944,-372424839,-372424839,-564974624,-564974624,-382023794,-382023794,-315679908,-315679908,-309677870,-309677870,-198080445,-198080445,-92452649,-92452649,179464773,179464773,62644771,62644771,162635411,162635411,116755159,116755159,225602899,225602899,181346956,181346956,155680259,155680259,164469522,164469522,238394097,238394097,534533116,534533116,631214750,631214750,647295294,647295294,683235382,683235382,362121005,362121005,424778744,424778744,615506760,615506760,510681044,510681044,497010494,497010494,516486716,516486716,735024934,735024934,722259999,722259999,666523576,666523576
f = 311364714,0,1 | route T | claimed 2017.6599569168848982 | coeffs 261985088,261985088,251102569,251102569,120586538,120586538,245595337,245595337,208650456,208650456,618104507,618104507,401959622,401959622,692200277,692200277,767742603,767742603,902040735,902040735,1028456541,1028456541,796674956,796674956,882317139,882317139,708529788,708529788,629686933,629686933,705908469,705908469,727784264,727784264,612502786,612502786,648134021,648134021,370512482,370512482,263798396,263798396,541220634,541220634,362590547,362590547,256069253,256069253,184938473,184938473,15851504,15851504,19493399,19493399,-100261960,-100261960,-11530536,-11530536,14519248,14519248,-91343226,-91343226,-214880268,-214880268
# status f = 311364714,0,1 : PASS_RHO (rho 0.92402, T 2017.7, 0s)
f = 390314019,0,1 | route RHO | claimed 0.86176768623771168499 | coeffs 332535807,329084828,329084828,321173420,321173420,337745485,337745485,179551484,179551484,-22564952,-22564952,-29206335,-29206335,122911966,122911966,66422158,66422158,32147197,32147197,268839425,268839425,30806992,30806992,135188459,135188459,356506820,356506820,-21793670,-21793670,248297324,248297324,162165057,162165057,-20636533,-20636533,3851161,3851161,76678578,76678578,-76560403,-76560403,-253342483,-253342483,-261644819,-261644819,-174335475,-174335475,-150384224,-150384224,-149631852,-149631852,-317690616,-317690616,-321709329,-321709329,-98952801,-98952801,-147739636,-147739636,-408721320,-408721320,-172718022,-172718022,-332535807
f = 390314019,0,1 | route T | claimed 2395.9095309008381778 | coeffs 253342483,261644819,261644819,174335475,174335475,150384224,150384224,149631852,149631852,317690616,317690616,321709329,321709329,98952801,98952801,147739636,147739636,408721320,408721320,172718022,172718022,332535807,332535807,329084828,329084828,321173420,321173420,337745485,337745485,179551484,179551484,-22564952,-22564952,-29206335,-29206335,122911966,122911966,66422158,66422158,32147197,32147197,268839425,268839425,30806992,30806992,135188459,135188459,356506820,356506820,-21793670,-21793670,248297324,248297324,162165057,162165057,-20636533,-20636533,3851161,3851161,76678578,76678578,-76560403,-76560403,-253342483
# status f = 390314019,0,1 : PASS_RHO (rho 0.86177, T 2395.9, 0s)
f = 460305386,0,1 | route RHO | claimed 0.92702788283964986348 | coeffs 251803413,-157650638,-157650638,-193281873,-193281873,-69744831,-69744831,15897352,15897352,-153189617,-153189617,62955268,62955268,340576807,340576807,387681627,387681627,213894276,213894276,217536171,217536171,-72704484,-72704484,34009602,34009602,23127083,23127083,-55715772,-55715772,-175471131,-175471131,-251013457,-251013457,-528435695,-528435695,-658951726,-658951726,-582730190,-582730190,-493998766,-493998766,-628296898,-628296898,-449666811,-449666811,-324658012,-324658012,-302782217,-302782217,-276732433,-276732433,-403148239,-403148239,-296626945,-296626945,-333571826,-333571826,-448853304,-448853304,-554715778,-554715778,-322934193,-322934193,-251803413
f = 460305386,0,1 | route T | claimed 1937.8380831549408119 | coeffs -374228597,-688982464,-688982464,-750220985,-750220985,-544168754,-544168754,-417988116,-417988116,-263768590,-263768590,-296479830,-296479830,-147390930,-147390930,-223145612,-223145612,-245713525,-245713525,-209778831,-209778831,-338047925,-338047925,-290819214,-290819214,-233474357,-233474357,-347683250,-347683250,-379035016,-379035016,-498357974,-498357974,-624803458,-624803458,-536684020,-536684020,-676530736,-676530736,-637624764,-637624764,-465203368,-465203368,-433696590,-433696590,-213807026,-213807026,-342974645,-342974645,-239332015,-239332015,-307360916,-307360916,-252795258,-252795258,-420990549,-420990549,-17713129,-17713129,-190729449,-190729449,92905359,92905359,374228597
# status f = 460305386,0,1 : PASS_RHO (rho 0.92703, T 1937.8, 0s)
f = 488165578,0,1 | route RHO | claimed 0.89198929959881872758 | coeffs 26515314,26515314,9943249,9943249,3301866,3301866,37576827,37576827,141958294,141958294,-128132700,-128132700,-103645006,-103645006,73137074,73137074,97088325,97088325,101107038,101107038,-159874646,-159874646,-163325625,-163325625,-5131624,-5131624,146986677,146986677,-89705551,-89705551,131612810,131612810,217745077,217745077,290572494,290572494,298874830,298874830,299627202,299627202,76870674,76870674,312873972,312873972,304962564,304962564,507079000,507079000,450589192,450589192,688621625,688621625,310321135,310321135,493122725,493122725,339883744,339883744,252574400,252574400,84515636,84515636,133302471,133302471
f = 488165578,0,1 | route T | claimed 2015.5895872354787111 | coeffs 37576827,37576827,141958294,141958294,-128132700,-128132700,-103645006,-103645006,73137074,73137074,97088325,97088325,101107038,101107038,-159874646,-159874646,-163325625,-163325625,-5131624,-5131624,146986677,146986677,-89705551,-89705551,131612810,131612810,217745077,217745077,290572494,290572494,298874830,298874830,299627202,299627202,76870674,76870674,312873972,312873972,304962564,304962564,507079000,507079000,450589192,450589192,688621625,688621625,310321135,310321135,493122725,493122725,339883744,339883744,252574400,252574400,84515636,84515636,133302471,133302471,-26515314,-26515314,-9943249,-9943249,-3301866,-3301866
# status f = 488165578,0,1 : PASS_RHO (rho 0.89199, T 2015.6, 0s)
f = 491535837,0,1 | route RHO | claimed 0.91898491360597455492 | coeffs 652929198,652929198,362688543,362688543,232172512,232172512,258222296,258222296,329353076,329353076,51731537,51731537,130574392,130574392,264872524,264872524,301817405,301817405,425354447,425354447,428996342,428996342,151574104,151574104,173449899,173449899,405231484,405231484,189086599,189086599,199969118,199969118,111237694,111237694,4716400,4716400,-30914835,-30914835,-204702186,-204702186,-280244512,-280244512,-155235713,-155235713,-261098187,-261098187,-92011218,-92011218,-198725304,-198725304,-274946840,-274946840,-148531034,-148531034,-557985085,-557985085,-510880265,-510880265,-630635624,-630635624,-452005537,-452005537,-567287015,-567287015
f = 491535837,0,1 | route T | claimed 2342.9864063342857227 | coeffs -329353076,-329353076,-51731537,-51731537,-130574392,-130574392,-264872524,-264872524,-301817405,-301817405,-425354447,-425354447,-428996342,-428996342,-151574104,-151574104,-173449899,-173449899,-405231484,-405231484,-189086599,-189086599,-199969118,-199969118,-111237694,-111237694,-4716400,-4716400,30914835,30914835,204702186,204702186,280244512,280244512,155235713,155235713,261098187,261098187,92011218,92011218,198725304,198725304,274946840,274946840,148531034,148531034,557985085,557985085,510880265,510880265,630635624,630635624,452005537,452005537,567287015,567287015,652929198,652929198,362688543,362688543,232172512,232172512,258222296,258222296
# status f = 491535837,0,1 : PASS_RHO (rho 0.91898, T 2343.0, 0s)
f = 509276516,0,1 | route RHO | claimed 0.95157123764104871158 | coeffs 315886827,404873937,404873937,319387458,319387458,232375467,232375467,171021935,171021935,226945805,226945805,300711026,300711026,446638485,446638485,189444841,189444841,4648670,4648670,40263836,40263836,378587233,378587233,298950741,298950741,401992003,401992003,304216931,304216931,155761533,155761533,68094138,68094138,-34864121,-34864121,-29654443,-29654443,-82255105,-82255105,29757862,29757862,179291206,179291206,66182341,66182341,209537482,209537482,-134200890,-134200890,-328542653,-328542653,-499867758,-499867758,-132915938,-132915938,-134073075,-134073075,-184752126,-184752126,-241391644,-241391644,-485837807,-485837807,-315886827
f = 509276516,0,1 | route T | claimed 2460.1288551207075124 | coeffs 65162889,65162889,111851837,111851837,-69673349,-69673349,-70860831,-70860831,71123000,71123000,63992892,63992892,150572541,150572541,61718294,61718294,-145667352,-145667352,163056008,163056008,145143246,145143246,35154344,35154344,350303125,350303125,499726722,499726722,384936173,384936173,648147997,648147997,525765825,525765825,558101954,558101954,584520580,584520580,448203192,448203192,274593337,274593337,484364454,484364454,296857622,296857622,172212815,172212815,388977498,388977498,744244250,744244250,436017255,436017255,564136846,564136846,511370766,511370766,511809894,511809894,352577209,352577209,275786548,275786548
# status f = 509276516,0,1 : PASS_RHO (rho 0.95157, T 2460.1, 0s)
f = 512646775,0,1 | route RHO | claimed 0.92702788283964986348 | coeffs -628296898,-493998766,-493998766,-582730190,-582730190,-658951726,-658951726,-528435695,-528435695,-251013457,-251013457,-175471131,-175471131,-55715772,-55715772,23127083,23127083,34009602,34009602,-72704484,-72704484,217536171,217536171,213894276,213894276,387681627,387681627,340576807,340576807,62955268,62955268,-153189617,-153189617,15897352,15897352,-69744831,-69744831,-193281873,-193281873,-157650638,-157650638,251803413,251803413,322934193,322934193,554715778,554715778,448853304,448853304,333571826,333571826,296626945,296626945,403148239,403148239,276732433,276732433,302782217,302782217,324658012,324658012,449666811,449666811,628296898
f = 512646775,0,1 | route T | claimed 2401.9836845748599898 | coeffs 188904406,255248292,255248292,64520276,64520276,-35470364,-35470364,-91206787,-91206787,-17282212,-17282212,165668618,165668618,103010879,103010879,219830881,219830881,207065946,207065946,215855209,215855209,23305424,23305424,344419801,344419801,72502379,72502379,291040597,291040597,265373900,265373900,365816005,365816005,329875917,329875917,224248121,224248121,243724343,243724343,199468400,199468400,-88104644,-88104644,-104185188,-104185188,-215782613,-215782613,-229453163,-229453163,-120605423,-120605423,352337086,352337086,255655452,255655452,249653414,249653414,144827698,144827698,98947446,98947446,107234613,107234613,-188904406
# status f = 512646775,0,1 : PASS_RHO (rho 0.92703, T 2402.0, 0s)
f = 540506967,0,1 | route RHO | claimed 0.89198929959881872758 | coeffs 339883744,493122725,493122725,310321135,310321135,688621625,688621625,450589192,450589192,507079000,507079000,304962564,304962564,312873972,312873972,76870674,76870674,299627202,299627202,298874830,298874830,290572494,290572494,217745077,217745077,131612810,131612810,-89705551,-89705551,146986677,146986677,-5131624,-5131624,-163325625,-163325625,-159874646,-159874646,101107038,101107038,97088325,97088325,73137074,73137074,-103645006,-103645006,-128132700,-128132700,141958294,141958294,37576827,37576827,3301866,3301866,9943249,9943249,26515314,26515314,-133302471,-133302471,-84515636,-84515636,-252574400,-252574400,-339883744
f = 540506967,0,1 | route T | claimed 2167.7273949246026729 | coeffs -110705448,-13956275,-13956275,5358571,5358571,375747653,375747653,373718518,373718518,207451798,207451798,6087734,6087734,22301478,22301478,-140874403,-140874403,168014392,168014392,388580381,388580381,143585817,143585817,222876701,222876701,294938435,294938435,70169095,70169095,45879639,45879639,-102219949,-102219949,-236462699,-236462699,-56229640,-56229640,229239738,229239738,-44869969,-44869969,35560247,35560247,-106946872,-106946872,-138075949,-138075949,115442980,115442980,170879298,170879298,87817502,87817502,262517649,262517649,366399058,366399058,359820254,359820254,225805499,225805499,436047225,436047225,110705448
# status f = 540506967,0,1 : PASS_RHO (rho 0.89199, T 2167.7, 0s)
f = 610498334,0,1 | route RHO | claimed 0.91940515565100671379 | coeffs -226740544,-204864749,-204864749,-215747268,-215747268,-251378503,-251378503,-376387302,-376387302,-483101388,-483101388,-73647337,-73647337,104982750,104982750,-185257905,-185257905,-256388685,-256388685,-122090553,-122090553,-125732448,-125732448,106049137,106049137,194780561,194780561,20993210,20993210,126855684,126855684,50634148,50634148,3529328,3529328,-111752150,-111752150,-242268181,-242268181,35353358,35353358,72298239,72298239,349720477,349720477,133575592,133575592,240096886,240096886,164554560,164554560,-4532409,-4532409,121883397,121883397,241638756,241638756,155996573,155996573,182046357,182046357,103203502,103203502,226740544
f = 610498334,0,1 | route T | claimed 2787.0682986694511458 | coeffs 1021534181,706780314,706780314,675273536,675273536,803542630,803542630,1084865868,1084865868,1257287264,1257287264,1293221958,1293221958,1009587150,1009587150,970681178,970681178,993249091,993249091,820232771,820232771,680386055,680386055,604631373,604631373,201353953,201353953,113234515,113234515,-35854385,-35854385,-204049676,-204049676,-330495160,-330495160,-363206400,-363206400,-417772058,-417772058,-298449100,-298449100,-452668626,-452668626,-520697527,-520697527,-552049293,-552049293,-425868655,-425868655,-529511285,-529511285,-415302392,-415302392,-621354623,-621354623,-750522242,-750522242,-693177385,-693177385,-754415906,-754415906,-974305470,-974305470,-1021534181
# status f = 610498334,0,1 : PASS_RHO (rho 0.91941, T 2787.1, 0s)
f = 689447639,0,1 | route RHO | claimed 0.91041850380064110886 | coeffs 759060965,380760475,380760475,616763773,616763773,702896040,702896040,699445061,699445061,723932755,723932755,707360690,707360690,860599671,860599671,658483235,658483235,650180899,650180899,498062598,498062598,474111347,474111347,439836386,439836386,271777622,271777622,509810055,509810055,287053527,287053527,508371888,508371888,247390204,247390204,-22700790,-22700790,137116995,137116995,-45684595,-45684595,-37773187,-37773187,-110600604,-110600604,-268794605,-268794605,-445576685,-445576685,-438935302,-438935302,-526244646,-526244646,-582734454,-582734454,-581982082,-581982082,-818674310,-818674310,-814655597,-814655597,-710274130,-710274130,-759060965
f = 689447639,0,1 | route T | claimed 2252.538506008630344 | coeffs 110600604,268794605,268794605,445576685,445576685,438935302,438935302,526244646,526244646,582734454,582734454,581982082,581982082,818674310,818674310,814655597,814655597,710274130,710274130,759060965,759060965,380760475,380760475,616763773,616763773,702896040,702896040,699445061,699445061,723932755,723932755,707360690,707360690,860599671,860599671,658483235,658483235,650180899,650180899,498062598,498062598,474111347,474111347,439836386,439836386,271777622,271777622,509810055,509810055,287053527,287053527,508371888,508371888,247390204,247390204,-22700790,-22700790,137116995,137116995,-45684595,-45684595,-37773187,-37773187,-110600604
# status f = 689447639,0,1 : PASS_RHO (rho 0.91042, T 2252.5, 0s)
f = 690199271,0,1 | route RHO | claimed 0.91069953018519116708 | coeffs -695349425,-855167210,-855167210,-633848849,-633848849,-465790085,-465790085,-617908386,-617908386,-771147367,-771147367,-774598346,-774598346,-396297856,-396297856,-400316569,-400316569,-456806377,-456806377,-280024297,-280024297,-272112889,-272112889,-2021895,-2021895,-224778423,-224778423,-190503462,-190503462,-198805798,-198805798,-182233733,-182233733,-96101466,-96101466,-144888301,-144888301,91803927,91803927,4494583,4494583,162688584,162688584,-20113006,-20113006,240868678,240868678,478901111,478901111,502852362,502852362,300735926,300735926,276248232,276248232,512251530,512251530,616632997,616632997,615880625,615880625,622522008,622522008,695349425
f = 690199271,0,1 | route T | claimed 2901.780343477574978 | coeffs -20113006,-20113006,240868678,240868678,478901111,478901111,502852362,502852362,300735926,300735926,276248232,276248232,512251530,512251530,616632997,616632997,615880625,615880625,622522008,622522008,695349425,695349425,855167210,855167210,633848849,633848849,465790085,465790085,617908386,617908386,771147367,771147367,774598346,774598346,396297856,396297856,400316569,400316569,456806377,456806377,280024297,280024297,272112889,272112889,2021895,2021895,224778423,224778423,190503462,190503462,198805798,198805798,182233733,182233733,96101466,96101466,144888301,144888301,-91803927,-91803927,-4494583,-4494583,-162688584,-162688584
# status f = 690199271,0,1 : PASS_RHO (rho 0.91070, T 2901.8, 0s)
f = 692234563,0,1 | route RHO | claimed 0.91898491360597455492 | coeffs 199969118,189086599,189086599,405231484,405231484,173449899,173449899,151574104,151574104,428996342,428996342,425354447,425354447,301817405,301817405,264872524,264872524,130574392,130574392,51731537,51731537,329353076,329353076,258222296,258222296,232172512,232172512,362688543,362688543,652929198,652929198,567287015,567287015,452005537,452005537,630635624,630635624,510880265,510880265,557985085,557985085,148531034,148531034,274946840,274946840,198725304,198725304,92011218,92011218,261098187,261098187,155235713,155235713,280244512,280244512,204702186,204702186,30914835,30914835,-4716400,-4716400,-111237694,-111237694,-199969118
f = 692234563,0,1 | route T | claimed 2030.5425472167191412 | coeffs 49873829,204093355,204093355,377109675,377109675,157220111,157220111,276543069,276543069,299110982,299110982,360349503,360349503,414915161,414915161,453821133,453821133,511165990,511165990,478454750,478454750,194819942,194819942,323987561,323987561,450433045,450433045,414498351,414498351,208446120,208446120,40250829,40250829,212672225,212672225,98463332,98463332,247552232,247552232,-33771006,-33771006,-137413636,-137413636,-225533074,-225533074,-97263980,-97263980,-223444618,-223444618,179832802,179832802,211339580,211339580,179987814,179987814,104233132,104233132,-210520735,-210520735,-142491834,-142491834,-2645118,-2645118,-49873829
# status f = 692234563,0,1 : PASS_RHO (rho 0.91898, T 2030.5, 0s)
f = 754939064,0,1 | route RHO | claimed 0.91551626348573932609 | coeffs -139013021,-139013021,-41237949,-41237949,45774042,45774042,-297964330,-297964330,-194923068,-194923068,-280409547,-280409547,-423764688,-423764688,-344128196,-344128196,-433115306,-433115306,-546224171,-546224171,-207900774,-207900774,-377851754,-377851754,-527385098,-527385098,-563000264,-563000264,-807446427,-807446427,-695433460,-695433460,-880229631,-880229631,-823590113,-823590113,-770989451,-770989451,-513795807,-513795807,-564474858,-564474858,-559265180,-559265180,-413337721,-413337721,-412180584,-412180584,-309222325,-309222325,-382987546,-382987546,-16035726,-16035726,-103703121,-103703121,-47779251,-47779251,123545854,123545854,272001252,272001252,333354784,333354784
f = 754939064,0,1 | route T | claimed 1869.1871988484553368 | coeffs 123545854,123545854,272001252,272001252,333354784,333354784,139013021,139013021,41237949,41237949,-45774042,-45774042,297964330,297964330,194923068,194923068,280409547,280409547,423764688,423764688,344128196,344128196,433115306,433115306,546224171,546224171,207900774,207900774,377851754,377851754,527385098,527385098,563000264,563000264,807446427,807446427,695433460,695433460,880229631,880229631,823590113,823590113,770989451,770989451,513795807,513795807,564474858,564474858,559265180,559265180,413337721,413337721,412180584,412180584,309222325,309222325,382987546,382987546,16035726,16035726,103703121,103703121,47779251,47779251
# status f = 754939064,0,1 : PASS_RHO (rho 0.91552, T 1869.2, 0s)
f = 763773230,0,1 | route RHO | claimed 0.91551626348573932609 | coeffs -564474858,-513795807,-513795807,-770989451,-770989451,-823590113,-823590113,-880229631,-880229631,-695433460,-695433460,-807446427,-807446427,-563000264,-563000264,-527385098,-527385098,-377851754,-377851754,-207900774,-207900774,-546224171,-546224171,-433115306,-433115306,-344128196,-344128196,-423764688,-423764688,-280409547,-280409547,-194923068,-194923068,-297964330,-297964330,45774042,45774042,-41237949,-41237949,-139013021,-139013021,-333354784,-333354784,-272001252,-272001252,-123545854,-123545854,47779251,47779251,103703121,103703121,16035726,16035726,382987546,382987546,309222325,309222325,412180584,412180584,413337721,413337721,559265180,559265180,564474858
f = 763773230,0,1 | route T | claimed 2157.3349667874559548 | coeffs -83863872,-83863872,-7015411,-7015411,-84236573,-84236573,153778739,153778739,132148489,132148489,253600591,253600591,373367152,373367152,373410193,373410193,415821420,415821420,119727651,119727651,-164349622,-164349622,-231999912,-231999912,-312103728,-312103728,-392221646,-392221646,37342103,37342103,178298298,178298298,287370757,287370757,518315100,518315100,272064112,272064112,173325015,173325015,375990135,375990135,351962786,351962786,256157389,256157389,437147060,437147060,328150014,328150014,89084997,89084997,183538907,183538907,170323318,170323318,321990316,321990316,196876703,196876703,66411024,66411024,-2329443,-2329443
# status f = 763773230,0,1 : PASS_RHO (rho 0.91552, T 2157.3, 0s)
f = 787559832,0,1 | route RHO | claimed 0.91069953018519116708 | coeffs 465790085,465790085,633848849,633848849,855167210,855167210,695349425,695349425,622522008,622522008,615880625,615880625,616632997,616632997,512251530,512251530,276248232,276248232,300735926,300735926,502852362,502852362,478901111,478901111,240868678,240868678,-20113006,-20113006,162688584,162688584,4494583,4494583,91803927,91803927,-144888301,-144888301,-96101466,-96101466,-182233733,-182233733,-198805798,-198805798,-190503462,-190503462,-224778423,-224778423,-2021895,-2021895,-272112889,-272112889,-280024297,-280024297,-456806377,-456806377,-400316569,-400316569,-396297856,-396297856,-774598346,-774598346,-771147367,-771147367,-617908386,-617908386
f = 787559832,0,1 | route T | claimed 1848.8572251490175339 | coeffs 144888301,96101466,96101466,182233733,182233733,198805798,198805798,190503462,190503462,224778423,224778423,2021895,2021895,272112889,272112889,280024297,280024297,456806377,456806377,400316569,400316569,396297856,396297856,774598346,774598346,771147367,771147367,617908386,617908386,465790085,465790085,633848849,633848849,855167210,855167210,695349425,695349425,622522008,622522008,615880625,615880625,616632997,616632997,512251530,512251530,276248232,276248232,300735926,300735926,502852362,502852362,478901111,478901111,240868678,240868678,-20113006,-20113006,162688584,162688584,4494583,4494583,91803927,91803927,-144888301
# status f = 787559832,0,1 : PASS_RHO (rho 0.91070, T 1848.9, 0s)
f = 789612113,0,1 | route RHO | claimed 0.91940515565100671379 | coeffs -122090553,-256388685,-256388685,-185257905,-185257905,104982750,104982750,-73647337,-73647337,-483101388,-483101388,-376387302,-376387302,-251378503,-251378503,-215747268,-215747268,-204864749,-204864749,-226740544,-226740544,-103203502,-103203502,-182046357,-182046357,-155996573,-155996573,-241638756,-241638756,-121883397,-121883397,4532409,4532409,-164554560,-164554560,-240096886,-240096886,-133575592,-133575592,-349720477,-349720477,-72298239,-72298239,-35353358,-35353358,242268181,242268181,111752150,111752150,-3529328,-3529328,-50634148,-50634148,-126855684,-126855684,-20993210,-20993210,-194780561,-194780561,-106049137,-106049137,125732448,125732448,122090553
f = 789612113,0,1 | route T | claimed 1882.6233242536889585 | coeffs 122090553,122090553,256388685,256388685,185257905,185257905,-104982750,-104982750,73647337,73647337,483101388,483101388,376387302,376387302,251378503,251378503,215747268,215747268,204864749,204864749,226740544,226740544,103203502,103203502,182046357,182046357,155996573,155996573,241638756,241638756,121883397,121883397,-4532409,-4532409,164554560,164554560,240096886,240096886,133575592,133575592,349720477,349720477,72298239,72298239,35353358,35353358,-242268181,-242268181,-111752150,-111752150,3529328,3529328,50634148,50634148,126855684,126855684,20993210,20993210,194780561,194780561,106049137,106049137,-125732448,-125732448
# status f = 789612113,0,1 : PASS_RHO (rho 0.91941, T 1882.6, 0s)
f = 802286919,0,1 | route RHO | claimed 0.93845980618101029116 | coeffs -210461685,-525215552,-525215552,-654383171,-654383171,-623031405,-623031405,-655742645,-655742645,-252465225,-252465225,-291371197,-291371197,-419640291,-419640291,-358401770,-358401770,-462044400,-462044400,-581367358,-581367358,-730456258,-730456258,-557439938,-557439938,-385018542,-385018542,-432247253,-432247253,-226195022,-226195022,-294223923,-294223923,-167778439,-167778439,-243533121,-243533121,40101687,40101687,8594909,8594909,65939766,65939766,-60240872,-60240872,-114806530,-114806530,-26687092,-26687092,-4119179,-4119179,-285442417,-285442417,-65552853,-65552853,48656040,48656040,202875566,202875566,34680275,34680275,174526991,174526991,210461685
f = 802286919,0,1 | route T | claimed 1993.2651083127598332 | coeffs 40101687,40101687,8594909,8594909,65939766,65939766,-60240872,-60240872,-114806530,-114806530,-26687092,-26687092,-4119179,-4119179,-285442417,-285442417,-65552853,-65552853,48656040,48656040,202875566,202875566,34680275,34680275,174526991,174526991,210461685,210461685,525215552,525215552,654383171,654383171,623031405,623031405,655742645,655742645,252465225,252465225,291371197,291371197,419640291,419640291,358401770,358401770,462044400,462044400,581367358,581367358,730456258,730456258,557439938,557439938,385018542,385018542,432247253,432247253,226195022,226195022,294223923,294223923,167778439,167778439,243533121,243533121
# status f = 802286919,0,1 : PASS_RHO (rho 0.93846, T 1993.3, 0s)
f = 845460165,0,1 | route RHO | claimed 0.91041850380064110886 | coeffs 710274130,710274130,814655597,814655597,818674310,818674310,581982082,581982082,582734454,582734454,526244646,526244646,438935302,438935302,445576685,445576685,268794605,268794605,110600604,110600604,37773187,37773187,45684595,45684595,-137116995,-137116995,22700790,22700790,-247390204,-247390204,-508371888,-508371888,-287053527,-287053527,-509810055,-509810055,-271777622,-271777622,-439836386,-439836386,-474111347,-474111347,-498062598,-498062598,-650180899,-650180899,-658483235,-658483235,-860599671,-860599671,-707360690,-707360690,-723932755,-723932755,-699445061,-699445061,-702896040,-702896040,-616763773,-616763773,-380760475,-380760475,-759060965,-759060965
f = 845460165,0,1 | route T | claimed 2028.9390421509299647 | coeffs 26066312,-29857558,-29857558,-24647880,-24647880,219798283,219798283,299434775,299434775,105093012,105093012,178858233,178858233,231458895,231458895,401409875,401409875,504451137,504451137,675776242,675776242,529848783,529848783,641861750,641861750,730848860,730848860,828623932,828623932,1195575752,1195575752,938382108,938382108,788848764,788848764,874335243,874335243,725879845,725879845,727036982,727036982,911833153,911833153,798724288,798724288,711712297,711712297,799379692,799379692,748700641,748700641,784315807,784315807,640960666,640960666,702314198,702314198,599355939,599355939,655995457,655995457,317672060,317672060,-26066312
# status f = 845460165,0,1 : PASS_RHO (rho 0.91042, T 2028.9, 0s)
f = 849068505,0,1 | route RHO | claimed 0.91092001246475370205 | coeffs 288329115,190554043,190554043,139874992,139874992,219511484,219511484,-147440336,-147440336,-111825170,-111825170,-306166933,-306166933,-48973289,-48973289,-192328430,-192328430,-118563209,-118563209,30970135,30970135,92323667,92323667,144924329,144924329,59437850,59437850,-43520409,-43520409,126430571,126430571,274885969,274885969,331525487,331525487,434566749,434566749,433409612,433409612,95086215,95086215,266411320,266411320,81615149,81615149,-262123223,-262123223,-408050682,-408050682,-294941817,-294941817,-239017947,-239017947,-127004980,-127004980,-39992989,-39992989,-45202667,-45202667,43784443,43784443,-43882952,-43882952,-288329115
f = 849068505,0,1 | route T | claimed 1865.4128788098986098 | coeffs 324262337,324262337,42939099,42939099,20371186,20371186,108490624,108490624,163056282,163056282,36875644,36875644,-20469213,-20469213,-51975991,-51975991,-335610799,-335610799,-411365481,-411365481,-537810965,-537810965,-605839866,-605839866,-811892097,-811892097,-859120808,-859120808,-1031542204,-1031542204,-858525884,-858525884,-709436984,-709436984,-828759942,-828759942,-725117312,-725117312,-663878791,-663878791,-535609697,-535609697,-574515669,-574515669,-977793089,-977793089,-1010504329,-1010504329,-1041856095,-1041856095,-1171023714,-1171023714,-856269847,-856269847,-892204541,-892204541,-752357825,-752357825,-584162534,-584162534,-429943008,-429943008,-544151901,-544151901
# status f = 849068505,0,1 : PASS_RHO (rho 0.91092, T 1865.4, 0s)
f = 881157341,0,1 | route RHO | claimed 0.90578605697903325523 | coeffs 641741964,641741964,553010540,553010540,428001741,428001741,554417547,554417547,669699025,669699025,598568245,598568245,722105287,722105287,938250172,938250172,764462821,764462821,871176907,871176907,751421548,751421548,620905517,620905517,486607385,486607385,508483180,508483180,615004474,615004474,509142000,509142000,918596051,918596051,832953868,832953868,555332329,555332329,551690434,551690434,562572953,562572953,638115279,638115279,561893743,561893743,383263656,383263656,357213872,357213872,394158753,394158753,162377168,162377168,126745933,126745933,-42341036,-42341036,4763784,4763784,-285476871,-285476871,-364319726,-364319726
f = 881157341,0,1 | route T | claimed 1832.0384762632065816 | coeffs 42341036,42341036,-4763784,-4763784,285476871,285476871,364319726,364319726,641741964,641741964,553010540,553010540,428001741,428001741,554417547,554417547,669699025,669699025,598568245,598568245,722105287,722105287,938250172,938250172,764462821,764462821,871176907,871176907,751421548,751421548,620905517,620905517,486607385,486607385,508483180,508483180,615004474,615004474,509142000,509142000,918596051,918596051,832953868,832953868,555332329,555332329,551690434,551690434,562572953,562572953,638115279,638115279,561893743,561893743,383263656,383263656,357213872,357213872,394158753,394158753,162377168,162377168,126745933,126745933
# status f = 881157341,0,1 : PASS_RHO (rho 0.90579, T 1832.0, 0s)
f = 922379327,0,1 | route RHO | claimed 0.90578605697903325523 | coeffs 285476871,-4763784,-4763784,42341036,42341036,-126745933,-126745933,-162377168,-162377168,-394158753,-394158753,-357213872,-357213872,-383263656,-383263656,-561893743,-561893743,-638115279,-638115279,-562572953,-562572953,-551690434,-551690434,-555332329,-555332329,-832953868,-832953868,-918596051,-918596051,-509142000,-509142000,-615004474,-615004474,-508483180,-508483180,-486607385,-486607385,-620905517,-620905517,-751421548,-751421548,-871176907,-871176907,-764462821,-764462821,-938250172,-938250172,-722105287,-722105287,-598568245,-598568245,-669699025,-669699025,-554417547,-554417547,-428001741,-428001741,-553010540,-553010540,-641741964,-641741964,-364319726,-364319726,-285476871
f = 922379327,0,1 | route T | claimed 2209.21070752531169 | coeffs -641741964,-641741964,-364319726,-364319726,-285476871,-285476871,4763784,4763784,-42341036,-42341036,126745933,126745933,162377168,162377168,394158753,394158753,357213872,357213872,383263656,383263656,561893743,561893743,638115279,638115279,562572953,562572953,551690434,551690434,555332329,555332329,832953868,832953868,918596051,918596051,509142000,509142000,615004474,615004474,508483180,508483180,486607385,486607385,620905517,620905517,751421548,751421548,871176907,871176907,764462821,764462821,938250172,938250172,722105287,722105287,598568245,598568245,669699025,669699025,554417547,554417547,428001741,428001741,553010540,553010540
# status f = 922379327,0,1 : PASS_RHO (rho 0.90579, T 2209.2, 0s)
# summary n = 7 l = 1000812353 : EXCLUSION_CANDIDATE ; PASS 32 / 32 ; OPEN_NEAR 0 ; OPEN_FAR 0 ; 14s
