# FAMILY WITNESS FILE (generator family_gen.sage r10). n = 7 ; l = 1001136193 ; m = 64 ; deg = 2 ; ncomp = 32 ; bar_T = 4224 ; L_n = 16.3328709449664096755483535644
# line: f = c0,...,c_deg (monic, over F_l) | route RHO|T | claimed (rho or T, float) | coeffs a_0..a_{m-1}
f = 115004514,0,1 | route RHO | claimed 0.85150270093720892418 | coeffs 517944436,517944436,736922273,736922273,683119450,683119450,823331959,823331959,916541017,916541017,1100449376,1100449376,1098001884,1098001884,970201767,970201767,836664417,836664417,651092392,651092392,577239186,577239186,296873243,296873243,464624206,464624206,418663402,418663402,558732963,558732963,599808307,599808307,682841390,682841390,504925935,504925935,614231154,614231154,440725017,440725017,89376752,89376752,215244816,215244816,103682211,103682211,-26261741,-26261741,-92237995,-92237995,-260318873,-260318873,-257879033,-257879033,-167803085,-167803085,-439957580,-439957580,-505287011,-505287011,-427117752,-427117752,-464188867,-464188867
f = 115004514,0,1 | route T | claimed 1795.7489896351367044 | coeffs -103682211,-103682211,26261741,26261741,92237995,92237995,260318873,260318873,257879033,257879033,167803085,167803085,439957580,439957580,505287011,505287011,427117752,427117752,464188867,464188867,517944436,517944436,736922273,736922273,683119450,683119450,823331959,823331959,916541017,916541017,1100449376,1100449376,1098001884,1098001884,970201767,970201767,836664417,836664417,651092392,651092392,577239186,577239186,296873243,296873243,464624206,464624206,418663402,418663402,558732963,558732963,599808307,599808307,682841390,682841390,504925935,504925935,614231154,614231154,440725017,440725017,89376752,89376752,215244816,215244816
# status f = 115004514,0,1 : PASS_RHO (rho 0.85150, T 1795.7, 1s)
f = 128183817,0,1 | route RHO | claimed 0.84296461312694583023 | coeffs -134495010,-134495010,45045313,45045313,-227704068,-227704068,-173932524,-173932524,-149534809,-149534809,-83856576,-83856576,-215511063,-215511063,42011488,42011488,-106205844,-106205844,83086832,83086832,61545119,61545119,-102485193,-102485193,59097627,59097627,37727316,37727316,112853196,112853196,103056747,103056747,110413356,110413356,233000699,233000699,461761621,461761621,410916154,410916154,321692060,321692060,691282097,691282097,455229410,455229410,507373738,507373738,509032233,509032233,470302623,470302623,236877738,236877738,302221745,302221745,125315133,125315133,128715608,128715608,208348216,208348216,82754804,82754804
f = 128183817,0,1 | route T | claimed 1593.7041062231419162 | coeffs 112853196,103056747,103056747,110413356,110413356,233000699,233000699,461761621,461761621,410916154,410916154,321692060,321692060,691282097,691282097,455229410,455229410,507373738,507373738,509032233,509032233,470302623,470302623,236877738,236877738,302221745,302221745,125315133,125315133,128715608,128715608,208348216,208348216,82754804,82754804,134495010,134495010,-45045313,-45045313,227704068,227704068,173932524,173932524,149534809,149534809,83856576,83856576,215511063,215511063,-42011488,-42011488,106205844,106205844,-83086832,-83086832,-61545119,-61545119,102485193,102485193,-59097627,-59097627,-37727316,-37727316,-112853196
# status f = 128183817,0,1 : PASS_RHO (rho 0.84296, T 1593.7, 0s)
f = 146015904,0,1 | route RHO | claimed 0.88977135818985469151 | coeffs 334173684,315619991,315619991,319685992,319685992,363491276,363491276,243301566,243301566,95375438,95375438,259185277,259185277,37359737,37359737,11250729,11250729,-131020515,-131020515,-415299362,-415299362,-794237879,-794237879,-760606141,-760606141,-814357775,-814357775,-982326853,-982326853,-822794540,-822794540,-1119319345,-1119319345,-1017324529,-1017324529,-951050060,-951050060,-972535305,-972535305,-851118425,-851118425,-809427318,-809427318,-829194430,-829194430,-810559473,-810559473,-736556875,-736556875,-673967461,-673967461,-658094695,-658094695,-782715952,-782715952,-826061750,-826061750,-755486360,-755486360,-726377492,-726377492,-684669792,-684669792,-334173684
f = 146015904,0,1 | route T | claimed 2101.3909450347419407 | coeffs -136762112,-202106119,-202106119,-223647832,-223647832,-262377442,-262377442,-114160110,-114160110,-166304438,-166304438,-297958925,-297958925,71631112,71631112,47233397,47233397,98078864,98078864,-174670517,-174670517,-52083174,-52083174,-342968,-342968,9453481,9453481,-70179127,-70179127,-91549438,-91549438,-268456050,-268456050,-104425738,-104425738,128999147,128999147,318291823,318291823,319950318,319950318,62427767,62427767,298480454,298480454,364158687,364158687,274934593,274934593,221163049,221163049,-7597873,-7597873,171942450,171942450,179299059,179299059,53705647,53705647,-21420233,-21420233,-24820708,-24820708,136762112
# status f = 146015904,0,1 : PASS_RHO (rho 0.88977, T 2101.4, 0s)
f = 174786847,0,1 | route RHO | claimed 0.82959809501206705161 | coeffs 702304130,702304130,709660739,709660739,657516411,657516411,737149019,737149019,802827252,802827252,641244432,641244432,590398965,590398965,823823850,823823850,644283527,644283527,496066195,496066195,505862644,505862644,269809957,269809957,266409482,266409482,242011767,242011767,77981455,77981455,-150779467,-150779467,-189509077,-189509077,-241249283,-241249283,-498771834,-498771834,-423645954,-423645954,-793235991,-793235991,-970142603,-970142603,-916371059,-916371059,-894829346,-894829346,-772242003,-772242003,-773900498,-773900498,-899493910,-899493910,-1031148397,-1031148397,-1009778086,-1009778086,-1099002180,-1099002180,-1164346187,-1164346187,-891596806,-891596806
f = 174786847,0,1 | route T | claimed 1218.665810175926976 | coeffs 150779467,150779467,189509077,189509077,241249283,241249283,498771834,498771834,423645954,423645954,793235991,793235991,970142603,970142603,916371059,916371059,894829346,894829346,772242003,772242003,773900498,773900498,899493910,899493910,1031148397,1031148397,1009778086,1009778086,1099002180,1099002180,1164346187,1164346187,891596806,891596806,702304130,702304130,709660739,709660739,657516411,657516411,737149019,737149019,802827252,802827252,641244432,641244432,590398965,590398965,823823850,823823850,644283527,644283527,496066195,496066195,505862644,505862644,269809957,269809957,266409482,266409482,242011767,242011767,77981455,77981455
# status f = 174786847,0,1 : PASS_RHO (rho 0.82960, T 1218.7, 0s)
f = 175331297,0,1 | route RHO | claimed 0.87526599753910446421 | coeffs -144999117,-61966034,-61966034,106114844,106114844,159917667,159917667,-120448276,-120448276,230899989,230899989,165570558,165570558,163123066,163123066,122047722,122047722,56071468,56071468,275049305,275049305,348902511,348902511,175396374,175396374,447550869,447550869,263642510,263642510,403712071,403712071,533656023,533656023,479900454,479900454,294328429,294328429,185023210,185023210,275099158,275099158,368308216,368308216,414269020,414269020,302706415,302706415,339777530,339777530,473314880,473314880,295399425,295399425,292959585,292959585,152747076,152747076,320498039,320498039,194629975,194629975,272799234,272799234,144999117
f = 175331297,0,1 | route T | claimed 1703.7046906170020046 | coeffs -144999117,-61966034,-61966034,106114844,106114844,159917667,159917667,-120448276,-120448276,230899989,230899989,165570558,165570558,163123066,163123066,122047722,122047722,56071468,56071468,275049305,275049305,348902511,348902511,175396374,175396374,447550869,447550869,263642510,263642510,403712071,403712071,533656023,533656023,479900454,479900454,294328429,294328429,185023210,185023210,275099158,275099158,368308216,368308216,414269020,414269020,302706415,302706415,339777530,339777530,473314880,473314880,295399425,295399425,292959585,292959585,152747076,152747076,320498039,320498039,194629975,194629975,272799234,272799234,144999117
# status f = 175331297,0,1 : PASS_RHO (rho 0.87527, T 1703.7, 0s)
f = 185039730,0,1 | route RHO | claimed 0.84096010065772909371 | coeffs 76699091,169908149,169908149,132837034,132837034,130397194,130397194,256265258,256265258,173232175,173232175,-107133768,-107133768,-104686276,-104686276,114291561,114291561,-157862934,-157862934,-27918982,-27918982,81386237,81386237,127347041,127347041,-6190309,-6190309,-146402818,-146402818,-224572077,-224572077,-392652955,-392652955,-41304690,-41304690,-229346,-229346,73623860,73623860,257532219,257532219,203776650,203776650,113700702,113700702,2138097,2138097,180053552,180053552,347804515,347804515,475604632,475604632,421801809,421801809,356472378,356472378,422448632,422448632,248942495,248942495,108872934,108872934,-76699091
f = 185039730,0,1 | route T | claimed 1446.8722221013657676 | coeffs 420893477,369153271,369153271,317008943,317008943,241883063,241883063,176204830,176204830,-701782,-701782,-51547249,-51547249,-73088962,-73088962,106451361,106451361,104792866,104792866,114589315,114589315,246243802,246243802,249644277,249644277,160420183,160420183,-3610129,-3610129,-276359510,-276359510,-237629900,-237629900,-244986509,-244986509,-502509060,-502509060,-422876452,-422876452,-53286415,-53286415,108296405,108296405,162067949,162067949,395492834,395492834,272905491,272905491,421122823,421122823,295529411,295529411,59476724,59476724,38106413,38106413,62504128,62504128,-2839879,-2839879,-231600801,-231600801,-420893477
# status f = 185039730,0,1 : PASS_RHO (rho 0.84096, T 1446.9, 0s)
f = 188550402,0,1 | route RHO | claimed 0.848612376946728454 | coeffs 795640927,669772863,669772863,576563805,576563805,403057668,403057668,349254845,349254845,527170300,527170300,473414731,473414731,514490075,514490075,436320816,436320816,482281620,482281620,210127125,210127125,-70238818,-70238818,-72678658,-72678658,112893367,112893367,46917113,46917113,-80883004,-80883004,30679601,30679601,-153228758,-153228758,-504577023,-504577023,-364364514,-364364514,-473669733,-473669733,-692647570,-692647570,-609614487,-609614487,-572543372,-572543372,-712612933,-712612933,-777942364,-777942364,-610191401,-610191401,-700267349,-700267349,-626414143,-626414143,-794495021,-794495021,-928032371,-928032371,-798088419,-798088419,-795640927
f = 188550402,0,1 | route T | claimed 1389.0633607384619521 | coeffs 70238818,70238818,72678658,72678658,-112893367,-112893367,-46917113,-46917113,80883004,80883004,-30679601,-30679601,153228758,153228758,504577023,504577023,364364514,364364514,473669733,473669733,692647570,692647570,609614487,609614487,572543372,572543372,712612933,712612933,777942364,777942364,610191401,610191401,700267349,700267349,626414143,626414143,794495021,794495021,928032371,928032371,798088419,798088419,795640927,795640927,669772863,669772863,576563805,576563805,403057668,403057668,349254845,349254845,527170300,527170300,473414731,473414731,514490075,514490075,436320816,436320816,482281620,482281620,210127125,210127125
# status f = 188550402,0,1 : PASS_RHO (rho 0.84861, T 1389.1, 0s)
f = 257576088,0,1 | route RHO | claimed 0.8836601145962978183 | coeffs -182985760,-182985760,-57117696,-57117696,82951865,82951865,-44848252,-44848252,8907317,8907317,176988195,176988195,67682976,67682976,348048919,348048919,254839861,254839861,189510430,189510430,77947825,77947825,119023169,119023169,-14514181,-14514181,204463656,204463656,202023816,202023816,375529953,375529953,207778990,207778990,23870631,23870631,102039890,102039890,-27904062,-27904062,55129021,55129021,-130443004,-130443004,-184245827,-184245827,-274321775,-274321775,77026490,77026490,122987294,122987294,125434786,125434786,88363671,88363671,22387417,22387417,-155528038,-155528038,-229381244,-229381244,-89168735,-89168735
f = 257576088,0,1 | route T | claimed 1711.517536372408325 | coeffs 82951865,82951865,-44848252,-44848252,8907317,8907317,176988195,176988195,67682976,67682976,348048919,348048919,254839861,254839861,189510430,189510430,77947825,77947825,119023169,119023169,-14514181,-14514181,204463656,204463656,202023816,202023816,375529953,375529953,207778990,207778990,23870631,23870631,102039890,102039890,-27904062,-27904062,55129021,55129021,-130443004,-130443004,-184245827,-184245827,-274321775,-274321775,77026490,77026490,122987294,122987294,125434786,125434786,88363671,88363671,22387417,22387417,-155528038,-155528038,-229381244,-229381244,-89168735,-89168735,182985760,182985760,57117696,57117696
# status f = 257576088,0,1 : PASS_RHO (rho 0.88366, T 1711.5, 0s)
f = 260865584,0,1 | route RHO | claimed 0.88977135818985469151 | coeffs 951050060,951050060,1017324529,1017324529,1119319345,1119319345,822794540,822794540,982326853,982326853,814357775,814357775,760606141,760606141,794237879,794237879,415299362,415299362,131020515,131020515,-11250729,-11250729,-37359737,-37359737,-259185277,-259185277,-95375438,-95375438,-243301566,-243301566,-363491276,-363491276,-319685992,-319685992,-315619991,-315619991,-334173684,-334173684,-684669792,-684669792,-726377492,-726377492,-755486360,-755486360,-826061750,-826061750,-782715952,-782715952,-658094695,-658094695,-673967461,-673967461,-736556875,-736556875,-810559473,-810559473,-829194430,-829194430,-809427318,-809427318,-851118425,-851118425,-972535305,-972535305
f = 260865584,0,1 | route T | claimed 2097.2870538827505458 | coeffs -183099191,-183099191,-197613372,-197613372,-140495676,-140495676,43750151,43750151,162773320,162773320,345759080,345759080,476202084,476202084,554149909,554149909,464981174,464981174,409852153,409852153,599362583,599362583,369981339,369981339,397885401,397885401,652725262,652725262,497197224,497197224,395157334,395157334,743206253,743206253,765593670,765593670,741723039,741723039,809406015,809406015,897769686,897769686,689990696,689990696,866978891,866978891,992413677,992413677,616883724,616883724,625791041,625791041,748778335,748778335,546754519,546754519,501906267,501906267,578932757,578932757,374469101,374469101,457420966,457420966
# status f = 260865584,0,1 : PASS_RHO (rho 0.88977, T 2097.3, 0s)
f = 320685304,0,1 | route RHO | claimed 0.87526599753910446421 | coeffs -295399425,-473314880,-473314880,-339777530,-339777530,-302706415,-302706415,-414269020,-414269020,-368308216,-368308216,-275099158,-275099158,-185023210,-185023210,-294328429,-294328429,-479900454,-479900454,-533656023,-533656023,-403712071,-403712071,-263642510,-263642510,-447550869,-447550869,-175396374,-175396374,-348902511,-348902511,-275049305,-275049305,-56071468,-56071468,-122047722,-122047722,-163123066,-163123066,-165570558,-165570558,-230899989,-230899989,120448276,120448276,-159917667,-159917667,-106114844,-106114844,61966034,61966034,144999117,144999117,272799234,272799234,194629975,194629975,320498039,320498039,152747076,152747076,292959585,292959585,295399425
f = 320685304,0,1 | route T | claimed 1783.1574831280275217 | coeffs 194629975,320498039,320498039,152747076,152747076,292959585,292959585,295399425,295399425,473314880,473314880,339777530,339777530,302706415,302706415,414269020,414269020,368308216,368308216,275099158,275099158,185023210,185023210,294328429,294328429,479900454,479900454,533656023,533656023,403712071,403712071,263642510,263642510,447550869,447550869,175396374,175396374,348902511,348902511,275049305,275049305,56071468,56071468,122047722,122047722,163123066,163123066,165570558,165570558,230899989,230899989,-120448276,-120448276,159917667,159917667,106114844,106114844,-61966034,-61966034,-144999117,-144999117,-272799234,-272799234,-194629975
# status f = 320685304,0,1 : PASS_RHO (rho 0.87527, T 1783.2, 0s)
f = 369193662,0,1 | route RHO | claimed 0.8836601145962978183 | coeffs 102039890,23870631,23870631,207778990,207778990,375529953,375529953,202023816,202023816,204463656,204463656,-14514181,-14514181,119023169,119023169,77947825,77947825,189510430,189510430,254839861,254839861,348048919,348048919,67682976,67682976,176988195,176988195,8907317,8907317,-44848252,-44848252,82951865,82951865,-57117696,-57117696,-182985760,-182985760,89168735,89168735,229381244,229381244,155528038,155528038,-22387417,-22387417,-88363671,-88363671,-125434786,-125434786,-122987294,-122987294,-77026490,-77026490,274321775,274321775,184245827,184245827,130443004,130443004,-55129021,-55129021,27904062,27904062,-102039890
f = 369193662,0,1 | route T | claimed 1987.4500597680871196 | coeffs 740088715,720321603,720321603,698836358,698836358,402311553,402311553,348559919,348559919,64281072,64281072,-157544468,-157544468,-277734178,-277734178,-296287871,-296287871,-325396739,-325396739,-200775482,-200775482,-274778080,-274778080,-316469187,-316469187,-382743656,-382743656,-542275969,-542275969,-575907707,-575907707,-433636463,-433636463,-597446302,-597446302,-641251586,-641251586,-290755478,-290755478,-220180088,-220180088,-204307322,-204307322,-185672365,-185672365,-64255485,-64255485,37739331,37739331,-130229747,-130229747,-509168264,-509168264,-535277272,-535277272,-683203400,-683203400,-679137399,-679137399,-720845099,-720845099,-677499301,-677499301,-740088715
# status f = 369193662,0,1 : PASS_RHO (rho 0.88366, T 1987.5, 0s)
f = 373749956,0,1 | route RHO | claimed 0.848612376946728454 | coeffs 572543372,572543372,609614487,609614487,692647570,692647570,473669733,473669733,364364514,364364514,504577023,504577023,153228758,153228758,-30679601,-30679601,80883004,80883004,-46917113,-46917113,-112893367,-112893367,72678658,72678658,70238818,70238818,-210127125,-210127125,-482281620,-482281620,-436320816,-436320816,-514490075,-514490075,-473414731,-473414731,-527170300,-527170300,-349254845,-349254845,-403057668,-403057668,-576563805,-576563805,-669772863,-669772863,-795640927,-795640927,-798088419,-798088419,-928032371,-928032371,-794495021,-794495021,-626414143,-626414143,-700267349,-700267349,-610191401,-610191401,-777942364,-777942364,-712612933,-712612933
f = 373749956,0,1 | route T | claimed 1490.2848010609458455 | coeffs 17698563,17698563,85475486,85475486,355488999,355488999,184880534,184880534,-66233427,-66233427,226597616,226597616,245826887,245826887,273365341,273365341,559384175,559384175,603222973,603222973,528731483,528731483,739564683,739564683,586563100,586563100,291685856,291685856,434338205,434338205,363355883,363355883,451602019,451602019,517203820,517203820,467572962,467572962,360521364,360521364,599848958,599848958,419493663,419493663,192930543,192930543,94282185,94282185,233452047,233452047,281150852,281150852,324673688,324673688,400862071,400862071,445240176,445240176,223356475,223356475,123703544,123703544,-59581462,-59581462
# status f = 373749956,0,1 : PASS_RHO (rho 0.84861, T 1490.3, 0s)
f = 374057253,0,1 | route RHO | claimed 0.89792224556131550164 | coeffs -238452404,-258219516,-258219516,-382840773,-382840773,-32344665,-32344665,115581463,115581463,399860310,399860310,240327997,240327997,118911117,118911117,56321703,56321703,27212835,27212835,71018119,71018119,44909111,44909111,-8842523,-8842523,57431946,57431946,76066903,76066903,32721105,32721105,51274798,51274798,-112535041,-112535041,266403476,266403476,562928281,562928281,521237174,521237174,505364408,505364408,463656708,463656708,343466998,343466998,201195754,201195754,33226676,33226676,11741431,11741431,85744029,85744029,156319419,156319419,152253418,152253418,374078958,374078958,340447220,340447220,238452404
f = 374057253,0,1 | route T | claimed 1659.6542673194972146 | coeffs 118911117,56321703,56321703,27212835,27212835,71018119,71018119,44909111,44909111,-8842523,-8842523,57431946,57431946,76066903,76066903,32721105,32721105,51274798,51274798,-112535041,-112535041,266403476,266403476,562928281,562928281,521237174,521237174,505364408,505364408,463656708,463656708,343466998,343466998,201195754,201195754,33226676,33226676,11741431,11741431,85744029,85744029,156319419,156319419,152253418,152253418,374078958,374078958,340447220,340447220,238452404,238452404,258219516,258219516,382840773,382840773,32344665,32344665,-115581463,-115581463,-399860310,-399860310,-240327997,-240327997,-118911117
# status f = 374057253,0,1 : PASS_RHO (rho 0.89792, T 1659.7, 0s)
f = 398994193,0,1 | route RHO | claimed 0.82959809501206705161 | coeffs 970142603,970142603,793235991,793235991,423645954,423645954,498771834,498771834,241249283,241249283,189509077,189509077,150779467,150779467,-77981455,-77981455,-242011767,-242011767,-266409482,-266409482,-269809957,-269809957,-505862644,-505862644,-496066195,-496066195,-644283527,-644283527,-823823850,-823823850,-590398965,-590398965,-641244432,-641244432,-802827252,-802827252,-737149019,-737149019,-657516411,-657516411,-709660739,-709660739,-702304130,-702304130,-891596806,-891596806,-1164346187,-1164346187,-1099002180,-1099002180,-1009778086,-1009778086,-1031148397,-1031148397,-899493910,-899493910,-773900498,-773900498,-772242003,-772242003,-894829346,-894829346,-916371059,-916371059
f = 398994193,0,1 | route T | claimed 1343.212926721433163 | coeffs -189509077,-150779467,-150779467,77981455,77981455,242011767,242011767,266409482,266409482,269809957,269809957,505862644,505862644,496066195,496066195,644283527,644283527,823823850,823823850,590398965,590398965,641244432,641244432,802827252,802827252,737149019,737149019,657516411,657516411,709660739,709660739,702304130,702304130,891596806,891596806,1164346187,1164346187,1099002180,1099002180,1009778086,1009778086,1031148397,1031148397,899493910,899493910,773900498,773900498,772242003,772242003,894829346,894829346,916371059,916371059,970142603,970142603,793235991,793235991,423645954,423645954,498771834,498771834,241249283,241249283,189509077
# status f = 398994193,0,1 : PASS_RHO (rho 0.82960, T 1343.2, 0s)
f = 453600294,0,1 | route RHO | claimed 0.84296461312694583023 | coeffs -208348216,-128715608,-128715608,-125315133,-125315133,-302221745,-302221745,-236877738,-236877738,-470302623,-470302623,-509032233,-509032233,-507373738,-507373738,-455229410,-455229410,-691282097,-691282097,-321692060,-321692060,-410916154,-410916154,-461761621,-461761621,-233000699,-233000699,-110413356,-110413356,-103056747,-103056747,-112853196,-112853196,-37727316,-37727316,-59097627,-59097627,102485193,102485193,-61545119,-61545119,-83086832,-83086832,106205844,106205844,-42011488,-42011488,215511063,215511063,83856576,83856576,149534809,149534809,173932524,173932524,227704068,227704068,-45045313,-45045313,134495010,134495010,82754804,82754804,208348216
f = 453600294,0,1 | route T | claimed 1370.7802625168705453 | coeffs 102485193,102485193,-61545119,-61545119,-83086832,-83086832,106205844,106205844,-42011488,-42011488,215511063,215511063,83856576,83856576,149534809,149534809,173932524,173932524,227704068,227704068,-45045313,-45045313,134495010,134495010,82754804,82754804,208348216,208348216,128715608,128715608,125315133,125315133,302221745,302221745,236877738,236877738,470302623,470302623,509032233,509032233,507373738,507373738,455229410,455229410,691282097,691282097,321692060,321692060,410916154,410916154,461761621,461761621,233000699,233000699,110413356,110413356,103056747,103056747,112853196,112853196,37727316,37727316,59097627,59097627
# status f = 453600294,0,1 : PASS_RHO (rho 0.84296, T 1370.8, 0s)
f = 475272209,0,1 | route RHO | claimed 0.84096010065772909371 | coeffs -104686276,-104686276,-107133768,-107133768,173232175,173232175,256265258,256265258,130397194,130397194,132837034,132837034,169908149,169908149,76699091,76699091,-108872934,-108872934,-248942495,-248942495,-422448632,-422448632,-356472378,-356472378,-421801809,-421801809,-475604632,-475604632,-347804515,-347804515,-180053552,-180053552,-2138097,-2138097,-113700702,-113700702,-203776650,-203776650,-257532219,-257532219,-73623860,-73623860,229346,229346,41304690,41304690,392652955,392652955,224572077,224572077,146402818,146402818,6190309,6190309,-127347041,-127347041,-81386237,-81386237,27918982,27918982,157862934,157862934,-114291561,-114291561
f = 475272209,0,1 | route T | claimed 1950.7944174055371004 | coeffs 62504128,62504128,38106413,38106413,59476724,59476724,295529411,295529411,421122823,421122823,272905491,272905491,395492834,395492834,162067949,162067949,108296405,108296405,-53286415,-53286415,-422876452,-422876452,-502509060,-502509060,-244986509,-244986509,-237629900,-237629900,-276359510,-276359510,-3610129,-3610129,160420183,160420183,249644277,249644277,246243802,246243802,114589315,114589315,104792866,104792866,106451361,106451361,-73088962,-73088962,-51547249,-51547249,-701782,-701782,176204830,176204830,241883063,241883063,317008943,317008943,369153271,369153271,420893477,420893477,231600801,231600801,2839879,2839879
# status f = 475272209,0,1 : PASS_RHO (rho 0.84096, T 1950.8, 0s)
f = 525863984,0,1 | route RHO | claimed 0.8893318796653739207 | coeffs 183268145,347298457,347298457,258074363,258074363,254673888,254673888,386328375,386328375,376531926,376531926,374873431,374873431,195333108,195333108,173791395,173791395,224636862,224636862,47730250,47730250,113408483,113408483,38282603,38282603,90426931,90426931,38686725,38686725,-150605951,-150605951,78154971,78154971,12810964,12810964,-11586751,-11586751,-32957062,-32957062,203095625,203095625,77502213,77502213,-70715119,-70715119,-193302462,-193302462,-426727347,-426727347,-372955803,-372955803,-534538623,-534538623,-164948586,-164948586,-244581194,-244581194,-502103745,-502103745,-494747136,-494747136,-456017526,-456017526,-183268145
f = 525863984,0,1 | route T | claimed 2371.6326965751955447 | coeffs 164948586,244581194,244581194,502103745,502103745,494747136,494747136,456017526,456017526,183268145,183268145,347298457,347298457,258074363,258074363,254673888,254673888,386328375,386328375,376531926,376531926,374873431,374873431,195333108,195333108,173791395,173791395,224636862,224636862,47730250,47730250,113408483,113408483,38282603,38282603,90426931,90426931,38686725,38686725,-150605951,-150605951,78154971,78154971,12810964,12810964,-11586751,-11586751,-32957062,-32957062,203095625,203095625,77502213,77502213,-70715119,-70715119,-193302462,-193302462,-426727347,-426727347,-372955803,-372955803,-534538623,-534538623,-164948586
# status f = 525863984,0,1 : PASS_RHO (rho 0.88933, T 2371.6, 0s)
f = 547535899,0,1 | route RHO | claimed 0.86695439656776197891 | coeffs -218306479,-342927736,-342927736,-309295998,-309295998,-379871388,-379871388,-211902310,-211902310,-170194610,-170194610,-466719415,-466719415,-485273108,-485273108,-551547577,-551547577,-595352861,-595352861,-473935981,-473935981,-621862109,-621862109,-602094997,-602094997,-380269457,-380269457,-306266859,-306266859,-448538103,-448538103,-464410869,-464410869,-85472352,-85472352,-128818150,-128818150,-182569784,-182569784,-211678652,-211678652,-371210965,-371210965,-20714857,-20714857,81279959,81279959,85345960,85345960,106831205,106831205,227020915,227020915,268712022,268712022,432521861,432521861,413886904,413886904,439995912,439995912,502585326,502585326,218306479
f = 547535899,0,1 | route T | claimed 1920.445984896183554 | coeffs -20714857,81279959,81279959,85345960,85345960,106831205,106831205,227020915,227020915,268712022,268712022,432521861,432521861,413886904,413886904,439995912,439995912,502585326,502585326,218306479,218306479,342927736,342927736,309295998,309295998,379871388,379871388,211902310,211902310,170194610,170194610,466719415,466719415,485273108,485273108,551547577,551547577,595352861,595352861,473935981,473935981,621862109,621862109,602094997,602094997,380269457,380269457,306266859,306266859,448538103,448538103,464410869,464410869,85472352,85472352,128818150,128818150,182569784,182569784,211678652,211678652,371210965,371210965,20714857
# status f = 547535899,0,1 : PASS_RHO (rho 0.86695, T 1920.4, 0s)
f = 602142000,0,1 | route RHO | claimed 0.8394631209428399765 | coeffs 97489181,4280123,4280123,172361001,172361001,312430562,312430562,172218053,172218053,238194307,238194307,192233503,192233503,246036326,246036326,375980278,375980278,543731241,543731241,324753404,324753404,436316009,436316009,155950066,155950066,102194497,102194497,-23673567,-23673567,-97526773,-97526773,-134597888,-134597888,216750377,216750377,31178352,31178352,109347611,109347611,282853748,282853748,149316398,149316398,83986967,83986967,-25318252,-25318252,-153118369,-153118369,-425272864,-425272864,-247357409,-247357409,-249804901,-249804901,-159728953,-159728953,-242762036,-242762036,-58853677,-58853677,-56413837,-56413837,-97489181
f = 602142000,0,1 | route T | claimed 2142.8430598314238916 | coeffs 247357409,249804901,249804901,159728953,159728953,242762036,242762036,58853677,58853677,56413837,56413837,97489181,97489181,4280123,4280123,172361001,172361001,312430562,312430562,172218053,172218053,238194307,238194307,192233503,192233503,246036326,246036326,375980278,375980278,543731241,543731241,324753404,324753404,436316009,436316009,155950066,155950066,102194497,102194497,-23673567,-23673567,-97526773,-97526773,-134597888,-134597888,216750377,216750377,31178352,31178352,109347611,109347611,282853748,282853748,149316398,149316398,83986967,83986967,-25318252,-25318252,-153118369,-153118369,-425272864,-425272864,-247357409
# status f = 602142000,0,1 : PASS_RHO (rho 0.83946, T 2142.8, 0s)
f = 627078940,0,1 | route RHO | claimed 0.85150270093720892418 | coeffs 558732963,418663402,418663402,464624206,464624206,296873243,296873243,577239186,577239186,651092392,651092392,836664417,836664417,970201767,970201767,1098001884,1098001884,1100449376,1100449376,916541017,916541017,823331959,823331959,683119450,683119450,736922273,736922273,517944436,517944436,464188867,464188867,427117752,427117752,505287011,505287011,439957580,439957580,167803085,167803085,257879033,257879033,260318873,260318873,92237995,92237995,26261741,26261741,-103682211,-103682211,-215244816,-215244816,-89376752,-89376752,-440725017,-440725017,-614231154,-614231154,-504925935,-504925935,-682841390,-682841390,-599808307,-599808307,-558732963
f = 627078940,0,1 | route T | claimed 1632.0534777783028618 | coeffs -298815138,-298815138,-340506245,-340506245,-324633479,-324633479,-366341179,-366341179,-246151469,-246151469,-388422713,-388422713,-220453635,-220453635,-241938880,-241938880,-315941478,-315941478,-245366088,-245366088,-241300087,-241300087,-19474547,-19474547,14157191,14157191,-87837625,-87837625,-107604737,-107604737,17016520,17016520,367512628,367512628,219586500,219586500,503865347,503865347,663397660,663397660,541980780,541980780,604570194,604570194,575461326,575461326,531656042,531656042,505547034,505547034,559298668,559298668,625573137,625573137,606938180,606938180,563592382,563592382,545038689,545038689,381228850,381228850,2290333,2290333
# status f = 627078940,0,1 : PASS_RHO (rho 0.85150, T 1632.1, 0s)
f = 627386237,0,1 | route RHO | claimed 0.81673639152840190248 | coeffs -257408542,-115137298,-115137298,6279582,6279582,-35428118,-35428118,248850729,248850729,290541836,290541836,-59954272,-59954272,318984245,318984245,299217133,299217133,280663440,280663440,247031702,247031702,265666659,265666659,269732660,269732660,323484294,323484294,397486892,397486892,441292176,441292176,609261254,609261254,671850668,671850668,551660958,551660958,392128645,392128645,408001411,408001411,260075283,260075283,556600088,556600088,431978831,431978831,595788670,595788670,493793854,493793854,450448056,450448056,228622516,228622516,162348047,162348047,232923437,232923437,206814429,206814429,228299674,228299674,257408542
f = 627386237,0,1 | route T | claimed 1598.9017663770770322 | coeffs -35428118,-35428118,248850729,248850729,290541836,290541836,-59954272,-59954272,318984245,318984245,299217133,299217133,280663440,280663440,247031702,247031702,265666659,265666659,269732660,269732660,323484294,323484294,397486892,397486892,441292176,441292176,609261254,609261254,671850668,671850668,551660958,551660958,392128645,392128645,408001411,408001411,260075283,260075283,556600088,556600088,431978831,431978831,595788670,595788670,493793854,493793854,450448056,450448056,228622516,228622516,162348047,162348047,232923437,232923437,206814429,206814429,228299674,228299674,257408542,257408542,115137298,115137298,-6279582,-6279582
# status f = 627386237,0,1 : PASS_RHO (rho 0.81674, T 1598.9, 0s)
f = 631942531,0,1 | route RHO | claimed 0.84477183286158062132 | coeffs -251240355,-251240355,-200394888,-200394888,-68740401,-68740401,-107470011,-107470011,54112809,54112809,179706221,179706221,-49054701,-49054701,-114732934,-114732934,-113074439,-113074439,-277104751,-277104751,-356737359,-356737359,-479324702,-479324702,-503722417,-503722417,-451578089,-451578089,-473119802,-473119802,-476520277,-476520277,-483876886,-483876886,-537648430,-537648430,-773701117,-773701117,-584408441,-584408441,-407501829,-407501829,-397705380,-397705380,-124955999,-124955999,244634038,244634038,96416706,96416706,31072699,31072699,-44053181,-44053181,-223593504,-223593504,-312817598,-312817598,-55295047,-55295047,178129838,178129838,199500149,199500149
f = 631942531,0,1 | route T | claimed 1587.5938911787895904 | coeffs 178129838,199500149,199500149,251240355,251240355,200394888,200394888,68740401,68740401,107470011,107470011,-54112809,-54112809,-179706221,-179706221,49054701,49054701,114732934,114732934,113074439,113074439,277104751,277104751,356737359,356737359,479324702,479324702,503722417,503722417,451578089,451578089,473119802,473119802,476520277,476520277,483876886,483876886,537648430,537648430,773701117,773701117,584408441,584408441,407501829,407501829,397705380,397705380,124955999,124955999,-244634038,-244634038,-96416706,-96416706,-31072699,-31072699,44053181,44053181,223593504,223593504,312817598,312817598,55295047,55295047,-178129838
# status f = 631942531,0,1 : PASS_RHO (rho 0.84477, T 1587.6, 0s)
f = 680450889,0,1 | route RHO | claimed 0.84941357670879162108 | coeffs 325150069,325150069,621674874,621674874,551099484,551099484,266820637,266820637,285455594,285455594,405645304,405645304,303650488,303650488,274541620,274541620,-104396897,-104396897,-30394299,-30394299,117531829,117531829,51257360,51257360,9549660,9549660,43181398,43181398,105770812,105770812,-58039027,-58039027,-36553782,-36553782,-387049890,-387049890,-440801524,-440801524,-424928758,-424928758,-203103218,-203103218,-324520098,-324520098,-343073791,-343073791,-511042869,-511042869,-635664126,-635664126,-609555118,-609555118,-651246225,-651246225,-647180224,-647180224,-487647911,-487647911,-530993709,-530993709,-388722465,-388722465,-368955353,-368955353
f = 680450889,0,1 | route T | claimed 1557.1796483712012165 | coeffs 30394299,-117531829,-117531829,-51257360,-51257360,-9549660,-9549660,-43181398,-43181398,-105770812,-105770812,58039027,58039027,36553782,36553782,387049890,387049890,440801524,440801524,424928758,424928758,203103218,203103218,324520098,324520098,343073791,343073791,511042869,511042869,635664126,635664126,609555118,609555118,651246225,651246225,647180224,647180224,487647911,487647911,530993709,530993709,388722465,388722465,368955353,368955353,325150069,325150069,621674874,621674874,551099484,551099484,266820637,266820637,285455594,285455594,405645304,405645304,303650488,303650488,274541620,274541620,-104396897,-104396897,-30394299
# status f = 680450889,0,1 : PASS_RHO (rho 0.84941, T 1557.2, 0s)
f = 740270609,0,1 | route RHO | claimed 0.88088856300241006712 | coeffs -246111735,-319964941,-319964941,-449908893,-449908893,-543117951,-543117951,-365202496,-365202496,-443371755,-443371755,-723737698,-723737698,-789713952,-789713952,-973622311,-973622311,-1082927530,-1082927530,-1045856415,-1045856415,-878105452,-878105452,-1046186330,-1046186330,-1043738838,-1043738838,-870232701,-870232701,-816477132,-816477132,-862437936,-862437936,-859998096,-859998096,-732197979,-732197979,-380849714,-380849714,-161871877,-161871877,-21802316,-21802316,68273632,68273632,201810982,201810982,75942918,75942918,22140095,22140095,63215439,63215439,-208939056,-208939056,-23367031,-23367031,88195574,88195574,228408083,228408083,311441166,311441166,246111735
f = 740270609,0,1 | route T | claimed 1644.3525111503688579 | coeffs -292208376,-292208376,-169621033,-169621033,103128348,103128348,153973815,153973815,178371530,178371530,547961567,547961567,679616054,679616054,627471726,627471726,479254394,479254394,440524784,440524784,462066497,462066497,396722490,396722490,558305310,558305310,561705785,561705785,486579905,486579905,612173317,612173317,619529926,619529926,439989603,439989603,211228681,211228681,265000225,265000225,175776131,175776131,110097898,110097898,346150585,346150585,603673136,603673136,605331631,605331631,416038955,416038955,649463840,649463840,485433528,485433528,308526916,308526916,329897227,329897227,250264619,250264619,240468170,240468170
# status f = 740270609,0,1 : PASS_RHO (rho 0.88089, T 1644.4, 0s)
f = 743560105,0,1 | route RHO | claimed 0.84477183286158062132 | coeffs 773701117,537648430,537648430,483876886,483876886,476520277,476520277,473119802,473119802,451578089,451578089,503722417,503722417,479324702,479324702,356737359,356737359,277104751,277104751,113074439,113074439,114732934,114732934,49054701,49054701,-179706221,-179706221,-54112809,-54112809,107470011,107470011,68740401,68740401,200394888,200394888,251240355,251240355,199500149,199500149,178129838,178129838,-55295047,-55295047,-312817598,-312817598,-223593504,-223593504,-44053181,-44053181,31072699,31072699,96416706,96416706,244634038,244634038,-124955999,-124955999,-397705380,-397705380,-407501829,-407501829,-584408441,-584408441,-773701117
f = 743560105,0,1 | route T | claimed 1330.1345894245581499 | coeffs 312817598,223593504,223593504,44053181,44053181,-31072699,-31072699,-96416706,-96416706,-244634038,-244634038,124955999,124955999,397705380,397705380,407501829,407501829,584408441,584408441,773701117,773701117,537648430,537648430,483876886,483876886,476520277,476520277,473119802,473119802,451578089,451578089,503722417,503722417,479324702,479324702,356737359,356737359,277104751,277104751,113074439,113074439,114732934,114732934,49054701,49054701,-179706221,-179706221,-54112809,-54112809,107470011,107470011,68740401,68740401,200394888,200394888,251240355,251240355,199500149,199500149,178129838,178129838,-55295047,-55295047,-312817598
# status f = 743560105,0,1 : PASS_RHO (rho 0.84477, T 1330.1, 0s)
f = 812585791,0,1 | route RHO | claimed 0.81673639152840190248 | coeffs -59954272,-59954272,290541836,290541836,248850729,248850729,-35428118,-35428118,6279582,6279582,-115137298,-115137298,-257408542,-257408542,-228299674,-228299674,-206814429,-206814429,-232923437,-232923437,-162348047,-162348047,-228622516,-228622516,-450448056,-450448056,-493793854,-493793854,-595788670,-595788670,-431978831,-431978831,-556600088,-556600088,-260075283,-260075283,-408001411,-408001411,-392128645,-392128645,-551660958,-551660958,-671850668,-671850668,-609261254,-609261254,-441292176,-441292176,-397486892,-397486892,-323484294,-323484294,-269732660,-269732660,-265666659,-265666659,-247031702,-247031702,-280663440,-280663440,-299217133,-299217133,-318984245,-318984245
f = 812585791,0,1 | route T | claimed 1256.4360152038455425 | coeffs -6279582,115137298,115137298,257408542,257408542,228299674,228299674,206814429,206814429,232923437,232923437,162348047,162348047,228622516,228622516,450448056,450448056,493793854,493793854,595788670,595788670,431978831,431978831,556600088,556600088,260075283,260075283,408001411,408001411,392128645,392128645,551660958,551660958,671850668,671850668,609261254,609261254,441292176,441292176,397486892,397486892,323484294,323484294,269732660,269732660,265666659,265666659,247031702,247031702,280663440,280663440,299217133,299217133,318984245,318984245,-59954272,-59954272,290541836,290541836,248850729,248850729,-35428118,-35428118,6279582
# status f = 812585791,0,1 : PASS_RHO (rho 0.81674, T 1256.4, 0s)
f = 816096463,0,1 | route RHO | claimed 0.8893318796653739207 | coeffs 77502213,77502213,203095625,203095625,-32957062,-32957062,-11586751,-11586751,12810964,12810964,78154971,78154971,-150605951,-150605951,38686725,38686725,90426931,90426931,38282603,38282603,113408483,113408483,47730250,47730250,224636862,224636862,173791395,173791395,195333108,195333108,374873431,374873431,376531926,376531926,386328375,386328375,254673888,254673888,258074363,258074363,347298457,347298457,183268145,183268145,456017526,456017526,494747136,494747136,502103745,502103745,244581194,244581194,164948586,164948586,534538623,534538623,372955803,372955803,426727347,426727347,193302462,193302462,70715119,70715119
f = 816096463,0,1 | route T | claimed 1798.7370854658413643 | coeffs 38686725,38686725,90426931,90426931,38282603,38282603,113408483,113408483,47730250,47730250,224636862,224636862,173791395,173791395,195333108,195333108,374873431,374873431,376531926,376531926,386328375,386328375,254673888,254673888,258074363,258074363,347298457,347298457,183268145,183268145,456017526,456017526,494747136,494747136,502103745,502103745,244581194,244581194,164948586,164948586,534538623,534538623,372955803,372955803,426727347,426727347,193302462,193302462,70715119,70715119,-77502213,-77502213,-203095625,-203095625,32957062,32957062,11586751,11586751,-12810964,-12810964,-78154971,-78154971,150605951,150605951
# status f = 816096463,0,1 : PASS_RHO (rho 0.88933, T 1798.7, 0s)
f = 825804896,0,1 | route RHO | claimed 0.84941357670879162108 | coeffs -324520098,-203103218,-203103218,-424928758,-424928758,-440801524,-440801524,-387049890,-387049890,-36553782,-36553782,-58039027,-58039027,105770812,105770812,43181398,43181398,9549660,9549660,51257360,51257360,117531829,117531829,-30394299,-30394299,-104396897,-104396897,274541620,274541620,303650488,303650488,405645304,405645304,285455594,285455594,266820637,266820637,551099484,551099484,621674874,621674874,325150069,325150069,368955353,368955353,388722465,388722465,530993709,530993709,487647911,487647911,647180224,647180224,651246225,651246225,609555118,609555118,635664126,635664126,511042869,511042869,343073791,343073791,324520098
f = 825804896,0,1 | route T | claimed 1854.9155000861820865 | coeffs -58039027,105770812,105770812,43181398,43181398,9549660,9549660,51257360,51257360,117531829,117531829,-30394299,-30394299,-104396897,-104396897,274541620,274541620,303650488,303650488,405645304,405645304,285455594,285455594,266820637,266820637,551099484,551099484,621674874,621674874,325150069,325150069,368955353,368955353,388722465,388722465,530993709,530993709,487647911,487647911,647180224,647180224,651246225,651246225,609555118,609555118,635664126,635664126,511042869,511042869,343073791,343073791,324520098,324520098,203103218,203103218,424928758,424928758,440801524,440801524,387049890,387049890,36553782,36553782,58039027
# status f = 825804896,0,1 : PASS_RHO (rho 0.84941, T 1854.9, 0s)
f = 826349346,0,1 | route RHO | claimed 0.8394631209428399765 | coeffs -97526773,-23673567,-23673567,102194497,102194497,155950066,155950066,436316009,436316009,324753404,324753404,543731241,543731241,375980278,375980278,246036326,246036326,192233503,192233503,238194307,238194307,172218053,172218053,312430562,312430562,172361001,172361001,4280123,4280123,97489181,97489181,56413837,56413837,58853677,58853677,242762036,242762036,159728953,159728953,249804901,249804901,247357409,247357409,425272864,425272864,153118369,153118369,25318252,25318252,-83986967,-83986967,-149316398,-149316398,-282853748,-282853748,-109347611,-109347611,-31178352,-31178352,-216750377,-216750377,134597888,134597888,97526773
f = 826349346,0,1 | route T | claimed 1207.9110995129813418 | coeffs -23673567,-23673567,102194497,102194497,155950066,155950066,436316009,436316009,324753404,324753404,543731241,543731241,375980278,375980278,246036326,246036326,192233503,192233503,238194307,238194307,172218053,172218053,312430562,312430562,172361001,172361001,4280123,4280123,97489181,97489181,56413837,56413837,58853677,58853677,242762036,242762036,159728953,159728953,249804901,249804901,247357409,247357409,425272864,425272864,153118369,153118369,25318252,25318252,-83986967,-83986967,-149316398,-149316398,-282853748,-282853748,-109347611,-109347611,-31178352,-31178352,-216750377,-216750377,134597888,134597888,97526773,97526773
# status f = 826349346,0,1 : PASS_RHO (rho 0.83946, T 1207.9, 0s)
f = 855120289,0,1 | route RHO | claimed 0.88088856300241006712 | coeffs 63215439,63215439,22140095,22140095,75942918,75942918,201810982,201810982,68273632,68273632,-21802316,-21802316,-161871877,-161871877,-380849714,-380849714,-732197979,-732197979,-859998096,-859998096,-862437936,-862437936,-816477132,-816477132,-870232701,-870232701,-1043738838,-1043738838,-1046186330,-1046186330,-878105452,-878105452,-1045856415,-1045856415,-1082927530,-1082927530,-973622311,-973622311,-789713952,-789713952,-723737698,-723737698,-443371755,-443371755,-365202496,-365202496,-543117951,-543117951,-449908893,-449908893,-319964941,-319964941,-246111735,-246111735,-311441166,-311441166,-228408083,-228408083,-88195574,-88195574,23367031,23367031,208939056,208939056
f = 855120289,0,1 | route T | claimed 1824.7785971077118623 | coeffs -547961567,-547961567,-178371530,-178371530,-153973815,-153973815,-103128348,-103128348,169621033,169621033,292208376,292208376,240468170,240468170,250264619,250264619,329897227,329897227,308526916,308526916,485433528,485433528,649463840,649463840,416038955,416038955,605331631,605331631,603673136,603673136,346150585,346150585,110097898,110097898,175776131,175776131,265000225,265000225,211228681,211228681,439989603,439989603,619529926,619529926,612173317,612173317,486579905,486579905,561705785,561705785,558305310,558305310,396722490,396722490,462066497,462066497,440524784,440524784,479254394,479254394,627471726,627471726,679616054,679616054
# status f = 855120289,0,1 : PASS_RHO (rho 0.88089, T 1824.8, 0s)
f = 872952376,0,1 | route RHO | claimed 0.86695439656776197891 | coeffs 81279959,-20714857,-20714857,-371210965,-371210965,-211678652,-211678652,-182569784,-182569784,-128818150,-128818150,-85472352,-85472352,-464410869,-464410869,-448538103,-448538103,-306266859,-306266859,-380269457,-380269457,-602094997,-602094997,-621862109,-621862109,-473935981,-473935981,-595352861,-595352861,-551547577,-551547577,-485273108,-485273108,-466719415,-466719415,-170194610,-170194610,-211902310,-211902310,-379871388,-379871388,-309295998,-309295998,-342927736,-342927736,-218306479,-218306479,-502585326,-502585326,-439995912,-439995912,-413886904,-413886904,-432521861,-432521861,-268712022,-268712022,-227020915,-227020915,-106831205,-106831205,-85345960,-85345960,-81279959
f = 872952376,0,1 | route T | claimed 2278.9124079219052813 | coeffs 239156192,239156192,171379269,171379269,28726920,28726920,-47461463,-47461463,238557371,238557371,58202076,58202076,-211811437,-211811437,-140829115,-140829115,-185207220,-185207220,-141368422,-141368422,-367931542,-367931542,-197323077,-197323077,-285569213,-285569213,-63685512,-63685512,-138177002,-138177002,-236825360,-236825360,14288601,14288601,-51313200,-51313200,48339731,48339731,259172931,259172931,398342793,398342793,105511750,105511750,155142608,155142608,338427614,338427614,185426031,185426031,233124836,233124836,213895565,213895565,320947163,320947163,279064264,279064264,-15812980,-15812980,27709856,27709856,171402,171402
# status f = 872952376,0,1 : PASS_RHO (rho 0.86695, T 2278.9, 0s)
f = 886131679,0,1 | route RHO | claimed 0.89792224556131550164 | coeffs -71018119,-71018119,-27212835,-27212835,-56321703,-56321703,-118911117,-118911117,-240327997,-240327997,-399860310,-399860310,-115581463,-115581463,32344665,32344665,382840773,382840773,258219516,258219516,238452404,238452404,340447220,340447220,374078958,374078958,152253418,152253418,156319419,156319419,85744029,85744029,11741431,11741431,33226676,33226676,201195754,201195754,343466998,343466998,463656708,463656708,505364408,505364408,521237174,521237174,562928281,562928281,266403476,266403476,-112535041,-112535041,51274798,51274798,32721105,32721105,76066903,76066903,57431946,57431946,-8842523,-8842523,44909111,44909111
f = 886131679,0,1 | route T | claimed 2059.3464670040630316 | coeffs -512001359,-372831497,-372831497,-416670295,-416670295,-460193131,-460193131,-249359931,-249359931,-204981826,-204981826,89895418,89895418,189548349,189548349,118566027,118566027,160448926,160448926,94847125,94847125,364860638,364860638,257809040,257809040,508923001,508923001,689278296,689278296,708507567,708507567,609859209,609859209,323840375,323840375,276141570,276141570,201650080,201650080,277838463,277838463,430840046,430840046,652723747,652723747,795376096,795376096,612091090,612091090,523844954,523844954,591621877,591621877,541991019,541991019,712599484,712599484,473271890,473271890,766102933,766102933,539539813,539539813,512001359
# status f = 886131679,0,1 : PASS_RHO (rho 0.89792, T 2059.3, 0s)
# summary n = 7 l = 1001136193 : EXCLUSION_CANDIDATE ; PASS 32 / 32 ; OPEN_NEAR 0 ; OPEN_FAR 0 ; 12s
