# FAMILY WITNESS FILE (generator family_gen.sage r10). n = 7 ; l = 1000688449 ; m = 64 ; deg = 2 ; ncomp = 32 ; bar_T = 4224 ; L_n = 16.3328709449664096755483535644
# line: f = c0,...,c_deg (monic, over F_l) | route RHO|T | claimed (rho or T, float) | coeffs a_0..a_{m-1}
f = 49951533,0,1 | route RHO | claimed 0.90668029281700955041 | coeffs -401068906,-401068906,-144162759,-144162759,-283076275,-283076275,29107166,29107166,41226357,41226357,-242014634,-242014634,61660735,61660735,52582810,52582810,73966235,73966235,14439079,14439079,391929,391929,282825242,282825242,442229393,442229393,366608152,366608152,209628253,209628253,143547163,143547163,191089946,191089946,341009469,341009469,166274752,166274752,389233039,389233039,381218337,381218337,481206863,481206863,289858484,289858484,391087669,391087669,432432000,432432000,352749934,352749934,161258742,161258742,145150420,145150420,293095914,293095914,173048695,173048695,286046475,286046475,209859678,209859678
f = 49951533,0,1 | route T | claimed 1839.8425555544626151 | coeffs 61660735,61660735,52582810,52582810,73966235,73966235,14439079,14439079,391929,391929,282825242,282825242,442229393,442229393,366608152,366608152,209628253,209628253,143547163,143547163,191089946,191089946,341009469,341009469,166274752,166274752,389233039,389233039,381218337,381218337,481206863,481206863,289858484,289858484,391087669,391087669,432432000,432432000,352749934,352749934,161258742,161258742,145150420,145150420,293095914,293095914,173048695,173048695,286046475,286046475,209859678,209859678,401068906,401068906,144162759,144162759,283076275,283076275,-29107166,-29107166,-41226357,-41226357,242014634,242014634
# status f = 49951533,0,1 : PASS_RHO (rho 0.90668, T 1839.8, 1s)
f = 106320755,0,1 | route RHO | claimed 0.92152886810454477346 | coeffs 275374302,275374302,269720919,269720919,135923301,135923301,179153621,179153621,312663731,312663731,193619639,193619639,321507384,321507384,-144866689,-144866689,-34075269,-34075269,-36007690,-36007690,209165178,209165178,87193132,87193132,104320728,104320728,241434957,241434957,181636490,181636490,261395669,261395669,207391780,207391780,109303399,109303399,413371758,413371758,236286650,236286650,84556583,84556583,315447211,315447211,304207210,304207210,123341314,123341314,293038744,293038744,279559192,279559192,39997161,39997161,90541416,90541416,34470789,34470789,-11810892,-11810892,35055349,35055349,151090421,151090421
f = 106320755,0,1 | route T | claimed 2288.5718967022280705 | coeffs 275374302,275374302,269720919,269720919,135923301,135923301,179153621,179153621,312663731,312663731,193619639,193619639,321507384,321507384,-144866689,-144866689,-34075269,-34075269,-36007690,-36007690,209165178,209165178,87193132,87193132,104320728,104320728,241434957,241434957,181636490,181636490,261395669,261395669,207391780,207391780,109303399,109303399,413371758,413371758,236286650,236286650,84556583,84556583,315447211,315447211,304207210,304207210,123341314,123341314,293038744,293038744,279559192,279559192,39997161,39997161,90541416,90541416,34470789,34470789,-11810892,-11810892,35055349,35055349,151090421,151090421
# status f = 106320755,0,1 : PASS_RHO (rho 0.92153, T 2288.6, 0s)
f = 116257634,0,1 | route RHO | claimed 0.89651121000139152263 | coeffs 568286900,332842891,332842891,389991707,389991707,464552105,464552105,315164423,315164423,418776572,418776572,366746177,366746177,391799662,391799662,273209840,273209840,317070824,317070824,321606016,321606016,375387771,375387771,384499325,384499325,366917131,366917131,455349819,455349819,394360739,394360739,271136937,271136937,239009692,239009692,-85463513,-85463513,220830450,220830450,94083308,94083308,-79809791,-79809791,-152276627,-152276627,-500390325,-500390325,-421778869,-421778869,-748984313,-748984313,-712034381,-712034381,-908476758,-908476758,-706870142,-706870142,-484179483,-484179483,-464060254,-464060254,-516534262,-516534262,-568286900
f = 116257634,0,1 | route T | claimed 2237.9243870956667212 | coeffs 421778869,421778869,748984313,748984313,712034381,712034381,908476758,908476758,706870142,706870142,484179483,484179483,464060254,464060254,516534262,516534262,568286900,568286900,332842891,332842891,389991707,389991707,464552105,464552105,315164423,315164423,418776572,418776572,366746177,366746177,391799662,391799662,273209840,273209840,317070824,317070824,321606016,321606016,375387771,375387771,384499325,384499325,366917131,366917131,455349819,455349819,394360739,394360739,271136937,271136937,239009692,239009692,-85463513,-85463513,220830450,220830450,94083308,94083308,-79809791,-79809791,-152276627,-152276627,-500390325,-500390325
# status f = 116257634,0,1 : PASS_RHO (rho 0.89651, T 2237.9, 0s)
f = 196251729,0,1 | route RHO | claimed 0.89651121000139152263 | coeffs 94083308,94083308,220830450,220830450,-85463513,-85463513,239009692,239009692,271136937,271136937,394360739,394360739,455349819,455349819,366917131,366917131,384499325,384499325,375387771,375387771,321606016,321606016,317070824,317070824,273209840,273209840,391799662,391799662,366746177,366746177,418776572,418776572,315164423,315164423,464552105,464552105,389991707,389991707,332842891,332842891,568286900,568286900,516534262,516534262,464060254,464060254,484179483,484179483,706870142,706870142,908476758,908476758,712034381,712034381,748984313,748984313,421778869,421778869,500390325,500390325,152276627,152276627,79809791,79809791
f = 196251729,0,1 | route T | claimed 2373.8851605749728206 | coeffs -145926516,-145926516,-63253456,-63253456,-25599358,-25599358,295416195,295416195,216918610,216918610,299482915,299482915,237569568,237569568,495641363,495641363,405204908,405204908,367186323,367186323,290041623,290041623,370403413,370403413,328844109,328844109,670425207,670425207,869899485,869899485,694754630,694754630,640528518,640528518,988973488,988973488,658158090,658158090,714901578,714901578,534668111,534668111,472560840,472560840,365292481,365292481,406205573,406205573,457498208,457498208,578293660,578293660,639574760,639574760,353182166,353182166,363156631,363156631,443426511,443426511,289749725,289749725,394570257,394570257
# status f = 196251729,0,1 : PASS_RHO (rho 0.89651, T 2373.9, 0s)
f = 222045892,0,1 | route RHO | claimed 0.93272286791965544935 | coeffs 37402339,37402339,-85821463,-85821463,-282263840,-282263840,-230233445,-230233445,-198106200,-198106200,-399712816,-399712816,-374659331,-374659331,-699132536,-699132536,-476441877,-476441877,-357852055,-357852055,-664146018,-664146018,-684265247,-684265247,-640404263,-640404263,-767151405,-767151405,-819625413,-819625413,-824160605,-824160605,-650267506,-650267506,-598514868,-598514868,-544733113,-544733113,-617199949,-617199949,-381755940,-381755940,-390867494,-390867494,-42753796,-42753796,14395020,14395020,-3187174,-3187174,75424282,75424282,863884,863884,-87568804,-87568804,239636640,239636640,90248958,90248958,29259878,29259878,66209810,66209810
f = 222045892,0,1 | route T | claimed 2502.1499338072409803 | coeffs 66209810,-37402339,-37402339,85821463,85821463,282263840,282263840,230233445,230233445,198106200,198106200,399712816,399712816,374659331,374659331,699132536,699132536,476441877,476441877,357852055,357852055,664146018,664146018,684265247,684265247,640404263,640404263,767151405,767151405,819625413,819625413,824160605,824160605,650267506,650267506,598514868,598514868,544733113,544733113,617199949,617199949,381755940,381755940,390867494,390867494,42753796,42753796,-14395020,-14395020,3187174,3187174,-75424282,-75424282,-863884,-863884,87568804,87568804,-239636640,-239636640,-90248958,-90248958,-29259878,-29259878,-66209810
# status f = 222045892,0,1 : PASS_RHO (rho 0.93272, T 2502.1, 0s)
f = 225708020,0,1 | route RHO | claimed 0.96336382767622600818 | coeffs 138980706,12233564,12233564,-335880134,-335880134,-298930202,-298930202,-76239543,-76239543,-127992181,-127992181,-202552579,-202552579,-150522184,-150522184,-194383168,-194383168,-203494722,-203494722,-142505642,-142505642,181967563,181967563,355860662,355860662,277249206,277249206,473691583,473691583,453572354,453572354,218128345,218128345,68740663,68740663,93794148,93794148,98329340,98329340,80747146,80747146,-42476656,-42476656,263817307,263817307,191350471,191350471,-135854973,-135854973,65751643,65751643,13277635,13277635,-43871181,-43871181,-147483330,-147483330,-28893508,-28893508,-82675263,-82675263,-171107951,-171107951,-138980706
f = 225708020,0,1 | route T | claimed 2266.0789530763907957 | coeffs -599967636,-103983767,-103983767,-131367959,-131367959,233852843,233852843,387956038,387956038,465258823,465258823,412825520,412825520,411569641,411569641,482261352,482261352,409641524,409641524,268676745,268676745,534478125,534478125,447793652,447793652,734503286,734503286,812475497,812475497,824020464,824020464,896596497,896596497,879089713,879089713,1018225173,1018225173,990797618,990797618,1050611944,1050611944,994322554,994322554,856410817,856410817,974342026,974342026,878091813,878091813,576889986,576889986,552511640,552511640,561314220,561314220,634293161,634293161,661903240,661903240,739458543,739458543,723661736,723661736,599967636
# status f = 225708020,0,1 : PASS_RHO (rho 0.96336, T 2266.1, 0s)
f = 261696429,0,1 | route RHO | claimed 0.95812174059043866549 | coeffs -82046433,-82046433,-66249626,-66249626,72885834,72885834,-4416951,-4416951,91833262,91833262,357634642,357634642,435189945,435189945,452696729,452696729,606799924,606799924,724731133,724731133,865695912,865695912,838085833,838085833,910661866,910661866,545441064,545441064,683352801,683352801,610732973,610732973,683711914,683711914,672166947,672166947,644782755,644782755,588493365,588493365,517801654,517801654,508999074,508999074,586971285,586971285,90987416,90987416,31173090,31173090,29917211,29917211,5538865,5538865,-281170769,-281170769,-157476669,-157476669,-184904224,-184904224,-132470921,-132470921,168730906,168730906
f = 261696429,0,1 | route T | claimed 2631.4343405907518974 | coeffs 917715337,917715337,990486473,990486473,758615486,758615486,706704331,706704331,727028025,727028025,371536797,371536797,375931196,375931196,292595520,292595520,126504067,126504067,-36635238,-36635238,-4396818,-4396818,-276323719,-276323719,-208056329,-208056329,-264183871,-264183871,-254577838,-254577838,-340568774,-340568774,-517497001,-517497001,-756820954,-756820954,-556845065,-556845065,-508089888,-508089888,-604213149,-604213149,-711961635,-711961635,-686043018,-686043018,-299299179,-299299179,-613903575,-613903575,-360328410,-360328410,-440746396,-440746396,-399718791,-399718791,-437424279,-437424279,-481388732,-481388732,-614652709,-614652709,-576979276,-576979276
# status f = 261696429,0,1 : PASS_RHO (rho 0.95812, T 2631.4, 0s)
f = 262665466,0,1 | route RHO | claimed 0.93726441450685401993 | coeffs -367253744,-367253744,-515199238,-515199238,-292240951,-292240951,-278193801,-278193801,-21287654,-21287654,20056677,20056677,86137767,86137767,389813136,389813136,269765917,269765917,277780619,277780619,560213932,560213932,699127448,699127448,778809514,778809514,826352297,826352297,835430222,835430222,722432442,722432442,822420968,822420968,663016817,663016817,975200258,975200258,783709066,783709066,633789543,633789543,655172968,655172968,578986171,578986171,770334550,770334550,694713309,694713309,682594118,682594118,698702440,698702440,523967723,523967723,583494879,583494879,392285651,392285651,493514836,493514836,650494735,650494735
f = 262665466,0,1 | route T | claimed 2297.911599641566562 | coeffs 349562695,349562695,376946887,376946887,394453671,394453671,518147771,518147771,529692738,529692738,607248041,607248041,320538407,320538407,247559466,247559466,513360846,513360846,488982500,488982500,561602328,561602328,657852541,657852541,656596662,656596662,518684925,518684925,441382140,441382140,381567814,381567814,746788616,746788616,885924076,885924076,389940207,389940207,317364174,317364174,333160981,333160981,411133192,411133192,438743271,438743271,525427744,525427744,516625164,516625164,375660385,375660385,74458558,74458558,3766847,3766847,-114164362,-114164362,-166597665,-166597665,-222887055,-222887055,-376990250,-376990250
# status f = 262665466,0,1 : PASS_RHO (rho 0.93726, T 2297.9, 0s)
f = 277897819,0,1 | route RHO | claimed 0.91632257103848179732 | coeffs 546608182,546608182,219402738,219402738,239521967,239521967,164961569,164961569,283551391,283551391,301133585,301133585,625606790,625606790,973720488,973720488,772113872,772113872,536669863,536669863,484639468,484639468,538421223,538421223,415197421,415197421,241304322,241304322,278254254,278254254,225780246,225780246,375167928,375167928,331306944,331306944,242874256,242874256,-63419707,-63419707,-142031163,-142031163,-364721822,-364721822,-307573006,-307573006,-282519521,-282519521,-273407967,-273407967,-305535212,-305535212,-378002048,-378002048,-574444425,-574444425,-626197063,-626197063,-729809212,-729809212,-734344404,-734344404,-673355324,-673355324
f = 277897819,0,1 | route T | claimed 1866.2443002029947498 | coeffs -242874256,-242874256,63419707,63419707,142031163,142031163,364721822,364721822,307573006,307573006,282519521,282519521,273407967,273407967,305535212,305535212,378002048,378002048,574444425,574444425,626197063,626197063,729809212,729809212,734344404,734344404,673355324,673355324,546608182,546608182,219402738,219402738,239521967,239521967,164961569,164961569,283551391,283551391,301133585,301133585,625606790,625606790,973720488,973720488,772113872,772113872,536669863,536669863,484639468,484639468,538421223,538421223,415197421,415197421,241304322,241304322,278254254,278254254,225780246,225780246,375167928,375167928,331306944,331306944
# status f = 277897819,0,1 : PASS_RHO (rho 0.91632, T 1866.2, 0s)
f = 286871365,0,1 | route RHO | claimed 0.93726441450685401993 | coeffs 560213932,560213932,277780619,277780619,269765917,269765917,389813136,389813136,86137767,86137767,20056677,20056677,-21287654,-21287654,-278193801,-278193801,-292240951,-292240951,-515199238,-515199238,-367253744,-367253744,-650494735,-650494735,-493514836,-493514836,-392285651,-392285651,-583494879,-583494879,-523967723,-523967723,-698702440,-698702440,-682594118,-682594118,-694713309,-694713309,-770334550,-770334550,-578986171,-578986171,-655172968,-655172968,-633789543,-633789543,-783709066,-783709066,-975200258,-975200258,-663016817,-663016817,-822420968,-822420968,-722432442,-722432442,-835430222,-835430222,-826352297,-826352297,-778809514,-778809514,-699127448,-699127448
f = 286871365,0,1 | route T | claimed 2324.1264242003408794 | coeffs -529692738,-529692738,-518147771,-518147771,-394453671,-394453671,-376946887,-376946887,-349562695,-349562695,-376990250,-376990250,-222887055,-222887055,-166597665,-166597665,-114164362,-114164362,3766847,3766847,74458558,74458558,375660385,375660385,516625164,516625164,525427744,525427744,438743271,438743271,411133192,411133192,333160981,333160981,317364174,317364174,389940207,389940207,885924076,885924076,746788616,746788616,381567814,381567814,441382140,441382140,518684925,518684925,656596662,656596662,657852541,657852541,561602328,561602328,488982500,488982500,513360846,513360846,247559466,247559466,320538407,320538407,607248041,607248041
# status f = 286871365,0,1 : PASS_RHO (rho 0.93726, T 2324.1, 0s)
f = 326883677,0,1 | route RHO | claimed 0.86476603047455222714 | coeffs 125706309,125706309,134817863,134817863,-87872796,-87872796,-176305484,-176305484,-228779492,-228779492,-352003294,-352003294,-587447303,-587447303,-262974098,-262974098,-337534496,-337534496,-464281638,-464281638,-360669489,-360669489,-288202653,-288202653,-313256138,-313256138,-234644682,-234644682,-190783698,-190783698,-227733630,-227733630,-281515385,-281515385,-79908769,-79908769,-97490963,-97490963,-117610192,-117610192,-56621112,-56621112,-108373750,-108373750,-140500995,-140500995,-83352179,-83352179,-389646142,-389646142,-240258460,-240258460,-414151559,-414151559,-466181954,-466181954,-118068256,-118068256,521566,521566,-326683878,-326683878,-322148686,-322148686
f = 326883677,0,1 | route T | claimed 1616.8860772958017166 | coeffs -134817863,-134817863,87872796,87872796,176305484,176305484,228779492,228779492,352003294,352003294,587447303,587447303,262974098,262974098,337534496,337534496,464281638,464281638,360669489,360669489,288202653,288202653,313256138,313256138,234644682,234644682,190783698,190783698,227733630,227733630,281515385,281515385,79908769,79908769,97490963,97490963,117610192,117610192,56621112,56621112,108373750,108373750,140500995,140500995,83352179,83352179,389646142,389646142,240258460,240258460,414151559,414151559,466181954,466181954,118068256,118068256,-521566,-521566,326683878,326683878,322148686,322148686,125706309,125706309
# status f = 326883677,0,1 : PASS_RHO (rho 0.86477, T 1616.9, 0s)
f = 331586535,0,1 | route RHO | claimed 0.96336382767622600818 | coeffs -135854973,191350471,191350471,263817307,263817307,-42476656,-42476656,80747146,80747146,98329340,98329340,93794148,93794148,68740663,68740663,218128345,218128345,453572354,453572354,473691583,473691583,277249206,277249206,355860662,355860662,181967563,181967563,-142505642,-142505642,-203494722,-203494722,-194383168,-194383168,-150522184,-150522184,-202552579,-202552579,-127992181,-127992181,-76239543,-76239543,-298930202,-298930202,-335880134,-335880134,12233564,12233564,138980706,138980706,171107951,171107951,82675263,82675263,28893508,28893508,147483330,147483330,43871181,43871181,-13277635,-13277635,-65751643,-65751643,135854973
f = 331586535,0,1 | route T | claimed 2817.4506958229769124 | coeffs 23713598,32791523,32791523,189771422,189771422,89782896,89782896,-58162598,-58162598,254020843,254020843,239973693,239973693,389893216,389893216,431237547,431237547,355050750,355050750,51375381,51375381,126996622,126996622,135011324,135011324,151119646,151119646,12206130,12206130,-47321026,-47321026,221757,221757,101450942,101450942,214448722,214448722,497689713,497689713,338285562,338285562,115327275,115327275,306818467,306818467,563724614,563724614,585108039,585108039,519026949,519026949,327678570,327678570,207631351,207631351,195512160,195512160,-86921153,-86921153,87813564,87813564,167495630,167495630,-23713598
# status f = 331586535,0,1 : PASS_RHO (rho 0.96336, T 2817.5, 1s)
f = 372530887,0,1 | route RHO | claimed 0.92152886810454477346 | coeffs -275374302,-275374302,151090421,151090421,35055349,35055349,-11810892,-11810892,34470789,34470789,90541416,90541416,39997161,39997161,279559192,279559192,293038744,293038744,123341314,123341314,304207210,304207210,315447211,315447211,84556583,84556583,236286650,236286650,413371758,413371758,109303399,109303399,207391780,207391780,261395669,261395669,181636490,181636490,241434957,241434957,104320728,104320728,87193132,87193132,209165178,209165178,-36007690,-36007690,-34075269,-34075269,-144866689,-144866689,321507384,321507384,193619639,193619639,312663731,312663731,179153621,179153621,135923301,135923301,269720919,269720919
f = 372530887,0,1 | route T | claimed 2481.1646325079120395 | coeffs 210994266,210994266,-262704266,-262704266,120887530,120887530,-13156211,-13156211,-38568079,-38568079,175274711,175274711,48656226,48656226,327687362,327687362,307897241,307897241,344803399,344803399,302116868,302116868,154703215,154703215,311152978,311152978,73029350,73029350,180190856,180190856,397444472,397444472,163742365,163742365,236752940,236752940,215663166,215663166,276287174,276287174,382008178,382008178,492361354,492361354,403379163,403379163,435382263,435382263,581819360,581819360,165186484,165186484,45846961,45846961,16601815,16601815,-147913878,-147913878,-133567814,-133567814,-131264619,-131264619,-92910503,-92910503
# status f = 372530887,0,1 : PASS_RHO (rho 0.92153, T 2481.2, 0s)
f = 422514496,0,1 | route RHO | claimed 0.88393953678505860076 | coeffs 32120228,18073078,18073078,84154168,84154168,76139466,76139466,155821532,155821532,268819312,268819312,581002753,581002753,559619328,559619328,483998087,483998087,658732804,658732804,759961989,759961989,612016495,612016495,355110348,355110348,658785717,658785717,376352404,376352404,423895187,423895187,323906661,323906661,132415469,132415469,208602266,208602266,196483075,196483075,136955919,136955919,293935818,293935818,516894105,516894105,475549774,475549774,355502555,355502555,216589039,216589039,225666964,225666964,385071115,385071115,235151592,235151592,43803213,43803213,59911535,59911535,251120763,251120763,-32120228
f = 422514496,0,1 | route T | claimed 2231.9290538171196202 | coeffs 88416635,0,51227264,0,64018975,0,125009336,0,55037634,0,264658879,0,168778425,0,129724849,0,-16250905,0,17740977,0,230182489,0,174222424,0,86105365,0,68443749,0,40492583,0,59300281,0,312746794,0,20545638,0,45192273,0,14217637,0,78511168,0,96954379,0,26354200,0,200779105,0,386773371,0,76130984,0,-26309364,0,148247014,0,-322090770,0,123634405,0,65757818,0,66156519,0
# status f = 422514496,0,1 : PASS_RHO (rho 0.88394, T 2231.9, 0s)
f = 452427245,0,1 | route RHO | claimed 0.86476603047455222714 | coeffs 83352179,140500995,140500995,108373750,108373750,56621112,56621112,117610192,117610192,97490963,97490963,79908769,79908769,281515385,281515385,227733630,227733630,190783698,190783698,234644682,234644682,313256138,313256138,288202653,288202653,360669489,360669489,464281638,464281638,337534496,337534496,262974098,262974098,587447303,587447303,352003294,352003294,228779492,228779492,176305484,176305484,87872796,87872796,-134817863,-134817863,-125706309,-125706309,-322148686,-322148686,-326683878,-326683878,521566,521566,-118068256,-118068256,-466181954,-466181954,-414151559,-414151559,-240258460,-240258460,-389646142,-389646142,-83352179
f = 452427245,0,1 | route T | claimed 1750.7091132000418937 | coeffs 322148686,322148686,326683878,326683878,-521566,-521566,118068256,118068256,466181954,466181954,414151559,414151559,240258460,240258460,389646142,389646142,83352179,83352179,140500995,140500995,108373750,108373750,56621112,56621112,117610192,117610192,97490963,97490963,79908769,79908769,281515385,281515385,227733630,227733630,190783698,190783698,234644682,234644682,313256138,313256138,288202653,288202653,360669489,360669489,464281638,464281638,337534496,337534496,262974098,262974098,587447303,587447303,352003294,352003294,228779492,228779492,176305484,176305484,87872796,87872796,-134817863,-134817863,-125706309,-125706309
# status f = 452427245,0,1 : PASS_RHO (rho 0.86477, T 1750.7, 0s)
f = 484180574,0,1 | route RHO | claimed 0.93272286791965544935 | coeffs 90248958,239636640,239636640,-87568804,-87568804,863884,863884,75424282,75424282,-3187174,-3187174,14395020,14395020,-42753796,-42753796,-390867494,-390867494,-381755940,-381755940,-617199949,-617199949,-544733113,-544733113,-598514868,-598514868,-650267506,-650267506,-824160605,-824160605,-819625413,-819625413,-767151405,-767151405,-640404263,-640404263,-684265247,-684265247,-664146018,-664146018,-357852055,-357852055,-476441877,-476441877,-699132536,-699132536,-374659331,-374659331,-399712816,-399712816,-198106200,-198106200,-230233445,-230233445,-282263840,-282263840,-85821463,-85821463,37402339,37402339,-66209810,-66209810,-29259878,-29259878,-90248958
f = 484180574,0,1 | route T | claimed 2066.2420928056592893 | coeffs -320717361,44503441,44503441,185468220,185468220,167961436,167961436,264211649,264211649,248414842,248414842,195981539,195981539,-90728095,-90728095,-30913769,-30913769,-39716349,-39716349,-12332157,-12332157,-84951985,-84951985,-157528018,-157528018,-39596809,-39596809,-117152112,-117152112,-194454897,-194454897,-281139370,-281139370,-253711815,-253711815,-278090161,-278090161,217893708,217893708,147201997,147201997,158746964,158746964,296658701,296658701,324268780,324268780,478371975,478371975,212570595,212570595,351706055,351706055,652907882,652907882,529213782,529213782,527957903,527957903,449985692,449985692,393696302,393696302,320717361
# status f = 484180574,0,1 : PASS_RHO (rho 0.93272, T 2066.2, 0s)
f = 516507875,0,1 | route RHO | claimed 0.95433934929403954483 | coeffs -780740273,-812867518,-812867518,-760837123,-760837123,-564394746,-564394746,-687618548,-687618548,-791230697,-791230697,-828180629,-828180629,-889169709,-889169709,-739782027,-739782027,-412576583,-412576583,-324143895,-324143895,-398704293,-398704293,-477315749,-477315749,-494897943,-494897943,-552046759,-552046759,-203933061,-203933061,-194821507,-194821507,40622502,40622502,113089338,113089338,166871093,166871093,115118455,115118455,289011554,289011554,293546746,293546746,241072738,241072738,367819880,367819880,411680864,411680864,431800093,431800093,125506130,125506130,6916308,6916308,229606967,229606967,554080172,554080172,579133657,579133657,780740273
f = 516507875,0,1 | route T | claimed 2817.3307253757619757 | coeffs 245524705,245524705,259571855,259571855,339253921,339253921,360637346,360637346,461866531,461866531,158191162,158191162,58202636,58202636,70321827,70321827,293280114,293280114,432193630,432193630,282274107,282274107,91064879,91064879,24983789,24983789,137981569,137981569,213602810,213602810,65657316,65657316,348090629,348090629,156599437,156599437,216126593,216126593,174782262,174782262,165704337,165704337,-25644042,-25644042,257596949,257596949,265611651,265611651,577795092,577795092,403060375,403060375,146154228,146154228,98611445,98611445,174798242,174798242,17818343,17818343,-102228876,-102228876,-261633027,-261633027
# status f = 516507875,0,1 : PASS_RHO (rho 0.95434, T 2817.3, 0s)
f = 548261204,0,1 | route RHO | claimed 0.95533875232012087725 | coeffs 167644469,240220502,240220502,296509892,296509892,272131546,272131546,287928353,287928353,133825158,133825158,61205330,61205330,-16766881,-16766881,-44194436,-44194436,52055777,52055777,79665856,79665856,52281664,52281664,53537543,53537543,-33146930,-33146930,-15640146,-15640146,-153551883,-153551883,-162354463,-162354463,-286048563,-286048563,-208745778,-208745778,-67780999,-67780999,-56236032,-56236032,-116050358,-116050358,-417252185,-417252185,-494807488,-494807488,-860028290,-860028290,-789336579,-789336579,-1076046213,-1076046213,-936910753,-936910753,-1054841962,-1054841962,-981863021,-981863021,-485879152,-485879152,-433445849,-433445849,-167644469
f = 548261204,0,1 | route T | claimed 2397.3773734212147651 | coeffs -142037878,-231602877,-231602877,-349272094,-349272094,-286830887,-286830887,-219263829,-219263829,129177960,129177960,-10154164,-10154164,83664175,83664175,95220013,95220013,143175955,143175955,86206419,86206419,442052947,442052947,377990599,377990599,354460524,354460524,548054143,548054143,704958613,704958613,877036227,877036227,894634320,894634320,644017453,644017453,345738192,345738192,138669853,138669853,263522507,263522507,32841832,32841832,72447487,72447487,375807707,375807707,497139029,497139029,219345616,219345616,313509355,313509355,270777221,270777221,123289826,123289826,267636657,267636657,290125955,290125955,142037878
# status f = 548261204,0,1 : PASS_RHO (rho 0.95534, T 2397.4, 0s)
f = 578173953,0,1 | route RHO | claimed 0.95812174059043866549 | coeffs 4416951,4416951,-72885834,-72885834,66249626,66249626,82046433,82046433,168730906,168730906,-132470921,-132470921,-184904224,-184904224,-157476669,-157476669,-281170769,-281170769,5538865,5538865,29917211,29917211,31173090,31173090,90987416,90987416,586971285,586971285,508999074,508999074,517801654,517801654,588493365,588493365,644782755,644782755,672166947,672166947,683711914,683711914,610732973,610732973,683352801,683352801,545441064,545441064,910661866,910661866,838085833,838085833,865695912,865695912,724731133,724731133,606799924,606799924,452696729,452696729,435189945,435189945,357634642,357634642,91833262,91833262
f = 578173953,0,1 | route T | claimed 2568.8794543372461042 | coeffs 4416951,4416951,-72885834,-72885834,66249626,66249626,82046433,82046433,168730906,168730906,-132470921,-132470921,-184904224,-184904224,-157476669,-157476669,-281170769,-281170769,5538865,5538865,29917211,29917211,31173090,31173090,90987416,90987416,586971285,586971285,508999074,508999074,517801654,517801654,588493365,588493365,644782755,644782755,672166947,672166947,683711914,683711914,610732973,610732973,683352801,683352801,545441064,545441064,910661866,910661866,838085833,838085833,865695912,865695912,724731133,724731133,606799924,606799924,452696729,452696729,435189945,435189945,357634642,357634642,91833262,91833262
# status f = 578173953,0,1 : PASS_RHO (rho 0.95812, T 2568.9, 0s)
f = 628157562,0,1 | route RHO | claimed 0.95352810431832828599 | coeffs -734001096,-734001096,-409527891,-409527891,-213085514,-213085514,-362473196,-362473196,-380055390,-380055390,-452522226,-452522226,-504996234,-504996234,-386406412,-386406412,-354279167,-354279167,-391229099,-391229099,-316668701,-316668701,-307557147,-307557147,-481450246,-481450246,-461331017,-461331017,-486384502,-486384502,-363160700,-363160700,-35955256,-35955256,21193560,21193560,74975315,74975315,-51771827,-51771827,170918832,170918832,222949227,222949227,283938307,283938307,205326851,205326851,-30117158,-30117158,-25581966,-25581966,280711997,280711997,482318613,482318613,378706464,378706464,290273776,290273776,638387474,638387474,690140112,690140112
f = 628157562,0,1 | route T | claimed 2331.126771093997271 | coeffs 690140112,734001096,734001096,409527891,409527891,213085514,213085514,362473196,362473196,380055390,380055390,452522226,452522226,504996234,504996234,386406412,386406412,354279167,354279167,391229099,391229099,316668701,316668701,307557147,307557147,481450246,481450246,461331017,461331017,486384502,486384502,363160700,363160700,35955256,35955256,-21193560,-21193560,-74975315,-74975315,51771827,51771827,-170918832,-170918832,-222949227,-222949227,-283938307,-283938307,-205326851,-205326851,30117158,30117158,25581966,25581966,-280711997,-280711997,-482318613,-482318613,-378706464,-378706464,-290273776,-290273776,-638387474,-638387474,-690140112
# status f = 628157562,0,1 : PASS_RHO (rho 0.95353, T 2331.1, 0s)
f = 669101914,0,1 | route RHO | claimed 0.88064120090327623753 | coeffs -554617596,-566736787,-566736787,-284303474,-284303474,-109568757,-109568757,-189250823,-189250823,-380460051,-380460051,-371382126,-371382126,-528362025,-528362025,-628350551,-628350551,-480405057,-480405057,-168221616,-168221616,-154174466,-154174466,-4254943,-4254943,-45599274,-45599274,-121786071,-121786071,181889298,181889298,257510539,257510539,249495837,249495837,265604159,265604159,404517675,404517675,344990519,344990519,297447736,297447736,398676921,398676921,285679141,285679141,568920132,568920132,728324283,728324283,505365996,505365996,313874804,313874804,570780951,570780951,549397526,549397526,483316436,483316436,674664815,674664815,554617596
f = 669101914,0,1 | route T | claimed 2024.557383483938459 | coeffs 55259768,-1889048,-1889048,50584960,50584960,252191576,252191576,579397020,579397020,506930184,506930184,200636221,200636221,77412419,77412419,94994613,94994613,99529805,99529805,74476320,74476320,-74911362,-74911362,160532647,160532647,140413418,140413418,-56028959,-56028959,-134640415,-134640415,-308533514,-308533514,15939691,15939691,-45049389,-45049389,-54160943,-54160943,-10299959,-10299959,41730436,41730436,116290834,116290834,64538196,64538196,-158152463,-158152463,-121202531,-121202531,226911167,226911167,100164025,100164025,132291270,132291270,220723958,220723958,166942203,166942203,48352381,48352381,-55259768
# status f = 669101914,0,1 : PASS_RHO (rho 0.88064, T 2024.6, 0s)
f = 673804772,0,1 | route RHO | claimed 0.95533875232012087725 | coeffs 1076046213,1076046213,789336579,789336579,860028290,860028290,494807488,494807488,417252185,417252185,116050358,116050358,56236032,56236032,67780999,67780999,208745778,208745778,286048563,286048563,162354463,162354463,153551883,153551883,15640146,15640146,33146930,33146930,-53537543,-53537543,-52281664,-52281664,-79665856,-79665856,-52055777,-52055777,44194436,44194436,16766881,16766881,-61205330,-61205330,-133825158,-133825158,-287928353,-287928353,-272131546,-272131546,-296509892,-296509892,-240220502,-240220502,-167644469,-167644469,-433445849,-433445849,-485879152,-485879152,-981863021,-981863021,-1054841962,-1054841962,-936910753,-936910753
f = 673804772,0,1 | route T | claimed 2534.409596760208677 | coeffs 1076046213,1076046213,789336579,789336579,860028290,860028290,494807488,494807488,417252185,417252185,116050358,116050358,56236032,56236032,67780999,67780999,208745778,208745778,286048563,286048563,162354463,162354463,153551883,153551883,15640146,15640146,33146930,33146930,-53537543,-53537543,-52281664,-52281664,-79665856,-79665856,-52055777,-52055777,44194436,44194436,16766881,16766881,-61205330,-61205330,-133825158,-133825158,-287928353,-287928353,-272131546,-272131546,-296509892,-296509892,-240220502,-240220502,-167644469,-167644469,-433445849,-433445849,-485879152,-485879152,-981863021,-981863021,-1054841962,-1054841962,-936910753,-936910753
# status f = 673804772,0,1 : PASS_RHO (rho 0.95534, T 2534.4, 0s)
f = 713817084,0,1 | route RHO | claimed 0.91607722289984589838 | coeffs 313684097,487577196,487577196,606167018,606167018,409724641,409724641,498157329,498157329,262713320,262713320,389460462,389460462,364406977,364406977,401356909,401356909,383774715,383774715,435527353,435527353,129233390,129233390,181263785,181263785,-145941659,-145941659,-136830105,-136830105,-84356097,-84356097,240117108,240117108,136504959,136504959,215116415,215116415,268898170,268898170,248778941,248778941,280906186,280906186,430293868,430293868,82180170,82180170,86715362,86715362,-135975297,-135975297,-12751495,-12751495,-87311893,-87311893,-159778729,-159778729,-115917745,-115917745,-317524361,-317524361,-256535281,-256535281,-313684097
f = 713817084,0,1 | route T | claimed 1989.74442615769031 | coeffs 42406691,42406691,51484616,51484616,3941833,3941833,83623899,83623899,-55289617,-55289617,227143696,227143696,219128994,219128994,99081775,99081775,-204593594,-204593594,-138512504,-138512504,-179856835,-179856835,77049312,77049312,63002162,63002162,285960449,285960449,433905943,433905943,717146934,717146934,874126833,874126833,772897648,772897648,581688420,581688420,522161264,522161264,347426547,347426547,331318225,331318225,319199034,319199034,394820275,394820275,586168654,586168654,662355451,662355451,683738876,683738876,833658399,833658399,642167207,642167207,329983766,329983766,170579615,170579615,70591089,70591089
# status f = 713817084,0,1 : PASS_RHO (rho 0.91608, T 1989.7, 0s)
f = 722790630,0,1 | route RHO | claimed 0.90668029281700955041 | coeffs 282825242,391929,391929,14439079,14439079,73966235,73966235,52582810,52582810,61660735,61660735,-242014634,-242014634,41226357,41226357,29107166,29107166,-283076275,-283076275,-144162759,-144162759,-401068906,-401068906,-209859678,-209859678,-286046475,-286046475,-173048695,-173048695,-293095914,-293095914,-145150420,-145150420,-161258742,-161258742,-352749934,-352749934,-432432000,-432432000,-391087669,-391087669,-289858484,-289858484,-481206863,-481206863,-381218337,-381218337,-389233039,-389233039,-166274752,-166274752,-341009469,-341009469,-191089946,-191089946,-143547163,-143547163,-209628253,-209628253,-366608152,-366608152,-442229393,-442229393,-282825242
f = 722790630,0,1 | route T | claimed 2219.6809747091904454 | coeffs -41226357,-29107166,-29107166,283076275,283076275,144162759,144162759,401068906,401068906,209859678,209859678,286046475,286046475,173048695,173048695,293095914,293095914,145150420,145150420,161258742,161258742,352749934,352749934,432432000,432432000,391087669,391087669,289858484,289858484,481206863,481206863,381218337,381218337,389233039,389233039,166274752,166274752,341009469,341009469,191089946,191089946,143547163,143547163,209628253,209628253,366608152,366608152,442229393,442229393,282825242,282825242,391929,391929,14439079,14439079,73966235,73966235,52582810,52582810,61660735,61660735,-242014634,-242014634,41226357
# status f = 722790630,0,1 : PASS_RHO (rho 0.90668, T 2219.7, 0s)
f = 738022983,0,1 | route RHO | claimed 0.91607722289984589838 | coeffs -268898170,-268898170,-215116415,-215116415,-136504959,-136504959,-240117108,-240117108,84356097,84356097,136830105,136830105,145941659,145941659,-181263785,-181263785,-129233390,-129233390,-435527353,-435527353,-383774715,-383774715,-401356909,-401356909,-364406977,-364406977,-389460462,-389460462,-262713320,-262713320,-498157329,-498157329,-409724641,-409724641,-606167018,-606167018,-487577196,-487577196,-313684097,-313684097,-256535281,-256535281,-317524361,-317524361,-115917745,-115917745,-159778729,-159778729,-87311893,-87311893,-12751495,-12751495,-135975297,-135975297,86715362,86715362,82180170,82180170,430293868,430293868,280906186,280906186,248778941,248778941
f = 738022983,0,1 | route T | claimed 2098.9560701445013669 | coeffs -87311893,-12751495,-12751495,-135975297,-135975297,86715362,86715362,82180170,82180170,430293868,430293868,280906186,280906186,248778941,248778941,268898170,268898170,215116415,215116415,136504959,136504959,240117108,240117108,-84356097,-84356097,-136830105,-136830105,-145941659,-145941659,181263785,181263785,129233390,129233390,435527353,435527353,383774715,383774715,401356909,401356909,364406977,364406977,389460462,389460462,262713320,262713320,498157329,498157329,409724641,409724641,606167018,606167018,487577196,487577196,313684097,313684097,256535281,256535281,317524361,317524361,115917745,115917745,159778729,159778729,87311893
# status f = 738022983,0,1 : PASS_RHO (rho 0.91608, T 2099.0, 0s)
f = 738992020,0,1 | route RHO | claimed 0.88393953678505860076 | coeffs -43803213,-235151592,-235151592,-385071115,-385071115,-225666964,-225666964,-216589039,-216589039,-355502555,-355502555,-475549774,-475549774,-516894105,-516894105,-293935818,-293935818,-136955919,-136955919,-196483075,-196483075,-208602266,-208602266,-132415469,-132415469,-323906661,-323906661,-423895187,-423895187,-376352404,-376352404,-658785717,-658785717,-355110348,-355110348,-612016495,-612016495,-759961989,-759961989,-658732804,-658732804,-483998087,-483998087,-559619328,-559619328,-581002753,-581002753,-268819312,-268819312,-155821532,-155821532,-76139466,-76139466,-84154168,-84154168,-18073078,-18073078,-32120228,-32120228,251120763,251120763,59911535,59911535,43803213
f = 738992020,0,1 | route T | claimed 1722.3066313972660548 | coeffs -76139466,-84154168,-84154168,-18073078,-18073078,-32120228,-32120228,251120763,251120763,59911535,59911535,43803213,43803213,235151592,235151592,385071115,385071115,225666964,225666964,216589039,216589039,355502555,355502555,475549774,475549774,516894105,516894105,293935818,293935818,136955919,136955919,196483075,196483075,208602266,208602266,132415469,132415469,323906661,323906661,423895187,423895187,376352404,376352404,658785717,658785717,355110348,355110348,612016495,612016495,759961989,759961989,658732804,658732804,483998087,483998087,559619328,559619328,581002753,581002753,268819312,268819312,155821532,155821532,76139466
# status f = 738992020,0,1 : PASS_RHO (rho 0.88394, T 1722.3, 0s)
f = 774980429,0,1 | route RHO | claimed 0.88064120090327623753 | coeffs -728324283,-728324283,-568920132,-568920132,-285679141,-285679141,-398676921,-398676921,-297447736,-297447736,-344990519,-344990519,-404517675,-404517675,-265604159,-265604159,-249495837,-249495837,-257510539,-257510539,-181889298,-181889298,121786071,121786071,45599274,45599274,4254943,4254943,154174466,154174466,168221616,168221616,480405057,480405057,628350551,628350551,528362025,528362025,371382126,371382126,380460051,380460051,189250823,189250823,109568757,109568757,284303474,284303474,566736787,566736787,554617596,554617596,674664815,674664815,483316436,483316436,549397526,549397526,570780951,570780951,313874804,313874804,505365996,505365996
f = 774980429,0,1 | route T | claimed 1921.426077873488038 | coeffs 15939691,15939691,-308533514,-308533514,-134640415,-134640415,-56028959,-56028959,140413418,140413418,160532647,160532647,-74911362,-74911362,74476320,74476320,99529805,99529805,94994613,94994613,77412419,77412419,200636221,200636221,506930184,506930184,579397020,579397020,252191576,252191576,50584960,50584960,-1889048,-1889048,55259768,55259768,-48352381,-48352381,-166942203,-166942203,-220723958,-220723958,-132291270,-132291270,-100164025,-100164025,-226911167,-226911167,121202531,121202531,158152463,158152463,-64538196,-64538196,-116290834,-116290834,-41730436,-41730436,10299959,10299959,54160943,54160943,45049389,45049389
# status f = 774980429,0,1 : PASS_RHO (rho 0.88064, T 1921.4, 0s)
f = 778642557,0,1 | route RHO | claimed 0.95433934929403954483 | coeffs 113089338,113089338,40622502,40622502,-194821507,-194821507,-203933061,-203933061,-552046759,-552046759,-494897943,-494897943,-477315749,-477315749,-398704293,-398704293,-324143895,-324143895,-412576583,-412576583,-739782027,-739782027,-889169709,-889169709,-828180629,-828180629,-791230697,-791230697,-687618548,-687618548,-564394746,-564394746,-760837123,-760837123,-812867518,-812867518,-780740273,-780740273,-579133657,-579133657,-554080172,-554080172,-229606967,-229606967,-6916308,-6916308,-125506130,-125506130,-431800093,-431800093,-411680864,-411680864,-367819880,-367819880,-241072738,-241072738,-293546746,-293546746,-289011554,-289011554,-115118455,-115118455,-166871093,-166871093
f = 778642557,0,1 | route T | claimed 2549.9719528672455326 | coeffs 186561468,0,234235626,0,-47898111,0,189689906,0,44497575,0,71288539,0,213431615,0,-129776793,0,82090495,0,291824308,0,20823395,0,-18838073,0,45082644,0,226641429,0,-50702772,0,61404064,0,-4715513,0,-33379001,0,-174861669,0,-92067182,0,-52532091,0,-308262203,0,76408741,0,-4699690,0,-114922143,0,-102356270,0,-246917902,0,-104759450,0,191165855,0,233674135,0,-47503421,0,-52663564,0
# status f = 778642557,0,1 : PASS_RHO (rho 0.95434, T 2550.0, 0s)
f = 804436720,0,1 | route RHO | claimed 0.97405125877411339839 | coeffs -343185766,-343185766,-360767960,-360767960,-369879514,-369879514,-316097759,-316097759,-320632951,-320632951,-276771967,-276771967,-158182145,-158182145,-133128660,-133128660,-81098265,-81098265,22513884,22513884,171901566,171901566,246461964,246461964,189313148,189313148,-46130861,-46130861,-97883499,-97883499,-45409491,-45409491,-25290262,-25290262,-247980921,-247980921,-46374305,-46374305,150068072,150068072,187018004,187018004,514223448,514223448,592834904,592834904,940948602,940948602,868481766,868481766,1042374865,1042374865,915627723,915627723,609333760,609333760,284860555,284860555,316987800,316987800,193763998,193763998,254753078,254753078
f = 804436720,0,1 | route T | claimed 2665.5069200769697276 | coeffs -182996444,-182996444,-117333943,-117333943,47925456,47925456,-69537179,-69537179,-156045452,-156045452,-158190262,-158190262,-147136431,-147136431,-20153969,-20153969,211065663,211065663,63297605,63297605,101629187,101629187,281082598,281082598,144718448,144718448,433861031,433861031,707995859,707995859,249759702,249759702,646098813,646098813,804145784,804145784,739259224,739259224,577171416,577171416,688883613,688883613,392548522,392548522,429988063,429988063,380762595,380762595,108837534,108837534,107426995,107426995,-1174754,-1174754,-161052516,-161052516,-95137497,-95137497,18316001,18316001,-16909956,-16909956,23074887,23074887
# status f = 804436720,0,1 : PASS_RHO (rho 0.97405, T 2665.5, 0s)
f = 884430815,0,1 | route RHO | claimed 0.95773145595951914028 | coeffs 740541597,581137446,581137446,504950649,504950649,330215932,330215932,46974941,46974941,5630610,5630610,-276802703,-276802703,-163804923,-163804923,-13885400,-13885400,-1766209,-1766209,-102995394,-102995394,-88948244,-88948244,-208995463,-208995463,-161452680,-161452680,150730761,150730761,342079140,342079140,401606296,401606296,549551790,549551790,483470700,483470700,344557184,344557184,244568658,244568658,223185233,223185233,207076911,207076911,50097012,50097012,307003159,307003159,315017861,315017861,324095786,324095786,132604594,132604594,56983353,56983353,-134225875,-134225875,-357184162,-357184162,-660859531,-660859531,-740541597
f = 884430815,0,1 | route T | claimed 2452.5949336233966819 | coeffs 159404151,76186797,76186797,174734717,174734717,283240991,283240991,41344331,41344331,282433313,282433313,-112997780,-112997780,-149919523,-149919523,-12119191,-12119191,101229185,101229185,-14047150,-14047150,120047219,120047219,-47542783,-47542783,-312183441,-312183441,-191348379,-191348379,-59527156,-59527156,-147945494,-147945494,66081090,66081090,138913516,138913516,99988526,99988526,21383425,21383425,16108322,16108322,156979899,156979899,-256906147,-256906147,-8014702,-8014702,-9077925,-9077925,191491192,191491192,75621241,75621241,191209228,191209228,222958287,222958287,303675369,303675369,79682066,79682066,-159404151
# status f = 884430815,0,1 : PASS_RHO (rho 0.95773, T 2452.6, 0s)
f = 894367694,0,1 | route RHO | claimed 0.95352810431832828599 | coeffs 504996234,452522226,452522226,380055390,380055390,362473196,362473196,213085514,213085514,409527891,409527891,734001096,734001096,690140112,690140112,638387474,638387474,290273776,290273776,378706464,378706464,482318613,482318613,280711997,280711997,-25581966,-25581966,-30117158,-30117158,205326851,205326851,283938307,283938307,222949227,222949227,170918832,170918832,-51771827,-51771827,74975315,74975315,21193560,21193560,-35955256,-35955256,-363160700,-363160700,-486384502,-486384502,-461331017,-461331017,-481450246,-481450246,-307557147,-307557147,-316668701,-316668701,-391229099,-391229099,-354279167,-354279167,-386406412,-386406412,-504996234
f = 894367694,0,1 | route T | claimed 2434.6089380356946743 | coeffs -771344716,-698768683,-698768683,-412059049,-412059049,-553023828,-553023828,-554279707,-554279707,-400176512,-400176512,95807357,95807357,18252054,18252054,9449474,9449474,105699687,105699687,161989077,161989077,22853617,22853617,11308650,11308650,97993123,97993123,170612951,170612951,223046254,223046254,-142174548,-142174548,-265868648,-265868648,-238258569,-238258569,-262636915,-262636915,-144705706,-144705706,-84891380,-84891380,-102398164,-102398164,-24425953,-24425953,241375427,241375427,312067138,312067138,389369923,389369923,361985731,361985731,377782538,377782538,304803597,304803597,606005424,606005424,743917161,743917161,771344716
# status f = 894367694,0,1 : PASS_RHO (rho 0.95353, T 2434.6, 0s)
f = 950736916,0,1 | route RHO | claimed 0.91632257103848179732 | coeffs -142031163,-142031163,-63419707,-63419707,242874256,242874256,331306944,331306944,375167928,375167928,225780246,225780246,278254254,278254254,241304322,241304322,415197421,415197421,538421223,538421223,484639468,484639468,536669863,536669863,772113872,772113872,973720488,973720488,625606790,625606790,301133585,301133585,283551391,283551391,164961569,164961569,239521967,239521967,219402738,219402738,546608182,546608182,673355324,673355324,734344404,734344404,729809212,729809212,626197063,626197063,574444425,574444425,378002048,378002048,305535212,305535212,273407967,273407967,282519521,282519521,307573006,307573006,364721822,364721822
f = 950736916,0,1 | route T | claimed 2131.2793254748075046 | coeffs -142031163,-142031163,-63419707,-63419707,242874256,242874256,331306944,331306944,375167928,375167928,225780246,225780246,278254254,278254254,241304322,241304322,415197421,415197421,538421223,538421223,484639468,484639468,536669863,536669863,772113872,772113872,973720488,973720488,625606790,625606790,301133585,301133585,283551391,283551391,164961569,164961569,239521967,239521967,219402738,219402738,546608182,546608182,673355324,673355324,734344404,734344404,729809212,729809212,626197063,626197063,574444425,574444425,378002048,378002048,305535212,305535212,273407967,273407967,282519521,282519521,307573006,307573006,364721822,364721822
# status f = 950736916,0,1 : PASS_RHO (rho 0.91632, T 2131.3, 0s)
# summary n = 7 l = 1000688449 : EXCLUSION_CANDIDATE ; PASS 32 / 32 ; OPEN_NEAR 0 ; OPEN_FAR 0 ; 14s
