# FAMILY WITNESS FILE (generator family_gen.sage r10). n = 7 ; l = 1000303553 ; m = 64 ; deg = 2 ; ncomp = 32 ; bar_T = 4224 ; L_n = 16.3328709449664096755483535644
# line: f = c0,...,c_deg (monic, over F_l) | route RHO|T | claimed (rho or T, float) | coeffs a_0..a_{m-1}
f = 22272358,0,1 | route RHO | claimed 0.91542404510675831883 | coeffs 200654104,110366749,110366749,-46554108,-46554108,-136489116,-136489116,-85553227,-85553227,86367273,86367273,333197721,333197721,329497293,329497293,389213629,389213629,255511049,255511049,-67722285,-67722285,17459358,17459358,-53821054,-53821054,-117170974,-117170974,4909552,4909552,99885926,99885926,34377422,34377422,109995062,109995062,264196433,264196433,-70854202,-70854202,193266933,193266933,113942804,113942804,92040545,92040545,387021828,387021828,238961618,238961618,250989327,250989327,507858991,507858991,476920131,476920131,71894518,71894518,143560382,143560382,-51159465,-51159465,-140424020,-140424020,-200654104
f = 22272358,0,1 | route T | claimed 1776.7690420646275503 | coeffs 200654104,110366749,110366749,-46554108,-46554108,-136489116,-136489116,-85553227,-85553227,86367273,86367273,333197721,333197721,329497293,329497293,389213629,389213629,255511049,255511049,-67722285,-67722285,17459358,17459358,-53821054,-53821054,-117170974,-117170974,4909552,4909552,99885926,99885926,34377422,34377422,109995062,109995062,264196433,264196433,-70854202,-70854202,193266933,193266933,113942804,113942804,92040545,92040545,387021828,387021828,238961618,238961618,250989327,250989327,507858991,507858991,476920131,476920131,71894518,71894518,143560382,143560382,-51159465,-51159465,-140424020,-140424020,-200654104
# status f = 22272358,0,1 : PASS_RHO (rho 0.91542, T 1776.8, 1s)
f = 72143262,0,1 | route RHO | claimed 0.88547778476206911294 | coeffs 279903779,279903779,117816575,117816575,-86303424,-86303424,-73996098,-73996098,150797637,150797637,138524614,138524614,129273944,129273944,51306983,51306983,93735671,93735671,-149662620,-149662620,14913862,14913862,-139562880,-139562880,-71772429,-71772429,-80098187,-80098187,-192272,-192272,-70403544,-70403544,86472236,86472236,-167186788,-167186788,-322612286,-322612286,-302141652,-302141652,-173535636,-173535636,-139887275,-139887275,-260934991,-260934991,-369241807,-369241807,-479815330,-479815330,-639458096,-639458096,-360798271,-360798271,-449419651,-449419651,-461353533,-461353533,-252734754,-252734754,-464018890,-464018890,-174580234,-174580234
f = 72143262,0,1 | route T | claimed 2467.285848426378728 | coeffs 149662620,149662620,-14913862,-14913862,139562880,139562880,71772429,71772429,80098187,80098187,192272,192272,70403544,70403544,-86472236,-86472236,167186788,167186788,322612286,322612286,302141652,302141652,173535636,173535636,139887275,139887275,260934991,260934991,369241807,369241807,479815330,479815330,639458096,639458096,360798271,360798271,449419651,449419651,461353533,461353533,252734754,252734754,464018890,464018890,174580234,174580234,279903779,279903779,117816575,117816575,-86303424,-86303424,-73996098,-73996098,150797637,150797637,138524614,138524614,129273944,129273944,51306983,51306983,93735671,93735671
# status f = 72143262,0,1 : PASS_RHO (rho 0.88548, T 2467.3, 0s)
f = 77518685,0,1 | route RHO | claimed 0.92535749912166575407 | coeffs 29580608,-12848080,-12848080,-21173838,-21173838,134251660,134251660,25944844,25944844,37878726,37878726,199965930,199965930,190715260,190715260,345192002,345192002,502067782,502067782,468419421,468419421,747079246,747079246,457640590,457640590,232846855,232846855,-10551436,-10551436,-90457351,-90457351,-69986717,-69986717,40586806,40586806,249205585,249205585,45085586,45085586,123052547,123052547,190842998,190842998,444502022,444502022,323454306,323454306,412075686,412075686,306752141,306752141,294479118,294479118,129902636,129902636,59691364,59691364,-68914652,-68914652,-228557418,-228557418,-17273282,-17273282,-29580608
f = 77518685,0,1 | route T | claimed 1961.6687988688935693 | coeffs 29580608,-12848080,-12848080,-21173838,-21173838,134251660,134251660,25944844,25944844,37878726,37878726,199965930,199965930,190715260,190715260,345192002,345192002,502067782,502067782,468419421,468419421,747079246,747079246,457640590,457640590,232846855,232846855,-10551436,-10551436,-90457351,-90457351,-69986717,-69986717,40586806,40586806,249205585,249205585,45085586,45085586,123052547,123052547,190842998,190842998,444502022,444502022,323454306,323454306,412075686,412075686,306752141,306752141,294479118,294479118,129902636,129902636,59691364,59691364,-68914652,-68914652,-228557418,-228557418,-17273282,-17273282,-29580608
# status f = 77518685,0,1 : PASS_RHO (rho 0.92536, T 1961.7, 1s)
f = 82232726,0,1 | route RHO | claimed 0.8966736370056407398 | coeffs 479355804,368782281,368782281,612180572,612180572,333520747,333520747,179044005,179044005,167110123,167110123,175435881,175435881,386720017,386720017,316508745,316508745,211185200,211185200,464844224,464844224,260724225,260724225,281194859,281194859,56401124,56401124,22752763,22752763,13502093,13502093,-94804723,-94804723,-137233411,-137233411,22409355,22409355,186985837,186985837,98364457,98364457,30574006,30574006,-178044773,-178044773,-98138858,-98138858,191299798,191299798,34424018,34424018,-127663186,-127663186,-283088684,-283088684,-295396010,-295396010,-424002026,-424002026,-436275049,-436275049,-557322765,-557322765,-479355804
f = 82232726,0,1 | route T | claimed 2228.3908526004555727 | coeffs 1092111526,1101189111,1101189111,1174128772,1174128772,1166329472,1166329472,983124871,983124871,1111428716,1111428716,911754904,911754904,1040016089,1040016089,797903394,797903394,531313407,531313407,400683583,400683583,659142336,659142336,571192704,571192704,351729026,351729026,341670150,341670150,270811375,270811375,410335569,410335569,179606311,179606311,375574623,375574623,69351334,69351334,76113241,76113241,-180793212,-180793212,-476506966,-476506966,-378001823,-378001823,-462728984,-462728984,-679013802,-679013802,-863848441,-863848441,-970918401,-970918401,-992739378,-992739378,-1081605246,-1081605246,-1198746092,-1198746092,-1126339092,-1126339092,-1092111526
# status f = 82232726,0,1 : PASS_RHO (rho 0.89667, T 2228.4, 0s)
f = 84864265,0,1 | route RHO | claimed 0.91125207863343950908 | coeffs 794256729,904830252,904830252,796523436,796523436,917571152,917571152,951219513,951219513,822613497,822613497,843084131,843084131,998509629,998509629,744850605,744850605,587974825,587974825,517763553,517763553,437857638,437857638,429531880,429531880,361741429,361741429,207264687,207264687,42688205,42688205,-200710086,-200710086,-243138774,-243138774,-321105735,-321105735,-311855065,-311855065,-324128088,-324128088,-548921823,-548921823,-536614497,-536614497,-332494498,-332494498,-494581702,-494581702,-599905247,-599905247,-889343903,-889343903,-1100628039,-1100628039,-1309246818,-1309246818,-1321180700,-1321180700,-1232559320,-1232559320,-953899495,-953899495,-794256729
f = 84864265,0,1 | route T | claimed 1797.4786000832428741 | coeffs -361741429,-361741429,-207264687,-207264687,-42688205,-42688205,200710086,200710086,243138774,243138774,321105735,321105735,311855065,311855065,324128088,324128088,548921823,548921823,536614497,536614497,332494498,332494498,494581702,494581702,599905247,599905247,889343903,889343903,1100628039,1100628039,1309246818,1309246818,1321180700,1321180700,1232559320,1232559320,953899495,953899495,794256729,794256729,904830252,904830252,796523436,796523436,917571152,917571152,951219513,951219513,822613497,822613497,843084131,843084131,998509629,998509629,744850605,744850605,587974825,587974825,517763553,517763553,437857638,437857638,429531880,429531880
# status f = 84864265,0,1 : PASS_RHO (rho 0.91125, T 1797.5, 0s)
f = 85727906,0,1 | route RHO | claimed 0.9683685207264468149 | coeffs -308745893,-308745893,-397367273,-397367273,-406617943,-406617943,-152958919,-152958919,-164892801,-164892801,-242859762,-242859762,-87434264,-87434264,121184515,121184515,163613203,163613203,143142569,143142569,-68141567,-68141567,-311539858,-311539858,-440145874,-440145874,-150707218,-150707218,13869264,13869264,-19779097,-19779097,-125102642,-125102642,-279579384,-279579384,-158531668,-158531668,3555536,3555536,71345987,71345987,179652803,179652803,383772802,383772802,375447044,375447044,486020567,486020567,473713241,473713241,553619156,553619156,713261922,713261922,488468187,488468187,418256915,418256915,139597090,139597090,151870113,151870113
f = 85727906,0,1 | route T | claimed 2709.4261297953648112 | coeffs 1159999047,1011938837,1011938837,932614708,932614708,1086816079,1086816079,1181792453,1181792453,1110512041,1110512041,976809461,976809461,1223639909,1223639909,1133704901,1133704901,1193934985,1193934985,1122269121,1122269121,865399457,865399457,570418174,570418174,306297039,306297039,230679399,230679399,108598873,108598873,23417230,23417230,-36299106,-36299106,-208219606,-208219606,-51298749,-51298749,-140563304,-140563304,-545588917,-545588917,-533561208,-533561208,-555463467,-555463467,-890514102,-890514102,-956022606,-956022606,-1019372526,-1019372526,-1342605860,-1342605860,-1346306288,-1346306288,-1295370399,-1295370399,-1385657754,-1385657754,-1190937907,-1190937907,-1159999047
# status f = 85727906,0,1 : PASS_RHO (rho 0.96837, T 2709.4, 0s)
f = 141489258,0,1 | route RHO | claimed 0.8941722487331540983 | coeffs -683422164,-675096406,-675096406,-510519924,-510519924,-432552963,-432552963,-207759228,-207759228,-45672024,-45672024,165612112,165612112,76990732,76990732,187564255,187564255,221212616,221212616,376638114,376638114,306426842,306426842,238636391,238636391,-4761900,-4761900,4488770,4488770,16796096,16796096,-88527449,-88527449,-297146228,-297146228,-18486403,-18486403,89820413,89820413,218426429,218426429,472085453,472085453,551991368,551991368,706468110,706468110,748896798,748896798,761169821,761169821,557049822,557049822,846488478,846488478,858422360,858422360,698779594,698779594,819827310,819827310,840297944,840297944,683422164
f = 141489258,0,1 | route T | claimed 1639.8584142995705688 | coeffs 221212616,221212616,376638114,376638114,306426842,306426842,238636391,238636391,-4761900,-4761900,4488770,4488770,16796096,16796096,-88527449,-88527449,-297146228,-297146228,-18486403,-18486403,89820413,89820413,218426429,218426429,472085453,472085453,551991368,551991368,706468110,706468110,748896798,748896798,761169821,761169821,557049822,557049822,846488478,846488478,858422360,858422360,698779594,698779594,819827310,819827310,840297944,840297944,683422164,683422164,675096406,675096406,510519924,510519924,432552963,432552963,207759228,207759228,45672024,45672024,-165612112,-165612112,-76990732,-76990732,-187564255,-187564255
# status f = 141489258,0,1 : PASS_RHO (rho 0.89417, T 1639.9, 0s)
f = 186622335,0,1 | route RHO | claimed 0.85344137312594189603 | coeffs 133979680,133979680,-77304456,-77304456,-56833822,-56833822,-14405134,-14405134,-223023913,-223023913,-67598415,-67598415,10368546,10368546,-1565336,-1565336,-255224360,-255224360,-264475030,-264475030,-175853650,-175853650,-332729430,-332729430,-320456407,-320456407,-41796582,-41796582,-112007854,-112007854,112785881,112785881,272428647,272428647,192522732,192522732,180215406,180215406,69641883,69641883,61316125,61316125,-142803874,-142803874,-34497058,-34497058,-102287509,-102287509,59799695,59799695,-61248021,-61248021,-215724763,-215724763,-110401218,-110401218,-144049579,-144049579,-308626061,-308626061,-19187405,-19187405,109418611,109418611
f = 186622335,0,1 | route T | claimed 1409.2620780862280407 | coeffs 192522732,192522732,180215406,180215406,69641883,69641883,61316125,61316125,-142803874,-142803874,-34497058,-34497058,-102287509,-102287509,59799695,59799695,-61248021,-61248021,-215724763,-215724763,-110401218,-110401218,-144049579,-144049579,-308626061,-308626061,-19187405,-19187405,109418611,109418611,-133979680,-133979680,77304456,77304456,56833822,56833822,14405134,14405134,223023913,223023913,67598415,67598415,-10368546,-10368546,1565336,1565336,255224360,255224360,264475030,264475030,175853650,175853650,332729430,332729430,320456407,320456407,41796582,41796582,112007854,112007854,-112785881,-112785881,-272428647,-272428647
# status f = 186622335,0,1 : PASS_RHO (rho 0.85344, T 1409.3, 0s)
f = 200361103,0,1 | route RHO | claimed 0.8941722487331540983 | coeffs -45672024,-45672024,-207759228,-207759228,-432552963,-432552963,-510519924,-510519924,-675096406,-675096406,-683422164,-683422164,-840297944,-840297944,-819827310,-819827310,-698779594,-698779594,-858422360,-858422360,-846488478,-846488478,-557049822,-557049822,-761169821,-761169821,-748896798,-748896798,-706468110,-706468110,-551991368,-551991368,-472085453,-472085453,-218426429,-218426429,-89820413,-89820413,18486403,18486403,297146228,297146228,88527449,88527449,-16796096,-16796096,-4488770,-4488770,4761900,4761900,-238636391,-238636391,-306426842,-306426842,-376638114,-376638114,-221212616,-221212616,-187564255,-187564255,-76990732,-76990732,-165612112,-165612112
f = 200361103,0,1 | route T | claimed 1813.1640368431079456 | coeffs -472085453,-472085453,-218426429,-218426429,-89820413,-89820413,18486403,18486403,297146228,297146228,88527449,88527449,-16796096,-16796096,-4488770,-4488770,4761900,4761900,-238636391,-238636391,-306426842,-306426842,-376638114,-376638114,-221212616,-221212616,-187564255,-187564255,-76990732,-76990732,-165612112,-165612112,45672024,45672024,207759228,207759228,432552963,432552963,510519924,510519924,675096406,675096406,683422164,683422164,840297944,840297944,819827310,819827310,698779594,698779594,858422360,858422360,846488478,846488478,557049822,557049822,761169821,761169821,748896798,748896798,706468110,706468110,551991368,551991368
# status f = 200361103,0,1 : PASS_RHO (rho 0.89417, T 1813.2, 0s)
f = 204658399,0,1 | route RHO | claimed 0.91267493386959407971 | coeffs -315425304,-315425304,-272996616,-272996616,-526655640,-526655640,-247995815,-247995815,-260303141,-260303141,-328093592,-328093592,-361741953,-361741953,-150457817,-150457817,-228424778,-228424778,-71548998,-71548998,-231191764,-231191764,-27071765,-27071765,127404977,127404977,-1201039,-1201039,-209819818,-209819818,-219070488,-219070488,-289281760,-289281760,-399855283,-399855283,-237768079,-237768079,-402344561,-402344561,-422815195,-422815195,-410881313,-410881313,-423154336,-423154336,-343248421,-343248421,-451555237,-451555237,-556878782,-556878782,-313480491,-313480491,-158054993,-158054993,-69433613,-69433613,155360122,155360122,147034364,147034364,25986648,25986648
f = 204658399,0,1 | route T | claimed 2379.8835258848615891 | coeffs 147034364,25986648,25986648,315425304,315425304,272996616,272996616,526655640,526655640,247995815,247995815,260303141,260303141,328093592,328093592,361741953,361741953,150457817,150457817,228424778,228424778,71548998,71548998,231191764,231191764,27071765,27071765,-127404977,-127404977,1201039,1201039,209819818,209819818,219070488,219070488,289281760,289281760,399855283,399855283,237768079,237768079,402344561,402344561,422815195,422815195,410881313,410881313,423154336,423154336,343248421,343248421,451555237,451555237,556878782,556878782,313480491,313480491,158054993,158054993,69433613,69433613,-155360122,-155360122,-147034364
# status f = 204658399,0,1 : PASS_RHO (rho 0.91267, T 2379.9, 0s)
f = 207070751,0,1 | route RHO | claimed 0.8966736370056407398 | coeffs 260724225,464844224,464844224,211185200,211185200,316508745,316508745,386720017,386720017,175435881,175435881,167110123,167110123,179044005,179044005,333520747,333520747,612180572,612180572,368782281,368782281,479355804,479355804,557322765,557322765,436275049,436275049,424002026,424002026,295396010,295396010,283088684,283088684,127663186,127663186,-34424018,-34424018,-191299798,-191299798,98138858,98138858,178044773,178044773,-30574006,-30574006,-98364457,-98364457,-186985837,-186985837,-22409355,-22409355,137233411,137233411,94804723,94804723,-13502093,-13502093,-22752763,-22752763,-56401124,-56401124,-281194859,-281194859,-260724225
f = 207070751,0,1 | route T | claimed 1875.4245984520312989 | coeffs 98364457,98364457,186985837,186985837,22409355,22409355,-137233411,-137233411,-94804723,-94804723,13502093,13502093,22752763,22752763,56401124,56401124,281194859,281194859,260724225,260724225,464844224,464844224,211185200,211185200,316508745,316508745,386720017,386720017,175435881,175435881,167110123,167110123,179044005,179044005,333520747,333520747,612180572,612180572,368782281,368782281,479355804,479355804,557322765,557322765,436275049,436275049,424002026,424002026,295396010,295396010,283088684,283088684,127663186,127663186,-34424018,-34424018,-191299798,-191299798,98138858,98138858,178044773,178044773,-30574006,-30574006
# status f = 207070751,0,1 : PASS_RHO (rho 0.89667, T 1875.4, 0s)
f = 222905338,0,1 | route RHO | claimed 0.88804799266787916358 | coeffs -407727286,-407727286,-297153763,-297153763,-451630505,-451630505,-662914641,-662914641,-409255617,-409255617,-184461882,-184461882,-292768698,-292768698,-457345180,-457345180,-665963959,-665963959,-509088179,-509088179,-521395505,-521395505,-400347789,-400347789,-643746080,-643746080,-655679962,-655679962,-585468690,-585468690,-789588689,-789588689,-755940328,-755940328,-798369016,-798369016,-709747636,-709747636,-629841721,-629841721,-467754517,-467754517,-596360533,-596360533,-674327494,-674327494,-395667669,-395667669,-387341911,-387341911,-282018366,-282018366,-261547732,-261547732,-252297062,-252297062,-92654296,-92654296,-24863845,-24863845,264574811,264574811,420000309,420000309
f = 222905338,0,1 | route T | claimed 1933.9371697752950709 | coeffs 6622242,-110007232,-110007232,-146702594,-146702594,-186303892,-186303892,-62043425,-62043425,161202839,161202839,-209423568,-209423568,34711148,34711148,195280372,195280372,230403971,230403971,490642361,490642361,503511179,503511179,525351281,525351281,834502953,834502953,890618305,890618305,932781288,932781288,708685903,708685903,771513313,771513313,690488951,690488951,717844027,717844027,787367417,787367417,757942045,757942045,599303418,599303418,661822738,661822738,201256692,201256692,289379406,289379406,167305436,167305436,157532117,157532117,126251570,126251570,216341180,216341180,20092605,20092605,142718991,142718991,-6622242
# status f = 222905338,0,1 : PASS_RHO (rho 0.88805, T 1933.9, 0s)
f = 324216731,0,1 | route RHO | claimed 0.88804799266787916358 | coeffs 789588689,789588689,585468690,585468690,655679962,655679962,643746080,643746080,400347789,400347789,521395505,521395505,509088179,509088179,665963959,665963959,457345180,457345180,292768698,292768698,184461882,184461882,409255617,409255617,662914641,662914641,451630505,451630505,297153763,297153763,407727286,407727286,420000309,420000309,264574811,264574811,-24863845,-24863845,-92654296,-92654296,-252297062,-252297062,-261547732,-261547732,-282018366,-282018366,-387341911,-387341911,-395667669,-395667669,-674327494,-674327494,-596360533,-596360533,-467754517,-467754517,-629841721,-629841721,-709747636,-709747636,-798369016,-798369016,-755940328,-755940328
f = 324216731,0,1 | route T | claimed 1617.8666300718762909 | coeffs 92654296,252297062,252297062,261547732,261547732,282018366,282018366,387341911,387341911,395667669,395667669,674327494,674327494,596360533,596360533,467754517,467754517,629841721,629841721,709747636,709747636,798369016,798369016,755940328,755940328,789588689,789588689,585468690,585468690,655679962,655679962,643746080,643746080,400347789,400347789,521395505,521395505,509088179,509088179,665963959,665963959,457345180,457345180,292768698,292768698,184461882,184461882,409255617,409255617,662914641,662914641,451630505,451630505,297153763,297153763,407727286,407727286,420000309,420000309,264574811,264574811,-24863845,-24863845,-92654296
# status f = 324216731,0,1 : PASS_RHO (rho 0.88805, T 1617.9, 0s)
f = 333110063,0,1 | route RHO | claimed 0.92535749912166575407 | coeffs -25944844,-25944844,-134251660,-134251660,21173838,21173838,12848080,12848080,-29580608,-29580608,-17273282,-17273282,-228557418,-228557418,-68914652,-68914652,59691364,59691364,129902636,129902636,294479118,294479118,306752141,306752141,412075686,412075686,323454306,323454306,444502022,444502022,190842998,190842998,123052547,123052547,45085586,45085586,249205585,249205585,40586806,40586806,-69986717,-69986717,-90457351,-90457351,-10551436,-10551436,232846855,232846855,457640590,457640590,747079246,747079246,468419421,468419421,502067782,502067782,345192002,345192002,190715260,190715260,199965930,199965930,37878726,37878726
f = 333110063,0,1 | route T | claimed 1942.6764560907822321 | coeffs -25944844,-25944844,-134251660,-134251660,21173838,21173838,12848080,12848080,-29580608,-29580608,-17273282,-17273282,-228557418,-228557418,-68914652,-68914652,59691364,59691364,129902636,129902636,294479118,294479118,306752141,306752141,412075686,412075686,323454306,323454306,444502022,444502022,190842998,190842998,123052547,123052547,45085586,45085586,249205585,249205585,40586806,40586806,-69986717,-69986717,-90457351,-90457351,-10551436,-10551436,232846855,232846855,457640590,457640590,747079246,747079246,468419421,468419421,502067782,502067782,345192002,345192002,190715260,190715260,199965930,199965930,37878726,37878726
# status f = 333110063,0,1 : PASS_RHO (rho 0.92536, T 1942.7, 0s)
f = 414731933,0,1 | route RHO | claimed 0.87725108937345448536 | coeffs -161335076,-161335076,-140864442,-140864442,-208654893,-208654893,-220927916,-220927916,-432212052,-432212052,-323905236,-323905236,-167029456,-167029456,76368835,76368835,-127751164,-127751164,-216372544,-216372544,-344978560,-344978560,-353304318,-353304318,-344053648,-344053648,-633492304,-633492304,-744065827,-744065827,-490406803,-490406803,-325830321,-325830321,-338137647,-338137647,-326203765,-326203765,-292555404,-292555404,-372461319,-372461319,-450428280,-450428280,-555751825,-555751825,-396109059,-396109059,-551534557,-551534557,-397057815,-397057815,-172264080,-172264080,36354699,36354699,157402415,157402415,87191143,87191143,44762455,44762455,-117324749,-117324749
f = 414731933,0,1 | route T | claimed 2379.8147736514718272 | coeffs 140864442,140864442,208654893,208654893,220927916,220927916,432212052,432212052,323905236,323905236,167029456,167029456,-76368835,-76368835,127751164,127751164,216372544,216372544,344978560,344978560,353304318,353304318,344053648,344053648,633492304,633492304,744065827,744065827,490406803,490406803,325830321,325830321,338137647,338137647,326203765,326203765,292555404,292555404,372461319,372461319,450428280,450428280,555751825,555751825,396109059,396109059,551534557,551534557,397057815,397057815,172264080,172264080,-36354699,-36354699,-157402415,-157402415,-87191143,-87191143,-44762455,-44762455,117324749,117324749,-161335076,-161335076
# status f = 414731933,0,1 : PASS_RHO (rho 0.87725, T 2379.8, 0s)
f = 421690289,0,1 | route RHO | claimed 0.91267493386959407971 | coeffs -209819818,-1201039,-1201039,127404977,127404977,-27071765,-27071765,-231191764,-231191764,-71548998,-71548998,-228424778,-228424778,-150457817,-150457817,-361741953,-361741953,-328093592,-328093592,-260303141,-260303141,-247995815,-247995815,-526655640,-526655640,-272996616,-272996616,-315425304,-315425304,-25986648,-25986648,-147034364,-147034364,-155360122,-155360122,69433613,69433613,158054993,158054993,313480491,313480491,556878782,556878782,451555237,451555237,343248421,343248421,423154336,423154336,410881313,410881313,422815195,422815195,402344561,402344561,237768079,237768079,399855283,399855283,289281760,289281760,219070488,219070488,209819818
f = 421690289,0,1 | route T | claimed 1784.3051023017642347 | coeffs 158054993,313480491,313480491,556878782,556878782,451555237,451555237,343248421,343248421,423154336,423154336,410881313,410881313,422815195,422815195,402344561,402344561,237768079,237768079,399855283,399855283,289281760,289281760,219070488,219070488,209819818,209819818,1201039,1201039,-127404977,-127404977,27071765,27071765,231191764,231191764,71548998,71548998,228424778,228424778,150457817,150457817,361741953,361741953,328093592,328093592,260303141,260303141,247995815,247995815,526655640,526655640,272996616,272996616,315425304,315425304,25986648,25986648,147034364,147034364,155360122,155360122,-69433613,-69433613,-158054993
# status f = 421690289,0,1 : PASS_RHO (rho 0.91267, T 1784.3, 0s)
f = 578613264,0,1 | route RHO | claimed 0.91752450794210563512 | coeffs 231913786,-46746039,-46746039,-300405063,-300405063,-342833751,-342833751,-632272407,-632272407,-753320123,-753320123,-744994365,-744994365,-520200630,-520200630,-608822010,-608822010,-453396512,-453396512,-696794803,-696794803,-802118348,-802118348,-693811532,-693811532,-613905617,-613905617,-601632594,-601632594,-589698712,-589698712,-569228078,-569228078,-733804560,-733804560,-895891764,-895891764,-1006465287,-1006465287,-936254015,-936254015,-945504685,-945504685,-736885906,-736885906,-865491922,-865491922,-1019968664,-1019968664,-815848665,-815848665,-656205899,-656205899,-499330119,-499330119,-421363158,-421363158,-210079022,-210079022,-176430661,-176430661,-244221112,-244221112,-231913786
f = 578613264,0,1 | route T | claimed 1962.8329206262484198 | coeffs 342833751,342833751,632272407,632272407,753320123,753320123,744994365,744994365,520200630,520200630,608822010,608822010,453396512,453396512,696794803,696794803,802118348,802118348,693811532,693811532,613905617,613905617,601632594,601632594,589698712,589698712,569228078,569228078,733804560,733804560,895891764,895891764,1006465287,1006465287,936254015,936254015,945504685,945504685,736885906,736885906,865491922,865491922,1019968664,1019968664,815848665,815848665,656205899,656205899,499330119,499330119,421363158,421363158,210079022,210079022,176430661,176430661,244221112,244221112,231913786,231913786,-46746039,-46746039,-300405063,-300405063
# status f = 578613264,0,1 : PASS_RHO (rho 0.91752, T 1962.8, 0s)
f = 585571620,0,1 | route RHO | claimed 0.91542404510675831883 | coeffs 85553227,136489116,136489116,46554108,46554108,-110366749,-110366749,-200654104,-200654104,-140424020,-140424020,-51159465,-51159465,143560382,143560382,71894518,71894518,476920131,476920131,507858991,507858991,250989327,250989327,238961618,238961618,387021828,387021828,92040545,92040545,113942804,113942804,193266933,193266933,-70854202,-70854202,264196433,264196433,109995062,109995062,34377422,34377422,99885926,99885926,4909552,4909552,-117170974,-117170974,-53821054,-53821054,17459358,17459358,-67722285,-67722285,255511049,255511049,389213629,389213629,329497293,329497293,333197721,333197721,86367273,86367273,-85553227
f = 585571620,0,1 | route T | claimed 2160.3486066628626517 | coeffs -6224264,-32405099,-32405099,-53303565,-53303565,-185272038,-185272038,-56985125,-56985125,-45800074,-45800074,91525894,91525894,126846035,126846035,23248029,23248029,-296239439,-296239439,-380979635,-380979635,-139745890,-139745890,-21943258,-21943258,-212062376,-212062376,-128383280,-128383280,-342286403,-342286403,-135617962,-135617962,187702301,187702301,-205028646,-205028646,-341583290,-341583290,-367946201,-367946201,-357593321,-357593321,-434371672,-434371672,-442960362,-442960362,-113576638,-113576638,-98638752,-98638752,-81362587,-81362587,-247198465,-247198465,-52859696,-52859696,-194530841,-194530841,-260279260,-260279260,-314113442,-314113442,6224264
# status f = 585571620,0,1 : PASS_RHO (rho 0.91542, T 2160.3, 0s)
f = 667193490,0,1 | route RHO | claimed 0.89755069009519333304 | coeffs 218192065,218192065,230465088,230465088,125141543,125141543,36520163,36520163,-84527553,-84527553,-338186577,-338186577,-270396126,-270396126,-348363087,-348363087,-552483086,-552483086,-761101865,-761101865,-650528342,-650528342,-670998976,-670998976,-750904891,-750904891,-507506600,-507506600,-732300335,-732300335,-442861679,-442861679,-164201854,-164201854,-130553493,-130553493,26322287,26322287,-128154455,-128154455,-137405125,-137405125,-299492329,-299492329,-287558447,-287558447,-179251631,-179251631,-23826133,-23826133,-15500375,-15500375,-57929063,-57929063,-70236389,-70236389,-281520525,-281520525,-441163291,-441163291,-312557275,-312557275,-382768547,-382768547
f = 667193490,0,1 | route T | claimed 2217.426097945078089 | coeffs -125141543,-125141543,-36520163,-36520163,84527553,84527553,338186577,338186577,270396126,270396126,348363087,348363087,552483086,552483086,761101865,761101865,650528342,650528342,670998976,670998976,750904891,750904891,507506600,507506600,732300335,732300335,442861679,442861679,164201854,164201854,130553493,130553493,-26322287,-26322287,128154455,128154455,137405125,137405125,299492329,299492329,287558447,287558447,179251631,179251631,23826133,23826133,15500375,15500375,57929063,57929063,70236389,70236389,281520525,281520525,441163291,441163291,312557275,312557275,382768547,382768547,218192065,218192065,230465088,230465088
# status f = 667193490,0,1 : PASS_RHO (rho 0.89755, T 2217.4, 0s)
f = 676086822,0,1 | route RHO | claimed 0.92592432174253700491 | coeffs -192919853,-352562619,-352562619,-343311949,-343311949,-363782583,-363782583,-258459038,-258459038,-266784796,-266784796,11875029,11875029,89841990,89841990,-38764026,-38764026,-200851230,-200851230,-120945315,-120945315,-209566695,-209566695,-251995383,-251995383,-285643744,-285643744,-489763743,-489763743,-559975015,-559975015,-571908897,-571908897,-328510606,-328510606,-207462890,-207462890,-195155564,-195155564,-38279784,-38279784,170338995,170338995,5762513,5762513,114069329,114069329,338863064,338863064,85204040,85204040,-126080096,-126080096,28396646,28396646,138970169,138970169,126697146,126697146,-28728352,-28728352,260710304,260710304,192919853
f = 676086822,0,1 | route T | claimed 1961.1007873751129318 | coeffs 170338995,5762513,5762513,114069329,114069329,338863064,338863064,85204040,85204040,-126080096,-126080096,28396646,28396646,138970169,138970169,126697146,126697146,-28728352,-28728352,260710304,260710304,192919853,192919853,352562619,352562619,343311949,343311949,363782583,363782583,258459038,258459038,266784796,266784796,-11875029,-11875029,-89841990,-89841990,38764026,38764026,200851230,200851230,120945315,120945315,209566695,209566695,251995383,251995383,285643744,285643744,489763743,489763743,559975015,559975015,571908897,571908897,328510606,328510606,207462890,207462890,195155564,195155564,38279784,38279784,-170338995
# status f = 676086822,0,1 : PASS_RHO (rho 0.92592, T 1961.1, 0s)
f = 777398215,0,1 | route RHO | claimed 0.92592432174253700491 | coeffs -85204040,-338863064,-338863064,-114069329,-114069329,-5762513,-5762513,-170338995,-170338995,38279784,38279784,195155564,195155564,207462890,207462890,328510606,328510606,571908897,571908897,559975015,559975015,489763743,489763743,285643744,285643744,251995383,251995383,209566695,209566695,120945315,120945315,200851230,200851230,38764026,38764026,-89841990,-89841990,-11875029,-11875029,266784796,266784796,258459038,258459038,363782583,363782583,343311949,343311949,352562619,352562619,192919853,192919853,260710304,260710304,-28728352,-28728352,126697146,126697146,138970169,138970169,28396646,28396646,-126080096,-126080096,85204040
f = 777398215,0,1 | route T | claimed 2531.4341566560056504 | coeffs -170338995,-170338995,38279784,38279784,195155564,195155564,207462890,207462890,328510606,328510606,571908897,571908897,559975015,559975015,489763743,489763743,285643744,285643744,251995383,251995383,209566695,209566695,120945315,120945315,200851230,200851230,38764026,38764026,-89841990,-89841990,-11875029,-11875029,266784796,266784796,258459038,258459038,363782583,363782583,343311949,343311949,352562619,352562619,192919853,192919853,260710304,260710304,-28728352,-28728352,126697146,126697146,138970169,138970169,28396646,28396646,-126080096,-126080096,85204040,85204040,338863064,338863064,114069329,114069329,5762513,5762513
# status f = 777398215,0,1 : PASS_RHO (rho 0.92592, T 2531.4, 0s)
f = 793232802,0,1 | route RHO | claimed 0.90337555326740260014 | coeffs 494965337,494965337,366359321,366359321,378666647,378666647,223241149,223241149,385328353,385328353,228452573,228452573,-60986083,-60986083,18919832,18919832,227538611,227538611,159748160,159748160,248369540,248369540,412946022,412946022,253303256,253303256,210874568,210874568,319181384,319181384,309930714,309930714,343579075,343579075,118785340,118785340,98314706,98314706,-105805293,-105805293,-359464317,-359464317,-464787862,-464787862,-394576590,-394576590,-183292454,-183292454,-191618212,-191618212,-203552094,-203552094,-49075352,-49075352,-327735177,-327735177,-571133468,-571133468,-681706991,-681706991,-603740030,-603740030,-482692314,-482692314
f = 793232802,0,1 | route T | claimed 1716.3501196854909244 | coeffs -118785340,-118785340,-98314706,-98314706,105805293,105805293,359464317,359464317,464787862,464787862,394576590,394576590,183292454,183292454,191618212,191618212,203552094,203552094,49075352,49075352,327735177,327735177,571133468,571133468,681706991,681706991,603740030,603740030,482692314,482692314,494965337,494965337,366359321,366359321,378666647,378666647,223241149,223241149,385328353,385328353,228452573,228452573,-60986083,-60986083,18919832,18919832,227538611,227538611,159748160,159748160,248369540,248369540,412946022,412946022,253303256,253303256,210874568,210874568,319181384,319181384,309930714,309930714,343579075,343579075
# status f = 793232802,0,1 : PASS_RHO (rho 0.90338, T 1716.4, 0s)
f = 795645154,0,1 | route RHO | claimed 0.91752450794210563512 | coeffs -176430661,-176430661,-210079022,-210079022,-421363158,-421363158,-499330119,-499330119,-656205899,-656205899,-815848665,-815848665,-1019968664,-1019968664,-865491922,-865491922,-736885906,-736885906,-945504685,-945504685,-936254015,-936254015,-1006465287,-1006465287,-895891764,-895891764,-733804560,-733804560,-569228078,-569228078,-589698712,-589698712,-601632594,-601632594,-613905617,-613905617,-693811532,-693811532,-802118348,-802118348,-696794803,-696794803,-453396512,-453396512,-608822010,-608822010,-520200630,-520200630,-744994365,-744994365,-753320123,-753320123,-632272407,-632272407,-342833751,-342833751,-300405063,-300405063,-46746039,-46746039,231913786,231913786,244221112,244221112
f = 795645154,0,1 | route T | claimed 2294.1859280494823668 | coeffs -46746039,-46746039,231913786,231913786,244221112,244221112,176430661,176430661,210079022,210079022,421363158,421363158,499330119,499330119,656205899,656205899,815848665,815848665,1019968664,1019968664,865491922,865491922,736885906,736885906,945504685,945504685,936254015,936254015,1006465287,1006465287,895891764,895891764,733804560,733804560,569228078,569228078,589698712,589698712,601632594,601632594,613905617,613905617,693811532,693811532,802118348,802118348,696794803,696794803,453396512,453396512,608822010,608822010,520200630,520200630,744994365,744994365,753320123,753320123,632272407,632272407,342833751,342833751,300405063,300405063
# status f = 795645154,0,1 : PASS_RHO (rho 0.91752, T 2294.2, 0s)
f = 799942450,0,1 | route RHO | claimed 0.91586512143385574077 | coeffs 17876649,242670384,242670384,164703423,164703423,329279905,329279905,320954147,320954147,477829927,477829927,498300561,498300561,377252845,377252845,217610079,217610079,205676197,205676197,495114853,495114853,699234852,699234852,711507875,711507875,669079187,669079187,823555929,823555929,743650014,743650014,997309038,997309038,868703022,868703022,977009838,977009838,698350013,698350013,489731234,489731234,595054779,595054779,607362105,607362105,598111435,598111435,354713144,354713144,422503595,422503595,352292323,352292323,196866825,196866825,230515186,230515186,119941663,119941663,31320283,31320283,-179963853,-179963853,-17876649
f = 799942450,0,1 | route T | claimed 2385.203990669323426 | coeffs 17876649,242670384,242670384,164703423,164703423,329279905,329279905,320954147,320954147,477829927,477829927,498300561,498300561,377252845,377252845,217610079,217610079,205676197,205676197,495114853,495114853,699234852,699234852,711507875,711507875,669079187,669079187,823555929,823555929,743650014,743650014,997309038,997309038,868703022,868703022,977009838,977009838,698350013,698350013,489731234,489731234,595054779,595054779,607362105,607362105,598111435,598111435,354713144,354713144,422503595,422503595,352292323,352292323,196866825,196866825,230515186,230515186,119941663,119941663,31320283,31320283,-179963853,-179963853,-17876649
# status f = 799942450,0,1 : PASS_RHO (rho 0.91587, T 2385.2, 0s)
f = 813681218,0,1 | route RHO | claimed 0.9683685207264468149 | coeffs 418256915,418256915,488468187,488468187,713261922,713261922,553619156,553619156,473713241,473713241,486020567,486020567,375447044,375447044,383772802,383772802,179652803,179652803,71345987,71345987,3555536,3555536,-158531668,-158531668,-279579384,-279579384,-125102642,-125102642,-19779097,-19779097,13869264,13869264,-150707218,-150707218,-440145874,-440145874,-311539858,-311539858,-68141567,-68141567,143142569,143142569,163613203,163613203,121184515,121184515,-87434264,-87434264,-242859762,-242859762,-164892801,-164892801,-152958919,-152958919,-406617943,-406617943,-397367273,-397367273,-308745893,-308745893,-151870113,-151870113,-139597090,-139597090
f = 813681218,0,1 | route T | claimed 2025.6415445572527157 | coeffs -486020567,-375447044,-375447044,-383772802,-383772802,-179652803,-179652803,-71345987,-71345987,-3555536,-3555536,158531668,158531668,279579384,279579384,125102642,125102642,19779097,19779097,-13869264,-13869264,150707218,150707218,440145874,440145874,311539858,311539858,68141567,68141567,-143142569,-143142569,-163613203,-163613203,-121184515,-121184515,87434264,87434264,242859762,242859762,164892801,164892801,152958919,152958919,406617943,406617943,397367273,397367273,308745893,308745893,151870113,151870113,139597090,139597090,418256915,418256915,488468187,488468187,713261922,713261922,553619156,553619156,473713241,473713241,486020567
# status f = 813681218,0,1 : PASS_RHO (rho 0.96837, T 2025.6, 0s)
f = 858814295,0,1 | route RHO | claimed 0.91586512143385574077 | coeffs 217610079,217610079,377252845,377252845,498300561,498300561,477829927,477829927,320954147,320954147,329279905,329279905,164703423,164703423,242670384,242670384,17876649,17876649,179963853,179963853,-31320283,-31320283,-119941663,-119941663,-230515186,-230515186,-196866825,-196866825,-352292323,-352292323,-422503595,-422503595,-354713144,-354713144,-598111435,-598111435,-607362105,-607362105,-595054779,-595054779,-489731234,-489731234,-698350013,-698350013,-977009838,-977009838,-868703022,-868703022,-997309038,-997309038,-743650014,-743650014,-823555929,-823555929,-669079187,-669079187,-711507875,-711507875,-699234852,-699234852,-495114853,-495114853,-205676197,-205676197
f = 858814295,0,1 | route T | claimed 1992.8719531455140367 | coeffs 31320283,31320283,119941663,119941663,230515186,230515186,196866825,196866825,352292323,352292323,422503595,422503595,354713144,354713144,598111435,598111435,607362105,607362105,595054779,595054779,489731234,489731234,698350013,698350013,977009838,977009838,868703022,868703022,997309038,997309038,743650014,743650014,823555929,823555929,669079187,669079187,711507875,711507875,699234852,699234852,495114853,495114853,205676197,205676197,217610079,217610079,377252845,377252845,498300561,498300561,477829927,477829927,320954147,320954147,329279905,329279905,164703423,164703423,242670384,242670384,17876649,17876649,179963853,179963853
# status f = 858814295,0,1 : PASS_RHO (rho 0.91587, T 1992.9, 0s)
f = 914575647,0,1 | route RHO | claimed 0.85344137312594189603 | coeffs -192522732,-272428647,-272428647,-112785881,-112785881,112007854,112007854,41796582,41796582,320456407,320456407,332729430,332729430,175853650,175853650,264475030,264475030,255224360,255224360,1565336,1565336,-10368546,-10368546,67598415,67598415,223023913,223023913,14405134,14405134,56833822,56833822,77304456,77304456,-133979680,-133979680,109418611,109418611,-19187405,-19187405,-308626061,-308626061,-144049579,-144049579,-110401218,-110401218,-215724763,-215724763,-61248021,-61248021,59799695,59799695,-102287509,-102287509,-34497058,-34497058,-142803874,-142803874,61316125,61316125,69641883,69641883,180215406,180215406,192522732
f = 914575647,0,1 | route T | claimed 2026.1124629252636862 | coeffs -112785881,112007854,112007854,41796582,41796582,320456407,320456407,332729430,332729430,175853650,175853650,264475030,264475030,255224360,255224360,1565336,1565336,-10368546,-10368546,67598415,67598415,223023913,223023913,14405134,14405134,56833822,56833822,77304456,77304456,-133979680,-133979680,109418611,109418611,-19187405,-19187405,-308626061,-308626061,-144049579,-144049579,-110401218,-110401218,-215724763,-215724763,-61248021,-61248021,59799695,59799695,-102287509,-102287509,-34497058,-34497058,-142803874,-142803874,61316125,61316125,69641883,69641883,180215406,180215406,192522732,192522732,272428647,272428647,112785881
# status f = 914575647,0,1 : PASS_RHO (rho 0.85344, T 2026.1, 0s)
f = 915439288,0,1 | route RHO | claimed 0.88547778476206911294 | coeffs -322612286,-167186788,-167186788,86472236,86472236,-70403544,-70403544,-192272,-192272,-80098187,-80098187,-71772429,-71772429,-139562880,-139562880,14913862,14913862,-149662620,-149662620,93735671,93735671,51306983,51306983,129273944,129273944,138524614,138524614,150797637,150797637,-73996098,-73996098,-86303424,-86303424,117816575,117816575,279903779,279903779,174580234,174580234,464018890,464018890,252734754,252734754,461353533,461353533,449419651,449419651,360798271,360798271,639458096,639458096,479815330,479815330,369241807,369241807,260934991,260934991,139887275,139887275,173535636,173535636,302141652,302141652,322612286
f = 915439288,0,1 | route T | claimed 1842.9618816848920088 | coeffs -322612286,-322612286,-167186788,-167186788,86472236,86472236,-70403544,-70403544,-192272,-192272,-80098187,-80098187,-71772429,-71772429,-139562880,-139562880,14913862,14913862,-149662620,-149662620,93735671,93735671,51306983,51306983,129273944,129273944,138524614,138524614,150797637,150797637,-73996098,-73996098,-86303424,-86303424,117816575,117816575,279903779,279903779,174580234,174580234,464018890,464018890,252734754,252734754,461353533,461353533,449419651,449419651,360798271,360798271,639458096,639458096,479815330,479815330,369241807,369241807,260934991,260934991,139887275,139887275,173535636,173535636,302141652,302141652
# status f = 915439288,0,1 : PASS_RHO (rho 0.88548, T 1843.0, 0s)
f = 918070827,0,1 | route RHO | claimed 0.90337555326740260014 | coeffs 191618212,191618212,183292454,183292454,394576590,394576590,464787862,464787862,359464317,359464317,105805293,105805293,-98314706,-98314706,-118785340,-118785340,-343579075,-343579075,-309930714,-309930714,-319181384,-319181384,-210874568,-210874568,-253303256,-253303256,-412946022,-412946022,-248369540,-248369540,-159748160,-159748160,-227538611,-227538611,-18919832,-18919832,60986083,60986083,-228452573,-228452573,-385328353,-385328353,-223241149,-223241149,-378666647,-378666647,-366359321,-366359321,-494965337,-494965337,-482692314,-482692314,-603740030,-603740030,-681706991,-681706991,-571133468,-571133468,-327735177,-327735177,-49075352,-49075352,-203552094,-203552094
f = 918070827,0,1 | route T | claimed 2310.732578055754365 | coeffs -464787862,-464787862,-359464317,-359464317,-105805293,-105805293,98314706,98314706,118785340,118785340,343579075,343579075,309930714,309930714,319181384,319181384,210874568,210874568,253303256,253303256,412946022,412946022,248369540,248369540,159748160,159748160,227538611,227538611,18919832,18919832,-60986083,-60986083,228452573,228452573,385328353,385328353,223241149,223241149,378666647,378666647,366359321,366359321,494965337,494965337,482692314,482692314,603740030,603740030,681706991,681706991,571133468,571133468,327735177,327735177,49075352,49075352,203552094,203552094,191618212,191618212,183292454,183292454,394576590,394576590
# status f = 918070827,0,1 : PASS_RHO (rho 0.90338, T 2310.7, 0s)
f = 922784868,0,1 | route RHO | claimed 0.89755069009519333304 | coeffs 287558447,287558447,299492329,299492329,137405125,137405125,128154455,128154455,-26322287,-26322287,130553493,130553493,164201854,164201854,442861679,442861679,732300335,732300335,507506600,507506600,750904891,750904891,670998976,670998976,650528342,650528342,761101865,761101865,552483086,552483086,348363087,348363087,270396126,270396126,338186577,338186577,84527553,84527553,-36520163,-36520163,-125141543,-125141543,-230465088,-230465088,-218192065,-218192065,-382768547,-382768547,-312557275,-312557275,-441163291,-441163291,-281520525,-281520525,-70236389,-70236389,-57929063,-57929063,-15500375,-15500375,-23826133,-23826133,-179251631,-179251631
f = 922784868,0,1 | route T | claimed 1867.1349314361561216 | coeffs 36520163,125141543,125141543,230465088,230465088,218192065,218192065,382768547,382768547,312557275,312557275,441163291,441163291,281520525,281520525,70236389,70236389,57929063,57929063,15500375,15500375,23826133,23826133,179251631,179251631,287558447,287558447,299492329,299492329,137405125,137405125,128154455,128154455,-26322287,-26322287,130553493,130553493,164201854,164201854,442861679,442861679,732300335,732300335,507506600,507506600,750904891,750904891,670998976,670998976,650528342,650528342,761101865,761101865,552483086,552483086,348363087,348363087,270396126,270396126,338186577,338186577,84527553,84527553,-36520163
# status f = 922784868,0,1 : PASS_RHO (rho 0.89755, T 1867.1, 0s)
f = 928160291,0,1 | route RHO | claimed 0.91125207863343950908 | coeffs -1100628039,-1100628039,-889343903,-889343903,-599905247,-599905247,-494581702,-494581702,-332494498,-332494498,-536614497,-536614497,-548921823,-548921823,-324128088,-324128088,-311855065,-311855065,-321105735,-321105735,-243138774,-243138774,-200710086,-200710086,42688205,42688205,207264687,207264687,361741429,361741429,429531880,429531880,437857638,437857638,517763553,517763553,587974825,587974825,744850605,744850605,998509629,998509629,843084131,843084131,822613497,822613497,951219513,951219513,917571152,917571152,796523436,796523436,904830252,904830252,794256729,794256729,953899495,953899495,1232559320,1232559320,1321180700,1321180700,1309246818,1309246818
f = 928160291,0,1 | route T | claimed 2247.4844596200081121 | coeffs -200710086,-200710086,42688205,42688205,207264687,207264687,361741429,361741429,429531880,429531880,437857638,437857638,517763553,517763553,587974825,587974825,744850605,744850605,998509629,998509629,843084131,843084131,822613497,822613497,951219513,951219513,917571152,917571152,796523436,796523436,904830252,904830252,794256729,794256729,953899495,953899495,1232559320,1232559320,1321180700,1321180700,1309246818,1309246818,1100628039,1100628039,889343903,889343903,599905247,599905247,494581702,494581702,332494498,332494498,536614497,536614497,548921823,548921823,324128088,324128088,311855065,311855065,321105735,321105735,243138774,243138774
# status f = 928160291,0,1 : PASS_RHO (rho 0.91125, T 2247.5, 0s)
f = 978031195,0,1 | route RHO | claimed 0.87725108937345448536 | coeffs 338137647,325830321,325830321,490406803,490406803,744065827,744065827,633492304,633492304,344053648,344053648,353304318,353304318,344978560,344978560,216372544,216372544,127751164,127751164,-76368835,-76368835,167029456,167029456,323905236,323905236,432212052,432212052,220927916,220927916,208654893,208654893,140864442,140864442,161335076,161335076,-117324749,-117324749,44762455,44762455,87191143,87191143,157402415,157402415,36354699,36354699,-172264080,-172264080,-397057815,-397057815,-551534557,-551534557,-396109059,-396109059,-555751825,-555751825,-450428280,-450428280,-372461319,-372461319,-292555404,-292555404,-326203765,-326203765,-338137647
f = 978031195,0,1 | route T | claimed 1296.0112636944169215 | coeffs -220927916,-208654893,-208654893,-140864442,-140864442,-161335076,-161335076,117324749,117324749,-44762455,-44762455,-87191143,-87191143,-157402415,-157402415,-36354699,-36354699,172264080,172264080,397057815,397057815,551534557,551534557,396109059,396109059,555751825,555751825,450428280,450428280,372461319,372461319,292555404,292555404,326203765,326203765,338137647,338137647,325830321,325830321,490406803,490406803,744065827,744065827,633492304,633492304,344053648,344053648,353304318,353304318,344978560,344978560,216372544,216372544,127751164,127751164,-76368835,-76368835,167029456,167029456,323905236,323905236,432212052,432212052,220927916
# status f = 978031195,0,1 : PASS_RHO (rho 0.87725, T 1296.0, 0s)
# summary n = 7 l = 1000303553 : EXCLUSION_CANDIDATE ; PASS 32 / 32 ; OPEN_NEAR 0 ; OPEN_FAR 0 ; 14s
