# FAMILY WITNESS FILE (generator family_gen.sage r10). n = 7 ; l = 1001143489 ; m = 64 ; deg = 2 ; ncomp = 32 ; bar_T = 4224 ; L_n = 16.3328709449664096755483535644
# line: f = c0,...,c_deg (monic, over F_l) | route RHO|T | claimed (rho or T, float) | coeffs a_0..a_{m-1}
f = 12764711,0,1 | route RHO | claimed 0.88730733620589382802 | coeffs 1002272,-143778754,-143778754,489967,489967,-20073754,-20073754,-152197646,-152197646,-163106386,-163106386,170746881,170746881,77381307,77381307,311486667,311486667,587651568,587651568,502304661,502304661,516922321,516922321,393041557,393041557,382315638,382315638,261251945,261251945,180111065,180111065,-23354048,-23354048,301928342,301928342,197275983,197275983,-49532211,-49532211,191723205,191723205,275668831,275668831,87992562,87992562,47707580,47707580,2823026,2823026,64647569,64647569,344019823,344019823,304640599,304640599,183134403,183134403,165489810,165489810,265283293,265283293,99777461,99777461,-1002272
f = 12764711,0,1 | route T | claimed 2091.3997873338119608 | coeffs 1002272,-143778754,-143778754,489967,489967,-20073754,-20073754,-152197646,-152197646,-163106386,-163106386,170746881,170746881,77381307,77381307,311486667,311486667,587651568,587651568,502304661,502304661,516922321,516922321,393041557,393041557,382315638,382315638,261251945,261251945,180111065,180111065,-23354048,-23354048,301928342,301928342,197275983,197275983,-49532211,-49532211,191723205,191723205,275668831,275668831,87992562,87992562,47707580,47707580,2823026,2823026,64647569,64647569,344019823,344019823,304640599,304640599,183134403,183134403,165489810,165489810,265283293,265283293,99777461,99777461,-1002272
# status f = 12764711,0,1 : PASS_RHO (rho 0.88731, T 2091.4, 1s)
f = 21622691,0,1 | route RHO | claimed 0.88993141987665484395 | coeffs 59395150,59395150,-107767743,-107767743,-91303984,-91303984,-63847870,-63847870,121780202,121780202,93652257,93652257,135628842,135628842,44909072,44909072,-29277536,-29277536,35094094,35094094,-119973644,-119973644,-210088858,-210088858,-270431171,-270431171,-573815965,-573815965,-580044585,-580044585,-553019297,-553019297,-568130748,-568130748,-570607181,-570607181,-308989828,-308989828,-278976636,-278976636,-462698191,-462698191,-44600556,-44600556,-66971866,-66971866,-344065470,-344065470,-316211574,-316211574,-330862010,-330862010,-484971322,-484971322,-102657521,-102657521,-243502425,-243502425,-282708606,-282708606,-52105891,-52105891,89363626,89363626
f = 21622691,0,1 | route T | claimed 1729.085074562611235 | coeffs 89363626,89363626,-59395150,-59395150,107767743,107767743,91303984,91303984,63847870,63847870,-121780202,-121780202,-93652257,-93652257,-135628842,-135628842,-44909072,-44909072,29277536,29277536,-35094094,-35094094,119973644,119973644,210088858,210088858,270431171,270431171,573815965,573815965,580044585,580044585,553019297,553019297,568130748,568130748,570607181,570607181,308989828,308989828,278976636,278976636,462698191,462698191,44600556,44600556,66971866,66971866,344065470,344065470,316211574,316211574,330862010,330862010,484971322,484971322,102657521,102657521,243502425,243502425,282708606,282708606,52105891,52105891
# status f = 21622691,0,1 : PASS_RHO (rho 0.88993, T 1729.1, 0s)
f = 25173461,0,1 | route RHO | claimed 0.94091578420431443856 | coeffs -426410229,-426410229,-587614515,-587614515,-456862266,-456862266,-517621258,-517621258,-598540349,-598540349,-667637588,-667637588,-734958231,-734958231,-667661524,-667661524,-685401641,-685401641,-608376567,-608376567,-528413304,-528413304,-331100022,-331100022,-293664002,-293664002,-435642465,-435642465,-258546947,-258546947,92878280,92878280,-36877067,-36877067,-77112287,-77112287,48820295,48820295,6943805,6943805,-138538056,-138538056,39484178,39484178,-148829328,-148829328,-41079373,-41079373,224790599,224790599,397772273,397772273,343454396,343454396,462249095,462249095,271268390,271268390,552023295,552023295,211132831,211132831,174729360,174729360
f = 25173461,0,1 | route T | claimed 2658.5464051752137122 | coeffs 364788078,364788078,391773033,391773033,574429436,574429436,610247820,610247820,739341064,739341064,599059694,599059694,497758942,497758942,514570356,514570356,384041102,384041102,472060104,472060104,323516361,323516361,112019501,112019501,78386747,78386747,-85198486,-85198486,-364387799,-364387799,-231320943,-231320943,-129921840,-129921840,-310789840,-310789840,-206237576,-206237576,-101494826,-101494826,-364863644,-364863644,-500498653,-500498653,-662564437,-662564437,-899539182,-899539182,-647543885,-647543885,-679248021,-679248021,-889618247,-889618247,-305415001,-305415001,-411203565,-411203565,-527789960,-527789960,-287246461,-287246461,-186619652,-186619652
# status f = 25173461,0,1 : PASS_RHO (rho 0.94092, T 2658.5, 0s)
f = 46417697,0,1 | route RHO | claimed 0.96654555551710755997 | coeffs 550578133,562982851,562982851,433255393,433255393,364196577,364196577,416574402,416574402,444385183,444385183,602560804,602560804,325400058,325400058,438255217,438255217,448410790,448410790,432706249,432706249,523063436,523063436,306862716,306862716,175560616,175560616,199674341,199674341,349209980,349209980,460451272,460451272,406886163,406886163,486245561,486245561,588834708,588834708,478545946,478545946,517813210,517813210,521842893,521842893,-60036984,-60036984,-83568893,-83568893,78066065,78066065,119117483,119117483,205432346,205432346,28898265,28898265,-221837984,-221837984,-120845692,-120845692,-324665630,-324665630,-550578133
f = 46417697,0,1 | route T | claimed 2392.072716447770555 | coeffs -513618028,-524526768,-524526768,-380258047,-380258047,-214752215,-214752215,-93246019,-93246019,-155070562,-155070562,32605707,32605707,279413901,279413901,482879014,482879014,493604933,493604933,578951840,578951840,672317414,672317414,804441306,804441306,949222332,949222332,1049015815,1049015815,1009636591,1009636591,964752037,964752037,1048697663,1048697663,944045304,944045304,862904424,862904424,739023660,739023660,1015188561,1015188561,1349041828,1349041828,1328478107,1328478107,1429257840,1429257840,1446902433,1446902433,1167530179,1167530179,1207815161,1207815161,966559745,966559745,641277355,641277355,762341048,762341048,747723388,747723388,513618028
# status f = 46417697,0,1 : PASS_RHO (rho 0.96655, T 2392.1, 0s)
f = 163622286,0,1 | route RHO | claimed 0.91924182232851865814 | coeffs -626302171,-902467072,-902467072,-661211656,-661211656,-495705824,-495705824,-410358917,-410358917,-326413291,-326413291,-225633558,-225633558,-240251218,-240251218,-427927487,-427927487,-572708513,-572708513,-448827749,-448827749,-489112731,-489112731,-344844010,-344844010,-334118091,-334118091,-379002645,-379002645,-399566366,-399566366,-278502673,-278502673,-216678130,-216678130,-348802022,-348802022,-267661142,-267661142,11711112,11711112,802372,802372,204267485,204267485,164888261,164888261,498741528,498741528,173459138,173459138,51952942,51952942,-41412632,-41412632,63239727,63239727,45595134,45595134,279700494,279700494,526508688,526508688,626302171
f = 163622286,0,1 | route T | claimed 2500.5707459078703208 | coeffs -292245159,-292245159,-191252867,-191252867,-219063648,-219063648,-2862928,-2862928,-105452075,-105452075,-146503493,-146503493,-134098775,-134098775,-21243616,-21243616,128292023,128292023,132321706,132321706,-118414543,-118414543,-170792368,-170792368,-261149555,-261149555,-340508953,-340508953,-502143911,-502143911,-276231408,-276231408,-553392154,-553392154,-529278429,-529278429,-490011165,-490011165,-666545246,-666545246,-597486430,-597486430,-581781889,-581781889,-528216780,-528216780,-504684871,-504684871,-300864933,-300864933,-142689312,-142689312,-273991412,-273991412,-384280174,-384280174,-297965311,-297965311,-168237853,-168237853,-178393426,-178393426,-289634718,-289634718
# status f = 163622286,0,1 : PASS_RHO (rho 0.91924, T 2500.6, 0s)
f = 229575519,0,1 | route RHO | claimed 0.97335664196793537243 | coeffs 41051418,0,39267264,0,111241292,0,90357187,0,158175621,0,12404718,0,176534081,0,-419263612,0,-79359398,0,131302100,0,-112855159,0,69058816,0,100992292,0,161634958,0,-110288762,0,149535639,0,-15704541,0,27810781,0,225912503,0,-86314863,0,-4029683,0,53565109,0,216200720,0,277160746,0,129727458,0,-250736249,0,-23531909,0,102589147,0,24113725,0,10155573,0,52377825,0,203819938,0
f = 229575519,0,1 | route T | claimed 2544.1072416988956947 | coeffs -203543347,-235715405,-235715405,-467625192,-467625192,-663835309,-663835309,-883543483,-883543483,-904404858,-904404858,-1020731603,-1020731603,-797089914,-797089914,-849144972,-849144972,-953912056,-953912056,-1015397163,-1015397163,-913784104,-913784104,-899862339,-899862339,-953279188,-953279188,-795105145,-795105145,-848228453,-848228453,-658844995,-658844995,-587942528,-587942528,-622198112,-622198112,-372825875,-372825875,-606193433,-606193433,-525629331,-525629331,-253613371,-253613371,26723815,26723815,113374365,113374365,-59108098,-59108098,24719360,24719360,216181310,216181310,365698981,365698981,32735522,32735522,-125589047,-125589047,47820240,47820240,203543347
# status f = 229575519,0,1 : PASS_RHO (rho 0.97336, T 2544.1, 0s)
f = 238705070,0,1 | route RHO | claimed 0.88730733620589382802 | coeffs -502304661,-587651568,-587651568,-311486667,-311486667,-77381307,-77381307,-170746881,-170746881,163106386,163106386,152197646,152197646,20073754,20073754,-489967,-489967,143778754,143778754,-1002272,-1002272,99777461,99777461,265283293,265283293,165489810,165489810,183134403,183134403,304640599,304640599,344019823,344019823,64647569,64647569,2823026,2823026,47707580,47707580,87992562,87992562,275668831,275668831,191723205,191723205,-49532211,-49532211,197275983,197275983,301928342,301928342,-23354048,-23354048,180111065,180111065,261251945,261251945,382315638,382315638,393041557,393041557,516922321,516922321,502304661
f = 238705070,0,1 | route T | claimed 2025.1718949610555245 | coeffs -141821120,-141821120,-89766062,-89766062,82716401,82716401,21231294,21231294,212693244,212693244,198771479,198771479,531734938,531734938,689908981,689908981,863318268,863318268,673934810,673934810,641762752,641762752,607507168,607507168,803717285,803717285,1037084843,1037084843,1016223468,1016223468,1288239428,1288239428,1064597739,1064597739,977947189,977947189,873180105,873180105,957007563,957007563,855394504,855394504,705876833,705876833,652459984,652459984,494135415,494135415,547258723,547258723,391535616,391535616,462438083,462438083,694347870,694347870,444975633,444975633,225267459,225267459,305831561,305831561,422158306,422158306
# status f = 238705070,0,1 : PASS_RHO (rho 0.88731, T 2025.2, 0s)
f = 250677914,0,1 | route RHO | claimed 0.94289718931408685569 | coeffs 174243781,-56130012,-56130012,69491127,69491127,97401732,97401732,-26551347,-26551347,-2047972,-2047972,-121957313,-121957313,-162354080,-162354080,88068676,88068676,238595765,238595765,152524724,152524724,188359893,188359893,347287812,347287812,267721574,267721574,380088166,380088166,224732447,224732447,238025949,238025949,46848940,46848940,221488865,221488865,118172221,118172221,139471970,139471970,124785147,124785147,341838452,341838452,-60829184,-60829184,16674314,16674314,168813207,168813207,-86927204,-86927204,-306428146,-306428146,-435094022,-435094022,-270504207,-270504207,-115576295,-115576295,63430792,63430792,-174243781
f = 250677914,0,1 | route T | claimed 2456.8410661610465603 | coeffs 174243781,-56130012,-56130012,69491127,69491127,97401732,97401732,-26551347,-26551347,-2047972,-2047972,-121957313,-121957313,-162354080,-162354080,88068676,88068676,238595765,238595765,152524724,152524724,188359893,188359893,347287812,347287812,267721574,267721574,380088166,380088166,224732447,224732447,238025949,238025949,46848940,46848940,221488865,221488865,118172221,118172221,139471970,139471970,124785147,124785147,341838452,341838452,-60829184,-60829184,16674314,16674314,168813207,168813207,-86927204,-86927204,-306428146,-306428146,-435094022,-435094022,-270504207,-270504207,-115576295,-115576295,63430792,63430792,-174243781
# status f = 250677914,0,1 : PASS_RHO (rho 0.94290, T 2456.8, 0s)
f = 273794069,0,1 | route RHO | claimed 0.94091578420431443856 | coeffs 77112287,36877067,36877067,-92878280,-92878280,258546947,258546947,435642465,435642465,293664002,293664002,331100022,331100022,528413304,528413304,608376567,608376567,685401641,685401641,667661524,667661524,734958231,734958231,667637588,667637588,598540349,598540349,517621258,517621258,456862266,456862266,587614515,587614515,426410229,426410229,174729360,174729360,211132831,211132831,552023295,552023295,271268390,271268390,462249095,462249095,343454396,343454396,397772273,397772273,224790599,224790599,-41079373,-41079373,-148829328,-148829328,39484178,39484178,-138538056,-138538056,6943805,6943805,48820295,48820295,-77112287
f = 273794069,0,1 | route T | claimed 2136.3716761258783161 | coeffs 77112287,36877067,36877067,-92878280,-92878280,258546947,258546947,435642465,435642465,293664002,293664002,331100022,331100022,528413304,528413304,608376567,608376567,685401641,685401641,667661524,667661524,734958231,734958231,667637588,667637588,598540349,598540349,517621258,517621258,456862266,456862266,587614515,587614515,426410229,426410229,174729360,174729360,211132831,211132831,552023295,552023295,271268390,271268390,462249095,462249095,343454396,343454396,397772273,397772273,224790599,224790599,-41079373,-41079373,-148829328,-148829328,39484178,39484178,-138538056,-138538056,6943805,6943805,48820295,48820295,-77112287
# status f = 273794069,0,1 : PASS_RHO (rho 0.94092, T 2136.4, 0s)
f = 288183106,0,1 | route RHO | claimed 0.94048953051094298285 | coeffs 107459738,107459738,-24664154,-24664154,-13938235,-13938235,-201614504,-201614504,-36108672,-36108672,-270214032,-270214032,55068358,55068358,-224303896,-224303896,-203740175,-203740175,-327620939,-327620939,-411566565,-411566565,-311773082,-311773082,-405138656,-405138656,-201673543,-201673543,-139849000,-139849000,4419721,4419721,-10197939,-10197939,231057477,231057477,248702070,248702070,-85151197,-85151197,-166292077,-166292077,-121407523,-121407523,23373503,23373503,-61973404,-61973404,184834790,184834790,63328594,63328594,52419854,52419854,173483547,173483547,133198565,133198565,233978298,233978298,-42186603,-42186603,-146838962,-146838962
f = 288183106,0,1 | route T | claimed 2315.9463642001763671 | coeffs -1033813939,-1075027624,-1075027624,-911572117,-911572117,-644070388,-644070388,-695218567,-695218567,-615100232,-615100232,-687116368,-687116368,-529860022,-529860022,-427530337,-427530337,-240728491,-240728491,-55392670,-55392670,-56726545,-56726545,239609849,239609849,44985288,44985288,114550223,114550223,40758645,40758645,116576379,116576379,181046726,181046726,99479024,99479024,51164766,51164766,331873016,331873016,391591383,391591383,78100053,78100053,146477473,146477473,540326745,540326745,624779134,624779134,488319053,488319053,551140040,551140040,575323064,575323064,936435818,936435818,1023937969,1023937969,979911291,979911291,1033813939
# status f = 288183106,0,1 : PASS_RHO (rho 0.94049, T 2315.9, 0s)
f = 299379610,0,1 | route RHO | claimed 0.94282616986640149153 | coeffs 56541734,27841262,27841262,408188007,408188007,98216299,98216299,29812134,29812134,289548296,289548296,340277818,340277818,248477736,248477736,634970396,634970396,760369582,760369582,618452689,618452689,424437306,424437306,359708380,359708380,408822849,408822849,412238442,412238442,369075675,369075675,189136659,189136659,413782061,413782061,442954633,442954633,476015144,476015144,191641196,191641196,388680651,388680651,341986783,341986783,464423561,464423561,252419938,252419938,289448562,289448562,285888930,285888930,375657027,375657027,189694475,189694475,120029445,120029445,224970340,224970340,38134928,38134928,-56541734
f = 299379610,0,1 | route T | claimed 2069.2713915378704882 | coeffs -379211954,-481801101,-481801101,-255888598,-255888598,-387190698,-387190698,-346139280,-346139280,-68978534,-68978534,41310228,41310228,53714946,53714946,77828671,77828671,164143534,164143534,51288375,51288375,12021111,12021111,-117706347,-117706347,31829292,31829292,-144704789,-144704789,-154860362,-154860362,-158890045,-158890045,-227948861,-227948861,-116707569,-116707569,-367443818,-367443818,-351739277,-351739277,230140600,230140600,282518425,282518425,228953316,228953316,329945608,329945608,239588421,239588421,263120330,263120330,290931111,290931111,370290509,370290509,166470571,166470571,382671291,382671291,221036333,221036333,379211954
# status f = 299379610,0,1 : PASS_RHO (rho 0.94283, T 2069.3, 0s)
f = 328962804,0,1 | route RHO | claimed 0.94576873141432113956 | coeffs 122499159,130220033,130220033,214106627,214106627,92803965,92803965,483047704,483047704,631364760,631364760,473431484,473431484,380059435,380059435,255345492,255345492,318785314,318785314,371169816,371169816,387098422,387098422,277545827,277545827,434026109,434026109,369678141,369678141,87363720,87363720,268608842,268608842,246213797,246213797,94502711,94502711,139627354,139627354,93568691,93568691,-21334440,-21334440,-255926505,-255926505,20421337,20421337,-105773131,-105773131,-102020944,-102020944,-87500473,-87500473,-441960378,-441960378,-730233721,-730233721,-685642017,-685642017,-562657725,-562657725,-475290124,-475290124,-122499159
f = 328962804,0,1 | route T | claimed 2448.3640677286335842 | coeffs -700163072,-799727928,-799727928,-807377894,-807377894,-781020539,-781020539,-936878946,-936878946,-856030916,-856030916,-862697685,-862697685,-791177941,-791177941,-529564006,-529564006,-365781764,-365781764,-368889647,-368889647,-188152866,-188152866,-319496596,-319496596,-357714113,-357714113,-458589370,-458589370,-542167671,-542167671,-242068560,-242068560,-430810380,-430810380,-68200735,-68200735,-290222605,-290222605,27156380,27156380,-60724374,-60724374,-61649541,-61649541,330819833,330819833,339240291,339240291,588273092,588273092,746412087,746412087,747197580,747197580,671858270,671858270,726266650,726266650,799397428,799397428,839258260,839258260,700163072
# status f = 328962804,0,1 : PASS_RHO (rho 0.94577, T 2448.4, 0s)
f = 441724244,0,1 | route RHO | claimed 0.96654555551710755997 | coeffs -521842893,-521842893,-517813210,-517813210,-478545946,-478545946,-588834708,-588834708,-486245561,-486245561,-406886163,-406886163,-460451272,-460451272,-349209980,-349209980,-199674341,-199674341,-175560616,-175560616,-306862716,-306862716,-523063436,-523063436,-432706249,-432706249,-448410790,-448410790,-438255217,-438255217,-325400058,-325400058,-602560804,-602560804,-444385183,-444385183,-416574402,-416574402,-364196577,-364196577,-433255393,-433255393,-562982851,-562982851,-550578133,-550578133,-324665630,-324665630,-120845692,-120845692,-221837984,-221837984,28898265,28898265,205432346,205432346,119117483,119117483,78066065,78066065,-83568893,-83568893,-60036984,-60036984
f = 441724244,0,1 | route T | claimed 2317.9001156062787936 | coeffs 521842893,517813210,517813210,478545946,478545946,588834708,588834708,486245561,486245561,406886163,406886163,460451272,460451272,349209980,349209980,199674341,199674341,175560616,175560616,306862716,306862716,523063436,523063436,432706249,432706249,448410790,448410790,438255217,438255217,325400058,325400058,602560804,602560804,444385183,444385183,416574402,416574402,364196577,364196577,433255393,433255393,562982851,562982851,550578133,550578133,324665630,324665630,120845692,120845692,221837984,221837984,-28898265,-28898265,-205432346,-205432346,-119117483,-119117483,-78066065,-78066065,83568893,83568893,60036984,60036984,-521842893
# status f = 441724244,0,1 : PASS_RHO (rho 0.96655, T 2317.9, 0s)
f = 444701673,0,1 | route RHO | claimed 0.94576873141432113956 | coeffs 387098422,371169816,371169816,318785314,318785314,255345492,255345492,380059435,380059435,473431484,473431484,631364760,631364760,483047704,483047704,92803965,92803965,214106627,214106627,130220033,130220033,122499159,122499159,475290124,475290124,562657725,562657725,685642017,685642017,730233721,730233721,441960378,441960378,87500473,87500473,102020944,102020944,105773131,105773131,-20421337,-20421337,255926505,255926505,21334440,21334440,-93568691,-93568691,-139627354,-139627354,-94502711,-94502711,-246213797,-246213797,-268608842,-268608842,-87363720,-87363720,-369678141,-369678141,-434026109,-434026109,-277545827,-277545827,-387098422
f = 444701673,0,1 | route T | claimed 2156.2925669080784001 | coeffs 193142941,253901933,253901933,199584056,199584056,159348836,159348836,141608719,141608719,178012190,178012190,366325696,366325696,508304159,508304159,589223250,589223250,708017949,708017949,833950531,833950531,910975605,910975605,659294736,659294736,551544781,551544781,374449263,374449263,443546502,443546502,252565797,252565797,210689307,210689307,290652570,290652570,129448284,129448284,-136421688,-136421688,-487846915,-487846915,-420526272,-420526272,-139771367,-139771367,-285253228,-285253228,-87939946,-87939946,42812303,42812303,-130169371,-130169371,-414024,-414024,-67710731,-67710731,-408601195,-408601195,-230578961,-230578961,-193142941
# status f = 444701673,0,1 : PASS_RHO (rho 0.94577, T 2156.3, 0s)
f = 474552487,0,1 | route RHO | claimed 0.90449646229850335195 | coeffs -95737294,-95737294,-65724102,-65724102,-251352174,-251352174,-669449809,-669449809,-627473224,-627473224,-904566828,-904566828,-830380220,-830380220,-815729784,-815729784,-970797522,-970797522,-588483721,-588483721,-528141408,-528141408,-488935227,-488935227,-495163847,-495163847,-353694330,-353694330,-338582879,-338582879,-505745772,-505745772,-244128419,-244128419,-271584533,-271584533,-87862978,-87862978,-115990923,-115990923,-138362233,-138362233,-47642463,-47642463,-75496359,-75496359,-11124729,-11124729,-165234041,-165234041,-75118827,-75118827,65726077,65726077,-237658717,-237658717,-7056002,-7056002,-34081290,-34081290,114677486,114677486,112201053,112201053
f = 474552487,0,1 | route T | claimed 1980.1161652856443072 | coeffs 65726077,65726077,-237658717,-237658717,-7056002,-7056002,-34081290,-34081290,114677486,114677486,112201053,112201053,95737294,95737294,65724102,65724102,251352174,251352174,669449809,669449809,627473224,627473224,904566828,904566828,830380220,830380220,815729784,815729784,970797522,970797522,588483721,588483721,528141408,528141408,488935227,488935227,495163847,495163847,353694330,353694330,338582879,338582879,505745772,505745772,244128419,244128419,271584533,271584533,87862978,87862978,115990923,115990923,138362233,138362233,47642463,47642463,75496359,75496359,11124729,11124729,165234041,165234041,75118827,75118827
# status f = 474552487,0,1 : PASS_RHO (rho 0.90450, T 1980.1, 0s)
f = 489744769,0,1 | route RHO | claimed 0.97335664196793537243 | coeffs 24113725,0,102589147,0,-23531909,0,-250736249,0,129727458,0,277160746,0,216200720,0,53565109,0,-4029683,0,-86314863,0,225912503,0,27810781,0,-15704541,0,149535639,0,-110288762,0,161634958,0,100992292,0,69058816,0,-112855159,0,131302100,0,-79359398,0,-419263612,0,176534081,0,12404718,0,158175621,0,90357187,0,111241292,0,39267264,0,41051418,0,-203819938,0,-52377825,0,-10155573,0
f = 489744769,0,1 | route T | claimed 2747.2944542027847026 | coeffs -385636262,-482220747,-482220747,-327723355,-327723355,-400926680,-400926680,-245050549,-245050549,-510831708,-510831708,-394308982,-394308982,-423697597,-423697597,-83450212,-83450212,-353955288,-353955288,-232908312,-232908312,32543642,32543642,1625212,1625212,270525959,270525959,129558568,129558568,379175,379175,128951725,128951725,172556919,172556919,162437972,162437972,309529464,309529464,618280720,618280720,681865386,681865386,980319822,980319822,835514246,835514246,581314985,581314985,426478436,426478436,711409247,711409247,667258163,667258163,515491000,515491000,762336616,762336616,531667599,531667599,433993636,433993636,385636262
# status f = 489744769,0,1 : PASS_RHO (rho 0.97336, T 2747.3, 0s)
f = 511398720,0,1 | route RHO | claimed 0.92173212146681817413 | coeffs -374346219,-374346219,-481516398,-481516398,-77957327,-77957327,-50958885,-50958885,-173652365,-173652365,-177111702,-177111702,-166476597,-166476597,-124294121,-124294121,-276416544,-276416544,-366667226,-366667226,-242206686,-242206686,124679101,124679101,311368755,311368755,274850312,274850312,535615080,535615080,468789802,468789802,329294845,329294845,160300123,160300123,478512287,478512287,466131505,466131505,467318789,467318789,481504045,481504045,371075457,371075457,247752101,247752101,299094791,299094791,64063083,64063083,83871264,83871264,471320772,471320772,416755010,416755010,369327827,369327827,442416326,442416326,468956622,468956622
f = 511398720,0,1 | route T | claimed 2310.8054593568460782 | coeffs -374346219,-374346219,-481516398,-481516398,-77957327,-77957327,-50958885,-50958885,-173652365,-173652365,-177111702,-177111702,-166476597,-166476597,-124294121,-124294121,-276416544,-276416544,-366667226,-366667226,-242206686,-242206686,124679101,124679101,311368755,311368755,274850312,274850312,535615080,535615080,468789802,468789802,329294845,329294845,160300123,160300123,478512287,478512287,466131505,466131505,467318789,467318789,481504045,481504045,371075457,371075457,247752101,247752101,299094791,299094791,64063083,64063083,83871264,83871264,471320772,471320772,416755010,416755010,369327827,369327827,442416326,442416326,468956622,468956622
# status f = 511398720,0,1 : PASS_RHO (rho 0.92173, T 2310.8, 0s)
f = 526591002,0,1 | route RHO | claimed 0.94048953051094298285 | coeffs 121407523,121407523,166292077,166292077,85151197,85151197,-248702070,-248702070,-231057477,-231057477,10197939,10197939,-4419721,-4419721,139849000,139849000,201673543,201673543,405138656,405138656,311773082,311773082,411566565,411566565,327620939,327620939,203740175,203740175,224303896,224303896,-55068358,-55068358,270214032,270214032,36108672,36108672,201614504,201614504,13938235,13938235,24664154,24664154,-107459738,-107459738,-146838962,-146838962,-42186603,-42186603,233978298,233978298,133198565,133198565,173483547,173483547,52419854,52419854,63328594,63328594,184834790,184834790,-61973404,-61973404,23373503,23373503
f = 526591002,0,1 | route T | claimed 2151.1442231548085356 | coeffs 460364127,460364127,444659586,444659586,575961686,575961686,687202978,687202978,584613831,584613831,588643514,588643514,427008556,427008556,250474475,250474475,454294413,454294413,584021871,584021871,611832652,611832652,498977493,498977493,589334680,589334680,565220955,565220955,511655846,511655846,621944608,621944608,40064731,40064731,-986687,-986687,-251722936,-251722936,-25810433,-25810433,43248383,43248383,201424004,201424004,191268431,191268431,-24932289,-24932289,-174467928,-174467928,-95108530,-95108530,-134375794,-134375794,-157907703,-157907703,-244222566,-244222566,-143230274,-143230274,-130825556,-130825556,-183203381,-183203381
# status f = 526591002,0,1 : PASS_RHO (rho 0.94049, T 2151.1, 0s)
f = 556441816,0,1 | route RHO | claimed 0.95028717673971148687 | coeffs -234635127,-502136856,-502136856,-399807171,-399807171,-205182610,-205182610,-286750312,-286750312,-355127732,-355127732,-330944708,-330944708,-372158393,-372158393,-300142257,-300142257,-301476132,-301476132,-377293866,-377293866,-317575499,-317575499,-181115418,-181115418,-225142096,-225142096,-276290275,-276290275,-463092121,-463092121,-393527186,-393527186,-345212928,-345212928,48636344,48636344,-312476410,-312476410,-475931917,-475931917,-318675571,-318675571,-615011965,-615011965,-550541618,-550541618,-237050288,-237050288,-174229301,-174229301,-228131949,-228131949,-308250284,-308250284,-122914463,-122914463,-49122885,-49122885,231585365,231585365,147132976,147132976,234635127
f = 556441816,0,1 | route T | claimed 2627.5677300699189765 | coeffs -308250284,-308250284,-122914463,-122914463,-49122885,-49122885,231585365,231585365,147132976,147132976,234635127,234635127,502136856,502136856,399807171,399807171,205182610,205182610,286750312,286750312,355127732,355127732,330944708,330944708,372158393,372158393,300142257,300142257,301476132,301476132,377293866,377293866,317575499,317575499,181115418,181115418,225142096,225142096,276290275,276290275,463092121,463092121,393527186,393527186,345212928,345212928,-48636344,-48636344,312476410,312476410,475931917,475931917,318675571,318675571,615011965,615011965,550541618,550541618,237050288,237050288,174229301,174229301,228131949,228131949
# status f = 556441816,0,1 : PASS_RHO (rho 0.95029, T 2627.6, 0s)
f = 559419245,0,1 | route RHO | claimed 0.93617858423674218517 | coeffs 205532922,55086782,55086782,-7947555,-7947555,159806819,159806819,-55372845,-55372845,-211614749,-211614749,-14664003,-14664003,200962097,200962097,219103082,219103082,174373238,174373238,293408735,293408735,-39561883,-39561883,-25701465,-25701465,-187594145,-187594145,-409282227,-409282227,-279813348,-279813348,-199791572,-199791572,-202613676,-202613676,-150026470,-150026470,-198143309,-198143309,-16676234,-16676234,-244940166,-244940166,-293357994,-293357994,-370704257,-370704257,-64795553,-64795553,-47860416,-47860416,151644185,151644185,35453219,35453219,136298690,136298690,78073325,78073325,-309306680,-309306680,-85198415,-85198415,-205532922
f = 559419245,0,1 | route T | claimed 2439.4071929529729939 | coeffs -411660539,46931218,46931218,-119068093,-119068093,29531085,29531085,291615934,291615934,317074967,317074967,222366368,222366368,384116391,384116391,359439790,359439790,663297040,663297040,673006974,673006974,650848150,650848150,878273065,878273065,1172672633,1172672633,787197691,787197691,646309475,646309475,666305816,666305816,607856857,607856857,356484297,356484297,177035089,177035089,161747458,161747458,50005785,50005785,194843667,194843667,173063403,173063403,213345710,213345710,467171125,467171125,482365254,482365254,403626848,403626848,445221875,445221875,540938634,540938634,394489804,394489804,328460211,328460211,411660539
# status f = 559419245,0,1 : PASS_RHO (rho 0.93618, T 2439.4, 0s)
f = 672180685,0,1 | route RHO | claimed 0.95028717673971148687 | coeffs 234635127,147132976,147132976,231585365,231585365,-49122885,-49122885,-122914463,-122914463,-308250284,-308250284,-228131949,-228131949,-174229301,-174229301,-237050288,-237050288,-550541618,-550541618,-615011965,-615011965,-318675571,-318675571,-475931917,-475931917,-312476410,-312476410,48636344,48636344,-345212928,-345212928,-393527186,-393527186,-463092121,-463092121,-276290275,-276290275,-225142096,-225142096,-181115418,-181115418,-317575499,-317575499,-377293866,-377293866,-301476132,-301476132,-300142257,-300142257,-372158393,-372158393,-330944708,-330944708,-355127732,-355127732,-286750312,-286750312,-205182610,-205182610,-399807171,-399807171,-502136856,-502136856,-234635127
f = 672180685,0,1 | route T | claimed 2551.4820920624144533 | coeffs -1014584194,-1054866501,-1054866501,-751009251,-751009251,-735815122,-735815122,-713656298,-713656298,-755251325,-755251325,-460851757,-460851757,-607300587,-607300587,-466412371,-466412371,-549612699,-549612699,-608061658,-608061658,-442062347,-442062347,-262613139,-262613139,-528290,-528290,-112269963,-112269963,-17561364,-17561364,4218900,4218900,-20457701,-20457701,233367714,233367714,223657780,223657780,302396186,302396186,529821101,529821101,625537860,625537860,1011012802,1011012802,1077042395,1077042395,1097038736,1097038736,638446979,638446979,889819539,889819539,1038418717,1038418717,1023131086,1023131086,997672053,997672053,852834171,852834171,1014584194
# status f = 672180685,0,1 : PASS_RHO (rho 0.95029, T 2551.5, 0s)
f = 701763879,0,1 | route RHO | claimed 0.88993141987665484395 | coeffs 568130748,568130748,553019297,553019297,580044585,580044585,573815965,573815965,270431171,270431171,210088858,210088858,119973644,119973644,-35094094,-35094094,29277536,29277536,-44909072,-44909072,-135628842,-135628842,-93652257,-93652257,-121780202,-121780202,63847870,63847870,91303984,91303984,107767743,107767743,-59395150,-59395150,89363626,89363626,-52105891,-52105891,-282708606,-282708606,-243502425,-243502425,-102657521,-102657521,-484971322,-484971322,-330862010,-330862010,-316211574,-316211574,-344065470,-344065470,-66971866,-66971866,-44600556,-44600556,-462698191,-462698191,-278976636,-278976636,-308989828,-308989828,-570607181,-570607181
f = 701763879,0,1 | route T | claimed 2452.1769667356219174 | coeffs 217209509,343142091,343142091,201163628,201163628,183423511,183423511,122664519,122664519,463554983,463554983,290573309,290573309,436055170,436055170,84629943,84629943,4666680,4666680,73763919,73763919,325444788,325444788,444239487,444239487,255925981,255925981,215690761,215690761,253126781,253126781,320423488,320423488,451175737,451175737,170420832,170420832,-95449140,-95449140,-53572650,-53572650,-230668168,-230668168,-307693242,-307693242,-226774151,-226774151,-263177622,-263177622,-317495499,-317495499,-139473265,-139473265,-269228612,-269228612,-71915330,-71915330,-139235973,-139235973,-300440259,-300440259,-109459554,-109459554,-217209509
# status f = 701763879,0,1 : PASS_RHO (rho 0.88993, T 2452.2, 0s)
f = 712960383,0,1 | route RHO | claimed 0.90449646229850335195 | coeffs 7056002,7056002,237658717,237658717,-65726077,-65726077,75118827,75118827,165234041,165234041,11124729,11124729,75496359,75496359,47642463,47642463,138362233,138362233,115990923,115990923,87862978,87862978,271584533,271584533,244128419,244128419,505745772,505745772,338582879,338582879,353694330,353694330,495163847,495163847,488935227,488935227,528141408,528141408,588483721,588483721,970797522,970797522,815729784,815729784,830380220,830380220,904566828,904566828,627473224,627473224,669449809,669449809,251352174,251352174,65724102,65724102,95737294,95737294,112201053,112201053,114677486,114677486,-34081290,-34081290
f = 712960383,0,1 | route T | claimed 2671.7931466951803376 | coeffs 287306125,287306125,168511426,168511426,235832069,235832069,195596849,195596849,386577554,386577554,319280847,319280847,445213429,445213429,164458524,164458524,182198641,182198641,140322151,140322151,481212615,481212615,404187541,404187541,258705680,258705680,295109151,295109151,215145888,215145888,393168122,393168122,141487253,141487253,-55826029,-55826029,-244139535,-244139535,-405343821,-405343821,-442779841,-442779841,-335029886,-335029886,-204277637,-204277637,-62299174,-62299174,203570798,203570798,142811806,142811806,-34283712,-34283712,138697962,138697962,57778871,57778871,-293646356,-293646356,-347964233,-347964233,-417061472,-417061472
# status f = 712960383,0,1 : PASS_RHO (rho 0.90450, T 2671.8, 0s)
f = 727349420,0,1 | route RHO | claimed 0.93731700848464773204 | coeffs -348427722,-434742585,-434742585,-487120410,-487120410,-618422510,-618422510,-622452193,-622452193,-826272131,-826272131,-713416972,-713416972,-659851863,-659851863,-618800445,-618800445,-687859261,-687859261,-471658541,-471658541,-432391277,-432391277,-533383569,-533383569,-256222823,-256222823,-144981531,-144981531,-306616489,-306616489,-176889031,-176889031,-86531844,-86531844,23756918,23756918,-226979331,-226979331,-68803710,-68803710,-218339349,-218339349,-241871258,-241871258,-229466540,-229466540,-213761999,-213761999,-111172852,-111172852,65361229,65361229,37550448,37550448,61664173,61664173,643544050,643544050,417631547,417631547,427787120,427787120,348427722
f = 727349420,0,1 | route T | claimed 2550.1938908740914653 | coeffs 665790531,693451979,693451979,734687936,734687936,845159639,845159639,592502791,592502791,849169550,849169550,634965870,634965870,583953911,583953911,755147821,755147821,685207662,685207662,788629988,788629988,1008132038,1008132038,1027237053,1027237053,1056563258,1056563258,926763652,926763652,695831283,695831283,639622677,639622677,637651972,637651972,835502384,835502384,732683617,732683617,828540202,828540202,697103033,697103033,422158185,422158185,419879769,419879769,314046803,314046803,255105448,255105448,76463600,76463600,-82323695,-82323695,-297510950,-297510950,-54656036,-54656036,-82293006,-82293006,-631939829,-631939829,-665790531
# status f = 727349420,0,1 : PASS_RHO (rho 0.93732, T 2550.2, 0s)
f = 750465575,0,1 | route RHO | claimed 0.91924182232851865814 | coeffs -399566366,-379002645,-379002645,-334118091,-334118091,-344844010,-344844010,-489112731,-489112731,-448827749,-448827749,-572708513,-572708513,-427927487,-427927487,-240251218,-240251218,-225633558,-225633558,-326413291,-326413291,-410358917,-410358917,-495705824,-495705824,-661211656,-661211656,-902467072,-902467072,-626302171,-626302171,-526508688,-526508688,-279700494,-279700494,-45595134,-45595134,-63239727,-63239727,41412632,41412632,-51952942,-51952942,-173459138,-173459138,-498741528,-498741528,-164888261,-164888261,-204267485,-204267485,-802372,-802372,-11711112,-11711112,267661142,267661142,348802022,348802022,216678130,216678130,278502673,278502673,399566366
f = 750465575,0,1 | route T | claimed 2327.449969266377399 | coeffs -51952942,-51952942,-173459138,-173459138,-498741528,-498741528,-164888261,-164888261,-204267485,-204267485,-802372,-802372,-11711112,-11711112,267661142,267661142,348802022,348802022,216678130,216678130,278502673,278502673,399566366,399566366,379002645,379002645,334118091,334118091,344844010,344844010,489112731,489112731,448827749,448827749,572708513,572708513,427927487,427927487,240251218,240251218,225633558,225633558,326413291,326413291,410358917,410358917,495705824,495705824,661211656,661211656,902467072,902467072,626302171,626302171,526508688,526508688,279700494,279700494,45595134,45595134,63239727,63239727,-41412632,-41412632
# status f = 750465575,0,1 : PASS_RHO (rho 0.91924, T 2327.4, 0s)
f = 762438419,0,1 | route RHO | claimed 0.93219110221192845941 | coeffs -4762956,-4762956,-315045724,-315045724,-367412378,-367412378,-84736874,-84736874,-275276880,-275276880,-382193656,-382193656,-321250125,-321250125,-295121166,-295121166,-635828689,-635828689,-310763268,-310763268,-490988540,-490988540,-384165788,-384165788,-263253072,-263253072,-250535313,-250535313,-152504481,-152504481,-166696963,-166696963,-176604181,-176604181,-507944677,-507944677,-358329818,-358329818,-251796870,-251796870,-169998943,-169998943,144998428,144998428,4729047,4729047,-29552327,-29552327,-51451253,-51451253,-234913993,-234913993,-270544047,-270544047,-139437609,-139437609,168215673,168215673,-71674005,-71674005,20815562,20815562,150108493,150108493
f = 762438419,0,1 | route T | claimed 1882.1962995392931632 | coeffs 20815562,150108493,150108493,4762956,4762956,315045724,315045724,367412378,367412378,84736874,84736874,275276880,275276880,382193656,382193656,321250125,321250125,295121166,295121166,635828689,635828689,310763268,310763268,490988540,490988540,384165788,384165788,263253072,263253072,250535313,250535313,152504481,152504481,166696963,166696963,176604181,176604181,507944677,507944677,358329818,358329818,251796870,251796870,169998943,169998943,-144998428,-144998428,-4729047,-4729047,29552327,29552327,51451253,51451253,234913993,234913993,270544047,270544047,139437609,139437609,-168215673,-168215673,71674005,71674005,-20815562
# status f = 762438419,0,1 : PASS_RHO (rho 0.93219, T 1882.2, 0s)
f = 771567970,0,1 | route RHO | claimed 0.92173212146681817413 | coeffs -242206686,-366667226,-366667226,-276416544,-276416544,-124294121,-124294121,-166476597,-166476597,-177111702,-177111702,-173652365,-173652365,-50958885,-50958885,-77957327,-77957327,-481516398,-481516398,-374346219,-374346219,-468956622,-468956622,-442416326,-442416326,-369327827,-369327827,-416755010,-416755010,-471320772,-471320772,-83871264,-83871264,-64063083,-64063083,-299094791,-299094791,-247752101,-247752101,-371075457,-371075457,-481504045,-481504045,-467318789,-467318789,-466131505,-466131505,-478512287,-478512287,-160300123,-160300123,-329294845,-329294845,-468789802,-468789802,-535615080,-535615080,-274850312,-274850312,-311368755,-311368755,-124679101,-124679101,242206686
f = 771567970,0,1 | route T | claimed 2369.0749568604520474 | coeffs -552839816,-552839816,-488171775,-488171775,-573816475,-573816475,-620732271,-620732271,-625752137,-625752137,-737287686,-737287686,-872754538,-872754538,-820486681,-820486681,-763073256,-763073256,-1012597032,-1012597032,-910531022,-910531022,-912451621,-912451621,-884971571,-884971571,-884138392,-884138392,-889350872,-889350872,-955715051,-955715051,-800518459,-800518459,-278139756,-278139756,-260249819,-260249819,-436169810,-436169810,2235721,2235721,51356951,51356951,149848089,149848089,-8941103,-8941103,34026866,34026866,-255437140,-255437140,-178048447,-178048447,-142602932,-142602932,-32026189,-32026189,215674475,215674475,357537097,357537097,553022757,553022757
# status f = 771567970,0,1 : PASS_RHO (rho 0.92173, T 2369.1, 0s)
f = 837521203,0,1 | route RHO | claimed 0.94289718931408685569 | coeffs 115576295,270504207,270504207,435094022,435094022,306428146,306428146,86927204,86927204,-168813207,-168813207,-16674314,-16674314,60829184,60829184,-341838452,-341838452,-124785147,-124785147,-139471970,-139471970,-118172221,-118172221,-221488865,-221488865,-46848940,-46848940,-238025949,-238025949,-224732447,-224732447,-380088166,-380088166,-267721574,-267721574,-347287812,-347287812,-188359893,-188359893,-152524724,-152524724,-238595765,-238595765,-88068676,-88068676,162354080,162354080,121957313,121957313,2047972,2047972,26551347,26551347,-97401732,-97401732,-69491127,-69491127,56130012,56130012,-174243781,-174243781,63430792,63430792,-115576295
f = 837521203,0,1 | route T | claimed 2514.5820795636089692 | coeffs 312044903,312044903,349073527,349073527,163110975,163110975,-23724437,-23724437,-404071182,-404071182,-663807344,-663807344,-1050300004,-1050300004,-856284621,-856284621,-859700214,-859700214,-1084345616,-1084345616,-799971668,-799971668,-922408446,-922408446,-918848814,-918848814,-849183784,-849183784,-754507122,-754507122,-1064478830,-1064478830,-1013749308,-1013749308,-888350122,-888350122,-953079048,-953079048,-996241815,-996241815,-967069243,-967069243,-770029788,-770029788,-982033411,-982033411,-892265314,-892265314,-787324419,-787324419,-758623947,-758623947,-690219782,-690219782,-598419700,-598419700,-456502807,-456502807,-505617276,-505617276,-325678260,-325678260,-358738771,-358738771
# status f = 837521203,0,1 : PASS_RHO (rho 0.94290, T 2514.6, 0s)
f = 954725792,0,1 | route RHO | claimed 0.93617858423674218517 | coeffs 244940166,244940166,16676234,16676234,198143309,198143309,150026470,150026470,202613676,202613676,199791572,199791572,279813348,279813348,409282227,409282227,187594145,187594145,25701465,25701465,39561883,39561883,-293408735,-293408735,-174373238,-174373238,-219103082,-219103082,-200962097,-200962097,14664003,14664003,211614749,211614749,55372845,55372845,-159806819,-159806819,7947555,7947555,-55086782,-55086782,-205532922,-205532922,-85198415,-85198415,-309306680,-309306680,78073325,78073325,136298690,136298690,35453219,35453219,151644185,151644185,-47860416,-47860416,-64795553,-64795553,-370704257,-370704257,-293357994,-293357994
f = 954725792,0,1 | route T | claimed 1977.0062799687795001 | coeffs -7369335,118251804,118251804,154086973,154086973,175386722,175386722,339976537,339976537,459885878,459885878,615241597,615241597,537738099,537738099,307364306,307364306,221293265,221293265,117976621,117976621,-10689255,-10689255,-35192630,-35192630,-147559222,-147559222,255108414,255108414,492782987,492782987,643310076,643310076,817950001,817950001,598449059,598449059,722402138,722402138,801968376,801968376,584915071,584915071,405907984,405907984,656330740,656330740,465153731,465153731,209413320,209413320,181502715,181502715,22574796,22574796,37261619,37261619,-117666293,-117666293,-158063060,-158063060,-144769558,-144769558,7369335
# status f = 954725792,0,1 : PASS_RHO (rho 0.93618, T 1977.0, 0s)
f = 975970028,0,1 | route RHO | claimed 0.93731700848464773204 | coeffs 218339349,218339349,68803710,68803710,226979331,226979331,-23756918,-23756918,86531844,86531844,176889031,176889031,306616489,306616489,144981531,144981531,256222823,256222823,533383569,533383569,432391277,432391277,471658541,471658541,687859261,687859261,618800445,618800445,659851863,659851863,713416972,713416972,826272131,826272131,622452193,622452193,618422510,618422510,487120410,487120410,434742585,434742585,348427722,348427722,427787120,427787120,417631547,417631547,643544050,643544050,61664173,61664173,37550448,37550448,65361229,65361229,-111172852,-111172852,-213761999,-213761999,-229466540,-229466540,-241871258,-241871258
f = 975970028,0,1 | route T | claimed 2719.6359500211908258 | coeffs 240364255,240364255,9100135,9100135,169585702,169585702,60484224,60484224,-3332667,-3332667,-257520665,-257520665,-110070963,-110070963,-126701852,-126701852,-36976811,-36976811,-46413107,-46413107,21489808,21489808,-381400566,-381400566,-189018394,-189018394,173489259,173489259,83405707,83405707,21893238,21893238,198714734,198714734,-58020351,-58020351,308313457,308313457,237997802,237997802,257487387,257487387,197936170,197936170,211551080,211551080,125133534,125133534,319563903,319563903,354312733,354312733,157507230,157507230,279475549,279475549,339882220,339882220,37374597,37374597,97206498,97206498,-78447834,-78447834
# status f = 975970028,0,1 : PASS_RHO (rho 0.93732, T 2719.6, 0s)
f = 979520798,0,1 | route RHO | claimed 0.94282616986640149153 | coeffs -27841262,-27841262,-56541734,-56541734,38134928,38134928,224970340,224970340,120029445,120029445,189694475,189694475,375657027,375657027,285888930,285888930,289448562,289448562,252419938,252419938,464423561,464423561,341986783,341986783,388680651,388680651,191641196,191641196,476015144,476015144,442954633,442954633,413782061,413782061,189136659,189136659,369075675,369075675,412238442,412238442,408822849,408822849,359708380,359708380,424437306,424437306,618452689,618452689,760369582,760369582,634970396,634970396,248477736,248477736,340277818,340277818,289548296,289548296,29812134,29812134,98216299,98216299,408188007,408188007
f = 979520798,0,1 | route T | claimed 2435.7718301014048081 | coeffs -545054849,-545054849,-355671391,-355671391,-183188928,-183188928,48720859,48720859,150333918,150333918,383701476,383701476,50738017,50738017,-65588728,-65588728,-12465420,-12465420,74185130,74185130,42013072,42013072,103498179,103498179,352870416,352870416,203352745,203352745,224214120,224214120,382388163,382388163,102050977,102050977,257774084,257774084,153007000,153007000,187262584,187262584,378724534,378724534,159016360,159016360,212433209,212433209,484449169,484449169,311039882,311039882,363094940,363094940,433997407,433997407,350169949,350169949,546380066,546380066,560301831,560301831,479737729,479737729,321413160,321413160
# status f = 979520798,0,1 : PASS_RHO (rho 0.94283, T 2435.8, 0s)
f = 988378778,0,1 | route RHO | claimed 0.93219110221192845941 | coeffs -169998943,-169998943,-251796870,-251796870,-358329818,-358329818,-507944677,-507944677,-176604181,-176604181,-166696963,-166696963,-152504481,-152504481,-250535313,-250535313,-263253072,-263253072,-384165788,-384165788,-490988540,-490988540,-310763268,-310763268,-635828689,-635828689,-295121166,-295121166,-321250125,-321250125,-382193656,-382193656,-275276880,-275276880,-84736874,-84736874,-367412378,-367412378,-315045724,-315045724,-4762956,-4762956,-150108493,-150108493,-20815562,-20815562,71674005,71674005,-168215673,-168215673,139437609,139437609,270544047,270544047,234913993,234913993,51451253,51451253,29552327,29552327,-4729047,-4729047,-144998428,-144998428
f = 988378778,0,1 | route T | claimed 2756.4613442708637535 | coeffs 371883648,371883648,64335680,64335680,205962432,205962432,150612582,150612582,183760393,183760393,148685306,148685306,93053798,93053798,-274257167,-274257167,-441603001,-441603001,-480113284,-480113284,-649001194,-649001194,-607857788,-607857788,-536487226,-536487226,-354686270,-354686270,-522190177,-522190177,-289130160,-289130160,-231511755,-231511755,-194355349,-194355349,-202126717,-202126717,-321193883,-321193883,-465834206,-465834206,-452407689,-452407689,-442841512,-442841512,-661618865,-661618865,-503945840,-503945840,-773618108,-773618108,-626936111,-626936111,-356864137,-356864137,-632768881,-632768881,-853842468,-853842468,-337078790,-337078790,-364925443,-364925443
# status f = 988378778,0,1 : PASS_RHO (rho 0.93219, T 2756.5, 0s)
# summary n = 7 l = 1001143489 : EXCLUSION_CANDIDATE ; PASS 32 / 32 ; OPEN_NEAR 0 ; OPEN_FAR 0 ; 14s
