# FAMILY WITNESS FILE (generator family_gen.sage r10). n = 7 ; l = 1000149313 ; m = 64 ; deg = 2 ; ncomp = 32 ; bar_T = 4224 ; L_n = 16.3328709449664096755483535644
# line: f = c0,...,c_deg (monic, over F_l) | route RHO|T | claimed (rho or T, float) | coeffs a_0..a_{m-1}
f = 11366968,0,1 | route RHO | claimed 0.9045898668685193601 | coeffs 413780585,413780585,254360198,254360198,181902723,181902723,536074046,536074046,359582931,359582931,132105837,132105837,214122203,214122203,346161458,346161458,233692417,233692417,112314855,112314855,49691634,49691634,-79947240,-79947240,162552048,162552048,297482377,297482377,83266356,83266356,52378858,52378858,-144947362,-144947362,62667942,62667942,-125523629,-125523629,-59874760,-59874760,-128688171,-128688171,-63320872,-63320872,-114838259,-114838259,-153708511,-153708511,-65815135,-65815135,-97005600,-97005600,-145134058,-145134058,-473475542,-473475542,-531258913,-531258913,-669840645,-669840645,-455087109,-455087109,-509858897,-509858897
f = 11366968,0,1 | route T | claimed 1639.1094477661018933 | coeffs -62667942,125523629,125523629,59874760,59874760,128688171,128688171,63320872,63320872,114838259,114838259,153708511,153708511,65815135,65815135,97005600,97005600,145134058,145134058,473475542,473475542,531258913,531258913,669840645,669840645,455087109,455087109,509858897,509858897,413780585,413780585,254360198,254360198,181902723,181902723,536074046,536074046,359582931,359582931,132105837,132105837,214122203,214122203,346161458,346161458,233692417,233692417,112314855,112314855,49691634,49691634,-79947240,-79947240,162552048,162552048,297482377,297482377,83266356,83266356,52378858,52378858,-144947362,-144947362,62667942
# status f = 11366968,0,1 : PASS_RHO (rho 0.90459, T 1639.1, 1s)
f = 88030299,0,1 | route RHO | claimed 0.94748485565288356269 | coeffs -185315799,-185315799,-313684670,-313684670,-575007004,-575007004,-263255168,-263255168,-403181175,-403181175,-557027906,-557027906,-481252780,-481252780,-616034969,-616034969,-407329669,-407329669,-417057343,-417057343,-494513219,-494513219,-744664936,-744664936,-583431902,-583431902,-335923307,-335923307,-463066101,-463066101,-418607756,-418607756,-360988263,-360988263,-363029752,-363029752,-327417127,-327417127,-357193822,-357193822,-498377080,-498377080,-279462100,-279462100,-288561817,-288561817,-437364442,-437364442,-331071266,-331071266,-322992081,-322992081,-115900059,-115900059,-272564256,-272564256,-378868540,-378868540,-81579636,-81579636,267094586,267094586,244469709,244469709
f = 88030299,0,1 | route T | claimed 2243.1149259660454495 | coeffs -335923307,-335923307,-463066101,-463066101,-418607756,-418607756,-360988263,-360988263,-363029752,-363029752,-327417127,-327417127,-357193822,-357193822,-498377080,-498377080,-279462100,-279462100,-288561817,-288561817,-437364442,-437364442,-331071266,-331071266,-322992081,-322992081,-115900059,-115900059,-272564256,-272564256,-378868540,-378868540,-81579636,-81579636,267094586,267094586,244469709,244469709,185315799,185315799,313684670,313684670,575007004,575007004,263255168,263255168,403181175,403181175,557027906,557027906,481252780,481252780,616034969,616034969,407329669,407329669,417057343,417057343,494513219,494513219,744664936,744664936,583431902,583431902
# status f = 88030299,0,1 : PASS_RHO (rho 0.94748, T 2243.1, 0s)
f = 126035591,0,1 | route RHO | claimed 0.942483449700527499 | coeffs -242880853,66883518,66883518,-212163143,-212163143,-243840352,-243840352,-116520985,-116520985,-311503765,-311503765,-153511401,-153511401,-207961407,-207961407,-225279712,-225279712,-280786687,-280786687,-308705787,-308705787,-379981972,-379981972,-314615920,-314615920,-426337229,-426337229,-287912205,-287912205,-323439619,-323439619,-248345418,-248345418,-18426029,-18426029,-204228905,-204228905,-66149509,-66149509,93477722,93477722,197183025,197183025,152367578,152367578,239045840,239045840,-72347235,-72347235,-18530945,-18530945,-186670449,-186670449,-145132581,-145132581,97460121,97460121,355444304,355444304,480938007,480938007,181809283,181809283,242880853
f = 126035591,0,1 | route T | claimed 2652.4014322058703583 | coeffs -287912205,-323439619,-323439619,-248345418,-248345418,-18426029,-18426029,-204228905,-204228905,-66149509,-66149509,93477722,93477722,197183025,197183025,152367578,152367578,239045840,239045840,-72347235,-72347235,-18530945,-18530945,-186670449,-186670449,-145132581,-145132581,97460121,97460121,355444304,355444304,480938007,480938007,181809283,181809283,242880853,242880853,-66883518,-66883518,212163143,212163143,243840352,243840352,116520985,116520985,311503765,311503765,153511401,153511401,207961407,207961407,225279712,225279712,280786687,280786687,308705787,308705787,379981972,379981972,314615920,314615920,426337229,426337229,287912205
# status f = 126035591,0,1 : PASS_RHO (rho 0.94248, T 2652.4, 1s)
f = 180258697,0,1 | route RHO | claimed 0.94662054147132250551 | coeffs -306817105,-306817105,-234359630,-234359630,-372941362,-372941362,-285047986,-285047986,-219399117,-219399117,-433615138,-433615138,-554992700,-554992700,-731483815,-731483815,-676712027,-676712027,-628583569,-628583569,-693950868,-693950868,-496624648,-496624648,-366985774,-366985774,-449002140,-449002140,-289581753,-289581753,-347365124,-347365124,-386235376,-386235376,-574426947,-574426947,-439496618,-439496618,-551965659,-551965659,-197794336,-197794336,-412547872,-412547872,-381357407,-381357407,-312543996,-312543996,-281656498,-281656498,-219033277,-219033277,8443817,8443817,104522129,104522129,-223819355,-223819355,-275336742,-275336742,-67721438,-67721438,174777850,174777850
f = 180258697,0,1 | route T | claimed 2137.5864898319601492 | coeffs 32024141,250939121,250939121,599613343,599613343,734395532,734395532,676776039,676776039,668696854,668696854,407374520,407374520,157222803,157222803,16039545,16039545,313328449,313328449,237553323,237553323,193094978,193094978,86801802,86801802,-41567069,-41567069,-119022945,-119022945,-148799640,-148799640,-255103924,-255103924,-101257193,-101257193,25885601,25885601,174688226,174688226,233842136,233842136,224114462,224114462,259727087,259727087,103062890,103062890,242988897,242988897,-4519698,-4519698,4580019,4580019,27204896,27204896,235910196,235910196,233868707,233868707,440960729,440960729,129208893,129208893,-32024141
# status f = 180258697,0,1 : PASS_RHO (rho 0.94662, T 2137.6, 0s)
f = 265731544,0,1 | route RHO | claimed 0.94748485565288356269 | coeffs -185315799,-244469709,-244469709,-267094586,-267094586,81579636,81579636,378868540,378868540,272564256,272564256,115900059,115900059,322992081,322992081,331071266,331071266,437364442,437364442,288561817,288561817,279462100,279462100,498377080,498377080,357193822,357193822,327417127,327417127,363029752,363029752,360988263,360988263,418607756,418607756,463066101,463066101,335923307,335923307,583431902,583431902,744664936,744664936,494513219,494513219,417057343,417057343,407329669,407329669,616034969,616034969,481252780,481252780,557027906,557027906,403181175,403181175,263255168,263255168,575007004,575007004,313684670,313684670,185315799
f = 265731544,0,1 | route T | claimed 1803.3535728490888624 | coeffs -185315799,-244469709,-244469709,-267094586,-267094586,81579636,81579636,378868540,378868540,272564256,272564256,115900059,115900059,322992081,322992081,331071266,331071266,437364442,437364442,288561817,288561817,279462100,279462100,498377080,498377080,357193822,357193822,327417127,327417127,363029752,363029752,360988263,360988263,418607756,418607756,463066101,463066101,335923307,335923307,583431902,583431902,744664936,744664936,494513219,494513219,417057343,417057343,407329669,407329669,616034969,616034969,481252780,481252780,557027906,557027906,403181175,403181175,263255168,263255168,575007004,575007004,313684670,313684670,185315799
# status f = 265731544,0,1 : PASS_RHO (rho 0.94748, T 1803.4, 1s)
f = 282525140,0,1 | route RHO | claimed 0.94223797164736255401 | coeffs 567323939,567323939,515806552,515806552,380876223,380876223,204385108,204385108,-123956376,-123956376,64235195,64235195,-57142367,-57142367,38935945,38935945,77806197,77806197,-136409824,-136409824,91067270,91067270,148850641,148850641,214499510,214499510,277122731,277122731,117702344,117702344,205595720,205595720,236483218,236483218,318499584,318499584,179917852,179917852,248731263,248731263,119092389,119092389,191549864,191549864,222740329,222740329,25414109,25414109,-106625146,-106625146,-321378682,-321378682,-256011383,-256011383,-498510671,-498510671,-144339348,-144339348,-192467806,-192467806,-400083110,-400083110,-512552151,-512552151
f = 282525140,0,1 | route T | claimed 1769.5505472757279634 | coeffs -420297879,-420297879,-566163926,-566163926,-717121416,-717121416,-594333231,-594333231,-419249946,-419249946,-378718210,-378718210,-267252613,-267252613,-430560909,-430560909,-601627410,-601627410,-232159947,-232159947,-367100933,-367100933,-358318109,-358318109,-102623367,-102623367,-184328140,-184328140,-240430996,-240430996,-275030010,-275030010,-108296690,-108296690,-168845192,-168845192,-79996980,-79996980,-137873448,-137873448,-479731999,-479731999,-415949627,-415949627,-217937458,-217937458,5745388,5745388,181621347,181621347,302871785,302871785,459270690,459270690,245178361,245178361,244932354,244932354,260312471,260312471,95846725,95846725,376879810,376879810
# status f = 282525140,0,1 : PASS_RHO (rho 0.94224, T 1769.6, 0s)
f = 283907792,0,1 | route RHO | claimed 0.93494702133780952386 | coeffs -878303791,-620319608,-620319608,-462327244,-462327244,-426799830,-426799830,-738192905,-738192905,-428428534,-428428534,-400509434,-400509434,-262430038,-262430038,-505022740,-505022740,-310039960,-310039960,-171614936,-171614936,-258293198,-258293198,-197221628,-197221628,-252728603,-252728603,-66925727,-66925727,-25387859,-25387859,101931508,101931508,213652817,213652817,168837370,168837370,467966094,467966094,485284399,485284399,715203788,715203788,883343292,883343292,915020501,915020501,980386553,980386553,876681250,876681250,1002174953,1002174953,947724947,947724947,872630746,872630746,926447036,926447036,647400375,647400375,718676560,718676560,878303791
f = 283907792,0,1 | route T | claimed 2178.4729602636682855 | coeffs 101931508,101931508,213652817,213652817,168837370,168837370,467966094,467966094,485284399,485284399,715203788,715203788,883343292,883343292,915020501,915020501,980386553,980386553,876681250,876681250,1002174953,1002174953,947724947,947724947,872630746,872630746,926447036,926447036,647400375,647400375,718676560,718676560,878303791,878303791,620319608,620319608,462327244,462327244,426799830,426799830,738192905,738192905,428428534,428428534,400509434,400509434,262430038,262430038,505022740,505022740,310039960,310039960,171614936,171614936,258293198,258293198,197221628,197221628,252728603,252728603,66925727,66925727,25387859,25387859
# status f = 283907792,0,1 : PASS_RHO (rho 0.93495, T 2178.5, 0s)
f = 307227947,0,1 | route RHO | claimed 0.90265046831482203091 | coeffs -230598317,-11683337,-11683337,-218775359,-218775359,-241400236,-241400236,-381326243,-381326243,-371598569,-371598569,-498741363,-498741363,-468964668,-468964668,-362671492,-362671492,-659960396,-659960396,-398638062,-398638062,-533420251,-533420251,-694653285,-694653285,-696694774,-696694774,-687595057,-687595057,-844259254,-844259254,-785105344,-785105344,-631258613,-631258613,-708714489,-708714489,-753172834,-753172834,-894356092,-894356092,-902435277,-902435277,-553761055,-553761055,-242009219,-242009219,-450714519,-450714519,-203205924,-203205924,-238818549,-238818549,-387621174,-387621174,-281316890,-281316890,-152948019,-152948019,-77172893,-77172893,172978824,172978824,230598317
f = 307227947,0,1 | route T | claimed 2200.544133421863656 | coeffs -903861871,-903861871,-1159556613,-1159556613,-1223338985,-1223338985,-1058873239,-1058873239,-1222181535,-1222181535,-1055448215,-1055448215,-934197777,-934197777,-783240287,-783240287,-792023111,-792023111,-450164560,-450164560,-465544677,-465544677,-354079080,-354079080,-388678094,-388678094,-212802135,-212802135,-66936088,-66936088,68004898,68004898,125881366,125881366,126127373,126127373,166659109,166659109,110556253,110556253,334239099,334239099,377657168,377657168,8189705,8189705,-80658507,-80658507,133433822,133433822,308517107,308517107,226812334,226812334,424824503,424824503,705857588,705857588,876924089,876924089,937472591,937472591,781073686,781073686
# status f = 307227947,0,1 : PASS_RHO (rho 0.90265, T 2200.5, 0s)
f = 349770049,0,1 | route RHO | claimed 0.91437974685504206249 | coeffs 114369021,1899980,1899980,67548849,67548849,282302385,282302385,403679947,403679947,472493358,472493358,527265146,527265146,464641925,464641925,530009224,530009224,626087536,626087536,755726410,755726410,807243797,807243797,647823410,647823410,890322698,890322698,851452446,851452446,923909921,923909921,788979592,788979592,701086216,701086216,1055257539,1055257539,841041518,841041518,809851053,809851053,986342168,986342168,1017229666,1017229666,1065358124,1065358124,837881030,837881030,640554810,640554810,312213326,312213326,230196960,230196960,22581656,22581656,80365027,80365027,212404282,212404282,24212711,24212711,-114369021
f = 349770049,0,1 | route T | claimed 2859.0285463330670934 | coeffs -208155342,-208155342,-416860642,-416860642,-288491771,-288491771,-81399749,-81399749,-111176444,-111176444,50056590,50056590,-103790141,-103790141,-452464363,-452464363,-303661738,-303661738,-361281231,-361281231,-351553557,-351553557,-90231223,-90231223,-246895420,-246895420,-388078678,-388078678,-140570083,-140570083,-64794957,-64794957,-42170080,-42170080,-148463256,-148463256,-146421767,-146421767,-68965891,-68965891,-380717727,-380717727,-487022011,-487022011,-268107031,-268107031,-395249825,-395249825,-530032014,-530032014,-470878104,-470878104,-478957289,-478957289,-514569914,-514569914,-264418197,-264418197,-124492190,-124492190,172796714,172796714,163696997,163696997
# status f = 349770049,0,1 : PASS_RHO (rho 0.91438, T 2859.0, 0s)
f = 368907869,0,1 | route RHO | claimed 0.91437974685504206249 | coeffs -923909921,-851452446,-851452446,-890322698,-890322698,-647823410,-647823410,-807243797,-807243797,-755726410,-755726410,-626087536,-626087536,-530009224,-530009224,-464641925,-464641925,-527265146,-527265146,-472493358,-472493358,-403679947,-403679947,-282302385,-282302385,-67548849,-67548849,-1899980,-1899980,-114369021,-114369021,24212711,24212711,212404282,212404282,80365027,80365027,22581656,22581656,230196960,230196960,312213326,312213326,640554810,640554810,837881030,837881030,1065358124,1065358124,1017229666,1017229666,986342168,986342168,809851053,809851053,841041518,841041518,1055257539,1055257539,701086216,701086216,788979592,788979592,923909921
f = 368907869,0,1 | route T | claimed 2289.9271343071711632 | coeffs -527265146,-527265146,-472493358,-472493358,-403679947,-403679947,-282302385,-282302385,-67548849,-67548849,-1899980,-1899980,-114369021,-114369021,24212711,24212711,212404282,212404282,80365027,80365027,22581656,22581656,230196960,230196960,312213326,312213326,640554810,640554810,837881030,837881030,1065358124,1065358124,1017229666,1017229666,986342168,986342168,809851053,809851053,841041518,841041518,1055257539,1055257539,701086216,701086216,788979592,788979592,923909921,923909921,851452446,851452446,890322698,890322698,647823410,647823410,807243797,807243797,755726410,755726410,626087536,626087536,530009224,530009224,464641925,464641925
# status f = 368907869,0,1 : PASS_RHO (rho 0.91438, T 2289.9, 0s)
f = 373248520,0,1 | route RHO | claimed 0.89931159556006818191 | coeffs -247888900,-247888900,-89896536,-89896536,21824773,21824773,181452004,181452004,139914136,139914136,418960797,418960797,363453822,363453822,288359621,288359621,375037883,375037883,249544180,249544180,444526960,444526960,509893012,509893012,371813616,371813616,203674112,203674112,513438483,513438483,530756788,530756788,495229374,495229374,540044821,540044821,798029004,798029004,925348371,925348371,996624556,996624556,810821680,810821680,757005390,757005390,818076960,818076960,763626954,763626954,625201930,625201930,728907233,728907233,486314531,486314531,517991740,517991740,490072640,490072640,260153251,260153251,-51239824,-51239824
f = 373248520,0,1 | route T | claimed 1916.0545035044577585 | coeffs -247888900,-247888900,-89896536,-89896536,21824773,21824773,181452004,181452004,139914136,139914136,418960797,418960797,363453822,363453822,288359621,288359621,375037883,375037883,249544180,249544180,444526960,444526960,509893012,509893012,371813616,371813616,203674112,203674112,513438483,513438483,530756788,530756788,495229374,495229374,540044821,540044821,798029004,798029004,925348371,925348371,996624556,996624556,810821680,810821680,757005390,757005390,818076960,818076960,763626954,763626954,625201930,625201930,728907233,728907233,486314531,486314531,517991740,517991740,490072640,490072640,260153251,260153251,-51239824,-51239824
# status f = 373248520,0,1 : PASS_RHO (rho 0.89931, T 1916.1, 0s)
f = 388177051,0,1 | route RHO | claimed 0.94223797164736255401 | coeffs 38935945,-57142367,-57142367,64235195,64235195,-123956376,-123956376,204385108,204385108,380876223,380876223,515806552,515806552,567323939,567323939,512552151,512552151,400083110,400083110,192467806,192467806,144339348,144339348,498510671,498510671,256011383,256011383,321378682,321378682,106625146,106625146,-25414109,-25414109,-222740329,-222740329,-191549864,-191549864,-119092389,-119092389,-248731263,-248731263,-179917852,-179917852,-318499584,-318499584,-236483218,-236483218,-205595720,-205595720,-117702344,-117702344,-277122731,-277122731,-214499510,-214499510,-148850641,-148850641,-91067270,-91067270,136409824,136409824,-77806197,-77806197,-38935945
f = 388177051,0,1 | route T | claimed 1972.8094114530636296 | coeffs 25414109,222740329,222740329,191549864,191549864,119092389,119092389,248731263,248731263,179917852,179917852,318499584,318499584,236483218,236483218,205595720,205595720,117702344,117702344,277122731,277122731,214499510,214499510,148850641,148850641,91067270,91067270,-136409824,-136409824,77806197,77806197,38935945,38935945,-57142367,-57142367,64235195,64235195,-123956376,-123956376,204385108,204385108,380876223,380876223,515806552,515806552,567323939,567323939,512552151,512552151,400083110,400083110,192467806,192467806,144339348,144339348,498510671,498510671,256011383,256011383,321378682,321378682,106625146,106625146,-25414109
# status f = 388177051,0,1 : PASS_RHO (rho 0.94224, T 1972.8, 0s)
f = 391282562,0,1 | route RHO | claimed 0.92120382221784685502 | coeffs 528435752,528435752,396396497,396396497,638895785,638895785,431280481,431280481,379763094,379763094,708104578,708104578,804182890,804182890,576705796,576705796,639329017,639329017,608441519,608441519,677254930,677254930,646064465,646064465,431310929,431310929,77139606,77139606,-35329435,-35329435,-170259764,-170259764,-358451335,-358451335,-319581083,-319581083,-377364454,-377364454,-536784841,-536784841,-618801207,-618801207,-748440081,-748440081,-551113861,-551113861,-485746562,-485746562,-437618104,-437618104,-492389892,-492389892,-668881007,-668881007,-547503445,-547503445,-761719466,-761719466,-827368335,-827368335,-739474959,-739474959,-600893227,-600893227
f = 391282562,0,1 | route T | claimed 2436.3491893193226293 | coeffs 266306540,341400741,341400741,309723532,309723532,354538979,354538979,410045954,410045954,652638656,652638656,617111242,617111242,338064581,338064581,234359278,234359278,251677583,251677583,293215451,293215451,431640475,431640475,741404846,741404846,581777615,581777615,636227621,636227621,468088117,468088117,356366808,356366808,295295238,295295238,157215842,157215842,-776522,-776522,53039768,53039768,118405820,118405820,417534544,417534544,603337420,603337420,798320200,798320200,486927125,486927125,415650940,415650940,290157237,290157237,60237848,60237848,-67081519,-67081519,19596743,19596743,-8322357,-8322357,-266306540
# status f = 391282562,0,1 : PASS_RHO (rho 0.92120, T 2436.3, 0s)
f = 397825405,0,1 | route RHO | claimed 0.93933511319192957209 | coeffs 174697084,213567336,213567336,276190557,276190557,137608825,137608825,-59717395,-59717395,294453928,294453928,345971315,345971315,467348877,467348877,409565506,409565506,378678008,378678008,306220533,306220533,240853234,240853234,353322275,353322275,24980791,24980791,-189235230,-189235230,-348655617,-348655617,-279842206,-279842206,-411881461,-411881461,-460009919,-460009919,-325079590,-325079590,-421157902,-421157902,-486806771,-486806771,-568823137,-568823137,-600013602,-600013602,-357514314,-357514314,-302742526,-302742526,-114550955,-114550955,112926139,112926139,200819515,200819515,71180641,71180641,-143572895,-143572895,-351188199,-351188199,-174697084
f = 397825405,0,1 | route T | claimed 2372.8187356414602745 | coeffs -135865644,-263008438,-263008438,-240383561,-240383561,-298003054,-298003054,-169634183,-169634183,-134021558,-134021558,177730278,177730278,318913536,318913536,472760267,472760267,463660550,463660550,328878361,328878361,222585185,222585185,232312859,232312859,439404881,439404881,189253164,189253164,295557448,295557448,48048853,48048853,396723075,396723075,441181420,441181420,500335330,500335330,502376819,502376819,763699153,763699153,733922458,733922458,593996451,593996451,375081471,375081471,299306345,299306345,150503720,150503720,359209020,359209020,351129835,351129835,428585711,428585711,271921514,271921514,433154548,433154548,135865644
# status f = 397825405,0,1 : PASS_RHO (rho 0.93934, T 2372.8, 0s)
f = 431036419,0,1 | route RHO | claimed 0.93933511319192957209 | coeffs -213567336,-213567336,-174697084,-174697084,-351188199,-351188199,-143572895,-143572895,71180641,71180641,200819515,200819515,112926139,112926139,-114550955,-114550955,-302742526,-302742526,-357514314,-357514314,-600013602,-600013602,-568823137,-568823137,-486806771,-486806771,-421157902,-421157902,-325079590,-325079590,-460009919,-460009919,-411881461,-411881461,-279842206,-279842206,-348655617,-348655617,-189235230,-189235230,24980791,24980791,353322275,353322275,240853234,240853234,306220533,306220533,378678008,378678008,409565506,409565506,467348877,467348877,345971315,345971315,294453928,294453928,-59717395,-59717395,137608825,137608825,276190557,276190557
f = 431036419,0,1 | route T | claimed 2217.3961303982804277 | coeffs 353322275,353322275,240853234,240853234,306220533,306220533,378678008,378678008,409565506,409565506,467348877,467348877,345971315,345971315,294453928,294453928,-59717395,-59717395,137608825,137608825,276190557,276190557,213567336,213567336,174697084,174697084,351188199,351188199,143572895,143572895,-71180641,-71180641,-200819515,-200819515,-112926139,-112926139,114550955,114550955,302742526,302742526,357514314,357514314,600013602,600013602,568823137,568823137,486806771,486806771,421157902,421157902,325079590,325079590,460009919,460009919,411881461,411881461,279842206,279842206,348655617,348655617,189235230,189235230,-24980791,-24980791
# status f = 431036419,0,1 : PASS_RHO (rho 0.93934, T 2217.4, 0s)
f = 449188094,0,1 | route RHO | claimed 0.89765352732308018222 | coeffs 151239414,213862635,213862635,568033958,568033958,510250587,510250587,444883288,444883288,230667267,230667267,98628012,98628012,2549700,2549700,-28640765,-28640765,159550806,159550806,29911932,29911932,206403047,206403047,344984779,344984779,293467392,293467392,324354890,324354890,211885849,211885849,371306236,371306236,419434694,419434694,485083563,485083563,242584275,242584275,15107181,15107181,229860717,229860717,268730969,268730969,71404749,71404749,192782311,192782311,120324836,120324836,-208016648,-208016648,-139203237,-139203237,-4272908,-4272908,-86289274,-86289274,-31517486,-31517486,56375890,56375890,-151239414
f = 449188094,0,1 | route T | claimed 1587.1039147666534529 | coeffs 151239414,213862635,213862635,568033958,568033958,510250587,510250587,444883288,444883288,230667267,230667267,98628012,98628012,2549700,2549700,-28640765,-28640765,159550806,159550806,29911932,29911932,206403047,206403047,344984779,344984779,293467392,293467392,324354890,324354890,211885849,211885849,371306236,371306236,419434694,419434694,485083563,485083563,242584275,242584275,15107181,15107181,229860717,229860717,268730969,268730969,71404749,71404749,192782311,192782311,120324836,120324836,-208016648,-208016648,-139203237,-139203237,-4272908,-4272908,-86289274,-86289274,-31517486,-31517486,56375890,56375890,-151239414
# status f = 449188094,0,1 : PASS_RHO (rho 0.89765, T 1587.1, 0s)
f = 550961219,0,1 | route RHO | claimed 0.942483449700527499 | coeffs -72347235,-72347235,239045840,239045840,152367578,152367578,197183025,197183025,93477722,93477722,-66149509,-66149509,-204228905,-204228905,-18426029,-18426029,-248345418,-248345418,-323439619,-323439619,-287912205,-287912205,-426337229,-426337229,-314615920,-314615920,-379981972,-379981972,-308705787,-308705787,-280786687,-280786687,-225279712,-225279712,-207961407,-207961407,-153511401,-153511401,-311503765,-311503765,-116520985,-116520985,-243840352,-243840352,-212163143,-212163143,66883518,66883518,-242880853,-242880853,-181809283,-181809283,-480938007,-480938007,-355444304,-355444304,-97460121,-97460121,145132581,145132581,186670449,186670449,18530945,18530945
f = 550961219,0,1 | route T | claimed 2034.1831426321462054 | coeffs -21473984,-21473984,211342878,211342878,83131226,83131226,-7077789,-7077789,144337339,144337339,18875489,18875489,-251446435,-251446435,-161677712,-161677712,-135142760,-135142760,-212493655,-212493655,123249660,123249660,319943265,319943265,543488932,543488932,510118487,510118487,371223614,371223614,338667265,338667265,447302326,447302326,401926195,401926195,95076414,95076414,-76300875,-76300875,201577655,201577655,-6707147,-6707147,34780208,34780208,352071642,352071642,86056607,86056607,-86523449,-86523449,9813281,9813281,-24354377,-24354377,48076027,48076027,119911861,119911861,-14337273,-14337273,-93438338,-93438338
# status f = 550961219,0,1 : PASS_RHO (rho 0.94248, T 2034.2, 1s)
f = 569112894,0,1 | route RHO | claimed 0.95306447225307905505 | coeffs 5944620,5944620,-201670684,-201670684,13082852,13082852,-116556022,-116556022,-204449398,-204449398,23027696,23027696,-165163875,-165163875,-110392087,-110392087,-352891375,-352891375,-384081840,-384081840,-302065474,-302065474,-367714343,-367714343,-271636031,-271636031,-136705702,-136705702,-88577244,-88577244,-220616499,-220616499,-289429910,-289429910,-448850297,-448850297,-234634276,-234634276,-562975760,-562975760,-675444801,-675444801,-740812100,-740812100,-668354625,-668354625,-699242123,-699242123,-641458752,-641458752,-520081190,-520081190,-571598577,-571598577,-217427254,-217427254,-20101034,-20101034,-158682766,-158682766,-221305987,-221305987,-182435735,-182435735
f = 569112894,0,1 | route T | claimed 2757.0378762180876634 | coeffs -464824852,-292244796,-292244796,-431139669,-431139669,-340930654,-340930654,-74915619,-74915619,-108286064,-108286064,19925588,19925588,-297365846,-297365846,-73820179,-73820179,-306637041,-306637041,-348124396,-348124396,-151430791,-151430791,-36518469,-36518469,171766333,171766333,507509648,507509648,428408583,428408583,150530053,150530053,73179158,73179158,-61069976,-61069976,110307313,110307313,136842265,136842265,208678099,208678099,515527880,515527880,605296603,605296603,677727007,677727007,723103138,723103138,452781214,452781214,418613556,418613556,309978495,309978495,184516645,184516645,280853375,280853375,313409724,313409724,464824852
# status f = 569112894,0,1 : PASS_RHO (rho 0.95306, T 2757.0, 1s)
f = 602323908,0,1 | route RHO | claimed 0.95306447225307905505 | coeffs -5944620,-5944620,-182435735,-182435735,-221305987,-221305987,-158682766,-158682766,-20101034,-20101034,-217427254,-217427254,-571598577,-571598577,-520081190,-520081190,-641458752,-641458752,-699242123,-699242123,-668354625,-668354625,-740812100,-740812100,-675444801,-675444801,-562975760,-562975760,-234634276,-234634276,-448850297,-448850297,-289429910,-289429910,-220616499,-220616499,-88577244,-88577244,-136705702,-136705702,-271636031,-271636031,-367714343,-367714343,-302065474,-302065474,-384081840,-384081840,-352891375,-352891375,-110392087,-110392087,-165163875,-165163875,23027696,23027696,-204449398,-204449398,-116556022,-116556022,13082852,13082852,-201670684,-201670684
f = 602323908,0,1 | route T | claimed 2434.6300012051935822 | coeffs -144583047,-144583047,53429122,53429122,267521451,267521451,310939520,310939520,351471256,351471256,486412242,486412242,451813228,451813228,793671779,793671779,914922217,914922217,1079387963,1079387963,956599778,956599778,785533277,785533277,867238050,867238050,956086262,956086262,732403416,732403416,732157409,732157409,586291362,586291362,474825765,474825765,483608589,483608589,316875269,316875269,380657641,380657641,224258736,224258736,505291821,505291821,680375106,680375106,310907643,310907643,254804787,254804787,312681255,312681255,488557214,488557214,473177097,473177097,624134587,624134587,460826291,460826291,205131549,205131549
# status f = 602323908,0,1 : PASS_RHO (rho 0.95306, T 2434.6, 1s)
f = 608866751,0,1 | route RHO | claimed 0.94662054147132250551 | coeffs -381357407,-412547872,-412547872,-197794336,-197794336,-551965659,-551965659,-439496618,-439496618,-574426947,-574426947,-386235376,-386235376,-347365124,-347365124,-289581753,-289581753,-449002140,-449002140,-366985774,-366985774,-496624648,-496624648,-693950868,-693950868,-628583569,-628583569,-676712027,-676712027,-731483815,-731483815,-554992700,-554992700,-433615138,-433615138,-219399117,-219399117,-285047986,-285047986,-372941362,-372941362,-234359630,-234359630,-306817105,-306817105,-174777850,-174777850,67721438,67721438,275336742,275336742,223819355,223819355,-104522129,-104522129,-8443817,-8443817,219033277,219033277,281656498,281656498,312543996,312543996,381357407
f = 608866751,0,1 | route T | claimed 2012.4301681119805804 | coeffs 762688814,851537026,851537026,915319398,915319398,1091195357,1091195357,877103028,877103028,712637282,712637282,858503329,858503329,683420044,683420044,846728340,846728340,981669326,981669326,1063374099,1063374099,896640779,896640779,954517247,954517247,756505078,756505078,635254640,635254640,635500647,635500647,354467562,354467562,203510072,203510072,244041808,244041808,72975307,72975307,81758131,81758131,25655275,25655275,-34893227,-34893227,-376751778,-376751778,-153068932,-153068932,3329973,3329973,18710090,18710090,62128159,62128159,-60660026,-60660026,-172125623,-172125623,-541593086,-541593086,-797287828,-797287828,-762688814
# status f = 608866751,0,1 : PASS_RHO (rho 0.94662, T 2012.4, 0s)
f = 611972262,0,1 | route RHO | claimed 0.93547878673646557103 | coeffs 436638899,348745523,348745523,189325136,189325136,126701915,126701915,192350784,192350784,134567413,134567413,362044507,362044507,576260528,576260528,615130780,615130780,519052468,519052468,397674906,397674906,209483335,209483335,-118858149,-118858149,57632966,57632966,-77297363,-77297363,-25779976,-25779976,28991812,28991812,-83477229,-83477229,124138075,124138075,76009617,76009617,-278161706,-278161706,-520660994,-520660994,-586028293,-586028293,-800781829,-800781829,-668742574,-668742574,-866068794,-866068794,-897259259,-897259259,-824801784,-824801784,-695162910,-695162910,-626349499,-626349499,-487767767,-487767767,-405751401,-405751401,-436638899
f = 611972262,0,1 | route T | claimed 2220.1934654755891162 | coeffs 695162910,695162910,626349499,626349499,487767767,487767767,405751401,405751401,436638899,436638899,348745523,348745523,189325136,189325136,126701915,126701915,192350784,192350784,134567413,134567413,362044507,362044507,576260528,576260528,615130780,615130780,519052468,519052468,397674906,397674906,209483335,209483335,-118858149,-118858149,57632966,57632966,-77297363,-77297363,-25779976,-25779976,28991812,28991812,-83477229,-83477229,124138075,124138075,76009617,76009617,-278161706,-278161706,-520660994,-520660994,-586028293,-586028293,-800781829,-800781829,-668742574,-668742574,-866068794,-866068794,-897259259,-897259259,-824801784,-824801784
# status f = 611972262,0,1 : PASS_RHO (rho 0.93548, T 2220.2, 0s)
f = 626900793,0,1 | route RHO | claimed 0.90265046831482203091 | coeffs 753172834,708714489,708714489,631258613,631258613,785105344,785105344,844259254,844259254,687595057,687595057,696694774,696694774,694653285,694653285,533420251,533420251,398638062,398638062,659960396,659960396,362671492,362671492,468964668,468964668,498741363,498741363,371598569,371598569,381326243,381326243,241400236,241400236,218775359,218775359,11683337,11683337,230598317,230598317,172978824,172978824,-77172893,-77172893,-152948019,-152948019,-281316890,-281316890,-387621174,-387621174,-238818549,-238818549,-203205924,-203205924,-450714519,-450714519,-242009219,-242009219,-553761055,-553761055,-902435277,-902435277,-894356092,-894356092,-753172834
f = 626900793,0,1 | route T | claimed 2544.2867573149149877 | coeffs -218775359,-11683337,-11683337,-230598317,-230598317,-172978824,-172978824,77172893,77172893,152948019,152948019,281316890,281316890,387621174,387621174,238818549,238818549,203205924,203205924,450714519,450714519,242009219,242009219,553761055,553761055,902435277,902435277,894356092,894356092,753172834,753172834,708714489,708714489,631258613,631258613,785105344,785105344,844259254,844259254,687595057,687595057,696694774,696694774,694653285,694653285,533420251,533420251,398638062,398638062,659960396,659960396,362671492,362671492,468964668,468964668,498741363,498741363,371598569,371598569,381326243,381326243,241400236,241400236,218775359
# status f = 626900793,0,1 : PASS_RHO (rho 0.90265, T 2544.3, 0s)
f = 631241444,0,1 | route RHO | claimed 0.934534154486439935 | coeffs -323902877,-323902877,212610583,212610583,58028711,58028711,-19618436,-19618436,103076657,103076657,-27302992,-27302992,-157948249,-157948249,-142382354,-142382354,-96351522,-96351522,-343460093,-343460093,41295690,41295690,160482203,160482203,40574203,40574203,291347561,291347561,269493708,269493708,186622377,186622377,9010324,9010324,-28878347,-28878347,107520446,107520446,225820133,225820133,240222166,240222166,-8691041,-8691041,-12707053,-12707053,-20953218,-20953218,36392800,36392800,101191157,101191157,1254517,1254517,-35083218,-35083218,76153369,76153369,74310298,74310298,280770534,280770534,322483560,322483560
f = 631241444,0,1 | route T | claimed 2251.54142067317362 | coeffs 210198473,210198473,179310975,179310975,355802090,355802090,386992555,386992555,172776534,172776534,-181394789,-181394789,-269288165,-269288165,-134357836,-134357836,-61900361,-61900361,-23030109,-23030109,219469179,219469179,378889566,378889566,430406953,430406953,300768079,300768079,396846391,396846391,331479092,331479092,268855871,268855871,214084083,214084083,282897494,282897494,161519932,161519932,376273468,376273468,310624599,310624599,198155558,198155558,59573826,59573826,247765397,247765397,379804652,379804652,322021281,322021281,114405977,114405977,196422343,196422343,-131919141,-131919141,65407079,65407079,-162070015,-162070015
# status f = 631241444,0,1 : PASS_RHO (rho 0.93453, T 2251.5, 1s)
f = 650379264,0,1 | route RHO | claimed 0.934534154486439935 | coeffs 160482203,160482203,41295690,41295690,-343460093,-343460093,-96351522,-96351522,-142382354,-142382354,-157948249,-157948249,-27302992,-27302992,103076657,103076657,-19618436,-19618436,58028711,58028711,212610583,212610583,-323902877,-323902877,-322483560,-322483560,-280770534,-280770534,-74310298,-74310298,-76153369,-76153369,35083218,35083218,-1254517,-1254517,-101191157,-101191157,-36392800,-36392800,20953218,20953218,12707053,12707053,8691041,8691041,-240222166,-240222166,-225820133,-225820133,-107520446,-107520446,28878347,28878347,-9010324,-9010324,-186622377,-186622377,-269493708,-269493708,-291347561,-291347561,-40574203,-40574203
f = 650379264,0,1 | route T | claimed 2571.6519842258581784 | coeffs -236849753,-266626448,-266626448,-427859482,-427859482,-581706213,-581706213,-233031991,-233031991,-84229366,-84229366,-26609873,-26609873,-16882199,-16882199,-278204533,-278204533,-434868730,-434868730,-293685472,-293685472,-46176877,-46176877,-121952003,-121952003,-99327126,-99327126,6966050,6966050,9007539,9007539,-68448337,-68448337,-380200173,-380200173,-273895889,-273895889,-54980909,-54980909,72161885,72161885,-62620304,-62620304,-121774214,-121774214,-129853399,-129853399,-94240774,-94240774,155910943,155910943,15984936,15984936,313273840,313273840,322373557,322373557,366831902,366831902,158126602,158126602,29757731,29757731,236849753
# status f = 650379264,0,1 : PASS_RHO (rho 0.93453, T 2571.7, 0s)
f = 692921366,0,1 | route RHO | claimed 0.89931159556006818191 | coeffs -203674112,-203674112,-371813616,-371813616,-509893012,-509893012,-444526960,-444526960,-249544180,-249544180,-375037883,-375037883,-288359621,-288359621,-363453822,-363453822,-418960797,-418960797,-139914136,-139914136,-181452004,-181452004,-21824773,-21824773,89896536,89896536,247888900,247888900,-51239824,-51239824,260153251,260153251,490072640,490072640,517991740,517991740,486314531,486314531,728907233,728907233,625201930,625201930,763626954,763626954,818076960,818076960,757005390,757005390,810821680,810821680,996624556,996624556,925348371,925348371,798029004,798029004,540044821,540044821,495229374,495229374,530756788,530756788,513438483,513438483
f = 692921366,0,1 | route T | claimed 2071.3596034347038912 | coeffs -249544180,-375037883,-375037883,-288359621,-288359621,-363453822,-363453822,-418960797,-418960797,-139914136,-139914136,-181452004,-181452004,-21824773,-21824773,89896536,89896536,247888900,247888900,-51239824,-51239824,260153251,260153251,490072640,490072640,517991740,517991740,486314531,486314531,728907233,728907233,625201930,625201930,763626954,763626954,818076960,818076960,757005390,757005390,810821680,810821680,996624556,996624556,925348371,925348371,798029004,798029004,540044821,540044821,495229374,495229374,530756788,530756788,513438483,513438483,203674112,203674112,371813616,371813616,509893012,509893012,444526960,444526960,249544180
# status f = 692921366,0,1 : PASS_RHO (rho 0.89931, T 2071.4, 1s)
f = 716241521,0,1 | route RHO | claimed 0.9045898668685193601 | coeffs -297482377,-162552048,-162552048,79947240,79947240,-49691634,-49691634,-112314855,-112314855,-233692417,-233692417,-346161458,-346161458,-214122203,-214122203,-132105837,-132105837,-359582931,-359582931,-536074046,-536074046,-181902723,-181902723,-254360198,-254360198,-413780585,-413780585,-509858897,-509858897,-455087109,-455087109,-669840645,-669840645,-531258913,-531258913,-473475542,-473475542,-145134058,-145134058,-97005600,-97005600,-65815135,-65815135,-153708511,-153708511,-114838259,-114838259,-63320872,-63320872,-128688171,-128688171,-59874760,-59874760,-125523629,-125523629,62667942,62667942,-144947362,-144947362,52378858,52378858,83266356,83266356,297482377
f = 716241521,0,1 | route T | claimed 2106.1710108252821862 | coeffs -145134058,-97005600,-97005600,-65815135,-65815135,-153708511,-153708511,-114838259,-114838259,-63320872,-63320872,-128688171,-128688171,-59874760,-59874760,-125523629,-125523629,62667942,62667942,-144947362,-144947362,52378858,52378858,83266356,83266356,297482377,297482377,162552048,162552048,-79947240,-79947240,49691634,49691634,112314855,112314855,233692417,233692417,346161458,346161458,214122203,214122203,132105837,132105837,359582931,359582931,536074046,536074046,181902723,181902723,254360198,254360198,413780585,413780585,509858897,509858897,455087109,455087109,669840645,669840645,531258913,531258913,473475542,473475542,145134058
# status f = 716241521,0,1 : PASS_RHO (rho 0.90459, T 2106.2, 0s)
f = 717624173,0,1 | route RHO | claimed 0.93547878673646557103 | coeffs -586028293,-586028293,-520660994,-520660994,-278161706,-278161706,76009617,76009617,124138075,124138075,-83477229,-83477229,28991812,28991812,-25779976,-25779976,-77297363,-77297363,57632966,57632966,-118858149,-118858149,209483335,209483335,397674906,397674906,519052468,519052468,615130780,615130780,576260528,576260528,362044507,362044507,134567413,134567413,192350784,192350784,126701915,126701915,189325136,189325136,348745523,348745523,436638899,436638899,405751401,405751401,487767767,487767767,626349499,626349499,695162910,695162910,824801784,824801784,897259259,897259259,866068794,866068794,668742574,668742574,800781829,800781829
f = 717624173,0,1 | route T | claimed 2445.0748263239944565 | coeffs 320246276,320246276,346781228,346781228,29489794,29489794,299811718,299811718,91526916,91526916,242942044,242942044,414319333,414319333,542530985,542530985,497154854,497154854,382242532,382242532,414798881,414798881,280549747,280549747,247179302,247179302,174748898,174748898,-21944707,-21944707,74392023,74392023,-2958872,-2958872,263056163,263056163,173287440,173287440,214774795,214774795,89312945,89312945,-188565585,-188565585,-98356570,-98356570,-405206351,-405206351,-172389489,-172389489,-281024550,-281024550,-360125615,-360125615,-499020488,-499020488,-570856322,-570856322,-794401989,-794401989,-828569647,-828569647,-492826332,-492826332
# status f = 717624173,0,1 : PASS_RHO (rho 0.93548, T 2445.1, 1s)
f = 734417769,0,1 | route RHO | claimed 0.9125652565033787347 | coeffs 243040457,243040457,35425153,35425153,249641174,249641174,379280048,379280048,491749089,491749089,719226183,719226183,791683658,791683658,736911870,736911870,679128499,679128499,647938034,647938034,596420647,596420647,662069516,662069516,464743296,464743296,599673625,599673625,537050404,537050404,669089659,669089659,492598544,492598544,333178157,333178157,118424621,118424621,446766105,446766105,358872729,358872729,293505430,293505430,481697001,481697001,512584499,512584499,270085211,270085211,391462773,391462773,309446407,309446407,-44724916,-44724916,51353396,51353396,-87228336,-87228336,-135356794,-135356794,-174227046,-174227046
f = 734417769,0,1 | route T | claimed 2374.6366825902903699 | coeffs 243040457,243040457,35425153,35425153,249641174,249641174,379280048,379280048,491749089,491749089,719226183,719226183,791683658,791683658,736911870,736911870,679128499,679128499,647938034,647938034,596420647,596420647,662069516,662069516,464743296,464743296,599673625,599673625,537050404,537050404,669089659,669089659,492598544,492598544,333178157,333178157,118424621,118424621,446766105,446766105,358872729,358872729,293505430,293505430,481697001,481697001,512584499,512584499,270085211,270085211,391462773,391462773,309446407,309446407,-44724916,-44724916,51353396,51353396,-87228336,-87228336,-135356794,-135356794,-174227046,-174227046
# status f = 734417769,0,1 : PASS_RHO (rho 0.91257, T 2374.6, 0s)
f = 819890616,0,1 | route RHO | claimed 0.92120382221784685502 | coeffs 170259764,35329435,35329435,-77139606,-77139606,-431310929,-431310929,-646064465,-646064465,-677254930,-677254930,-608441519,-608441519,-639329017,-639329017,-576705796,-576705796,-804182890,-804182890,-708104578,-708104578,-379763094,-379763094,-431280481,-431280481,-638895785,-638895785,-396396497,-396396497,-528435752,-528435752,-600893227,-600893227,-739474959,-739474959,-827368335,-827368335,-761719466,-761719466,-547503445,-547503445,-668881007,-668881007,-492389892,-492389892,-437618104,-437618104,-485746562,-485746562,-551113861,-551113861,-748440081,-748440081,-618801207,-618801207,-536784841,-536784841,-377364454,-377364454,-319581083,-319581083,-358451335,-358451335,-170259764
f = 819890616,0,1 | route T | claimed 2359.479558166975814 | coeffs -480273611,-480273611,-138415060,-138415060,-198963562,-198963562,-142860706,-142860706,-134077882,-134077882,36988619,36988619,77520355,77520355,228477845,228477845,-52555240,-52555240,-52801247,-52801247,-174051685,-174051685,23960484,23960484,81836952,81836952,248570272,248570272,330275045,330275045,195334059,195334059,358642355,358642355,533725640,533725640,679591687,679591687,844057433,844057433,629965104,629965104,454089145,454089145,517871517,517871517,429023305,429023305,394424291,394424291,138729549,138729549,508197012,508197012,396731415,396731415,519519600,519519600,562937669,562937669,547557552,547557552,703956457,703956457
# status f = 819890616,0,1 : PASS_RHO (rho 0.92120, T 2359.5, 0s)
f = 874113722,0,1 | route RHO | claimed 0.89765352732308018222 | coeffs 29911932,159550806,159550806,-28640765,-28640765,2549700,2549700,98628012,98628012,230667267,230667267,444883288,444883288,510250587,510250587,568033958,568033958,213862635,213862635,151239414,151239414,-56375890,-56375890,31517486,31517486,86289274,86289274,4272908,4272908,139203237,139203237,208016648,208016648,-120324836,-120324836,-192782311,-192782311,-71404749,-71404749,-268730969,-268730969,-229860717,-229860717,-15107181,-15107181,-242584275,-242584275,-485083563,-485083563,-419434694,-419434694,-371306236,-371306236,-211885849,-211885849,-324354890,-324354890,-293467392,-293467392,-344984779,-344984779,-206403047,-206403047,-29911932
f = 874113722,0,1 | route T | claimed 1795.5949760355016667 | coeffs 371306236,371306236,211885849,211885849,324354890,324354890,293467392,293467392,344984779,344984779,206403047,206403047,29911932,29911932,159550806,159550806,-28640765,-28640765,2549700,2549700,98628012,98628012,230667267,230667267,444883288,444883288,510250587,510250587,568033958,568033958,213862635,213862635,151239414,151239414,-56375890,-56375890,31517486,31517486,86289274,86289274,4272908,4272908,139203237,139203237,208016648,208016648,-120324836,-120324836,-192782311,-192782311,-71404749,-71404749,-268730969,-268730969,-229860717,-229860717,-15107181,-15107181,-242584275,-242584275,-485083563,-485083563,-419434694,-419434694
# status f = 874113722,0,1 : PASS_RHO (rho 0.89765, T 1795.6, 0s)
f = 912119014,0,1 | route RHO | claimed 0.9125652565033787347 | coeffs 44724916,-309446407,-309446407,-391462773,-391462773,-270085211,-270085211,-512584499,-512584499,-481697001,-481697001,-293505430,-293505430,-358872729,-358872729,-446766105,-446766105,-118424621,-118424621,-333178157,-333178157,-492598544,-492598544,-669089659,-669089659,-537050404,-537050404,-599673625,-599673625,-464743296,-464743296,-662069516,-662069516,-596420647,-596420647,-647938034,-647938034,-679128499,-679128499,-736911870,-736911870,-791683658,-791683658,-719226183,-719226183,-491749089,-491749089,-379280048,-379280048,-249641174,-249641174,-35425153,-35425153,-243040457,-243040457,-174227046,-174227046,-135356794,-135356794,-87228336,-87228336,51353396,51353396,-44724916
f = 912119014,0,1 | route T | claimed 2429.041679069414345 | coeffs 36911190,196538421,196538421,142722131,142722131,268215834,268215834,236538625,236538625,253856930,253856930,142135621,142135621,327938497,327938497,414616759,414616759,172024057,172024057,-137740314,-137740314,20252050,20252050,91528235,91528235,166622436,166622436,62917133,62917133,-105222371,-105222371,193906353,193906353,66586986,66586986,11080011,11080011,-127345013,-127345013,10734383,10734383,322127458,322127458,580111641,580111641,301064980,301064980,355514986,355514986,420881038,420881038,190961649,190961649,146146202,146146202,104608334,104608334,165679904,165679904,-29302876,-29302876,-1383776,-1383776,-36911190
# status f = 912119014,0,1 : PASS_RHO (rho 0.91257, T 2429.0, 0s)
f = 988782345,0,1 | route RHO | claimed 0.93494702133780952386 | coeffs -168837370,-168837370,-213652817,-213652817,-101931508,-101931508,25387859,25387859,66925727,66925727,252728603,252728603,197221628,197221628,258293198,258293198,171614936,171614936,310039960,310039960,505022740,505022740,262430038,262430038,400509434,400509434,428428534,428428534,738192905,738192905,426799830,426799830,462327244,462327244,620319608,620319608,878303791,878303791,718676560,718676560,647400375,647400375,926447036,926447036,872630746,872630746,947724947,947724947,1002174953,1002174953,876681250,876681250,980386553,980386553,915020501,915020501,883343292,883343292,715203788,715203788,485284399,485284399,467966094,467966094
f = 988782345,0,1 | route T | claimed 1960.4414609782740761 | coeffs -168837370,-168837370,-213652817,-213652817,-101931508,-101931508,25387859,25387859,66925727,66925727,252728603,252728603,197221628,197221628,258293198,258293198,171614936,171614936,310039960,310039960,505022740,505022740,262430038,262430038,400509434,400509434,428428534,428428534,738192905,738192905,426799830,426799830,462327244,462327244,620319608,620319608,878303791,878303791,718676560,718676560,647400375,647400375,926447036,926447036,872630746,872630746,947724947,947724947,1002174953,1002174953,876681250,876681250,980386553,980386553,915020501,915020501,883343292,883343292,715203788,715203788,485284399,485284399,467966094,467966094
# status f = 988782345,0,1 : PASS_RHO (rho 0.93495, T 1960.4, 1s)
# summary n = 7 l = 1000149313 : EXCLUSION_CANDIDATE ; PASS 32 / 32 ; OPEN_NEAR 0 ; OPEN_FAR 0 ; 16s
