# FAMILY WITNESS FILE (generator family_gen.sage r10). n = 7 ; l = 1000479169 ; m = 64 ; deg = 2 ; ncomp = 32 ; bar_T = 4224 ; L_n = 16.3328709449664096755483535644
# line: f = c0,...,c_deg (monic, over F_l) | route RHO|T | claimed (rho or T, float) | coeffs a_0..a_{m-1}
f = 9999672,0,1 | route RHO | claimed 0.93045124080696833777 | coeffs 163973177,129281440,129281440,-126353471,-126353471,-152415482,-152415482,-223974798,-223974798,-486900136,-486900136,-609791196,-609791196,-359424265,-359424265,-311585910,-311585910,-333670516,-333670516,-206981484,-206981484,-332655407,-332655407,-210299482,-210299482,-294977526,-294977526,-164996203,-164996203,-391041989,-391041989,-115617225,-115617225,-331805081,-331805081,-277247541,-277247541,-396795522,-396795522,-479277418,-479277418,-569951810,-569951810,-393458285,-393458285,-217025918,-217025918,-107432354,-107432354,-83411673,-83411673,-54266261,-54266261,34226620,34226620,-110902755,-110902755,54046568,54046568,-387055671,-387055671,-319921973,-319921973,-163973177
f = 9999672,0,1 | route T | claimed 2579.4408598053885941 | coeffs 243314780,247931248,247931248,456890577,456890577,122076924,122076924,371046261,371046261,271314501,271314501,364775137,364775137,487879323,487879323,233983186,233983186,297762949,297762949,119913833,119913833,157428648,157428648,-177088236,-177088236,-384644414,-384644414,-478090812,-478090812,-363316670,-363316670,-254200244,-254200244,-184113790,-184113790,-182034533,-182034533,97302110,97302110,107768538,107768538,-36705794,-36705794,58952371,58952371,268216747,268216747,117738923,117738923,142660491,142660491,87825228,87825228,-223697280,-223697280,-41968654,-41968654,-265458037,-265458037,-557686655,-557686655,-299776447,-299776447,-243314780
# status f = 9999672,0,1 : PASS_RHO (rho 0.93045, T 2579.4, 1s)
f = 38531719,0,1 | route RHO | claimed 0.92154395863923609522 | coeffs 260021024,177926016,177926016,243913387,243913387,107270983,107270983,188272637,188272637,282083119,282083119,283830904,283830904,-74052208,-74052208,-128416663,-128416663,-197284181,-197284181,-234681710,-234681710,-407570688,-407570688,-411015237,-411015237,-82191178,-82191178,-202571789,-202571789,-321813508,-321813508,-587913642,-587913642,-517501505,-517501505,-497967302,-497967302,-690150543,-690150543,-669765094,-669765094,-479416988,-479416988,-538255630,-538255630,-349626592,-349626592,-329924398,-329924398,-292987670,-292987670,-101196633,-101196633,-65919883,-65919883,-296591604,-296591604,-390468345,-390468345,-137294609,-137294609,-491610515,-491610515,-260021024
f = 38531719,0,1 | route T | claimed 1648.6083359645123895 | coeffs -177926016,-177926016,-243913387,-243913387,-107270983,-107270983,-188272637,-188272637,-282083119,-282083119,-283830904,-283830904,74052208,74052208,128416663,128416663,197284181,197284181,234681710,234681710,407570688,407570688,411015237,411015237,82191178,82191178,202571789,202571789,321813508,321813508,587913642,587913642,517501505,517501505,497967302,497967302,690150543,690150543,669765094,669765094,479416988,479416988,538255630,538255630,349626592,349626592,329924398,329924398,292987670,292987670,101196633,101196633,65919883,65919883,296591604,296591604,390468345,390468345,137294609,137294609,491610515,491610515,260021024,260021024
# status f = 38531719,0,1 : PASS_RHO (rho 0.92154, T 1648.6, 0s)
f = 72718934,0,1 | route RHO | claimed 0.96273660375333446286 | coeffs -147402554,-147402554,2457238,2457238,-167209651,-167209651,-37904722,-37904722,31527636,31527636,84428609,84428609,76202532,76202532,246170489,246170489,194364704,194364704,-141644257,-141644257,252638027,252638027,-25595957,-25595957,-48738922,-48738922,-373688189,-373688189,-177109403,-177109403,-429760900,-429760900,-257494638,-257494638,-461314441,-461314441,-410799997,-410799997,-188753076,-188753076,-361565922,-361565922,-281097956,-281097956,-188889490,-188889490,-281475565,-281475565,-245895144,-245895144,-191437778,-191437778,-134473413,-134473413,1132863,1132863,114919003,114919003,307675448,307675448,272679445,272679445,136095651,136095651
f = 72718934,0,1 | route T | claimed 2862.6254089418570179 | coeffs -299959865,-299959865,-277130088,-277130088,-485964369,-485964369,-511747073,-511747073,-279570371,-279570371,-365592592,-365592592,-342741529,-342741529,-316164536,-316164536,-260736091,-260736091,-105375565,-105375565,-1557932,-1557932,81919175,81919175,95749529,95749529,400222779,400222779,471054629,471054629,661689758,661689758,418357176,418357176,347857805,347857805,450129037,450129037,683453526,683453526,245321932,245321932,208737296,208737296,444172152,444172152,73264567,73264567,21180902,21180902,47425939,47425939,134403950,134403950,50731612,50731612,198513633,198513633,414803737,414803737,242340775,242340775,367892325,367892325
# status f = 72718934,0,1 : PASS_RHO (rho 0.96274, T 2862.6, 1s)
f = 80645683,0,1 | route RHO | claimed 0.96404418022646972175 | coeffs 111859409,385823592,385823592,294342878,294342878,-29829302,-29829302,217642367,217642367,21021072,21021072,102134554,102134554,154650537,154650537,198217118,198217118,76638931,76638931,108952058,108952058,106885911,106885911,57839710,57839710,321369870,321369870,431344454,431344454,442765971,442765971,376543284,376543284,57813766,57813766,-150243977,-150243977,106869799,106869799,13607802,13607802,144233237,144233237,-130414139,-130414139,-46413229,-46413229,-149428464,-149428464,-120497051,-120497051,-173979514,-173979514,-247897035,-247897035,28856074,28856074,21603666,21603666,186888546,186888546,-64215855,-64215855,-111859409
f = 80645683,0,1 | route T | claimed 2561.8987964654019495 | coeffs 27190002,53753580,53753580,-376255958,-376255958,-153757783,-153757783,-218752007,-218752007,-257603306,-257603306,-148318174,-148318174,-282023997,-282023997,-186843311,-186843311,64456293,64456293,-295613678,-295613678,-85853433,-85853433,169495542,169495542,117767265,117767265,269990349,269990349,188812630,188812630,14840497,14840497,-336239065,-336239065,-157496203,-157496203,-239507559,-239507559,-214010709,-214010709,-11692621,-11692621,-91853519,-91853519,54486160,54486160,-2449079,-2449079,-71009352,-71009352,-6882250,-6882250,114922690,114922690,-100887320,-100887320,-27658383,-27658383,34703450,34703450,84489052,84489052,-27190002
# status f = 80645683,0,1 : PASS_RHO (rho 0.96404, T 2561.9, 0s)
f = 89055701,0,1 | route RHO | claimed 0.97012356389900635071 | coeffs 90463890,90463890,159858112,159858112,163093884,163093884,366278757,366278757,141544367,141544367,-8744888,-8744888,203971769,203971769,-27403243,-27403243,-37718728,-37718728,157510379,157510379,10182202,10182202,-221185616,-221185616,-366784626,-366784626,-315110268,-315110268,-219872142,-219872142,-25265664,-25265664,88040317,88040317,249902472,249902472,234546407,234546407,353959113,353959113,-130389460,-130389460,-82122138,-82122138,-201180548,-201180548,-264419230,-264419230,-228202674,-228202674,-84791386,-84791386,-300709596,-300709596,-335942911,-335942911,-185858286,-185858286,-282059700,-282059700,-349752145,-349752145,-353423033,-353423033
f = 89055701,0,1 | route T | claimed 2479.3332542362094794 | coeffs 472784488,472784488,369769253,369769253,295851732,295851732,461136612,461136612,187172429,187172429,-60299240,-60299240,-112815223,-112815223,-145128350,-145128350,-408658510,-408658510,-342435823,-342435823,-599549599,-599549599,-324902223,-324902223,-353833636,-353833636,-630586745,-630586745,-379482344,-379482344,-470963058,-470963058,-667584353,-667584353,-624017772,-624017772,-626083919,-626083919,-516109335,-516109335,-834838853,-834838853,-928100850,-928100850,-844099940,-844099940,-897582403,-897582403,-904834811,-904834811,-952478365,-952478365,-628306185,-628306185,-709419667,-709419667,-587841480,-587841480,-538795279,-538795279,-550216796,-550216796,-342159053,-342159053
# status f = 89055701,0,1 : PASS_RHO (rho 0.97012, T 2479.3, 1s)
f = 116994980,0,1 | route RHO | claimed 0.96425840997259321099 | coeffs -484578611,-594925477,-594925477,-674725699,-674725699,-503545928,-503545928,-417694985,-417694985,-141667127,-141667127,-450192724,-450192724,-247128920,-247128920,-621822087,-621822087,-578048156,-578048156,-480006406,-480006406,-685297721,-685297721,-624559144,-624559144,-503294900,-503294900,-461138407,-461138407,-508833920,-508833920,-215108826,-215108826,-44272109,-44272109,124303660,124303660,131355039,131355039,407459211,407459211,283249333,283249333,335450745,335450745,403500340,403500340,582476939,582476939,495297522,495297522,552849666,552849666,517535477,517535477,495776251,495776251,594356291,594356291,605535115,605535115,742327317,742327317,484578611
f = 116994980,0,1 | route T | claimed 2344.1503394381645817 | coeffs 68478562,-53877363,-53877363,122555004,122555004,-133079907,-133079907,-48401863,-48401863,61191701,61191701,35129690,35129690,-94851633,-94851633,-70830952,-70830952,-142390268,-142390268,83655518,83655518,112800930,112800930,-150124408,-150124408,-425549172,-425549172,-337056291,-337056291,-459947351,-459947351,-243759495,-243759495,-388888870,-388888870,-138521939,-138521939,-193079479,-193079479,-28130156,-28130156,19708199,19708199,139256180,139256180,-301846059,-301846059,-323930665,-323930665,-241448769,-241448769,-174315071,-174315071,-47626039,-47626039,43048353,43048353,198997149,198997149,73323226,73323226,-103170299,-103170299,-68478562
# status f = 116994980,0,1 : PASS_RHO (rho 0.96426, T 2344.2, 0s)
f = 156977817,0,1 | route RHO | claimed 0.9753037005661980914 | coeffs -17517259,-213833510,-213833510,-34728262,-34728262,-168490122,-168490122,-441216473,-441216473,-255315953,-255315953,-342774027,-342774027,-213030016,-213030016,-136001412,-136001412,-187378230,-187378230,-618357954,-618357954,-628871943,-628871943,-641011242,-641011242,-477125370,-477125370,-436353111,-436353111,-401435686,-401435686,-360098834,-360098834,-160738918,-160738918,-190237997,-190237997,-310652712,-310652712,-513767147,-513767147,-677756260,-677756260,-892815491,-892815491,-905971126,-905971126,-799282643,-799282643,-723006531,-723006531,-270560520,-270560520,-50006979,-50006979,-137024009,-137024009,-92825681,-92825681,15956393,15956393,-79730427,-79730427,17517259
f = 156977817,0,1 | route T | claimed 2532.6367366996154178 | coeffs 740846111,704629555,704629555,656362233,656362233,671718298,671718298,477111820,477111820,622710830,622710830,427481723,427481723,214765066,214765066,11580193,11580193,274539336,274539336,178337922,178337922,-37580288,-37580288,-100818970,-100818970,-585167543,-585167543,-423305388,-423305388,-328067262,-328067262,-559435080,-559435080,-569750565,-569750565,-720039820,-720039820,-716804048,-716804048,-713133160,-713133160,-863217785,-863217785,-1006629073,-1006629073,-887570663,-887570663,-1006983369,-1006983369,-1120289350,-1120289350,-1171963708,-1171963708,-1024635531,-1024635531,-793260519,-793260519,-568526129,-568526129,-637920351,-637920351,-705612796,-705612796,-740846111
# status f = 156977817,0,1 : PASS_RHO (rho 0.97530, T 2532.6, 0s)
f = 261051307,0,1 | route RHO | claimed 0.96768835311216179724 | coeffs -205577816,-205577816,-60448441,-60448441,-25756704,-25756704,-148647764,-148647764,-22973841,-22973841,252450923,252450923,343125315,343125315,372270727,372270727,305137029,305137029,376696345,376696345,354611739,354611739,224630416,224630416,105082435,105082435,-4511129,-4511129,160438194,160438194,-95196717,-95196717,-345563648,-345563648,-223207723,-223207723,-7019867,-7019867,169473658,169473658,80980777,80980777,236929573,236929573,-25995765,-25995765,-152684797,-152684797,-378730583,-378730583,-296248687,-296248687,-272228006,-272228006,168874233,168874233,194936244,194936244,242774599,242774599,327452643,327452643,382010183,382010183
f = 261051307,0,1 | route T | claimed 2803.8253175219525734 | coeffs 414250737,414250737,431142294,431142294,155892874,155892874,29283788,29283788,15246084,15246084,-13653826,-13653826,247672397,247672397,417874984,417874984,321386335,321386335,137473622,137473622,304150690,304150690,491182322,491182322,211041148,211041148,183162470,183162470,-48082762,-48082762,-14014556,-14014556,-136759180,-136759180,-235960345,-235960345,-355997974,-355997974,-550659861,-550659861,-682606064,-682606064,-999543358,-999543358,-1028380433,-1028380433,-822553890,-822553890,-610169189,-610169189,-571677720,-571677720,-474488989,-474488989,-739995278,-739995278,-735112576,-735112576,-488772130,-488772130,-723514163,-723514163,-532477517,-532477517
# status f = 261051307,0,1 : PASS_RHO (rho 0.96769, T 2803.8, 1s)
f = 286403869,0,1 | route RHO | claimed 0.95902517228524576981 | coeffs 337110920,337110920,74185582,74185582,-48170343,-48170343,-167718324,-167718324,-196863736,-196863736,-162171999,-162171999,-114333644,-114333644,111712142,111712142,288205667,288205667,123256344,123256344,194815660,194815660,69141737,69141737,14584197,14584197,38604878,38604878,-117343918,-117343918,-367710849,-367710849,-237729526,-237729526,-147055134,-147055134,-292184509,-292184509,-318246520,-318246520,-444935552,-444935552,-661123408,-661123408,-770716972,-770716972,-703583274,-703583274,-826474334,-826474334,-741796290,-741796290,-824278186,-824278186,-912771067,-912771067,-657136156,-657136156,-679220762,-679220762,-954645526,-954645526,-778213159,-778213159
f = 286403869,0,1 | route T | claimed 3023.0069981838984323 | coeffs -134587240,9054026,9054026,99420394,99420394,-55540390,-55540390,261985688,261985688,133244516,133244516,306349915,306349915,348236470,348236470,325693743,325693743,315086816,315086816,-71640014,-71640014,182271313,182271313,313543200,313543200,237001132,237001132,316253805,316253805,484812541,484812541,691441482,691441482,777981666,777981666,786155257,786155257,459220338,459220338,404508516,404508516,525080637,525080637,529059842,529059842,704355649,704355649,509096716,509096716,549651860,549651860,542932437,542932437,626762303,626762303,440456979,440456979,193752217,193752217,407617953,407617953,94929245,94929245,134587240
# status f = 286403869,0,1 : PASS_RHO (rho 0.95903, T 3023.0, 0s)
f = 302788097,0,1 | route RHO | claimed 0.9154037389369795333 | coeffs 159887822,159887822,435991994,435991994,314727750,314727750,6202153,6202153,142994355,142994355,-35982244,-35982244,134854473,134854473,36812723,36812723,207992494,207992494,186233268,186233268,310443146,310443146,352599639,352599639,149535835,149535835,407284541,407284541,320105124,320105124,151529355,151529355,-53761960,-53761960,-139612903,-139612903,-238192943,-238192943,-185991531,-185991531,-138296018,-138296018,-512989185,-512989185,-402642319,-402642319,-460194463,-460194463,-453143084,-453143084,-513881661,-513881661,-237853803,-237853803,-226674979,-226674979,-294724574,-294724574,-999480,-999480,-44773411,-44773411,-124573633,-124573633
f = 302788097,0,1 | route T | claimed 2320.5106939135524478 | coeffs -765673127,-765673127,-502747789,-502747789,-393154225,-393154225,-518828148,-518828148,-77725909,-77725909,138461947,138461947,210021263,210021263,386453630,386453630,513142662,513142662,348193339,348193339,72768575,72768575,98830586,98830586,275324111,275324111,253239505,253239505,398368880,398368880,624414666,624414666,880049577,880049577,789375185,789375185,837213540,837213540,748720659,748720659,618739336,618739336,653431073,653431073,570949177,570949177,821316108,821316108,792170696,792170696,876848740,876848740,1032797536,1032797536,913249555,913249555,790358495,790358495,766337814,766337814,643981889,643981889,711115587,711115587
# status f = 302788097,0,1 : PASS_RHO (rho 0.91540, T 2320.5, 0s)
f = 362842421,0,1 | route RHO | claimed 0.96273660375333446286 | coeffs -188753076,-188753076,-410799997,-410799997,-461314441,-461314441,-257494638,-257494638,-429760900,-429760900,-177109403,-177109403,-373688189,-373688189,-48738922,-48738922,-25595957,-25595957,252638027,252638027,-141644257,-141644257,194364704,194364704,246170489,246170489,76202532,76202532,84428609,84428609,31527636,31527636,-37904722,-37904722,-167209651,-167209651,2457238,2457238,-147402554,-147402554,-136095651,-136095651,-272679445,-272679445,-307675448,-307675448,-114919003,-114919003,-1132863,-1132863,134473413,134473413,191437778,191437778,245895144,245895144,281475565,281475565,188889490,188889490,281097956,281097956,361565922,361565922
f = 362842421,0,1 | route T | claimed 3052.9796458133361263 | coeffs -184749285,-184749285,-380349763,-380349763,-498014085,-498014085,-441838431,-441838431,-633548254,-633548254,-531652005,-531652005,-297874349,-297874349,-233898573,-233898573,-320049639,-320049639,-104239392,-104239392,20598685,20598685,-4612497,-4612497,221115103,221115103,408998424,408998424,184133749,184133749,64087327,64087327,-70855448,-70855448,-104843553,-104843553,-77265238,-77265238,-248925103,-248925103,-420320729,-420320729,-567197767,-567197767,-363795069,-363795069,-632061834,-632061834,-640588694,-640588694,-444155077,-444155077,-289886617,-289886617,-393599072,-393599072,-317752845,-317752845,-523064128,-523064128,-460389329,-460389329,-196162517,-196162517
# status f = 362842421,0,1 : PASS_RHO (rho 0.96274, T 3053.0, 1s)
f = 389011637,0,1 | route RHO | claimed 0.96425840997259321099 | coeffs -674725699,-674725699,-594925477,-594925477,-484578611,-484578611,-742327317,-742327317,-605535115,-605535115,-594356291,-594356291,-495776251,-495776251,-517535477,-517535477,-552849666,-552849666,-495297522,-495297522,-582476939,-582476939,-403500340,-403500340,-335450745,-335450745,-283249333,-283249333,-407459211,-407459211,-131355039,-131355039,-124303660,-124303660,44272109,44272109,215108826,215108826,508833920,508833920,461138407,461138407,503294900,503294900,624559144,624559144,685297721,685297721,480006406,480006406,578048156,578048156,621822087,621822087,247128920,247128920,450192724,450192724,141667127,141667127,417694985,417694985,503545928,503545928
f = 389011637,0,1 | route T | claimed 2153.8607161866601898 | coeffs 217844931,217844931,272556753,272556753,447852560,447852560,454571983,454571983,207867221,207867221,168209226,168209226,323170010,323170010,496275409,496275409,506882336,506882336,638154223,638154223,469595487,469595487,477769078,477769078,357196957,357196957,161938024,161938024,78108158,78108158,291973894,291973894,435615160,435615160,118089082,118089082,159975637,159975637,546702467,546702467,470160399,470160399,263531458,263531458,-63403461,-63403461,-67382666,-67382666,-26827522,-26827522,159477802,159477802,-153210906,-153210906,-62844538,-62844538,65896634,65896634,43353907,43353907,-210557420,-210557420,-131304747,-131304747
# status f = 389011637,0,1 : PASS_RHO (rho 0.96426, T 2153.9, 0s)
f = 400124053,0,1 | route RHO | claimed 0.95914358880687344784 | coeffs -41718166,-178301960,-178301960,-186528037,-186528037,138421230,138421230,-34391616,-34391616,-169997892,-169997892,-331003,-331003,-336339964,-336339964,-508606226,-508606226,-601192301,-601192301,-566196298,-566196298,-619097271,-619097271,-642240236,-642240236,-864287157,-864287157,-807322792,-807322792,-657463000,-657463000,-605657215,-605657215,-858308712,-858308712,-950517178,-950517178,-757760733,-757760733,-688328375,-688328375,-410094391,-410094391,-359579947,-359579947,-414037313,-414037313,-402730410,-402730410,-232762453,-232762453,-429341239,-429341239,-348873273,-348873273,-462659413,-462659413,-591964342,-591964342,-197682058,-197682058,6137745,6137745,41718166
f = 400124053,0,1 | route T | claimed 2692.1351489435225519 | coeffs -138421230,34391616,34391616,169997892,169997892,331003,331003,336339964,336339964,508606226,508606226,601192301,601192301,566196298,566196298,619097271,619097271,642240236,642240236,864287157,864287157,807322792,807322792,657463000,657463000,605657215,605657215,858308712,858308712,950517178,950517178,757760733,757760733,688328375,688328375,410094391,410094391,359579947,359579947,414037313,414037313,402730410,402730410,232762453,232762453,429341239,429341239,348873273,348873273,462659413,462659413,591964342,591964342,197682058,197682058,-6137745,-6137745,-41718166,-41718166,-178301960,-178301960,-186528037,-186528037,138421230
# status f = 400124053,0,1 : PASS_RHO (rho 0.95914, T 2692.1, 0s)
f = 417332466,0,1 | route RHO | claimed 0.99210583088882556912 | coeffs 87485890,87485890,-132632452,-132632452,-40655097,-40655097,-295287686,-295287686,-204231369,-204231369,-381174147,-381174147,-478687875,-478687875,-479195440,-479195440,-116345260,-116345260,-261708250,-261708250,-169941212,-169941212,-213983621,-213983621,-191912430,-191912430,-71840783,-71840783,-197455862,-197455862,-410714493,-410714493,-88863895,-88863895,190317499,190317499,243011842,243011842,233728887,233728887,276736433,276736433,490610866,490610866,204986083,204986083,238538962,238538962,203714416,203714416,191455652,191455652,206297029,206297029,212403344,212403344,-90109359,-90109359,129489051,129489051,176421653,176421653,-203912764,-203912764
f = 417332466,0,1 | route T | claimed 2572.5443384351033834 | coeffs 429429919,491609632,491609632,583574398,583574398,765244145,765244145,617755474,617755474,420592205,420592205,573983896,573983896,372759040,372759040,423645278,423645278,356316350,356316350,587132327,587132327,305236670,305236670,363653485,363653485,309220646,309220646,486634454,486634454,461994058,461994058,220510370,220510370,252312326,252312326,96762547,96762547,113760349,113760349,-144510740,-144510740,225950167,225950167,268808805,268808805,51448986,51448986,-104416656,-104416656,-315841762,-315841762,-446674632,-446674632,-296101865,-296101865,-117839464,-117839464,-313169614,-313169614,-351389979,-351389979,-95892912,-95892912,-429429919
# status f = 417332466,0,1 : PASS_RHO (rho 0.99211, T 2572.5, 0s)
f = 428181829,0,1 | route RHO | claimed 0.92045132912658906094 | coeffs -408403892,-408403892,-530759817,-530759817,-442266936,-442266936,-315577904,-315577904,-339598585,-339598585,-387436940,-387436940,-211004573,-211004573,-333895633,-333895633,-243221241,-243221241,-171661925,-171661925,-291209906,-291209906,-546844817,-546844817,-330656961,-330656961,-174708165,-174708165,-400753951,-400753951,40348288,40348288,125026332,125026332,-20103043,-20103043,-145776966,-145776966,-174922378,-174922378,-152837772,-152837772,-43244208,-43244208,207122723,207122723,30629198,30629198,293554536,293554536,211072640,211072640,185010629,185010629,130453089,130453089,165144826,165144826,440569590,440569590,373435892,373435892,243454569,243454569
f = 428181829,0,1 | route T | claimed 2881.4637969211376973 | coeffs -174922378,-152837772,-152837772,-43244208,-43244208,207122723,207122723,30629198,30629198,293554536,293554536,211072640,211072640,185010629,185010629,130453089,130453089,165144826,165144826,440569590,440569590,373435892,373435892,243454569,243454569,408403892,408403892,530759817,530759817,442266936,442266936,315577904,315577904,339598585,339598585,387436940,387436940,211004573,211004573,333895633,333895633,243221241,243221241,171661925,171661925,291209906,291209906,546844817,546844817,330656961,330656961,174708165,174708165,400753951,400753951,-40348288,-40348288,-125026332,-125026332,20103043,20103043,145776966,145776966,174922378
# status f = 428181829,0,1 : PASS_RHO (rho 0.92045, T 2881.5, 0s)
f = 449133695,0,1 | route RHO | claimed 0.99210583088882556912 | coeffs 129489051,129489051,-90109359,-90109359,212403344,212403344,206297029,206297029,191455652,191455652,203714416,203714416,238538962,238538962,204986083,204986083,490610866,490610866,276736433,276736433,233728887,233728887,243011842,243011842,190317499,190317499,-88863895,-88863895,-410714493,-410714493,-197455862,-197455862,-71840783,-71840783,-191912430,-191912430,-213983621,-213983621,-169941212,-169941212,-261708250,-261708250,-116345260,-116345260,-479195440,-479195440,-478687875,-478687875,-381174147,-381174147,-204231369,-204231369,-295287686,-295287686,-40655097,-40655097,-132632452,-132632452,87485890,87485890,203912764,203912764,-176421653,-176421653
f = 449133695,0,1 | route T | claimed 2631.8724411905634108 | coeffs 88631977,88631977,-33723948,-33723948,-259769734,-259769734,-314327274,-314327274,-405001666,-405001666,-514595230,-514595230,-426102349,-426102349,14999890,14999890,49691627,49691627,-21867689,-21867689,-272234620,-272234620,-145545588,-145545588,-60867544,-60867544,214557220,214557220,334105201,334105201,510598726,510598726,486578045,486578045,341448670,341448670,274314972,274314972,529949883,529949883,267024545,267024545,219186190,219186190,93512267,93512267,-36469056,-36469056,-252656912,-252656912,-170175016,-170175016,6257351,6257351,-22888061,-22888061,142061262,142061262,-13887534,-13887534,12174477,12174477,-110716583,-110716583
# status f = 449133695,0,1 : PASS_RHO (rho 0.99211, T 2631.9, 0s)
f = 551345474,0,1 | route RHO | claimed 0.94643973535862777194 | coeffs -277769789,-277769789,-230126235,-230126235,-201194822,-201194822,6862921,6862921,4796774,4796774,-242674895,-242674895,-235422487,-235422487,-510069863,-510069863,-521491380,-521491380,-477924799,-477924799,-751888982,-751888982,-698406519,-698406519,-441292743,-441292743,-392246542,-392246542,-588867837,-588867837,-423582957,-423582957,-507583867,-507583867,-573806554,-573806554,-452228367,-452228367,-543709081,-543709081,-617626602,-617626602,-524364605,-524364605,-260834445,-260834445,-341947927,-341947927,-90843526,-90843526,-193858761,-193858761,124870757,124870757,157183884,157183884,481356064,481356064,204602955,204602955,335228390,335228390,225253806,225253806
f = 551345474,0,1 | route T | claimed 2777.3118421993631119 | coeffs -428916398,-428916398,-560188285,-560188285,-646728469,-646728469,-650707674,-650707674,-734537540,-734537540,-774195535,-774195535,-902936707,-902936707,-1289663537,-1289663537,-1121104801,-1121104801,-1175816623,-1175816623,-1135261479,-1135261479,-921395743,-921395743,-766434959,-766434959,-743892232,-743892232,-667350164,-667350164,-675523755,-675523755,-850819562,-850819562,-664514238,-664514238,-520872972,-520872972,-347767573,-347767573,-93856246,-93856246,112772695,112772695,233344816,233344816,226625393,226625393,-86063315,-86063315,-403589393,-403589393,-392982466,-392982466,-472235139,-472235139,-145300220,-145300220,49958713,49958713,296663475,296663475,387029843,387029843
# status f = 551345474,0,1 : PASS_RHO (rho 0.94644, T 2777.3, 0s)
f = 572297340,0,1 | route RHO | claimed 0.97012356389900635071 | coeffs -27403243,203971769,203971769,-8744888,-8744888,141544367,141544367,366278757,366278757,163093884,163093884,159858112,159858112,90463890,90463890,353423033,353423033,349752145,349752145,282059700,282059700,185858286,185858286,335942911,335942911,300709596,300709596,84791386,84791386,228202674,228202674,264419230,264419230,201180548,201180548,82122138,82122138,130389460,130389460,-353959113,-353959113,-234546407,-234546407,-249902472,-249902472,-88040317,-88040317,25265664,25265664,219872142,219872142,315110268,315110268,366784626,366784626,221185616,221185616,-10182202,-10182202,-157510379,-157510379,37718728,37718728,27403243
f = 572297340,0,1 | route T | claimed 2567.9471049640120568 | coeffs -239036693,-203456272,-203456272,49195225,49195225,40969148,40969148,233725593,233725593,406538439,406538439,128304455,128304455,297971344,297971344,243513978,243513978,415780240,415780240,245812283,245812283,280808286,280808286,361276252,361276252,384419217,384419217,513724146,513724146,570688511,570688511,774508314,774508314,722702529,722702529,586118735,586118735,493910269,493910269,168961002,168961002,99528644,99528644,-36077632,-36077632,14436812,14436812,350445773,350445773,339138870,339138870,246552795,246552795,49974009,49974009,102874982,102874982,216661122,216661122,-5385799,-5385799,388896485,388896485,239036693
# status f = 572297340,0,1 : PASS_RHO (rho 0.97012, T 2567.9, 1s)
f = 583146703,0,1 | route RHO | claimed 0.94643973535862777194 | coeffs -481356064,-157183884,-157183884,-124870757,-124870757,193858761,193858761,90843526,90843526,341947927,341947927,260834445,260834445,524364605,524364605,617626602,617626602,543709081,543709081,452228367,452228367,573806554,573806554,507583867,507583867,423582957,423582957,588867837,588867837,392246542,392246542,441292743,441292743,698406519,698406519,751888982,751888982,477924799,477924799,521491380,521491380,510069863,510069863,235422487,235422487,242674895,242674895,-4796774,-4796774,-6862921,-6862921,201194822,201194822,230126235,230126235,277769789,277769789,225253806,225253806,335228390,335228390,204602955,204602955,481356064
f = 583146703,0,1 | route T | claimed 2571.87906786794597 | coeffs -124870757,193858761,193858761,90843526,90843526,341947927,341947927,260834445,260834445,524364605,524364605,617626602,617626602,543709081,543709081,452228367,452228367,573806554,573806554,507583867,507583867,423582957,423582957,588867837,588867837,392246542,392246542,441292743,441292743,698406519,698406519,751888982,751888982,477924799,477924799,521491380,521491380,510069863,510069863,235422487,235422487,242674895,242674895,-4796774,-4796774,-6862921,-6862921,201194822,201194822,230126235,230126235,277769789,277769789,225253806,225253806,335228390,335228390,204602955,204602955,481356064,481356064,157183884,157183884,124870757
# status f = 583146703,0,1 : PASS_RHO (rho 0.94644, T 2571.9, 0s)
f = 600355116,0,1 | route RHO | claimed 0.93045124080696833777 | coeffs 129281440,163973177,163973177,319921973,319921973,387055671,387055671,-54046568,-54046568,110902755,110902755,-34226620,-34226620,54266261,54266261,83411673,83411673,107432354,107432354,217025918,217025918,393458285,393458285,569951810,569951810,479277418,479277418,396795522,396795522,277247541,277247541,331805081,331805081,115617225,115617225,391041989,391041989,164996203,164996203,294977526,294977526,210299482,210299482,332655407,332655407,206981484,206981484,333670516,333670516,311585910,311585910,359424265,359424265,609791196,609791196,486900136,486900136,223974798,223974798,152415482,152415482,126353471,126353471,-129281440
f = 600355116,0,1 | route T | claimed 2328.4742808858033288 | coeffs 129281440,163973177,163973177,319921973,319921973,387055671,387055671,-54046568,-54046568,110902755,110902755,-34226620,-34226620,54266261,54266261,83411673,83411673,107432354,107432354,217025918,217025918,393458285,393458285,569951810,569951810,479277418,479277418,396795522,396795522,277247541,277247541,331805081,331805081,115617225,115617225,391041989,391041989,164996203,164996203,294977526,294977526,210299482,210299482,332655407,332655407,206981484,206981484,333670516,333670516,311585910,311585910,359424265,359424265,609791196,609791196,486900136,486900136,223974798,223974798,152415482,152415482,126353471,126353471,-129281440
# status f = 600355116,0,1 : PASS_RHO (rho 0.93045, T 2328.5, 0s)
f = 611467532,0,1 | route RHO | claimed 0.97757508898814981919 | coeffs 172851867,172851867,224526225,224526225,209170160,209170160,145931478,145931478,296016103,296016103,226621881,226621881,13905224,13905224,245273042,245273042,131967061,131967061,83699739,83699739,299617949,299617949,303288837,303288837,78554447,78554447,273783554,273783554,369021680,369021680,488434386,488434386,524650942,524650942,428449528,428449528,425213756,425213756,656588768,656588768,802187778,802187778,640325623,640325623,759384033,759384033,794617348,794617348,531658205,531658205,381368950,381368950,234040773,234040773,428647251,428647251,-55701322,-55701322,87709966,87709966,20017521,20017521,-183167352,-183167352
f = 611467532,0,1 | route T | claimed 2329.1414721855762527 | coeffs 229396240,229396240,632824374,632824374,603950785,603950785,525100108,525100108,427284483,427284483,290245047,290245047,17793510,17793510,313766374,313766374,217126499,217126499,46397084,46397084,122853526,122853526,-98013698,-98013698,-585200598,-585200598,-410925811,-410925811,-420783741,-420783741,-369451997,-369451997,-304979797,-304979797,-159536356,-159536356,-396399683,-396399683,-315951531,-315951531,-174583789,-174583789,-358659384,-358659384,-511071070,-511071070,-503445672,-503445672,-494815946,-494815946,-427915985,-427915985,-468911864,-468911864,-369225749,-369225749,-102118990,-102118990,-106452097,-106452097,-74010136,-74010136,-332985557,-332985557
# status f = 611467532,0,1 : PASS_RHO (rho 0.97758, T 2329.1, 0s)
f = 637636748,0,1 | route RHO | claimed 0.93009917091731926501 | coeffs -102476420,23197503,23197503,-232437408,-232437408,-208416727,-208416727,-483841491,-483841491,-233474560,-233474560,-674576799,-674576799,-583902407,-583902407,-461546482,-461546482,-435484471,-435484471,-464629883,-464629883,-680817739,-680817739,-728656094,-728656094,-795789792,-795789792,-619296267,-619296267,-534618223,-534618223,-606177539,-606177539,-517684658,-517684658,-572242198,-572242198,-594326804,-594326804,-438378008,-438378008,-614810375,-614810375,-484829052,-484829052,-221903714,-221903714,-76774339,-76774339,-196322320,-196322320,-323011352,-323011352,-357703089,-357703089,-248109525,-248109525,-22063739,-22063739,-144954799,-144954799,19994524,19994524,102476420
f = 637636748,0,1 | route T | claimed 2659.8396479765755048 | coeffs 393199604,708271127,708271127,692902661,692902661,480544684,480544684,764181616,764181616,603502511,603502511,498891514,498891514,701178449,701178449,733136134,733136134,498024020,498024020,675290010,675290010,687897690,687897690,637780928,637780928,594692168,594692168,594168020,594168020,365251181,365251181,567511659,567511659,596074493,596074493,651062633,651062633,449096277,449096277,415164509,415164509,191973897,191973897,84503579,84503579,95962463,95962463,-164525432,-164525432,55973408,55973408,121968359,121968359,137878097,137878097,221613324,221613324,339350162,339350162,156043961,156043961,-193490230,-193490230,-393199604
# status f = 637636748,0,1 : PASS_RHO (rho 0.93010, T 2659.8, 0s)
f = 697691072,0,1 | route RHO | claimed 0.9753037005661980914 | coeffs 892815491,677756260,677756260,513767147,513767147,310652712,310652712,190237997,190237997,160738918,160738918,360098834,360098834,401435686,401435686,436353111,436353111,477125370,477125370,641011242,641011242,628871943,628871943,618357954,618357954,187378230,187378230,136001412,136001412,213030016,213030016,342774027,342774027,255315953,255315953,441216473,441216473,168490122,168490122,34728262,34728262,213833510,213833510,17517259,17517259,-79730427,-79730427,15956393,15956393,-92825681,-92825681,-137024009,-137024009,-50006979,-50006979,-270560520,-270560520,-723006531,-723006531,-799282643,-799282643,-905971126,-905971126,-892815491
f = 697691072,0,1 | route T | claimed 2608.8702341553482641 | coeffs -559435080,-559435080,-328067262,-328067262,-423305388,-423305388,-585167543,-585167543,-100818970,-100818970,-37580288,-37580288,178337922,178337922,274539336,274539336,11580193,11580193,214765066,214765066,427481723,427481723,622710830,622710830,477111820,477111820,671718298,671718298,656362233,656362233,704629555,704629555,740846111,740846111,705612796,705612796,637920351,637920351,568526129,568526129,793260519,793260519,1024635531,1024635531,1171963708,1171963708,1120289350,1120289350,1006983369,1006983369,887570663,887570663,1006629073,1006629073,863217785,863217785,713133160,713133160,716804048,716804048,720039820,720039820,569750565,569750565
# status f = 697691072,0,1 : PASS_RHO (rho 0.97530, T 2608.9, 0s)
f = 714075300,0,1 | route RHO | claimed 0.92154395863923609522 | coeffs 74052208,-283830904,-283830904,-282083119,-282083119,-188272637,-188272637,-107270983,-107270983,-243913387,-243913387,-177926016,-177926016,-260021024,-260021024,-491610515,-491610515,-137294609,-137294609,-390468345,-390468345,-296591604,-296591604,-65919883,-65919883,-101196633,-101196633,-292987670,-292987670,-329924398,-329924398,-349626592,-349626592,-538255630,-538255630,-479416988,-479416988,-669765094,-669765094,-690150543,-690150543,-497967302,-497967302,-517501505,-517501505,-587913642,-587913642,-321813508,-321813508,-202571789,-202571789,-82191178,-82191178,-411015237,-411015237,-407570688,-407570688,-234681710,-234681710,-197284181,-197284181,-128416663,-128416663,-74052208
f = 714075300,0,1 | route T | claimed 2545.0355867141331722 | coeffs -550688775,-550688775,-475753862,-475753862,-610775337,-610775337,-812451754,-812451754,-593283604,-593283604,-554325565,-554325565,-820217837,-820217837,-383407320,-383407320,-421088212,-421088212,-255636030,-255636030,74304688,74304688,-112804668,-112804668,31043848,31043848,66641688,66641688,34182869,34182869,120191675,120191675,213603281,213603281,311558601,311558601,149670372,149670372,354941387,354941387,431875635,431875635,378939464,378939464,141444508,141444508,231986558,231986558,299547438,299547438,248941028,248941028,309653776,309653776,178997538,178997538,449760998,449760998,660717723,660717723,483648256,483648256,725555642,725555642
# status f = 714075300,0,1 : PASS_RHO (rho 0.92154, T 2545.0, 0s)
f = 739427862,0,1 | route RHO | claimed 0.96404418022646972175 | coeffs 294342878,294342878,385823592,385823592,111859409,111859409,64215855,64215855,-186888546,-186888546,-21603666,-21603666,-28856074,-28856074,247897035,247897035,173979514,173979514,120497051,120497051,149428464,149428464,46413229,46413229,130414139,130414139,-144233237,-144233237,-13607802,-13607802,-106869799,-106869799,150243977,150243977,-57813766,-57813766,-376543284,-376543284,-442765971,-442765971,-431344454,-431344454,-321369870,-321369870,-57839710,-57839710,-106885911,-106885911,-108952058,-108952058,-76638931,-76638931,-198217118,-198217118,-154650537,-154650537,-102134554,-102134554,-21021072,-21021072,-217642367,-217642367,29829302,29829302
f = 739427862,0,1 | route T | claimed 2133.2891749293304664 | coeffs 376543284,376543284,442765971,442765971,431344454,431344454,321369870,321369870,57839710,57839710,106885911,106885911,108952058,108952058,76638931,76638931,198217118,198217118,154650537,154650537,102134554,102134554,21021072,21021072,217642367,217642367,-29829302,-29829302,294342878,294342878,385823592,385823592,111859409,111859409,64215855,64215855,-186888546,-186888546,-21603666,-21603666,-28856074,-28856074,247897035,247897035,173979514,173979514,120497051,120497051,149428464,149428464,46413229,46413229,130414139,130414139,-144233237,-144233237,-13607802,-13607802,-106869799,-106869799,150243977,150243977,-57813766,-57813766
# status f = 739427862,0,1 : PASS_RHO (rho 0.96404, T 2133.3, 0s)
f = 843501352,0,1 | route RHO | claimed 0.9154037389369795333 | coeffs -314727750,-314727750,-435991994,-435991994,-159887822,-159887822,-124573633,-124573633,-44773411,-44773411,-999480,-999480,-294724574,-294724574,-226674979,-226674979,-237853803,-237853803,-513881661,-513881661,-453143084,-453143084,-460194463,-460194463,-402642319,-402642319,-512989185,-512989185,-138296018,-138296018,-185991531,-185991531,-238192943,-238192943,-139612903,-139612903,-53761960,-53761960,151529355,151529355,320105124,320105124,407284541,407284541,149535835,149535835,352599639,352599639,310443146,310443146,186233268,186233268,207992494,207992494,36812723,36812723,134854473,134854473,-35982244,-35982244,142994355,142994355,6202153,6202153
f = 843501352,0,1 | route T | claimed 1964.3537059309790116 | coeffs 186233268,207992494,207992494,36812723,36812723,134854473,134854473,-35982244,-35982244,142994355,142994355,6202153,6202153,314727750,314727750,435991994,435991994,159887822,159887822,124573633,124573633,44773411,44773411,999480,999480,294724574,294724574,226674979,226674979,237853803,237853803,513881661,513881661,453143084,453143084,460194463,460194463,402642319,402642319,512989185,512989185,138296018,138296018,185991531,185991531,238192943,238192943,139612903,139612903,53761960,53761960,-151529355,-151529355,-320105124,-320105124,-407284541,-407284541,-149535835,-149535835,-352599639,-352599639,-310443146,-310443146,-186233268
# status f = 843501352,0,1 : PASS_RHO (rho 0.91540, T 1964.4, 0s)
f = 883484189,0,1 | route RHO | claimed 0.97757508898814981919 | coeffs 78554447,303288837,303288837,299617949,299617949,83699739,83699739,131967061,131967061,245273042,245273042,13905224,13905224,226621881,226621881,296016103,296016103,145931478,145931478,209170160,209170160,224526225,224526225,172851867,172851867,183167352,183167352,-20017521,-20017521,-87709966,-87709966,55701322,55701322,-428647251,-428647251,-234040773,-234040773,-381368950,-381368950,-531658205,-531658205,-794617348,-794617348,-759384033,-759384033,-640325623,-640325623,-802187778,-802187778,-656588768,-656588768,-425213756,-425213756,-428449528,-428449528,-524650942,-524650942,-488434386,-488434386,-369021680,-369021680,-273783554,-273783554,-78554447
f = 883484189,0,1 | route T | claimed 2549.8111045657146403 | coeffs -58028682,-77562885,-77562885,112785221,112785221,93083027,93083027,128359777,128359777,-124813959,-124813959,-42718951,-42718951,38282703,38282703,396165815,396165815,358768286,358768286,29944227,29944227,-236155907,-236155907,-43972666,-43972666,-102811308,-102811308,-139748036,-139748036,-370419757,-370419757,-16103851,-16103851,-82091222,-82091222,11719260,11719260,66083715,66083715,-106805263,-106805263,13575348,13575348,83987485,83987485,63602036,63602036,252231074,252231074,60440037,60440037,-33436704,-33436704,-265026195,-265026195,-128383791,-128383791,-126636006,-126636006,-57768488,-57768488,-61213037,-61213037,58028682
# status f = 883484189,0,1 : PASS_RHO (rho 0.97758, T 2549.8, 0s)
f = 911423468,0,1 | route RHO | claimed 0.92045132912658906094 | coeffs 125026332,125026332,40348288,40348288,-400753951,-400753951,-174708165,-174708165,-330656961,-330656961,-546844817,-546844817,-291209906,-291209906,-171661925,-171661925,-243221241,-243221241,-333895633,-333895633,-211004573,-211004573,-387436940,-387436940,-339598585,-339598585,-315577904,-315577904,-442266936,-442266936,-530759817,-530759817,-408403892,-408403892,-243454569,-243454569,-373435892,-373435892,-440569590,-440569590,-165144826,-165144826,-130453089,-130453089,-185010629,-185010629,-211072640,-211072640,-293554536,-293554536,-30629198,-30629198,-207122723,-207122723,43244208,43244208,152837772,152837772,174922378,174922378,145776966,145776966,20103043,20103043
f = 911423468,0,1 | route T | claimed 2112.2527655672998041 | coeffs -30629198,-30629198,-207122723,-207122723,43244208,43244208,152837772,152837772,174922378,174922378,145776966,145776966,20103043,20103043,-125026332,-125026332,-40348288,-40348288,400753951,400753951,174708165,174708165,330656961,330656961,546844817,546844817,291209906,291209906,171661925,171661925,243221241,243221241,333895633,333895633,211004573,211004573,387436940,387436940,339598585,339598585,315577904,315577904,442266936,442266936,530759817,530759817,408403892,408403892,243454569,243454569,373435892,373435892,440569590,440569590,165144826,165144826,130453089,130453089,185010629,185010629,211072640,211072640,293554536,293554536
# status f = 911423468,0,1 : PASS_RHO (rho 0.92045, T 2112.3, 0s)
f = 919833486,0,1 | route RHO | claimed 0.96768835311216179724 | coeffs -272228006,-296248687,-296248687,-378730583,-378730583,-152684797,-152684797,-25995765,-25995765,236929573,236929573,80980777,80980777,169473658,169473658,-7019867,-7019867,-223207723,-223207723,-345563648,-345563648,-95196717,-95196717,160438194,160438194,-4511129,-4511129,105082435,105082435,224630416,224630416,354611739,354611739,376696345,376696345,305137029,305137029,372270727,372270727,343125315,343125315,252450923,252450923,-22973841,-22973841,-148647764,-148647764,-25756704,-25756704,-60448441,-60448441,-205577816,-205577816,-382010183,-382010183,-327452643,-327452643,-242774599,-242774599,-194936244,-194936244,-168874233,-168874233,272228006
f = 919833486,0,1 | route T | claimed 3374.2275852133900448 | coeffs 601992475,382574208,382574208,382844529,382844529,530191228,530191228,605439429,605439429,500783099,500783099,283951206,283951206,339767866,339767866,-72478177,-72478177,48971430,48971430,-17781333,-17781333,59213958,59213958,261549676,261549676,211345564,211345564,356904280,356904280,183524354,183524354,165391585,165391585,112414264,112414264,363881236,363881236,14111461,14111461,-13033908,-13033908,118136515,118136515,-298604456,-298604456,-338849758,-338849758,-432121677,-432121677,-652247599,-652247599,-865961367,-865961367,-564406513,-564406513,-598080657,-598080657,-498338710,-498338710,-610833584,-610833584,-707219127,-707219127,-601992475
# status f = 919833486,0,1 : PASS_RHO (rho 0.96769, T 3374.2, 1s)
f = 927760235,0,1 | route RHO | claimed 0.93009917091731926501 | coeffs 594326804,594326804,572242198,572242198,517684658,517684658,606177539,606177539,534618223,534618223,619296267,619296267,795789792,795789792,728656094,728656094,680817739,680817739,464629883,464629883,435484471,435484471,461546482,461546482,583902407,583902407,674576799,674576799,233474560,233474560,483841491,483841491,208416727,208416727,232437408,232437408,-23197503,-23197503,102476420,102476420,19994524,19994524,-144954799,-144954799,-22063739,-22063739,-248109525,-248109525,-357703089,-357703089,-323011352,-323011352,-196322320,-196322320,-76774339,-76774339,-221903714,-221903714,-484829052,-484829052,-614810375,-614810375,-438378008,-438378008
f = 927760235,0,1 | route T | claimed 2744.1660461259789311 | coeffs 23142965,23142965,-324949267,-324949267,-196578786,-196578786,-252651497,-252651497,-172266262,-172266262,-203819803,-203819803,-50514444,-50514444,222046921,222046921,172812846,172812846,80467966,80467966,-92208466,-92208466,-92586075,-92586075,-35580421,-35580421,54457366,54457366,-56964365,-56964365,135606276,135606276,-113786140,-113786140,192756445,192756445,34996003,34996003,-136583794,-136583794,-11306903,-11306903,-149859792,-149859792,-169666889,-169666889,-129304929,-129304929,69432358,69432358,-52900973,-52900973,-8226077,-8226077,-169967957,-169967957,-51805785,-51805785,336008961,336008961,394282284,394282284,278233984,278233984
# status f = 927760235,0,1 : PASS_RHO (rho 0.93010, T 2744.2, 0s)
f = 961947450,0,1 | route RHO | claimed 0.95902517228524576981 | coeffs 367710849,367710849,117343918,117343918,-38604878,-38604878,-14584197,-14584197,-69141737,-69141737,-194815660,-194815660,-123256344,-123256344,-288205667,-288205667,-111712142,-111712142,114333644,114333644,162171999,162171999,196863736,196863736,167718324,167718324,48170343,48170343,-74185582,-74185582,-337110920,-337110920,-778213159,-778213159,-954645526,-954645526,-679220762,-679220762,-657136156,-657136156,-912771067,-912771067,-824278186,-824278186,-741796290,-741796290,-826474334,-826474334,-703583274,-703583274,-770716972,-770716972,-661123408,-661123408,-444935552,-444935552,-318246520,-318246520,-292184509,-292184509,-147055134,-147055134,-237729526,-237729526
f = 961947450,0,1 | route T | claimed 2710.8127879738217093 | coeffs -632636053,-520421258,-520421258,-449654442,-449654442,-255575619,-255575619,-236772430,-236772430,-79996808,-79996808,146540834,146540834,200941863,200941863,213868969,213868969,253297255,253297255,-22242434,-22242434,156136854,156136854,233246032,233246032,394516860,394516860,-161690749,-161690749,-45623532,-45623532,-103520854,-103520854,139074289,139074289,390162981,390162981,407200572,407200572,474928848,474928848,484110154,484110154,324078278,324078278,180849829,180849829,460794595,460794595,431418957,431418957,348903256,348903256,679454432,679454432,717639674,717639674,544581923,544581923,637638143,637638143,728759556,728759556,632636053
# status f = 961947450,0,1 : PASS_RHO (rho 0.95903, T 2710.8, 1s)
f = 990479497,0,1 | route RHO | claimed 0.95914358880687344784 | coeffs -410094391,-688328375,-688328375,-757760733,-757760733,-950517178,-950517178,-858308712,-858308712,-605657215,-605657215,-657463000,-657463000,-807322792,-807322792,-864287157,-864287157,-642240236,-642240236,-619097271,-619097271,-566196298,-566196298,-601192301,-601192301,-508606226,-508606226,-336339964,-336339964,-331003,-331003,-169997892,-169997892,-34391616,-34391616,138421230,138421230,-186528037,-186528037,-178301960,-178301960,-41718166,-41718166,-6137745,-6137745,197682058,197682058,591964342,591964342,462659413,462659413,348873273,348873273,429341239,429341239,232762453,232762453,402730410,402730410,414037313,414037313,359579947,359579947,410094391
f = 990479497,0,1 | route T | claimed 2217.693671203833578 | coeffs -117699071,35895857,35895857,121644552,121644552,208573144,208573144,235527746,235527746,87210051,87210051,448779760,448779760,531243895,531243895,640337429,640337429,823280056,823280056,691477928,691477928,411368176,411368176,773583102,773583102,661149003,661149003,715532321,715532321,860783655,860783655,667821126,667821126,432259064,432259064,425936405,425936405,726769848,726769848,517604143,517604143,635659834,635659834,700982573,700982573,756511495,756511495,724135533,724135533,484741226,484741226,486810561,486810561,336985192,336985192,406464031,406464031,340385524,340385524,408439042,408439042,416043140,416043140,117699071
# status f = 990479497,0,1 : PASS_RHO (rho 0.95914, T 2217.7, 0s)
# summary n = 7 l = 1000479169 : EXCLUSION_CANDIDATE ; PASS 32 / 32 ; OPEN_NEAR 0 ; OPEN_FAR 0 ; 15s
