# FAMILY WITNESS FILE (generator family_gen.sage r10). n = 7 ; l = 1000224833 ; m = 64 ; deg = 2 ; ncomp = 32 ; bar_T = 4224 ; L_n = 16.3328709449664096755483535644
# line: f = c0,...,c_deg (monic, over F_l) | route RHO|T | claimed (rho or T, float) | coeffs a_0..a_{m-1}
f = 84037721,0,1 | route RHO | claimed 0.9207075966362288822 | coeffs -157174736,-157174736,-277565715,-277565715,-260532532,-260532532,-109287771,-109287771,51947106,51947106,150156814,150156814,422590454,422590454,382888232,382888232,480176518,480176518,704812754,704812754,752416663,752416663,764313793,764313793,675589766,675589766,662332370,662332370,753902021,753902021,719453790,719453790,839957812,839957812,768333617,768333617,1013493516,1013493516,1196787054,1196787054,924453174,924453174,805049409,805049409,1049375555,1049375555,933867720,933867720,867614300,867614300,787867809,787867809,684026184,684026184,320225693,320225693,459953826,459953826,308574141,308574141,434356374,434356374,450991798,450991798
f = 84037721,0,1 | route T | claimed 1958.7993735021358522 | coeffs 231877757,169008919,169008919,357484180,357484180,320158700,320158700,322288473,322288473,-23182783,-23182783,207880089,207880089,180462923,180462923,329460962,329460962,515446481,515446481,256597816,256597816,232532702,232532702,179564148,179564148,-28244349,-28244349,112734716,112734716,135431531,135431531,-348971,-348971,-86407808,-86407808,65745203,65745203,165563610,165563610,163926940,163926940,171300906,171300906,-222777394,-222777394,64606448,64606448,63666322,63666322,32705596,32705596,353703791,353703791,245124997,245124997,282091497,282091497,175718450,175718450,129309486,129309486,30332163,30332163,-231877757
# status f = 84037721,0,1 : PASS_RHO (rho 0.92071, T 1958.8, 1s)
f = 88330252,0,1 | route RHO | claimed 0.94203336320307089098 | coeffs 479312870,479312870,399566379,399566379,273784146,273784146,122539385,122539385,219827671,219827671,233085067,233085067,478244966,478244966,593752801,593752801,733480934,733480934,613089955,613089955,340656315,340656315,352553445,352553445,232049423,232049423,112645658,112645658,216487283,216487283,233122707,233122707,394357584,394357584,169721348,169721348,261290999,261290999,77997461,77997461,11744041,11744041,163123726,163123726,146090543,146090543,106388321,106388321,195112348,195112348,123488153,123488153,-120837993,-120837993,-484638484,-484638484,-190821422,-190821422,-289031130,-289031130,-241427221,-241427221,-206978990,-206978990
f = 88330252,0,1 | route T | claimed 2638.8189989841417399 | coeffs 247756781,247756781,268340689,268340689,26256124,26256124,-16114343,-16114343,-300700211,-300700211,-202772984,-202772984,-221750241,-221750241,-166568754,-166568754,-329515967,-329515967,-4243517,-4243517,149329903,149329903,-34991680,-34991680,137666690,137666690,391099792,391099792,192526998,192526998,118425714,118425714,-68932202,-68932202,-2812873,-2812873,75721356,75721356,-60972346,-60972346,55718174,55718174,160368093,160368093,257934939,257934939,147827291,147827291,32341547,32341547,-22849507,-22849507,-42080062,-42080062,275427389,275427389,336871102,336871102,147359429,147359429,41134600,41134600,-333184688,-333184688
# status f = 88330252,0,1 : PASS_RHO (rho 0.94203, T 2638.8, 0s)
f = 117760665,0,1 | route RHO | claimed 0.93852144637486495767 | coeffs -117439857,-100406674,-100406674,-112303804,-112303804,-384637684,-384637684,-233257999,-233257999,-505691639,-505691639,-540139870,-540139870,-473886450,-473886450,-353495471,-353495471,-305891562,-305891562,-489185100,-489185100,-349456967,-349456967,-251247259,-251247259,-342816910,-342816910,-458324745,-458324745,-164507683,-164507683,-389143919,-389143919,-143984020,-143984020,219816471,219816471,58581594,58581594,45324198,45324198,-199001948,-199001948,-182366524,-182366524,-85078238,-85078238,-13454043,-13454043,-117295668,-117295668,33949093,33949093,122673120,122673120,3269355,3269355,-122512878,-122512878,-82810656,-82810656,37693366,37693366,117439857
f = 117760665,0,1 | route T | claimed 2387.5734335807643841 | coeffs -88005433,-88005433,-1946596,-1946596,319051599,319051599,281726119,281726119,334694673,334694673,342068639,342068639,388477603,388477603,415894769,415894769,280114267,280114267,311074993,311074993,122599732,122599732,98534618,98534618,100171288,100171288,-6201759,-6201759,224861113,224861113,202164298,202164298,201224172,201224172,138355334,138355334,397203999,397203999,497022406,497022406,460055906,460055906,805527162,805527162,946506227,946506227,659122385,659122385,396912465,396912465,582897984,582897984,430744973,430744973,322166179,322166179,324295952,324295952,532104449,532104449,138026149,138026149,237003472,237003472
# status f = 117760665,0,1 : PASS_RHO (rho 0.93852, T 2387.6, 0s)
f = 129308659,0,1 | route RHO | claimed 0.94203336320307089098 | coeffs 394357584,394357584,233122707,233122707,216487283,216487283,112645658,112645658,232049423,232049423,352553445,352553445,340656315,340656315,613089955,613089955,733480934,733480934,593752801,593752801,478244966,478244966,233085067,233085067,219827671,219827671,122539385,122539385,273784146,273784146,399566379,399566379,479312870,479312870,206978990,206978990,241427221,241427221,289031130,289031130,190821422,190821422,484638484,484638484,120837993,120837993,-123488153,-123488153,-195112348,-195112348,-106388321,-106388321,-146090543,-146090543,-163123726,-163123726,-11744041,-11744041,-77997461,-77997461,-261290999,-261290999,-169721348,-169721348
f = 129308659,0,1 | route T | claimed 2864.1253560943781545 | coeffs -4933825,-4933825,44037136,44037136,41134249,41134249,144308058,144308058,120947750,120947750,192349352,192349352,379866480,379866480,379038320,379038320,517373185,517373185,682972236,682972236,761503678,761503678,948726413,948726413,910566955,910566955,792334830,792334830,678398372,678398372,506692046,506692046,307413016,307413016,542313046,542313046,659213281,659213281,507628559,507628559,472710172,472710172,87999415,87999415,-266428501,-266428501,-329018779,-329018779,-36157599,-36157599,-81068688,-81068688,14137112,14137112,28145958,28145958,277711557,277711557,175283030,175283030,49381002,49381002,113664544,113664544
# status f = 129308659,0,1 : PASS_RHO (rho 0.94203, T 2864.1, 1s)
f = 170735014,0,1 | route RHO | claimed 0.9348696682685857401 | coeffs 70703802,70703802,-191506118,-191506118,-91687711,-91687711,139375161,139375161,170335887,170335887,223304441,223304441,124327118,124327118,276480129,276480129,-68991127,-68991127,-68051001,-68051001,-43985887,-43985887,-90394851,-90394851,-176453688,-176453688,-174323915,-174323915,-461707757,-461707757,-202859092,-202859092,-309232139,-309232139,-445012641,-445012641,-482338121,-482338121,-88259821,-88259821,-274245340,-274245340,-237278840,-237278840,-214582025,-214582025,-26106764,-26106764,-33480730,-33480730,-182478769,-182478769,-291057563,-291057563,-150078498,-150078498,-212947336,-212947336,-211310666,-211310666,-183893500,-183893500,137104695,137104695
f = 170735014,0,1 | route T | claimed 2127.3370289525695794 | coeffs -337301233,-178028949,-178028949,-108882139,-108882139,3623628,3623628,-34601631,-34601631,222157378,222157378,142535157,142535157,13156269,13156269,12209561,12209561,-419901486,-419901486,-151902839,-151902839,-238263576,-238263576,-339070407,-339070407,-39739592,-39739592,-97548050,-97548050,-72914348,-72914348,76386005,76386005,153093380,153093380,56091790,56091790,107279841,107279841,267142634,267142634,170897274,170897274,210112611,210112611,387132321,387132321,191433630,191433630,236085882,236085882,-147431917,-147431917,88679997,88679997,26934924,26934924,232759760,232759760,227389858,227389858,288154676,288154676,337301233
# status f = 170735014,0,1 : PASS_RHO (rho 0.93487, T 2127.3, 0s)
f = 183901807,0,1 | route RHO | claimed 0.93006474982050354519 | coeffs -851890713,-851890713,-733658588,-733658588,-921175716,-921175716,-856892174,-856892174,-564030994,-564030994,-329130964,-329130964,-250599522,-250599522,-147425713,-147425713,-396991312,-396991312,-12280555,-12280555,101655903,101655903,102484063,102484063,-6246656,-6246656,-51157745,-51157745,65742490,65742490,252965225,252965225,229604917,229604917,332033444,332033444,686461360,686461360,858167686,858167686,719832821,719832821,670861860,670861860,766067660,766067660,614482938,614482938,576323480,576323480,647725082,647725082,773627110,773627110,836217388,836217388,1035496418,1035496418,869897367,869897367,872800254,872800254,886809100,886809100
f = 183901807,0,1 | route T | claimed 2727.0820345158379105 | coeffs -564030994,-329130964,-329130964,-250599522,-250599522,-147425713,-147425713,-396991312,-396991312,-12280555,-12280555,101655903,101655903,102484063,102484063,-6246656,-6246656,-51157745,-51157745,65742490,65742490,252965225,252965225,229604917,229604917,332033444,332033444,686461360,686461360,858167686,858167686,719832821,719832821,670861860,670861860,766067660,766067660,614482938,614482938,576323480,576323480,647725082,647725082,773627110,773627110,836217388,836217388,1035496418,1035496418,869897367,869897367,872800254,872800254,886809100,886809100,851890713,851890713,733658588,733658588,921175716,921175716,856892174,856892174,564030994
# status f = 183901807,0,1 : PASS_RHO (rho 0.93006, T 2727.1, 0s)
f = 190268219,0,1 | route RHO | claimed 0.93006474982050354519 | coeffs 65742490,65742490,-51157745,-51157745,-6246656,-6246656,102484063,102484063,101655903,101655903,-12280555,-12280555,-396991312,-396991312,-147425713,-147425713,-250599522,-250599522,-329130964,-329130964,-564030994,-564030994,-856892174,-856892174,-921175716,-921175716,-733658588,-733658588,-851890713,-851890713,-886809100,-886809100,-872800254,-872800254,-869897367,-869897367,-1035496418,-1035496418,-836217388,-836217388,-773627110,-773627110,-647725082,-647725082,-576323480,-576323480,-614482938,-614482938,-766067660,-766067660,-670861860,-670861860,-719832821,-719832821,-858167686,-858167686,-686461360,-686461360,-332033444,-332033444,-229604917,-229604917,-252965225,-252965225
f = 190268219,0,1 | route T | claimed 1816.5739652319869823 | coeffs 851890713,886809100,886809100,872800254,872800254,869897367,869897367,1035496418,1035496418,836217388,836217388,773627110,773627110,647725082,647725082,576323480,576323480,614482938,614482938,766067660,766067660,670861860,670861860,719832821,719832821,858167686,858167686,686461360,686461360,332033444,332033444,229604917,229604917,252965225,252965225,65742490,65742490,-51157745,-51157745,-6246656,-6246656,102484063,102484063,101655903,101655903,-12280555,-12280555,-396991312,-396991312,-147425713,-147425713,-250599522,-250599522,-329130964,-329130964,-564030994,-564030994,-856892174,-856892174,-921175716,-921175716,-733658588,-733658588,-851890713
# status f = 190268219,0,1 : PASS_RHO (rho 0.93006, T 1816.6, 0s)
f = 248522584,0,1 | route RHO | claimed 0.94955132323018175953 | coeffs -237232755,-171395681,-171395681,-131087756,-131087756,61054503,61054503,260358308,260358308,268683241,268683241,324750649,324750649,246300867,246300867,382567881,382567881,237844684,237844684,393071505,393071505,518030231,518030231,655528073,655528073,709652834,709652834,323758293,323758293,415659419,415659419,446724754,446724754,620123360,620123360,310298197,310298197,311385044,311385044,437902909,437902909,357339077,357339077,270720604,270720604,334681488,334681488,53864500,53864500,-62942337,-62942337,-173018233,-173018233,-298876472,-298876472,-279264344,-279264344,-9444644,-9444644,43227761,43227761,374363765,374363765,237232755
f = 248522584,0,1 | route T | claimed 2051.5436982405411088 | coeffs -146214345,-146214345,208213571,208213571,89981446,89981446,113341754,113341754,99332908,99332908,216233143,216233143,50634092,50634092,159364811,159364811,96774533,96774533,210710991,210710991,282112593,282112593,531678192,531678192,683262914,683262914,761794356,761794356,712823395,712823395,419962215,419962215,248255889,248255889,60738761,60738761,163167288,163167288,128248901,128248901,-58973834,-58973834,-61876721,-61876721,-106787810,-106787810,92491220,92491220,91663060,91663060,-34238968,-34238968,350471789,350471789,312312331,312312331,209138522,209138522,113932722,113932722,348832752,348832752,210497887,210497887
# status f = 248522584,0,1 : PASS_RHO (rho 0.94955, T 2051.5, 0s)
f = 347111203,0,1 | route RHO | claimed 0.9364921524599372718 | coeffs 165288395,165288395,116317434,116317434,-71199694,-71199694,-258422429,-258422429,-59143399,-59143399,325567358,325567358,230361558,230361558,166078016,166078016,142717708,142717708,308316759,308316759,194380301,194380301,42795579,42795579,335656759,335656759,233228232,233228232,236131119,236131119,236959279,236959279,275118737,275118737,40218707,40218707,394646623,394646623,380637777,380637777,489368496,489368496,560770098,560770098,639301540,639301540,467595214,467595214,432676827,432676827,387765738,387765738,261863710,261863710,158689901,158689901,20355036,20355036,138587161,138587161,21686926,21686926,84277204,84277204
f = 347111203,0,1 | route T | claimed 2010.5755742105102806 | coeffs -20355036,-20355036,-138587161,-138587161,-21686926,-21686926,-84277204,-84277204,165288395,165288395,116317434,116317434,-71199694,-71199694,-258422429,-258422429,-59143399,-59143399,325567358,325567358,230361558,230361558,166078016,166078016,142717708,142717708,308316759,308316759,194380301,194380301,42795579,42795579,335656759,335656759,233228232,233228232,236131119,236131119,236959279,236959279,275118737,275118737,40218707,40218707,394646623,394646623,380637777,380637777,489368496,489368496,560770098,560770098,639301540,639301540,467595214,467595214,432676827,432676827,387765738,387765738,261863710,261863710,158689901,158689901
# status f = 347111203,0,1 : PASS_RHO (rho 0.93649, T 2010.6, 0s)
f = 410585339,0,1 | route RHO | claimed 0.92312476249065083656 | coeffs 20156238,308871970,308871970,-15365786,-15365786,16247866,16247866,160616382,160616382,23946700,23946700,64547276,64547276,55884240,55884240,127661507,127661507,-139146635,-139146635,-239865556,-239865556,-238681772,-238681772,-472388844,-472388844,-444791365,-444791365,-498533033,-498533033,-443009878,-443009878,-622202073,-622202073,-550093599,-550093599,-784682557,-784682557,-626186622,-626186622,-704379428,-704379428,-622177022,-622177022,-735545191,-735545191,-660620058,-660620058,-504736816,-504736816,-555692537,-555692537,-418444519,-418444519,-437173716,-437173716,-584799800,-584799800,-647034123,-647034123,-565463718,-565463718,-455147986,-455147986,-20156238
f = 410585339,0,1 | route T | claimed 1923.8913127412130522 | coeffs 498533033,443009878,443009878,622202073,622202073,550093599,550093599,784682557,784682557,626186622,626186622,704379428,704379428,622177022,622177022,735545191,735545191,660620058,660620058,504736816,504736816,555692537,555692537,418444519,418444519,437173716,437173716,584799800,584799800,647034123,647034123,565463718,565463718,455147986,455147986,20156238,20156238,308871970,308871970,-15365786,-15365786,16247866,16247866,160616382,160616382,23946700,23946700,64547276,64547276,55884240,55884240,127661507,127661507,-139146635,-139146635,-239865556,-239865556,-238681772,-238681772,-472388844,-472388844,-444791365,-444791365,-498533033
# status f = 410585339,0,1 : PASS_RHO (rho 0.92312, T 1923.9, 1s)
f = 411493629,0,1 | route RHO | claimed 0.9364921524599372718 | coeffs -258422429,-258422429,-71199694,-71199694,116317434,116317434,165288395,165288395,-84277204,-84277204,-21686926,-21686926,-138587161,-138587161,-20355036,-20355036,-158689901,-158689901,-261863710,-261863710,-387765738,-387765738,-432676827,-432676827,-467595214,-467595214,-639301540,-639301540,-560770098,-560770098,-489368496,-489368496,-380637777,-380637777,-394646623,-394646623,-40218707,-40218707,-275118737,-275118737,-236959279,-236959279,-236131119,-236131119,-233228232,-233228232,-335656759,-335656759,-42795579,-42795579,-194380301,-194380301,-308316759,-308316759,-142717708,-142717708,-166078016,-166078016,-230361558,-230361558,-325567358,-325567358,59143399,59143399
f = 411493629,0,1 | route T | claimed 2446.343270304990193 | coeffs -524383157,-524383157,-280057011,-280057011,-314505242,-314505242,-217216956,-217216956,-337607935,-337607935,-233766310,-233766310,-417059848,-417059848,-328335821,-328335821,-426545529,-426545529,-300763296,-300763296,-416271131,-416271131,-295767109,-295767109,-71130873,-71130873,-54097690,-54097690,309702801,309702801,582036681,582036681,595294077,595294077,322860437,322860437,339495861,339495861,273242441,273242441,201618246,201618246,249222155,249222155,400466916,400466916,260738783,260738783,380142548,380142548,288572897,288572897,328275119,328275119,34458057,34458057,-45288434,-45288434,199871465,199871465,211768595,211768595,373003472,373003472
# status f = 411493629,0,1 : PASS_RHO (rho 0.93649, T 2446.3, 0s)
f = 441276158,0,1 | route RHO | claimed 0.93852144637486495767 | coeffs -82810656,-122512878,-122512878,3269355,3269355,122673120,122673120,33949093,33949093,-117295668,-117295668,-13454043,-13454043,-85078238,-85078238,-182366524,-182366524,-199001948,-199001948,45324198,45324198,58581594,58581594,219816471,219816471,-143984020,-143984020,-389143919,-389143919,-164507683,-164507683,-458324745,-458324745,-342816910,-342816910,-251247259,-251247259,-349456967,-349456967,-489185100,-489185100,-305891562,-305891562,-353495471,-353495471,-473886450,-473886450,-540139870,-540139870,-505691639,-505691639,-233257999,-233257999,-384637684,-384637684,-112303804,-112303804,-100406674,-100406674,-117439857,-117439857,-37693366,-37693366,82810656
f = 441276158,0,1 | route T | claimed 2216.7863988218978562 | coeffs -37693366,82810656,82810656,122512878,122512878,-3269355,-3269355,-122673120,-122673120,-33949093,-33949093,117295668,117295668,13454043,13454043,85078238,85078238,182366524,182366524,199001948,199001948,-45324198,-45324198,-58581594,-58581594,-219816471,-219816471,143984020,143984020,389143919,389143919,164507683,164507683,458324745,458324745,342816910,342816910,251247259,251247259,349456967,349456967,489185100,489185100,305891562,305891562,353495471,353495471,473886450,473886450,540139870,540139870,505691639,505691639,233257999,233257999,384637684,384637684,112303804,112303804,100406674,100406674,117439857,117439857,37693366
# status f = 441276158,0,1 : PASS_RHO (rho 0.93852, T 2216.8, 0s)
f = 444985043,0,1 | route RHO | claimed 0.91703994337692793682 | coeffs 572159077,572159077,667364877,667364877,564936350,564936350,456205631,456205631,353031822,353031822,165514694,165514694,-84357,-84357,38075101,38075101,209781427,209781427,92881192,92881192,477591949,477591949,184730769,184730769,170721923,170721923,296623951,296623951,345594912,345594912,322234604,322234604,321406444,321406444,399937886,399937886,281705761,281705761,82426731,82426731,-69157991,-69157991,-423585907,-423585907,-468496996,-468496996,-218931397,-218931397,-154647855,-154647855,-151744968,-151744968,-223146570,-223146570,-361481435,-361481435,-548704170,-548704170,-434767712,-434767712,-669667742,-669667742,-634749355,-634749355
f = 444985043,0,1 | route T | claimed 1830.4507924918251962 | coeffs -399299561,-307729910,-307729910,-291094486,-291094486,-411598508,-411598508,-531989487,-531989487,-286829588,-286829588,-438074349,-438074349,-165740469,-165740469,-67530761,-67530761,176795385,176795385,216497607,216497607,282751027,282751027,507387263,507387263,403545638,403545638,391648508,391648508,251920375,251920375,238662979,238662979,364445212,364445212,398893443,398893443,692710505,692710505,621086310,621086310,604053127,604053127,420759589,420759589,581994466,581994466,462590701,462590701,190157061,190157061,305664896,305664896,402953182,402953182,323206691,323206691,275602782,275602782,639403273,639403273,550679246,550679246,399299561
# status f = 444985043,0,1 : PASS_RHO (rho 0.91704, T 1830.5, 0s)
f = 450594059,0,1 | route RHO | claimed 0.9207075966362288822 | coeffs 450991798,450991798,434356374,434356374,308574141,308574141,459953826,459953826,320225693,320225693,684026184,684026184,787867809,787867809,867614300,867614300,933867720,933867720,1049375555,1049375555,805049409,805049409,924453174,924453174,1196787054,1196787054,1013493516,1013493516,768333617,768333617,839957812,839957812,719453790,719453790,753902021,753902021,662332370,662332370,675589766,675589766,764313793,764313793,752416663,752416663,704812754,704812754,480176518,480176518,382888232,382888232,422590454,422590454,150156814,150156814,51947106,51947106,-109287771,-109287771,-260532532,-260532532,-277565715,-277565715,-157174736,-157174736
f = 450594059,0,1 | route T | claimed 2156.7353730858279411 | coeffs 450991798,450991798,434356374,434356374,308574141,308574141,459953826,459953826,320225693,320225693,684026184,684026184,787867809,787867809,867614300,867614300,933867720,933867720,1049375555,1049375555,805049409,805049409,924453174,924453174,1196787054,1196787054,1013493516,1013493516,768333617,768333617,839957812,839957812,719453790,719453790,753902021,753902021,662332370,662332370,675589766,675589766,764313793,764313793,752416663,752416663,704812754,704812754,480176518,480176518,382888232,382888232,422590454,422590454,150156814,150156814,51947106,51947106,-109287771,-109287771,-260532532,-260532532,-277565715,-277565715,-157174736,-157174736
# status f = 450594059,0,1 : PASS_RHO (rho 0.92071, T 2156.7, 0s)
f = 457584931,0,1 | route RHO | claimed 0.97255153501236352233 | coeffs 334801592,334801592,490028413,490028413,424191339,424191339,705008327,705008327,796909453,796909453,740842045,740842045,471022345,471022345,597540210,597540210,472581484,472581484,512889409,512889409,396082572,396082572,365017237,365017237,286567455,286567455,339239860,339239860,419803692,419803692,557301534,557301534,365159275,365159275,475235171,475235171,648633777,648633777,512366763,512366763,181230759,181230759,94612286,94612286,40487525,40487525,239791330,239791330,113933091,113933091,423758254,423758254,279035057,279035057,141904047,141904047,77943163,77943163,-307951378,-307951378,-316276311,-316276311,-335888439,-335888439
f = 457584931,0,1 | route T | claimed 2809.9378668606826849 | coeffs 372528677,372528677,200822351,200822351,92091632,92091632,-142808398,-142808398,-145711285,-145711285,-297296007,-297296007,-273935699,-273935699,110775058,110775058,298292186,298292186,235701908,235701908,97367043,97367043,142278132,142278132,220809574,220809574,234818420,234818420,272977878,272977878,375406405,375406405,261469947,261469947,325753489,325753489,525032519,525032519,574003480,574003480,690903715,690903715,587729906,587729906,622648293,622648293,694049895,694049895,339621979,339621979,340450139,340450139,47588959,47588959,213188010,213188010,308393810,308393810,121171075,121171075,-128394524,-128394524,-246626649,-246626649
# status f = 457584931,0,1 : PASS_RHO (rho 0.97255, T 2809.9, 0s)
f = 473372795,0,1 | route RHO | claimed 0.97255153501236352233 | coeffs -141904047,-279035057,-279035057,-423758254,-423758254,-113933091,-113933091,-239791330,-239791330,-40487525,-40487525,-94612286,-94612286,-181230759,-181230759,-512366763,-512366763,-648633777,-648633777,-475235171,-475235171,-365159275,-365159275,-557301534,-557301534,-419803692,-419803692,-339239860,-339239860,-286567455,-286567455,-365017237,-365017237,-396082572,-396082572,-512889409,-512889409,-472581484,-472581484,-597540210,-597540210,-471022345,-471022345,-740842045,-740842045,-796909453,-796909453,-705008327,-705008327,-424191339,-424191339,-490028413,-490028413,-334801592,-334801592,-335888439,-335888439,-316276311,-316276311,-307951378,-307951378,77943163,77943163,141904047
f = 473372795,0,1 | route T | claimed 2236.3927990962344553 | coeffs -155391960,133323772,133323772,280949856,280949856,206024723,206024723,440613681,440613681,413016202,413016202,341238935,341238935,309625283,309625283,391195688,391195688,340239967,340239967,262047161,262047161,317570316,317570316,216851395,216851395,80181713,80181713,-354810035,-354810035,-336080838,-336080838,-222712669,-222712669,-294821143,-294821143,-61114071,-61114071,-52451035,-52451035,271786721,271786721,209552398,209552398,365435640,365435640,523931575,523931575,470189907,470189907,203381765,203381765,347750281,347750281,237434549,237434549,100186531,100186531,17984125,17984125,197176320,197176320,195992536,195992536,155391960
# status f = 473372795,0,1 : PASS_RHO (rho 0.97255, T 2236.4, 0s)
f = 526852038,0,1 | route RHO | claimed 0.89936104869351387378 | coeffs -104541990,-398359052,-398359052,-278955287,-278955287,-231351378,-231351378,-214715954,-214715954,57617926,57617926,282254162,282254162,408036395,408036395,224742857,224742857,322031143,322031143,170651458,170651458,-74508441,-74508441,-114210663,-114210663,25517470,25517470,97141665,97141665,369575305,369575305,5774814,5774814,-114729208,-114729208,-16519500,-16519500,-120361125,-120361125,-85912894,-85912894,75321983,75321983,-4424508,-4424508,-95994159,-95994159,55250602,55250602,-11002818,-11002818,2254578,2254578,19287761,19287761,-96220074,-96220074,-7496047,-7496047,-127887026,-127887026,116439120,116439120,104541990
f = 526852038,0,1 | route T | claimed 2162.8335197784031962 | coeffs -99855169,193006011,193006011,193834171,193834171,548262087,548262087,619663689,619663689,584745302,584745302,481571493,481571493,364671258,364671258,413642219,413642219,214363189,214363189,278646731,278646731,392583189,392583189,495011716,495011716,456852258,456852258,470861104,470861104,392329662,392329662,437240751,437240751,575575616,575575616,512985338,512985338,325468210,325468210,710178967,710178967,686818659,686818659,535233937,535233937,538136824,538136824,303236794,303236794,411967513,411967513,240261187,240261187,114359159,114359159,232591284,232591284,-16974315,-16974315,170248420,170248420,265454220,265454220,99855169
# status f = 526852038,0,1 : PASS_RHO (rho 0.89936, T 2162.8, 0s)
f = 542639902,0,1 | route RHO | claimed 0.89936104869351387378 | coeffs -25517470,-25517470,114210663,114210663,74508441,74508441,-170651458,-170651458,-322031143,-322031143,-224742857,-224742857,-408036395,-408036395,-282254162,-282254162,-57617926,-57617926,214715954,214715954,231351378,231351378,278955287,278955287,398359052,398359052,104541990,104541990,116439120,116439120,-127887026,-127887026,-7496047,-7496047,-96220074,-96220074,19287761,19287761,2254578,2254578,-11002818,-11002818,55250602,55250602,-95994159,-95994159,-4424508,-4424508,75321983,75321983,-85912894,-85912894,-120361125,-120361125,-16519500,-16519500,-114729208,-114729208,5774814,5774814,369575305,369575305,97141665,97141665
f = 542639902,0,1 | route T | claimed 2455.2343487675567101 | coeffs -16519500,-16519500,-114729208,-114729208,5774814,5774814,369575305,369575305,97141665,97141665,25517470,25517470,-114210663,-114210663,-74508441,-74508441,170651458,170651458,322031143,322031143,224742857,224742857,408036395,408036395,282254162,282254162,57617926,57617926,-214715954,-214715954,-231351378,-231351378,-278955287,-278955287,-398359052,-398359052,-104541990,-104541990,-116439120,-116439120,127887026,127887026,7496047,7496047,96220074,96220074,-19287761,-19287761,-2254578,-2254578,11002818,11002818,-55250602,-55250602,95994159,95994159,4424508,4424508,-75321983,-75321983,85912894,85912894,120361125,120361125
# status f = 542639902,0,1 : PASS_RHO (rho 0.89936, T 2455.2, 0s)
f = 549630774,0,1 | route RHO | claimed 0.93909559980087547227 | coeffs 37803848,37803848,108506653,108506653,118480347,118480347,227084047,227084047,120985999,120985999,178490313,178490313,406445022,406445022,530688707,530688707,677986695,677986695,408026478,408026478,614780107,614780107,785859682,785859682,650100559,650100559,866040935,866040935,778804717,778804717,739526544,739526544,568295109,568295109,604387419,604387419,291179407,291179407,327566798,327566798,375049451,375049451,363114243,363114243,141618681,141618681,-3761787,-3761787,54575386,54575386,121890426,121890426,77546343,77546343,71243254,71243254,-96966441,-96966441,903870,903870,100612584,100612584,-329209152,-329209152
f = 549630774,0,1 | route T | claimed 1599.3218919228111038 | coeffs 37803848,37803848,108506653,108506653,118480347,118480347,227084047,227084047,120985999,120985999,178490313,178490313,406445022,406445022,530688707,530688707,677986695,677986695,408026478,408026478,614780107,614780107,785859682,785859682,650100559,650100559,866040935,866040935,778804717,778804717,739526544,739526544,568295109,568295109,604387419,604387419,291179407,291179407,327566798,327566798,375049451,375049451,363114243,363114243,141618681,141618681,-3761787,-3761787,54575386,54575386,121890426,121890426,77546343,77546343,71243254,71243254,-96966441,-96966441,903870,903870,100612584,100612584,-329209152,-329209152
# status f = 549630774,0,1 : PASS_RHO (rho 0.93910, T 1599.3, 0s)
f = 555239790,0,1 | route RHO | claimed 0.92312476249065083656 | coeffs 20156238,455147986,455147986,565463718,565463718,647034123,647034123,584799800,584799800,437173716,437173716,418444519,418444519,555692537,555692537,504736816,504736816,660620058,660620058,735545191,735545191,622177022,622177022,704379428,704379428,626186622,626186622,784682557,784682557,550093599,550093599,622202073,622202073,443009878,443009878,498533033,498533033,444791365,444791365,472388844,472388844,238681772,238681772,239865556,239865556,139146635,139146635,-127661507,-127661507,-55884240,-55884240,-64547276,-64547276,-23946700,-23946700,-160616382,-160616382,-16247866,-16247866,15365786,15365786,-308871970,-308871970,-20156238
f = 555239790,0,1 | route T | claimed 2038.5163095347588684 | coeffs 64547276,64547276,23946700,23946700,160616382,160616382,16247866,16247866,-15365786,-15365786,308871970,308871970,20156238,20156238,455147986,455147986,565463718,565463718,647034123,647034123,584799800,584799800,437173716,437173716,418444519,418444519,555692537,555692537,504736816,504736816,660620058,660620058,735545191,735545191,622177022,622177022,704379428,704379428,626186622,626186622,784682557,784682557,550093599,550093599,622202073,622202073,443009878,443009878,498533033,498533033,444791365,444791365,472388844,472388844,238681772,238681772,239865556,239865556,139146635,139146635,-127661507,-127661507,-55884240,-55884240
# status f = 555239790,0,1 : PASS_RHO (rho 0.92312, T 2038.5, 0s)
f = 558948675,0,1 | route RHO | claimed 0.88122158909722814472 | coeffs -1359001,-1359001,112009168,112009168,167532323,167532323,95755056,95755056,384470788,384470788,521718806,521718806,363222871,363222871,129515799,129515799,266185481,266185481,184615076,184615076,259540209,259540209,438732404,438732404,171924262,171924262,496162018,496162018,514891215,514891215,436698409,436698409,409100930,409100930,449701506,449701506,560017238,560017238,404133996,404133996,476242470,476242470,576961391,576961391,608575043,608575043,460948959,460948959,378746553,378746553,325004885,325004885,333667921,333667921,-101323827,-101323827,-152279548,-152279548,82309410,82309410,83493194,83493194,-60875322,-60875322
f = 558948675,0,1 | route T | claimed 1924.9088576919141161 | coeffs 60875322,-1359001,-1359001,112009168,112009168,167532323,167532323,95755056,95755056,384470788,384470788,521718806,521718806,363222871,363222871,129515799,129515799,266185481,266185481,184615076,184615076,259540209,259540209,438732404,438732404,171924262,171924262,496162018,496162018,514891215,514891215,436698409,436698409,409100930,409100930,449701506,449701506,560017238,560017238,404133996,404133996,476242470,476242470,576961391,576961391,608575043,608575043,460948959,460948959,378746553,378746553,325004885,325004885,333667921,333667921,-101323827,-101323827,-152279548,-152279548,82309410,82309410,83493194,83493194,-60875322
# status f = 558948675,0,1 : PASS_RHO (rho 0.88122, T 1924.9, 0s)
f = 588731204,0,1 | route RHO | claimed 0.94895891189288652058 | coeffs -1031024665,-596032917,-596032917,-670958050,-670958050,-724699718,-724699718,-588030036,-588030036,-440403952,-440403952,-281908017,-281908017,-181189096,-181189096,107526636,107526636,263409878,263409878,207886723,207886723,248487299,248487299,186252976,186252976,264445782,264445782,265629566,265629566,589867322,589867322,640823043,640823043,461630848,461630848,470293884,470293884,388723479,388723479,470925885,470925885,704632957,704632957,736246609,736246609,873494627,873494627,801386153,801386153,873163420,873163420,983479152,983479152,1096847321,1096847321,1124444800,1124444800,980076284,980076284,998805481,998805481,764216523,764216523,1031024665
f = 588731204,0,1 | route T | claimed 2392.7676145004226432 | coeffs -181189096,107526636,107526636,263409878,263409878,207886723,207886723,248487299,248487299,186252976,186252976,264445782,264445782,265629566,265629566,589867322,589867322,640823043,640823043,461630848,461630848,470293884,470293884,388723479,388723479,470925885,470925885,704632957,704632957,736246609,736246609,873494627,873494627,801386153,801386153,873163420,873163420,983479152,983479152,1096847321,1096847321,1124444800,1124444800,980076284,980076284,998805481,998805481,764216523,764216523,1031024665,1031024665,596032917,596032917,670958050,670958050,724699718,724699718,588030036,588030036,440403952,440403952,281908017,281908017,181189096
# status f = 588731204,0,1 : PASS_RHO (rho 0.94896, T 2392.8, 1s)
f = 589639494,0,1 | route RHO | claimed 0.91703994337692793682 | coeffs -456205631,-564936350,-564936350,-667364877,-667364877,-572159077,-572159077,-634749355,-634749355,-669667742,-669667742,-434767712,-434767712,-548704170,-548704170,-361481435,-361481435,-223146570,-223146570,-151744968,-151744968,-154647855,-154647855,-218931397,-218931397,-468496996,-468496996,-423585907,-423585907,-69157991,-69157991,82426731,82426731,281705761,281705761,399937886,399937886,321406444,321406444,322234604,322234604,345594912,345594912,296623951,296623951,170721923,170721923,184730769,184730769,477591949,477591949,92881192,92881192,209781427,209781427,38075101,38075101,-84357,-84357,165514694,165514694,353031822,353031822,456205631
f = 589639494,0,1 | route T | claimed 1786.7238985380893347 | coeffs 399937886,399937886,321406444,321406444,322234604,322234604,345594912,345594912,296623951,296623951,170721923,170721923,184730769,184730769,477591949,477591949,92881192,92881192,209781427,209781427,38075101,38075101,-84357,-84357,165514694,165514694,353031822,353031822,456205631,456205631,564936350,564936350,667364877,667364877,572159077,572159077,634749355,634749355,669667742,669667742,434767712,434767712,548704170,548704170,361481435,361481435,223146570,223146570,151744968,151744968,154647855,154647855,218931397,218931397,468496996,468496996,423585907,423585907,69157991,69157991,-82426731,-82426731,-281705761,-281705761
# status f = 589639494,0,1 : PASS_RHO (rho 0.91704, T 1786.7, 0s)
f = 653113630,0,1 | route RHO | claimed 0.94895891189288652058 | coeffs -186252976,-248487299,-248487299,-207886723,-207886723,-263409878,-263409878,-107526636,-107526636,181189096,181189096,281908017,281908017,440403952,440403952,588030036,588030036,724699718,724699718,670958050,670958050,596032917,596032917,1031024665,1031024665,764216523,764216523,998805481,998805481,980076284,980076284,1124444800,1124444800,1096847321,1096847321,983479152,983479152,873163420,873163420,801386153,801386153,873494627,873494627,736246609,736246609,704632957,704632957,470925885,470925885,388723479,388723479,470293884,470293884,461630848,461630848,640823043,640823043,589867322,589867322,265629566,265629566,264445782,264445782,186252976
f = 653113630,0,1 | route T | claimed 2157.8950860834343567 | coeffs -186252976,-248487299,-248487299,-207886723,-207886723,-263409878,-263409878,-107526636,-107526636,181189096,181189096,281908017,281908017,440403952,440403952,588030036,588030036,724699718,724699718,670958050,670958050,596032917,596032917,1031024665,1031024665,764216523,764216523,998805481,998805481,980076284,980076284,1124444800,1124444800,1096847321,1096847321,983479152,983479152,873163420,873163420,801386153,801386153,873494627,873494627,736246609,736246609,704632957,704632957,470925885,470925885,388723479,388723479,470293884,470293884,461630848,461630848,640823043,640823043,589867322,589867322,265629566,265629566,264445782,264445782,186252976
# status f = 653113630,0,1 : PASS_RHO (rho 0.94896, T 2157.9, 0s)
f = 751702249,0,1 | route RHO | claimed 0.9348696682685857401 | coeffs 137104695,-183893500,-183893500,-211310666,-211310666,-212947336,-212947336,-150078498,-150078498,-291057563,-291057563,-182478769,-182478769,-33480730,-33480730,-26106764,-26106764,-214582025,-214582025,-237278840,-237278840,-274245340,-274245340,-88259821,-88259821,-482338121,-482338121,-445012641,-445012641,-309232139,-309232139,-202859092,-202859092,-461707757,-461707757,-174323915,-174323915,-176453688,-176453688,-90394851,-90394851,-43985887,-43985887,-68051001,-68051001,-68991127,-68991127,276480129,276480129,124327118,124327118,223304441,223304441,170335887,170335887,139375161,139375161,-91687711,-91687711,-191506118,-191506118,70703802,70703802,-137104695
f = 751702249,0,1 | route T | claimed 2032.6211667275890862 | coeffs -1032471216,-1032471216,-906569188,-906569188,-521858431,-521858431,-483698973,-483698973,-586872782,-586872782,-491666982,-491666982,-256766952,-256766952,-118432087,-118432087,-182715629,-182715629,171712287,171712287,289944412,289944412,313304720,313304720,327313566,327313566,444213801,444213801,609812852,609812852,718543571,718543571,781133849,781133849,895070307,895070307,823668705,823668705,1073234304,1073234304,921649582,921649582,1000181024,1000181024,1049151985,1049151985,756290805,756290805,927997131,927997131,740480003,740480003,638051476,638051476,603133089,603133089,790355824,790355824,787452937,787452937,832364026,832364026,1031643056,1031643056
# status f = 751702249,0,1 : PASS_RHO (rho 0.93487, T 2032.6, 0s)
f = 809956614,0,1 | route RHO | claimed 0.91638806402908686549 | coeffs 695824820,695824820,816215799,816215799,690433566,690433566,326633075,326633075,392886495,392886495,273482730,273482730,28322831,28322831,-6125400,-6125400,82598627,82598627,307234863,307234863,34801223,34801223,186045984,186045984,-107771078,-107771078,43608607,43608607,-60233018,-60233018,55274817,55274817,-217059063,-217059063,-145434868,-145434868,-53865217,-53865217,-65762347,-65762347,31525939,31525939,-66683769,-66683769,-49650586,-49650586,-33015162,-33015162,-172743295,-172743295,-252489786,-252489786,-496815932,-496815932,-313522394,-313522394,-434026416,-434026416,-447283812,-447283812,-494887721,-494887721,-534589943,-534589943
f = 809956614,0,1 | route T | claimed 2635.0888754070512677 | coeffs -704048801,-820739321,-820739321,-567306219,-567306219,-548328962,-548328962,-174009674,-174009674,-289495418,-289495418,-355614747,-355614747,-202041327,-202041327,-159670860,-159670860,-221114573,-221114573,-116464654,-116464654,82108140,82108140,137289627,137289627,222717534,222717534,277908588,277908588,356442817,356442817,540764400,540764400,256178532,256178532,66666859,66666859,-30899987,-30899987,-105001271,-105001271,57945942,57945942,78529850,78529850,59299295,59299295,195992997,195992997,368651367,368651367,270724140,270724140,376948969,376948969,266841321,266841321,454199237,454199237,779471687,779471687,1021556252,1021556252,704048801
# status f = 809956614,0,1 : PASS_RHO (rho 0.91639, T 2635.1, 0s)
f = 816323026,0,1 | route RHO | claimed 0.91638806402908686549 | coeffs 494887721,494887721,447283812,447283812,434026416,434026416,313522394,313522394,496815932,496815932,252489786,252489786,172743295,172743295,33015162,33015162,49650586,49650586,66683769,66683769,-31525939,-31525939,65762347,65762347,53865217,53865217,145434868,145434868,217059063,217059063,-55274817,-55274817,60233018,60233018,-43608607,-43608607,107771078,107771078,-186045984,-186045984,-34801223,-34801223,-307234863,-307234863,-82598627,-82598627,6125400,6125400,-28322831,-28322831,-273482730,-273482730,-392886495,-392886495,-326633075,-326633075,-690433566,-690433566,-816215799,-816215799,-695824820,-695824820,-534589943,-534589943
f = 816323026,0,1 | route T | claimed 2173.2787737751309198 | coeffs -6125400,28322831,28322831,273482730,273482730,392886495,392886495,326633075,326633075,690433566,690433566,816215799,816215799,695824820,695824820,534589943,534589943,494887721,494887721,447283812,447283812,434026416,434026416,313522394,313522394,496815932,496815932,252489786,252489786,172743295,172743295,33015162,33015162,49650586,49650586,66683769,66683769,-31525939,-31525939,65762347,65762347,53865217,53865217,145434868,145434868,217059063,217059063,-55274817,-55274817,60233018,60233018,-43608607,-43608607,107771078,107771078,-186045984,-186045984,-34801223,-34801223,-307234863,-307234863,-82598627,-82598627,6125400
# status f = 816323026,0,1 : PASS_RHO (rho 0.91639, T 2173.3, 0s)
f = 829489819,0,1 | route RHO | claimed 0.94955132323018175953 | coeffs -53864500,-53864500,-334681488,-334681488,-270720604,-270720604,-357339077,-357339077,-437902909,-437902909,-311385044,-311385044,-310298197,-310298197,-620123360,-620123360,-446724754,-446724754,-415659419,-415659419,-323758293,-323758293,-709652834,-709652834,-655528073,-655528073,-518030231,-518030231,-393071505,-393071505,-237844684,-237844684,-382567881,-382567881,-246300867,-246300867,-324750649,-324750649,-268683241,-268683241,-260358308,-260358308,-61054503,-61054503,131087756,131087756,171395681,171395681,237232755,237232755,374363765,374363765,43227761,43227761,-9444644,-9444644,-279264344,-279264344,-298876472,-298876472,-173018233,-173018233,-62942337,-62942337
f = 829489819,0,1 | route T | claimed 2185.2805362614584505 | coeffs -58973834,128248901,128248901,163167288,163167288,60738761,60738761,248255889,248255889,419962215,419962215,712823395,712823395,761794356,761794356,683262914,683262914,531678192,531678192,282112593,282112593,210710991,210710991,96774533,96774533,159364811,159364811,50634092,50634092,216233143,216233143,99332908,99332908,113341754,113341754,89981446,89981446,208213571,208213571,-146214345,-146214345,-210497887,-210497887,-348832752,-348832752,-113932722,-113932722,-209138522,-209138522,-312312331,-312312331,-350471789,-350471789,34238968,34238968,-91663060,-91663060,-92491220,-92491220,106787810,106787810,61876721,61876721,58973834
# status f = 829489819,0,1 : PASS_RHO (rho 0.94955, T 2185.3, 0s)
f = 870916174,0,1 | route RHO | claimed 0.94590100725956468414 | coeffs -72836520,9365886,9365886,110084807,110084807,-230925,-230925,-78423731,-78423731,188384411,188384411,106814006,106814006,265309941,265309941,193532674,193532674,255766997,255766997,21178039,21178039,29841075,29841075,177467159,177467159,249575633,249575633,208975057,208975057,227704254,227704254,48512059,48512059,185181741,185181741,47933723,47933723,103456878,103456878,-40911638,-40911638,10044083,10044083,-43697585,-43697585,-75311237,-75311237,-231194479,-231194479,-203597000,-203597000,120640756,120640756,45715623,45715623,-187991449,-187991449,-476707181,-476707181,-363339012,-363339012,-362155228,-362155228,72836520
f = 870916174,0,1 | route T | claimed 1905.9712456651231688 | coeffs -21178039,-21178039,-29841075,-29841075,-177467159,-177467159,-249575633,-249575633,-208975057,-208975057,-227704254,-227704254,-48512059,-48512059,-185181741,-185181741,-47933723,-47933723,-103456878,-103456878,40911638,40911638,-10044083,-10044083,43697585,43697585,75311237,75311237,231194479,231194479,203597000,203597000,-120640756,-120640756,-45715623,-45715623,187991449,187991449,476707181,476707181,363339012,363339012,362155228,362155228,-72836520,-72836520,9365886,9365886,110084807,110084807,-230925,-230925,-78423731,-78423731,188384411,188384411,106814006,106814006,265309941,265309941,193532674,193532674,255766997,255766997
# status f = 870916174,0,1 : PASS_RHO (rho 0.94590, T 1906.0, 0s)
f = 882464168,0,1 | route RHO | claimed 0.88122158909722814472 | coeffs 1359001,1359001,-60875322,-60875322,83493194,83493194,82309410,82309410,-152279548,-152279548,-101323827,-101323827,333667921,333667921,325004885,325004885,378746553,378746553,460948959,460948959,608575043,608575043,576961391,576961391,476242470,476242470,404133996,404133996,560017238,560017238,449701506,449701506,409100930,409100930,436698409,436698409,514891215,514891215,496162018,496162018,171924262,171924262,438732404,438732404,259540209,259540209,184615076,184615076,266185481,266185481,129515799,129515799,363222871,363222871,521718806,521718806,384470788,384470788,95755056,95755056,167532323,167532323,112009168,112009168
f = 882464168,0,1 | route T | claimed 1922.7306576040074485 | coeffs 1359001,1359001,-60875322,-60875322,83493194,83493194,82309410,82309410,-152279548,-152279548,-101323827,-101323827,333667921,333667921,325004885,325004885,378746553,378746553,460948959,460948959,608575043,608575043,576961391,576961391,476242470,476242470,404133996,404133996,560017238,560017238,449701506,449701506,409100930,409100930,436698409,436698409,514891215,514891215,496162018,496162018,171924262,171924262,438732404,438732404,259540209,259540209,184615076,184615076,266185481,266185481,129515799,129515799,363222871,363222871,521718806,521718806,384470788,384470788,95755056,95755056,167532323,167532323,112009168,112009168
# status f = 882464168,0,1 : PASS_RHO (rho 0.88122, T 1922.7, 0s)
f = 911894581,0,1 | route RHO | claimed 0.94590100725956468414 | coeffs -75311237,-75311237,-43697585,-43697585,10044083,10044083,-40911638,-40911638,103456878,103456878,47933723,47933723,185181741,185181741,48512059,48512059,227704254,227704254,208975057,208975057,249575633,249575633,177467159,177467159,29841075,29841075,21178039,21178039,255766997,255766997,193532674,193532674,265309941,265309941,106814006,106814006,188384411,188384411,-78423731,-78423731,-230925,-230925,110084807,110084807,9365886,9365886,-72836520,-72836520,362155228,362155228,363339012,363339012,476707181,476707181,187991449,187991449,-45715623,-45715623,-120640756,-120640756,203597000,203597000,231194479,231194479
f = 911894581,0,1 | route T | claimed 2005.7170681606786668 | coeffs -113296242,-113296242,-18090442,-18090442,26820647,26820647,319681827,319681827,382272105,382272105,27844189,27844189,412554946,412554946,377636559,377636559,529221281,529221281,646121516,646121516,411221486,411221486,211942456,211942456,383648782,383648782,269712324,269712324,387944449,387944449,349784991,349784991,162562256,162562256,241093698,241093698,75494647,75494647,213829512,213829512,214657672,214657672,402174800,402174800,330773198,330773198,307412890,307412890,204239081,204239081,201336194,201336194,152365233,152365233,261095952,261095952,325379494,325379494,451281522,451281522,348852995,348852995,99287396,99287396
# status f = 911894581,0,1 : PASS_RHO (rho 0.94590, T 2005.7, 0s)
f = 916187112,0,1 | route RHO | claimed 0.93909559980087547227 | coeffs 71243254,71243254,77546343,77546343,121890426,121890426,54575386,54575386,-3761787,-3761787,141618681,141618681,363114243,363114243,375049451,375049451,327566798,327566798,291179407,291179407,604387419,604387419,568295109,568295109,739526544,739526544,778804717,778804717,866040935,866040935,650100559,650100559,785859682,785859682,614780107,614780107,408026478,408026478,677986695,677986695,530688707,530688707,406445022,406445022,178490313,178490313,120985999,120985999,227084047,227084047,118480347,118480347,108506653,108506653,37803848,37803848,329209152,329209152,-100612584,-100612584,-903870,-903870,96966441,96966441
f = 916187112,0,1 | route T | claimed 2292.9367733975032208 | coeffs 426301844,-8689904,-8689904,46833251,46833251,128403656,128403656,100806177,100806177,248432261,248432261,249616045,249616045,386864063,386864063,653672205,653672205,497788963,497788963,489125927,489125927,375757758,375757758,512427440,512427440,590620246,590620246,622233898,622233898,387644940,387644940,98929208,98929208,278121403,278121403,167805671,167805671,114064003,114064003,51829680,51829680,285536752,285536752,304265949,304265949,203547028,203547028,152591307,152591307,80814040,80814040,5888907,5888907,46489483,46489483,128691889,128691889,-15676627,-15676627,-174172562,-174172562,-498410318,-498410318,-426301844
# status f = 916187112,0,1 : PASS_RHO (rho 0.93910, T 2292.9, 0s)
# summary n = 7 l = 1000224833 : EXCLUSION_CANDIDATE ; PASS 32 / 32 ; OPEN_NEAR 0 ; OPEN_FAR 0 ; 14s
