# FAMILY WITNESS FILE (generator family_gen.sage r10). n = 7 ; l = 1000187329 ; m = 64 ; deg = 2 ; ncomp = 32 ; bar_T = 4224 ; L_n = 16.3328709449664096755483535644
# line: f = c0,...,c_deg (monic, over F_l) | route RHO|T | claimed (rho or T, float) | coeffs a_0..a_{m-1}
f = 28005324,0,1 | route RHO | claimed 0.93683576853115585152 | coeffs -189127392,-189127392,-202135996,-202135996,-70961936,-70961936,-179515921,-179515921,43256849,43256849,-172180910,-172180910,-538505836,-538505836,-218825508,-218825508,-220597943,-220597943,-494932564,-494932564,-627131218,-627131218,-599911647,-599911647,-482755299,-482755299,-588592434,-588592434,-459185330,-459185330,-323065289,-323065289,-370442982,-370442982,-350342644,-350342644,-218116231,-218116231,-206185805,-206185805,-173229541,-173229541,-228285673,-228285673,-8629289,-8629289,-42493773,-42493773,-123208259,-123208259,-148791827,-148791827,-89665421,-89665421,-422914557,-422914557,-286000216,-286000216,-184352614,-184352614,-73269573,-73269573,125845470,125845470
f = 28005324,0,1 | route T | claimed 2259.1615012829908315 | coeffs -119752157,-119752157,-405115606,-405115606,-253270773,-253270773,12507081,12507081,-51038964,-51038964,-103194565,-103194565,3594815,3594815,-45340194,-45340194,-36391396,-36391396,270045813,270045813,446268342,446268342,583774556,583774556,457723120,457723120,280988336,280988336,192591591,192591591,393172137,393172137,155114871,155114871,-16237567,-16237567,100900181,100900181,-184337735,-184337735,-227179890,-227179890,-129394985,-129394985,-45632617,-45632617,205369531,205369531,300846682,300846682,296994368,296994368,316745384,316745384,137144460,137144460,-6716986,-6716986,-88878964,-88878964,12197826,12197826,170766162,170766162
# status f = 28005324,0,1 : PASS_RHO (rho 0.93684, T 2259.2, 1s)
f = 65390652,0,1 | route RHO | claimed 0.93459236765737823505 | coeffs 700130499,700130499,1013100619,1013100619,801153075,801153075,976519731,976519731,868869503,868869503,615775963,615775963,506698053,506698053,414126784,414126784,302354205,302354205,-108152460,-108152460,-260456277,-260456277,-123573415,-123573415,-137247443,-137247443,-209465479,-209465479,-391699903,-391699903,-527767766,-527767766,-470758037,-470758037,-398323707,-398323707,-574217538,-574217538,-557525831,-557525831,-600592422,-600592422,-727150465,-727150465,-645842254,-645842254,-784720728,-784720728,-1087928583,-1087928583,-860689369,-860689369,-978204476,-978204476,-881027539,-881027539,-826904516,-826904516,-703153761,-703153761,-814034428,-814034428,-873550516,-873550516
f = 65390652,0,1 | route T | claimed 1979.0763999566485771 | coeffs 394741666,568626074,568626074,347717408,347717408,556979079,556979079,605099476,605099476,416630285,416630285,162807224,162807224,-22236397,-22236397,59511379,59511379,206814819,206814819,293678117,293678117,256966758,256966758,135505199,135505199,185206643,185206643,-87064914,-87064914,6352833,6352833,200718709,200718709,-96871241,-96871241,-132391681,-132391681,-299960529,-299960529,-223515957,-223515957,-410054618,-410054618,-466192311,-466192311,-246230152,-246230152,-593439132,-593439132,-549717289,-549717289,-824587701,-824587701,-663387985,-663387985,-621254503,-621254503,-503172118,-503172118,-559240955,-559240955,-597034917,-597034917,-394741666
# status f = 65390652,0,1 : PASS_RHO (rho 0.93459, T 1979.1, 0s)
f = 91530419,0,1 | route RHO | claimed 0.93667944739251006024 | coeffs -89983760,129978399,129978399,211726175,211726175,168004332,168004332,81141034,81141034,242340750,242340750,120879191,120879191,2796806,2796806,275068363,275068363,237274401,237274401,431640277,431640277,605524685,605524685,641045125,641045125,431783454,431783454,508228026,508228026,319758835,319758835,375896528,375896528,560940149,560940149,213731169,213731169,361034609,361034609,635905021,635905021,672616380,672616380,714749862,714749862,764451306,764451306,820520143,820520143,727102396,727102396,929395647,929395647,631805697,631805697,410897031,410897031,578465879,578465879,530345482,530345482,343806821,343806821,89983760
f = 91530419,0,1 | route T | claimed 2086.8018984854214071 | coeffs -89983760,129978399,129978399,211726175,211726175,168004332,168004332,81141034,81141034,242340750,242340750,120879191,120879191,2796806,2796806,275068363,275068363,237274401,237274401,431640277,431640277,605524685,605524685,641045125,641045125,431783454,431783454,508228026,508228026,319758835,319758835,375896528,375896528,560940149,560940149,213731169,213731169,361034609,361034609,635905021,635905021,672616380,672616380,714749862,714749862,764451306,764451306,820520143,820520143,727102396,727102396,929395647,929395647,631805697,631805697,410897031,410897031,578465879,578465879,530345482,530345482,343806821,343806821,89983760
# status f = 91530419,0,1 : PASS_RHO (rho 0.93668, T 2086.8, 0s)
f = 97393476,0,1 | route RHO | claimed 0.90585398228807003832 | coeffs -532876730,-416506410,-416506410,-289615092,-289615092,-389993203,-389993203,-405105412,-405105412,-447551081,-447551081,-523148259,-523148259,-462171748,-462171748,-350833347,-350833347,-352346659,-352346659,-207528030,-207528030,-187691191,-187691191,-133068812,-133068812,-218302815,-218302815,-16423876,-16423876,178271406,178271406,411093867,411093867,659320768,659320768,440917975,440917975,32545098,32545098,307740567,307740567,117744668,117744668,-20874508,-20874508,131671960,131671960,252274615,252274615,92506999,92506999,259124889,259124889,304164943,304164943,364127314,364127314,475578639,475578639,354938405,354938405,299705533,299705533,532876730
f = 97393476,0,1 | route T | claimed 2124.6358893306814255 | coeffs 328159164,442244558,442244558,461124614,461124614,516378211,516378211,584896094,584896094,706294712,706294712,573232685,573232685,335460700,335460700,25332146,25332146,83510946,83510946,66440527,66440527,-10266112,-10266112,55315420,55315420,117397036,117397036,255793210,255793210,29666370,29666370,-303140589,-303140589,-371436996,-371436996,-147324519,-147324519,-137255914,-137255914,-404169232,-404169232,-333783838,-333783838,-757377395,-757377395,-721209026,-721209026,-540075363,-540075363,-707620604,-707620604,-653692568,-653692568,-397558285,-397558285,-297011213,-297011213,-360604139,-360604139,-298013460,-298013460,-355553440,-355553440,-328159164
# status f = 97393476,0,1 : PASS_RHO (rho 0.90585, T 2124.6, 0s)
f = 148595190,0,1 | route RHO | claimed 0.93026783764619362743 | coeffs 212561811,200008528,200008528,215705334,215705334,147531705,147531705,17123444,17123444,-109469564,-109469564,-492891954,-492891954,-628535138,-628535138,-519920337,-519920337,-452268001,-452268001,-539421506,-539421506,-343873202,-343873202,-361618649,-361618649,-781015503,-781015503,-584836917,-584836917,-461388510,-461388510,-624365474,-624365474,-608302631,-608302631,-345447336,-345447336,-340082061,-340082061,-256040485,-256040485,-342190203,-342190203,-392949212,-392949212,-254546812,-254546812,-375000795,-375000795,-544808531,-544808531,-414106294,-414106294,-380064073,-380064073,-502727161,-502727161,-250907526,-250907526,-360635365,-360635365,-110136673,-110136673,-212561811
f = 148595190,0,1 | route T | claimed 2062.1296899267772274 | coeffs -147531705,-17123444,-17123444,109469564,109469564,492891954,492891954,628535138,628535138,519920337,519920337,452268001,452268001,539421506,539421506,343873202,343873202,361618649,361618649,781015503,781015503,584836917,584836917,461388510,461388510,624365474,624365474,608302631,608302631,345447336,345447336,340082061,340082061,256040485,256040485,342190203,342190203,392949212,392949212,254546812,254546812,375000795,375000795,544808531,544808531,414106294,414106294,380064073,380064073,502727161,502727161,250907526,250907526,360635365,360635365,110136673,110136673,212561811,212561811,200008528,200008528,215705334,215705334,147531705
# status f = 148595190,0,1 : PASS_RHO (rho 0.93027, T 2062.1, 0s)
f = 151340975,0,1 | route RHO | claimed 0.94524512972872324927 | coeffs -299186471,-299186471,111320194,111320194,2242284,2242284,-173124372,-173124372,-346544389,-346544389,-222793634,-222793634,-105278527,-105278527,-244157001,-244157001,-201090410,-201090410,-128656080,-128656080,53578344,53578344,190461206,190461206,302233785,302233785,49140245,49140245,261087789,261087789,320603877,320603877,374726900,374726900,147487686,147487686,228795897,228795897,212104190,212104190,269113919,269113919,341331955,341331955,189028138,189028138,281599407,281599407,173949179,173949179,-139020941,-139020941,-28140274,-28140274,69036663,69036663,372244518,372244518,245686475,245686475,421580306,421580306,285512443,285512443
f = 151340975,0,1 | route T | claimed 2539.5460089589928174 | coeffs -21935689,32686690,32686690,133064801,133064801,-33553089,-33553089,214673812,214673812,103335411,103335411,158568283,158568283,19949107,19949107,105183110,105183110,90070901,90070901,135110955,135110955,353513748,353513748,352000436,352000436,585171633,585171633,432625165,432625165,634504104,634504104,676949773,676949773,616987402,616987402,208614525,208614525,63795896,63795896,180166216,180166216,300768871,300768871,106073589,106073589,30476411,30476411,141927736,141927736,-133267733,-133267733,-113430894,-113430894,-240322212,-240322212,-80554596,-80554596,152267865,152267865,91291354,91291354,211931588,211931588,21935689
# status f = 151340975,0,1 : PASS_RHO (rho 0.94525, T 2539.5, 0s)
f = 152983711,0,1 | route RHO | claimed 0.94946599844618715296 | coeffs -366060047,-366060047,-227440871,-227440871,-207604032,-207604032,25567165,25567165,215563064,215563064,360381693,360381693,305148821,305148821,29953352,29953352,28440040,28440040,-92200194,-92200194,316172683,316172683,427511084,427511084,538962409,538962409,757365202,757365202,818341713,818341713,878304084,878304084,630077183,630077183,554480005,554480005,599520059,599520059,366697598,366697598,324251929,324251929,490869819,490869819,296174537,296174537,281062328,281062328,121294712,121294712,-80584227,-80584227,-180962338,-180962338,-60359683,-60359683,24874320,24874320,151765638,151765638,304312106,304312106,249689727,249689727
f = 152983711,0,1 | route T | claimed 2540.6161564511288986 | coeffs 407277750,274810772,274810772,580416299,580416299,467204343,467204343,552506884,552506884,606351922,606351922,403374489,403374489,444927768,444927768,227110597,227110597,423535930,423535930,124367666,124367666,292828720,292828720,372353039,372353039,322448883,322448883,635504794,635504794,400951921,400951921,308663036,308663036,471218197,471218197,551365856,551365856,397147608,397147608,427697635,427697635,314310564,314310564,422949110,422949110,370831722,370831722,32069921,32069921,107585641,107585641,949082,949082,-87236932,-87236932,-52916883,-52916883,-82604839,-82604839,-263785261,-263785261,-93291918,-93291918,-407277750
# status f = 152983711,0,1 : PASS_RHO (rho 0.94947, T 2540.6, 0s)
f = 160020072,0,1 | route RHO | claimed 0.89578531546551564434 | coeffs 123881425,123881425,26096520,26096520,35045318,35045318,-144555606,-144555606,-56158861,-56158861,-341522310,-341522310,-384364465,-384364465,-335429456,-335429456,-355180472,-355180472,-531915256,-531915256,-582929261,-582929261,-297691345,-297691345,-190901965,-190901965,-194754279,-194754279,-68702843,-68702843,-227271179,-227271179,-110133431,-110133431,-57977830,-57977830,-153454981,-153454981,-15948767,-15948767,85128023,85128023,256480461,256480461,192934416,192934416,443936564,443936564,267714035,267714035,349876013,349876013,111818747,111818747,-153959107,-153959107,-237721475,-237721475,68715734,68715734,-75145712,-75145712,-275726258,-275726258
f = 160020072,0,1 | route T | claimed 2506.1731429912078091 | coeffs -252886173,-252886173,-123479069,-123479069,-110470465,-110470465,-143426729,-143426729,176253599,176253599,235380005,235380005,341217140,341217140,277935218,277935218,289865644,289865644,656190570,656190570,681774138,681774138,798930486,798930486,998045529,998045529,865819116,865819116,650381357,650381357,569666871,569666871,542447300,542447300,431364259,431364259,451464597,451464597,228691827,228691827,262556311,262556311,130357657,130357657,232005259,232005259,279382952,279382952,170828967,170828967,390485351,390485351,664819972,664819972,527905631,527905631,664025672,664025672,532851612,532851612,587907744,587907744,586135309,586135309
# status f = 160020072,0,1 : PASS_RHO (rho 0.89579, T 2506.2, 0s)
f = 224637494,0,1 | route RHO | claimed 0.94724977026065576353 | coeffs -117146204,-117146204,62454720,62454720,-38622070,-38622070,-323985519,-323985519,-387531564,-387531564,-436466573,-436466573,-260244044,-260244044,-436978828,-436978828,-675036094,-675036094,-960274010,-960274010,-876511642,-876511642,-880363956,-880363956,-1024225402,-1024225402,-865657066,-865657066,-1017501899,-1017501899,-965346298,-965346298,-974295096,-974295096,-1111801310,-1111801310,-1023404565,-1023404565,-852052127,-852052127,-809209972,-809209972,-1060212120,-1060212120,-1079963136,-1079963136,-997801158,-997801158,-946787153,-946787153,-681009299,-681009299,-574219919,-574219919,-267782710,-267782710,-393834146,-393834146,-193253600,-193253600,-76115852,-76115852,21669053,21669053
f = 224637494,0,1 | route T | claimed 2818.2197917505777195 | coeffs 152277286,35120938,35120938,-100999103,-100999103,-233225516,-233225516,-178169384,-178169384,-97454898,-97454898,235794238,235794238,124711197,124711197,111702593,111702593,334475363,334475363,654155691,654155691,521957037,521957037,416119902,416119902,368742209,368742209,380672635,380672635,600329019,600329019,574745451,574745451,711659792,711659792,910774835,910774835,779600775,779600775,995038534,995038534,996810969,996810969,969591398,969591398,840184294,840184294,820083956,820083956,787127692,787127692,820992176,820992176,761865770,761865770,660218168,660218168,596936246,596936246,488382261,488382261,122057335,122057335,-152277286
# status f = 224637494,0,1 : PASS_RHO (rho 0.94725, T 2818.2, 0s)
f = 244783724,0,1 | route RHO | claimed 0.92770923970452883145 | coeffs 160656869,160656869,336879398,336879398,622242847,622242847,526765696,526765696,727346242,727346242,620556862,620556862,702718840,702718840,659876685,659876685,522370471,522370471,674215304,674215304,670362990,670362990,908420256,908420256,859485247,859485247,960562037,960562037,862777132,862777132,736725696,736725696,470947842,470947842,451196826,451196826,279844388,279844388,270895590,270895590,112327254,112327254,196089622,196089622,372824406,372824406,309278361,309278361,129677437,129677437,12539689,12539689,318976898,318976898,267962893,267962893,16960745,16960745,-71436000,-71436000,-19280399,-19280399,124581047,124581047
f = 244783724,0,1 | route T | claimed 2772.2288025407810878 | coeffs -152381675,29073363,29073363,11393982,11393982,379888013,379888013,260004709,260004709,267882591,267882591,310220974,310220974,381597171,381597171,451689766,451689766,327565436,327565436,538556177,538556177,413490096,413490096,804128783,804128783,818681065,818681065,877068439,877068439,981597326,981597326,759033162,759033162,814673263,814673263,816894288,816894288,950423962,950423962,1073899258,1073899258,821559470,821559470,907127983,907127983,633449745,633449745,734596141,734596141,903768058,903768058,545899141,545899141,606572689,606572689,711122243,711122243,666710621,666710621,350085002,350085002,290942172,290942172,152381675
# status f = 244783724,0,1 : PASS_RHO (rho 0.92771, T 2772.2, 1s)
f = 265405542,0,1 | route RHO | claimed 0.90655217783991641784 | coeffs 31068139,11231300,11231300,177849190,177849190,176335878,176335878,55733223,55733223,-5243288,-5243288,-143862464,-143862464,-186308133,-186308133,-461503602,-461503602,-361125491,-361125491,-579528284,-579528284,-463157964,-463157964,-695980425,-695980425,-751213297,-751213297,-549334358,-549334358,-660785683,-660785683,-715408062,-715408062,-670368008,-670368008,-525549379,-525549379,-365781763,-365781763,-477120164,-477120164,-324573696,-324573696,-400170874,-400170874,-210174975,-210174975,-195062766,-195062766,-603435643,-603435643,-476544325,-476544325,-724771226,-724771226,-491600029,-491600029,-296904747,-296904747,-176264513,-176264513,-91030510,-91030510,-31068139
f = 265405542,0,1 | route T | claimed 1866.8020113325662702 | coeffs 230396093,230396093,173018080,173018080,127957699,127957699,227230938,227230938,292433141,292433141,213376469,213376469,524475159,524475159,717559973,717559973,680327220,680327220,933440190,933440190,790937160,790937160,592739392,592739392,652643009,652643009,550288790,550288790,522645181,522645181,753188600,753188600,869358169,869358169,651765051,651765051,1163936005,1163936005,984091334,984091334,940532703,940532703,766753011,766753011,768670437,768670437,751722545,751722545,850270618,850270618,784832482,784832482,668129587,668129587,662930821,662930821,468120519,468120519,238500770,238500770,131133540,131133540,214202843,214202843
# status f = 265405542,0,1 : PASS_RHO (rho 0.90655, T 1866.8, 0s)
f = 318742692,0,1 | route RHO | claimed 0.91441739482357988074 | coeffs 274743641,274743641,406942295,406942295,270822254,270822254,237865990,237865990,263449558,263449558,152366517,152366517,43812532,43812532,42040097,42040097,-63797038,-63797038,68429375,68429375,34564891,34564891,171479232,171479232,184487836,184487836,550812762,550812762,523593191,523593191,570970884,570970884,626027016,626027016,566900610,566900610,367785567,367785567,590558337,590558337,316223716,316223716,445630820,445630820,457561246,457561246,376846760,376846760,478494362,478494362,347320302,347320302,27639974,27639974,-89516374,-89516374,-109616712,-109616712,-329273096,-329273096,3976040,3976040,-59305882,-59305882
f = 318742692,0,1 | route T | claimed 2419.8016664724391832 | coeffs -39490902,-39490902,-19739886,-19739886,138828450,138828450,202374495,202374495,-104062714,-104062714,-15665969,-15665969,269571947,269571947,174094796,174094796,256256774,256256774,408101607,408101607,359166598,359166598,233115162,233115162,61762724,61762724,145525092,145525092,-34075832,-34075832,-85089837,-85089837,-32934236,-32934236,-209156765,-209156765,-409737311,-409737311,-366895156,-366895156,-363042842,-363042842,-464119632,-464119632,-198341778,-198341778,-189392980,-189392980,-366127764,-366127764,-248990016,-248990016,2012132,2012132,-141849314,-141849314,143514135,143514135,36724755,36724755,-100781459,-100781459,137275807,137275807
# status f = 318742692,0,1 : PASS_RHO (rho 0.91442, T 2419.8, 0s)
f = 347376041,0,1 | route RHO | claimed 0.93026783764619362743 | coeffs 147531705,215705334,215705334,200008528,200008528,212561811,212561811,110136673,110136673,360635365,360635365,250907526,250907526,502727161,502727161,380064073,380064073,414106294,414106294,544808531,544808531,375000795,375000795,254546812,254546812,392949212,392949212,342190203,342190203,256040485,256040485,340082061,340082061,345447336,345447336,608302631,608302631,624365474,624365474,461388510,461388510,584836917,584836917,781015503,781015503,361618649,361618649,343873202,343873202,539421506,539421506,452268001,452268001,519920337,519920337,628535138,628535138,492891954,492891954,109469564,109469564,-17123444,-17123444,-147531705
f = 347376041,0,1 | route T | claimed 2068.9682534359444028 | coeffs 147531705,215705334,215705334,200008528,200008528,212561811,212561811,110136673,110136673,360635365,360635365,250907526,250907526,502727161,502727161,380064073,380064073,414106294,414106294,544808531,544808531,375000795,375000795,254546812,254546812,392949212,392949212,342190203,342190203,256040485,256040485,340082061,340082061,345447336,345447336,608302631,608302631,624365474,624365474,461388510,461388510,584836917,584836917,781015503,781015503,361618649,361618649,343873202,343873202,539421506,539421506,452268001,452268001,519920337,519920337,628535138,628535138,492891954,492891954,109469564,109469564,-17123444,-17123444,-147531705
# status f = 347376041,0,1 : PASS_RHO (rho 0.93027, T 2069.0, 0s)
f = 414606194,0,1 | route RHO | claimed 0.91441739482357988074 | coeffs -590558337,-590558337,-367785567,-367785567,-566900610,-566900610,-626027016,-626027016,-570970884,-570970884,-523593191,-523593191,-550812762,-550812762,-184487836,-184487836,-171479232,-171479232,-34564891,-34564891,-68429375,-68429375,63797038,63797038,-42040097,-42040097,-43812532,-43812532,-152366517,-152366517,-263449558,-263449558,-237865990,-237865990,-270822254,-270822254,-406942295,-406942295,-274743641,-274743641,-59305882,-59305882,3976040,3976040,-329273096,-329273096,-109616712,-109616712,-89516374,-89516374,27639974,27639974,347320302,347320302,478494362,478494362,376846760,376846760,457561246,457561246,445630820,445630820,316223716,316223716
f = 414606194,0,1 | route T | claimed 1386.8784282881121856 | coeffs -59305882,-59305882,3976040,3976040,-329273096,-329273096,-109616712,-109616712,-89516374,-89516374,27639974,27639974,347320302,347320302,478494362,478494362,376846760,376846760,457561246,457561246,445630820,445630820,316223716,316223716,590558337,590558337,367785567,367785567,566900610,566900610,626027016,626027016,570970884,570970884,523593191,523593191,550812762,550812762,184487836,184487836,171479232,171479232,34564891,34564891,68429375,68429375,-63797038,-63797038,42040097,42040097,43812532,43812532,152366517,152366517,263449558,263449558,237865990,237865990,270822254,270822254,406942295,406942295,274743641,274743641
# status f = 414606194,0,1 : PASS_RHO (rho 0.91442, T 1386.9, 0s)
f = 447075578,0,1 | route RHO | claimed 0.92558262362390589769 | coeffs -108596651,-61218958,-61218958,-276656717,-276656717,-217530311,-217530311,-353650352,-353650352,-130877582,-130877582,-156461150,-156461150,-285868254,-285868254,-394422239,-394422239,-475136725,-475136725,-369299590,-369299590,-238125530,-238125530,-271990014,-271990014,-389146362,-389146362,-402154966,-402154966,-182498582,-182498582,-209718153,-209718153,-273000075,-273000075,-328056207,-328056207,-195857553,-195857553,-394972596,-394972596,-362016332,-362016332,-87681711,-87681711,-198764752,-198764752,-186834326,-186834326,-185061891,-185061891,-286709493,-286709493,-154483080,-154483080,-474163408,-474163408,-611077749,-611077749,-590977411,-590977411,-224652485,-224652485,108596651
f = 447075578,0,1 | route T | claimed 2391.9259636474685045 | coeffs 76884376,76884376,196709370,196709370,113630073,113630073,415646177,415646177,144591982,144591982,4991527,4991527,302259106,302259106,114041955,114041955,-149226721,-149226721,222111447,222111447,276597116,276597116,-56937836,-56937836,-12441426,-12441426,-36458795,-36458795,-106841992,-106841992,-91965745,-91965745,132002259,132002259,192326272,192326272,104459588,104459588,349819430,349819430,233879551,233879551,307437021,307437021,403664468,403664468,148577010,148577010,194225065,194225065,98058941,98058941,16110032,16110032,-119760767,-119760767,-72434402,-72434402,-165070390,-165070390,-90072811,-90072811,-38114353,-38114353
# status f = 447075578,0,1 : PASS_RHO (rho 0.92558, T 2391.9, 0s)
f = 498138064,0,1 | route RHO | claimed 0.91444490579978753925 | coeffs 37846490,37846490,-113998343,-113998343,-285350781,-285350781,-234336776,-234336776,-434917322,-434917322,-333840532,-333840532,-510575316,-510575316,-366713870,-366713870,-504220084,-504220084,-484469068,-484469068,-178031859,-178031859,-273509010,-273509010,-224574001,-224574001,-140811633,-140811633,-192967234,-192967234,-150125079,-150125079,-415902933,-415902933,-298765185,-298765185,-584128634,-584128634,-346071368,-346071368,-187503032,-187503032,-275899777,-275899777,-193737799,-193737799,-67686363,-67686363,-247287287,-247287287,-71064758,-71064758,-67212444,-67212444,-76161242,-76161242,174840906,174840906,281630286,281630286,183845381,183845381,247391426,247391426
f = 498138064,0,1 | route T | claimed 1994.164711711757147 | coeffs 174840906,174840906,281630286,281630286,183845381,183845381,247391426,247391426,-37846490,-37846490,113998343,113998343,285350781,285350781,234336776,234336776,434917322,434917322,333840532,333840532,510575316,510575316,366713870,366713870,504220084,504220084,484469068,484469068,178031859,178031859,273509010,273509010,224574001,224574001,140811633,140811633,192967234,192967234,150125079,150125079,415902933,415902933,298765185,298765185,584128634,584128634,346071368,346071368,187503032,187503032,275899777,275899777,193737799,193737799,67686363,67686363,247287287,247287287,71064758,71064758,67212444,67212444,76161242,76161242
# status f = 498138064,0,1 : PASS_RHO (rho 0.91444, T 1994.2, 0s)
f = 502049265,0,1 | route RHO | claimed 0.90655217783991641784 | coeffs -476544325,-603435643,-603435643,-195062766,-195062766,-210174975,-210174975,-400170874,-400170874,-324573696,-324573696,-477120164,-477120164,-365781763,-365781763,-525549379,-525549379,-670368008,-670368008,-715408062,-715408062,-660785683,-660785683,-549334358,-549334358,-751213297,-751213297,-695980425,-695980425,-463157964,-463157964,-579528284,-579528284,-361125491,-361125491,-461503602,-461503602,-186308133,-186308133,-143862464,-143862464,-5243288,-5243288,55733223,55733223,176335878,176335878,177849190,177849190,11231300,11231300,31068139,31068139,91030510,91030510,176264513,176264513,296904747,296904747,491600029,491600029,724771226,724771226,476544325
f = 502049265,0,1 | route T | claimed 2323.9866357512230826 | coeffs 86694333,36790177,36790177,-69846382,-69846382,-111399661,-111399661,-141949688,-141949688,-274416666,-274416666,38639245,38639245,-49546769,-49546769,168270402,168270402,281657473,281657473,587263000,587263000,352710127,352710127,387030176,387030176,190604843,190604843,81966297,81966297,-31245659,-31245659,-123534544,-123534544,-153222500,-153222500,145945764,145945764,198063152,198063152,283365693,283365693,445920854,445920854,264740432,264740432,96279378,96279378,435041179,435041179,488886217,488886217,569033876,569033876,739527219,739527219,660002900,660002900,584487180,584487180,381509747,381509747,227291499,227291499,-86694333
# status f = 502049265,0,1 : PASS_RHO (rho 0.90655, T 2324.0, 0s)
f = 553111751,0,1 | route RHO | claimed 0.94946599844618715296 | coeffs -538962409,-427511084,-427511084,-316172683,-316172683,92200194,92200194,-28440040,-28440040,-29953352,-29953352,-305148821,-305148821,-360381693,-360381693,-215563064,-215563064,-25567165,-25567165,207604032,207604032,227440871,227440871,366060047,366060047,249689727,249689727,304312106,304312106,151765638,151765638,24874320,24874320,-60359683,-60359683,-180962338,-180962338,-80584227,-80584227,121294712,121294712,281062328,281062328,296174537,296174537,490869819,490869819,324251929,324251929,366697598,366697598,599520059,599520059,554480005,554480005,630077183,630077183,878304084,878304084,818341713,818341713,757365202,757365202,538962409
f = 553111751,0,1 | route T | claimed 2308.9055029567449755 | coeffs -52916883,-52916883,-87236932,-87236932,949082,949082,107585641,107585641,32069921,32069921,370831722,370831722,422949110,422949110,314310564,314310564,427697635,427697635,397147608,397147608,551365856,551365856,471218197,471218197,308663036,308663036,400951921,400951921,635504794,635504794,322448883,322448883,372353039,372353039,292828720,292828720,124367666,124367666,423535930,423535930,227110597,227110597,444927768,444927768,403374489,403374489,606351922,606351922,552506884,552506884,467204343,467204343,580416299,580416299,274810772,274810772,407277750,407277750,93291918,93291918,263785261,263785261,82604839,82604839
# status f = 553111751,0,1 : PASS_RHO (rho 0.94947, T 2308.9, 1s)
f = 585581135,0,1 | route RHO | claimed 0.95356400772441467799 | coeffs 98274370,98274370,409470310,409470310,112973824,112973824,412029164,412029164,365500465,365500465,287598502,287598502,524455305,524455305,519588666,519588666,435092513,435092513,463440860,463440860,544308240,544308240,273783789,273783789,432173015,432173015,101409870,101409870,-64707689,-64707689,-28690828,-28690828,48882815,48882815,-188378158,-188378158,-288987301,-288987301,-146982090,-146982090,-422394612,-422394612,-362419413,-362419413,-413337709,-413337709,-403149986,-403149986,-341226836,-341226836,-536430331,-536430331,-651737685,-651737685,-389307456,-389307456,-444152767,-444152767,-329403807,-329403807,-263207805,-263207805,-192503081,-192503081
f = 585581135,0,1 | route T | claimed 2038.7692711227211942 | coeffs -612201606,-612201606,-384962392,-384962392,-441972121,-441972121,-534543390,-534543390,-645424057,-645424057,-518866014,-518866014,-532540042,-532540042,-707906698,-707906698,-590391591,-590391591,-517957261,-517957261,-406184682,-406184682,-346668594,-346668594,-265360383,-265360383,-193142347,-193142347,-300792575,-300792575,-203615638,-203615638,-27721807,-27721807,-438228472,-438228472,-264808455,-264808455,-125929981,-125929981,-308164405,-308164405,-55070865,-55070865,-109193888,-109193888,-92502181,-92502181,59801636,59801636,372771756,372771756,69563901,69563901,205631764,205631764,96553854,96553854,220304609,220304609,263371200,263371200,400254062,400254062
# status f = 585581135,0,1 : PASS_RHO (rho 0.95356, T 2038.8, 0s)
f = 652811288,0,1 | route RHO | claimed 0.93028044137323979505 | coeffs 340268662,472467316,472467316,363913331,363913331,500827672,500827672,555883804,555883804,685290908,685290908,365610580,365610580,302328658,302328658,276745090,276745090,144518677,144518677,171738248,171738248,-51034522,-51034522,-152682124,-152682124,66974260,66974260,-69145781,-69145781,-70918216,-70918216,-57909612,-57909612,-117036018,-117036018,-105105592,-105105592,-222261940,-222261940,-437699699,-437699699,-326616658,-326616658,-292752174,-292752174,-340129867,-340129867,-65795246,-65795246,65378814,65378814,-267870322,-267870322,-300826586,-300826586,-406663721,-406663721,-40338795,-40338795,-239453838,-239453838,-320168324,-320168324,-340268662
f = 652811288,0,1 | route T | claimed 2620.7790784344715371 | coeffs -337445700,-337445700,-463497136,-463497136,-411341535,-411341535,-512418325,-512418325,-261416177,-261416177,-23358911,-23358911,283078298,283078298,131233465,131233465,310834389,310834389,267992234,267992234,444727018,444727018,551516398,551516398,710084734,710084734,614607583,614607583,443255145,443255145,267032616,267032616,532810470,532810470,388949024,388949024,291164119,291164119,202767374,202767374,251702383,251702383,302716388,302716388,298864074,298864074,181726326,181726326,319232540,319232540,382778585,382778585,464940563,464940563,548702931,548702931,348122385,348122385,357071183,357071183,642434632,642434632,622683616,622683616
# status f = 652811288,0,1 : PASS_RHO (rho 0.93028, T 2620.8, 0s)
f = 681444637,0,1 | route RHO | claimed 0.95356400772441467799 | coeffs -444152767,-389307456,-389307456,-651737685,-651737685,-536430331,-536430331,-341226836,-341226836,-403149986,-403149986,-413337709,-413337709,-362419413,-362419413,-422394612,-422394612,-146982090,-146982090,-288987301,-288987301,-188378158,-188378158,48882815,48882815,-28690828,-28690828,-64707689,-64707689,101409870,101409870,432173015,432173015,273783789,273783789,544308240,544308240,463440860,463440860,435092513,435092513,519588666,519588666,524455305,524455305,287598502,287598502,365500465,365500465,412029164,412029164,112973824,112973824,409470310,409470310,98274370,98274370,192503081,192503081,263207805,263207805,329403807,329403807,444152767
f = 681444637,0,1 | route T | claimed 2201.3818786861838169 | coeffs 92502181,109193888,109193888,55070865,55070865,308164405,308164405,125929981,125929981,264808455,264808455,438228472,438228472,27721807,27721807,203615638,203615638,300792575,300792575,193142347,193142347,265360383,265360383,346668594,346668594,406184682,406184682,517957261,517957261,590391591,590391591,707906698,707906698,532540042,532540042,518866014,518866014,645424057,645424057,534543390,534543390,441972121,441972121,384962392,384962392,612201606,612201606,400254062,400254062,263371200,263371200,220304609,220304609,96553854,96553854,205631764,205631764,69563901,69563901,372771756,372771756,59801636,59801636,-92502181
# status f = 681444637,0,1 : PASS_RHO (rho 0.95356, T 2201.4, 0s)
f = 734781787,0,1 | route RHO | claimed 0.91444490579978753925 | coeffs 67212444,71064758,71064758,247287287,247287287,67686363,67686363,193737799,193737799,275899777,275899777,187503032,187503032,346071368,346071368,584128634,584128634,298765185,298765185,415902933,415902933,150125079,150125079,192967234,192967234,140811633,140811633,224574001,224574001,273509010,273509010,178031859,178031859,484469068,484469068,504220084,504220084,366713870,366713870,510575316,510575316,333840532,333840532,434917322,434917322,234336776,234336776,285350781,285350781,113998343,113998343,-37846490,-37846490,247391426,247391426,183845381,183845381,281630286,281630286,174840906,174840906,-76161242,-76161242,-67212444
f = 734781787,0,1 | route T | claimed 2265.911743073820455 | coeffs 67212444,71064758,71064758,247287287,247287287,67686363,67686363,193737799,193737799,275899777,275899777,187503032,187503032,346071368,346071368,584128634,584128634,298765185,298765185,415902933,415902933,150125079,150125079,192967234,192967234,140811633,140811633,224574001,224574001,273509010,273509010,178031859,178031859,484469068,484469068,504220084,504220084,366713870,366713870,510575316,510575316,333840532,333840532,434917322,434917322,234336776,234336776,285350781,285350781,113998343,113998343,-37846490,-37846490,247391426,247391426,183845381,183845381,281630286,281630286,174840906,174840906,-76161242,-76161242,-67212444
# status f = 734781787,0,1 : PASS_RHO (rho 0.91444, T 2265.9, 0s)
f = 755403605,0,1 | route RHO | claimed 0.94524512972872324927 | coeffs -190461206,-190461206,-53578344,-53578344,128656080,128656080,201090410,201090410,244157001,244157001,105278527,105278527,222793634,222793634,346544389,346544389,173124372,173124372,-2242284,-2242284,-111320194,-111320194,299186471,299186471,285512443,285512443,421580306,421580306,245686475,245686475,372244518,372244518,69036663,69036663,-28140274,-28140274,-139020941,-139020941,173949179,173949179,281599407,281599407,189028138,189028138,341331955,341331955,269113919,269113919,212104190,212104190,228795897,228795897,147487686,147487686,374726900,374726900,320603877,320603877,261087789,261087789,49140245,49140245,302233785,302233785
f = 755403605,0,1 | route T | claimed 2649.4002249110564319 | coeffs -536704697,-536704697,-894496225,-894496225,-888261458,-888261458,-878948012,-878948012,-885303244,-885303244,-1018696327,-1018696327,-838621484,-838621484,-885927667,-885927667,-932469809,-932469809,-1031973565,-1031973565,-1040978040,-1040978040,-1249191454,-1249191454,-1026255755,-1026255755,-908500557,-908500557,-585303286,-585303286,-590399770,-590399770,-193774168,-193774168,-61076791,-61076791,-136734785,-136734785,-102495925,-102495925,-48946437,-48946437,99693669,99693669,-226494556,-226494556,-106156123,-106156123,135897227,135897227,206068818,206068818,237675585,237675585,204802247,204802247,426494118,426494118,429872513,429872513,598098214,598098214,387138156,387138156
# status f = 755403605,0,1 : PASS_RHO (rho 0.94525, T 2649.4, 0s)
f = 775549835,0,1 | route RHO | claimed 0.93459236765737823505 | coeffs -108152460,302354205,302354205,414126784,414126784,506698053,506698053,615775963,615775963,868869503,868869503,976519731,976519731,801153075,801153075,1013100619,1013100619,700130499,700130499,873550516,873550516,814034428,814034428,703153761,703153761,826904516,826904516,881027539,881027539,978204476,978204476,860689369,860689369,1087928583,1087928583,784720728,784720728,645842254,645842254,727150465,727150465,600592422,600592422,557525831,557525831,574217538,574217538,398323707,398323707,470758037,470758037,527767766,527767766,391699903,391699903,209465479,209465479,137247443,137247443,123573415,123573415,260456277,260456277,108152460
f = 775549835,0,1 | route T | claimed 2093.39366743029398 | coeffs -108152460,302354205,302354205,414126784,414126784,506698053,506698053,615775963,615775963,868869503,868869503,976519731,976519731,801153075,801153075,1013100619,1013100619,700130499,700130499,873550516,873550516,814034428,814034428,703153761,703153761,826904516,826904516,881027539,881027539,978204476,978204476,860689369,860689369,1087928583,1087928583,784720728,784720728,645842254,645842254,727150465,727150465,600592422,600592422,557525831,557525831,574217538,574217538,398323707,398323707,470758037,470758037,527767766,527767766,391699903,391699903,209465479,209465479,137247443,137247443,123573415,123573415,260456277,260456277,108152460
# status f = 775549835,0,1 : PASS_RHO (rho 0.93459, T 2093.4, 0s)
f = 840167257,0,1 | route RHO | claimed 0.93667944739251006024 | coeffs -530345482,-530345482,-578465879,-578465879,-410897031,-410897031,-631805697,-631805697,-929395647,-929395647,-727102396,-727102396,-820520143,-820520143,-764451306,-764451306,-714749862,-714749862,-672616380,-672616380,-635905021,-635905021,-361034609,-361034609,-213731169,-213731169,-560940149,-560940149,-375896528,-375896528,-319758835,-319758835,-508228026,-508228026,-431783454,-431783454,-641045125,-641045125,-605524685,-605524685,-431640277,-431640277,-237274401,-237274401,-275068363,-275068363,-2796806,-2796806,-120879191,-120879191,-242340750,-242340750,-81141034,-81141034,-168004332,-168004332,-211726175,-211726175,-129978399,-129978399,89983760,89983760,343806821,343806821
f = 840167257,0,1 | route T | claimed 2404.8278960229813977 | coeffs -38682782,-38682782,102133606,102133606,134511235,134511235,238557091,238557091,111161260,111161260,-56842441,-56842441,-13397923,-13397923,-175919215,-175919215,-339979491,-339979491,-36539844,-36539844,-174369213,-174369213,-100620995,-100620995,-122295748,-122295748,-470800953,-470800953,-489729695,-489729695,-300427796,-300427796,-213797904,-213797904,-422446387,-422446387,-229524884,-229524884,37603550,37603550,-46336754,-46336754,153583114,153583114,113493360,113493360,-167611819,-167611819,-362221442,-362221442,-237948161,-237948161,-290294405,-290294405,-20243873,-20243873,135351980,135351980,-90659133,-90659133,251995621,251995621,207470706,207470706
# status f = 840167257,0,1 : PASS_RHO (rho 0.93668, T 2404.8, 0s)
f = 847203618,0,1 | route RHO | claimed 0.92558262362390589769 | coeffs -108596651,-108596651,224652485,224652485,590977411,590977411,611077749,611077749,474163408,474163408,154483080,154483080,286709493,286709493,185061891,185061891,186834326,186834326,198764752,198764752,87681711,87681711,362016332,362016332,394972596,394972596,195857553,195857553,328056207,328056207,273000075,273000075,209718153,209718153,182498582,182498582,402154966,402154966,389146362,389146362,271990014,271990014,238125530,238125530,369299590,369299590,475136725,475136725,394422239,394422239,285868254,285868254,156461150,156461150,130877582,130877582,353650352,353650352,217530311,217530311,276656717,276656717,61218958,61218958
f = 847203618,0,1 | route T | claimed 2147.1866674265548379 | coeffs -108596651,-108596651,224652485,224652485,590977411,590977411,611077749,611077749,474163408,474163408,154483080,154483080,286709493,286709493,185061891,185061891,186834326,186834326,198764752,198764752,87681711,87681711,362016332,362016332,394972596,394972596,195857553,195857553,328056207,328056207,273000075,273000075,209718153,209718153,182498582,182498582,402154966,402154966,389146362,389146362,271990014,271990014,238125530,238125530,369299590,369299590,475136725,475136725,394422239,394422239,285868254,285868254,156461150,156461150,130877582,130877582,353650352,353650352,217530311,217530311,276656717,276656717,61218958,61218958
# status f = 847203618,0,1 : PASS_RHO (rho 0.92558, T 2147.2, 1s)
f = 848846354,0,1 | route RHO | claimed 0.92770923970452883145 | coeffs 309278361,372824406,372824406,196089622,196089622,112327254,112327254,270895590,270895590,279844388,279844388,451196826,451196826,470947842,470947842,736725696,736725696,862777132,862777132,960562037,960562037,859485247,859485247,908420256,908420256,670362990,670362990,674215304,674215304,522370471,522370471,659876685,659876685,702718840,702718840,620556862,620556862,727346242,727346242,526765696,526765696,622242847,622242847,336879398,336879398,160656869,160656869,-124581047,-124581047,19280399,19280399,71436000,71436000,-16960745,-16960745,-267962893,-267962893,-318976898,-318976898,-12539689,-12539689,-129677437,-129677437,-309278361
f = 848846354,0,1 | route T | claimed 2662.7036775064308701 | coeffs 863521440,600369685,600369685,578977847,578977847,606887262,606887262,617574341,617574341,586453502,586453502,669290546,669290546,342448788,342448788,473155998,473155998,324023603,324023603,142504749,142504749,196370714,196370714,252891872,252891872,10189052,10189052,39809215,39809215,216073107,216073107,408466678,408466678,197598300,197598300,460844381,460844381,337176160,337176160,258673122,258673122,155930191,155930191,16782612,16782612,160275101,160275101,-34547472,-34547472,-29798947,-29798947,40467329,40467329,-207518044,-207518044,-368942198,-368942198,-542080747,-542080747,-546712840,-546712840,-937592029,-937592029,-863521440
# status f = 848846354,0,1 : PASS_RHO (rho 0.92771, T 2662.7, 0s)
f = 851592139,0,1 | route RHO | claimed 0.93028044137323979505 | coeffs 685290908,685290908,555883804,555883804,500827672,500827672,363913331,363913331,472467316,472467316,340268662,340268662,320168324,320168324,239453838,239453838,40338795,40338795,406663721,406663721,300826586,300826586,267870322,267870322,-65378814,-65378814,65795246,65795246,340129867,340129867,292752174,292752174,326616658,326616658,437699699,437699699,222261940,222261940,105105592,105105592,117036018,117036018,57909612,57909612,70918216,70918216,69145781,69145781,-66974260,-66974260,152682124,152682124,51034522,51034522,-171738248,-171738248,-144518677,-144518677,-276745090,-276745090,-302328658,-302328658,-365610580,-365610580
f = 851592139,0,1 | route T | claimed 2199.9997868889449665 | coeffs 685290908,685290908,555883804,555883804,500827672,500827672,363913331,363913331,472467316,472467316,340268662,340268662,320168324,320168324,239453838,239453838,40338795,40338795,406663721,406663721,300826586,300826586,267870322,267870322,-65378814,-65378814,65795246,65795246,340129867,340129867,292752174,292752174,326616658,326616658,437699699,437699699,222261940,222261940,105105592,105105592,117036018,117036018,57909612,57909612,70918216,70918216,69145781,69145781,-66974260,-66974260,152682124,152682124,51034522,51034522,-171738248,-171738248,-144518677,-144518677,-276745090,-276745090,-302328658,-302328658,-365610580,-365610580
# status f = 851592139,0,1 : PASS_RHO (rho 0.93028, T 2200.0, 0s)
f = 902793853,0,1 | route RHO | claimed 0.93683576853115585152 | coeffs 220597943,218825508,218825508,538505836,538505836,172180910,172180910,-43256849,-43256849,179515921,179515921,70961936,70961936,202135996,202135996,189127392,189127392,125845470,125845470,-73269573,-73269573,-184352614,-184352614,-286000216,-286000216,-422914557,-422914557,-89665421,-89665421,-148791827,-148791827,-123208259,-123208259,-42493773,-42493773,-8629289,-8629289,-228285673,-228285673,-173229541,-173229541,-206185805,-206185805,-218116231,-218116231,-350342644,-350342644,-370442982,-370442982,-323065289,-323065289,-459185330,-459185330,-588592434,-588592434,-482755299,-482755299,-599911647,-599911647,-627131218,-627131218,-494932564,-494932564,-220597943
f = 902793853,0,1 | route T | claimed 2651.2147413336836638 | coeffs -85640940,66227023,66227023,139108646,139108646,-46047867,-46047867,-96678268,-96678268,119683161,119683161,64181238,64181238,280288208,280288208,96806876,96806876,-153820424,-153820424,-11068360,-11068360,-48118395,-48118395,-149585971,-149585971,-28633247,-28633247,171565871,171565871,97218078,97218078,157846234,157846234,13942787,13942787,-134343717,-134343717,-341373607,-341373607,-112914884,-112914884,-353394538,-353394538,-97984363,-97984363,-117475918,-117475918,-42048783,-42048783,236363291,236363291,232940555,232940555,110537646,110537646,204629423,204629423,36683508,36683508,-113700203,-113700203,-359533563,-359533563,85640940
# status f = 902793853,0,1 : PASS_RHO (rho 0.93684, T 2651.2, 0s)
f = 908656910,0,1 | route RHO | claimed 0.89578531546551564434 | coeffs -443936564,-192934416,-192934416,-256480461,-256480461,-85128023,-85128023,15948767,15948767,153454981,153454981,57977830,57977830,110133431,110133431,227271179,227271179,68702843,68702843,194754279,194754279,190901965,190901965,297691345,297691345,582929261,582929261,531915256,531915256,355180472,355180472,335429456,335429456,384364465,384364465,341522310,341522310,56158861,56158861,144555606,144555606,-35045318,-35045318,-26096520,-26096520,-123881425,-123881425,-275726258,-275726258,-75145712,-75145712,68715734,68715734,-237721475,-237721475,-153959107,-153959107,111818747,111818747,349876013,349876013,267714035,267714035,443936564
f = 908656910,0,1 | route T | claimed 2145.4058634391284206 | coeffs 15948767,15948767,153454981,153454981,57977830,57977830,110133431,110133431,227271179,227271179,68702843,68702843,194754279,194754279,190901965,190901965,297691345,297691345,582929261,582929261,531915256,531915256,355180472,355180472,335429456,335429456,384364465,384364465,341522310,341522310,56158861,56158861,144555606,144555606,-35045318,-35045318,-26096520,-26096520,-123881425,-123881425,-275726258,-275726258,-75145712,-75145712,68715734,68715734,-237721475,-237721475,-153959107,-153959107,111818747,111818747,349876013,349876013,267714035,267714035,443936564,443936564,192934416,192934416,256480461,256480461,85128023,85128023
# status f = 908656910,0,1 : PASS_RHO (rho 0.89579, T 2145.4, 0s)
f = 934796677,0,1 | route RHO | claimed 0.94724977026065576353 | coeffs 997801158,1079963136,1079963136,1060212120,1060212120,809209972,809209972,852052127,852052127,1023404565,1023404565,1111801310,1111801310,974295096,974295096,965346298,965346298,1017501899,1017501899,865657066,865657066,1024225402,1024225402,880363956,880363956,876511642,876511642,960274010,960274010,675036094,675036094,436978828,436978828,260244044,260244044,436466573,436466573,387531564,387531564,323985519,323985519,38622070,38622070,-62454720,-62454720,117146204,117146204,21669053,21669053,-76115852,-76115852,-193253600,-193253600,-393834146,-393834146,-267782710,-267782710,-574219919,-574219919,-681009299,-681009299,-946787153,-946787153,-997801158
f = 934796677,0,1 | route T | claimed 2402.8187814090908148 | coeffs 681009299,681009299,946787153,946787153,997801158,997801158,1079963136,1079963136,1060212120,1060212120,809209972,809209972,852052127,852052127,1023404565,1023404565,1111801310,1111801310,974295096,974295096,965346298,965346298,1017501899,1017501899,865657066,865657066,1024225402,1024225402,880363956,880363956,876511642,876511642,960274010,960274010,675036094,675036094,436978828,436978828,260244044,260244044,436466573,436466573,387531564,387531564,323985519,323985519,38622070,38622070,-62454720,-62454720,117146204,117146204,21669053,21669053,-76115852,-76115852,-193253600,-193253600,-393834146,-393834146,-267782710,-267782710,-574219919,-574219919
# status f = 934796677,0,1 : PASS_RHO (rho 0.94725, T 2402.8, 0s)
f = 972182005,0,1 | route RHO | claimed 0.90585398228807003832 | coeffs 20874508,-117744668,-117744668,-307740567,-307740567,-32545098,-32545098,-440917975,-440917975,-659320768,-659320768,-411093867,-411093867,-178271406,-178271406,16423876,16423876,218302815,218302815,133068812,133068812,187691191,187691191,207528030,207528030,352346659,352346659,350833347,350833347,462171748,462171748,523148259,523148259,447551081,447551081,405105412,405105412,389993203,389993203,289615092,289615092,416506410,416506410,532876730,532876730,299705533,299705533,354938405,354938405,475578639,475578639,364127314,364127314,304164943,304164943,259124889,259124889,92506999,92506999,252274615,252274615,131671960,131671960,-20874508
f = 972182005,0,1 | route T | claimed 2102.1711846411959182 | coeffs -404169232,-404169232,-137255914,-137255914,-147324519,-147324519,-371436996,-371436996,-303140589,-303140589,29666370,29666370,255793210,255793210,117397036,117397036,55315420,55315420,-10266112,-10266112,66440527,66440527,83510946,83510946,25332146,25332146,335460700,335460700,573232685,573232685,706294712,706294712,584896094,584896094,516378211,516378211,461124614,461124614,442244558,442244558,328159164,328159164,355553440,355553440,298013460,298013460,360604139,360604139,297011213,297011213,397558285,397558285,653692568,653692568,707620604,707620604,540075363,540075363,721209026,721209026,757377395,757377395,333783838,333783838
# status f = 972182005,0,1 : PASS_RHO (rho 0.90585, T 2102.2, 0s)
# summary n = 7 l = 1000187329 : EXCLUSION_CANDIDATE ; PASS 32 / 32 ; OPEN_NEAR 0 ; OPEN_FAR 0 ; 15s
