# FAMILY WITNESS FILE (generator family_gen.sage r10). n = 7 ; l = 1000401473 ; m = 64 ; deg = 2 ; ncomp = 32 ; bar_T = 4224 ; L_n = 16.3328709449664096755483535644
# line: f = c0,...,c_deg (monic, over F_l) | route RHO|T | claimed (rho or T, float) | coeffs a_0..a_{m-1}
f = 11892291,0,1 | route RHO | claimed 0.96220305277688300536 | coeffs -87724494,-87724494,-293520041,-293520041,-143057755,-143057755,259890670,259890670,30636818,30636818,61437210,61437210,-9363019,-9363019,75309747,75309747,147708029,147708029,213555828,213555828,261364623,261364623,427041333,427041333,416597676,416597676,176751993,176751993,130697069,130697069,189722428,189722428,283926020,283926020,229466959,229466959,501818170,501818170,627839907,627839907,585622002,585622002,668566987,668566987,617733915,617733915,497786682,497786682,604304129,604304129,488464889,488464889,142470484,142470484,39121862,39121862,51772871,51772871,290533382,290533382,507642425,507642425,456408417,456408417
f = 11892291,0,1 | route T | claimed 3569.6254342232085595 | coeffs 57245511,-411555958,-411555958,-375704029,-375704029,-429925525,-429925525,-205457983,-205457983,-351497901,-351497901,-241371204,-241371204,-139560646,-139560646,-319615811,-319615811,-265137563,-265137563,-124477597,-124477597,-345744983,-345744983,-111444172,-111444172,-251218191,-251218191,-300024749,-300024749,-225593399,-225593399,-377384715,-377384715,-272022763,-272022763,-322939454,-322939454,-338071708,-338071708,-417997471,-417997471,-417791534,-417791534,-34610216,-34610216,-244405758,-244405758,-174637689,-174637689,-322271030,-322271030,-514522664,-514522664,-456316303,-456316303,-378254179,-378254179,-169633185,-169633185,-224999005,-224999005,70068890,70068890,-57245511
# status f = 11892291,0,1 : PASS_RHO (rho 0.96220, T 3569.6, 1s)
f = 62708295,0,1 | route RHO | claimed 0.96829271350665252691 | coeffs 231007915,287998620,287998620,289526941,289526941,328387429,328387429,173507334,173507334,236024078,236024078,341911627,341911627,270442124,270442124,-5273704,-5273704,12589145,12589145,-62921077,-62921077,-373314545,-373314545,-522582630,-522582630,-809614484,-809614484,-812540833,-812540833,-859463235,-859463235,-918493296,-918493296,-862605243,-862605243,-631843536,-631843536,-639995111,-639995111,-589727678,-589727678,-785588417,-785588417,-747740479,-747740479,-746529452,-746529452,-694142326,-694142326,-534451241,-534451241,-446783237,-446783237,-327481473,-327481473,142138633,142138633,169972941,169972941,90949780,90949780,32074498,32074498,-231007915
f = 62708295,0,1 | route T | claimed 2833.4461943545101955 | coeffs -336790870,-243455772,-243455772,-283678861,-283678861,-129845491,-129845491,-13613980,-13613980,185150217,185150217,-55840961,-55840961,-31985272,-31985272,-51469574,-51469574,-138139050,-138139050,65974931,65974931,218759211,218759211,-45708283,-45708283,-26051682,-26051682,-73254064,-73254064,-308331414,-308331414,-10733553,-10733553,-296946023,-296946023,-326026012,-326026012,-561357721,-561357721,-626839499,-626839499,-544261952,-544261952,-488134746,-488134746,-487995124,-487995124,-490195413,-490195413,-211715427,-211715427,-164000009,-164000009,58980019,58980019,-148789908,-148789908,39718967,39718967,382749939,382749939,309792488,309792488,336790870
# status f = 62708295,0,1 : PASS_RHO (rho 0.96829, T 2833.4, 0s)
f = 95290404,0,1 | route RHO | claimed 0.93844140164773181608 | coeffs -230077219,41851787,41851787,-33545118,-33545118,156417299,156417299,245365461,245365461,110994233,110994233,-23056475,-23056475,-43871581,-43871581,-72527665,-72527665,-94284525,-94284525,-19196508,-19196508,27142439,27142439,-203966193,-203966193,-53946080,-53946080,-128484683,-128484683,-6303929,-6303929,10497389,10497389,-11438722,-11438722,-82532698,-82532698,-195377379,-195377379,16509076,16509076,-272413888,-272413888,-114170843,-114170843,-12465679,-12465679,2664895,2664895,193294498,193294498,108564105,108564105,210300074,210300074,467374813,467374813,547666100,547666100,3786155,3786155,272808493,272808493,230077219
f = 95290404,0,1 | route T | claimed 2433.0871468365864653 | coeffs 185808840,51100570,51100570,332161423,332161423,179974734,179974734,156598458,156598458,127570204,127570204,427214067,427214067,153781480,153781480,666404352,666404352,564580433,564580433,642798511,642798511,465093044,465093044,543147263,543147263,409321797,409321797,607199153,607199153,650350843,650350843,412787208,412787208,239887210,239887210,347610771,347610771,253516539,253516539,467713629,467713629,178638175,178638175,174204032,174204032,88810496,88810496,57586387,57586387,-19681202,-19681202,29681237,29681237,-55039118,-55039118,23238675,23238675,-63799087,-63799087,-157903175,-157903175,-117404902,-117404902,-185808840
# status f = 95290404,0,1 : PASS_RHO (rho 0.93844, T 2433.1, 0s)
f = 98992145,0,1 | route RHO | claimed 0.9495205488527860586 | coeffs -603327404,-483224546,-483224546,-374732848,-374732848,-555874698,-555874698,-427000534,-427000534,-666190819,-666190819,-721962066,-721962066,-656785629,-656785629,-746613308,-746613308,-740170746,-740170746,-673866414,-673866414,-403250805,-403250805,-303763416,-303763416,-498175361,-498175361,-423296997,-423296997,-451202147,-451202147,-397596332,-397596332,-222033367,-222033367,188765586,188765586,124713696,124713696,138343025,138343025,254960670,254960670,246200701,246200701,392553284,392553284,366342008,366342008,266690760,266690760,677154393,677154393,383644796,383644796,419002712,419002712,391097047,391097047,338692517,338692517,362298358,362298358,603327404
f = 98992145,0,1 | route T | claimed 1884.6205426613151853 | coeffs -423296997,-451202147,-451202147,-397596332,-397596332,-222033367,-222033367,188765586,188765586,124713696,124713696,138343025,138343025,254960670,254960670,246200701,246200701,392553284,392553284,366342008,366342008,266690760,266690760,677154393,677154393,383644796,383644796,419002712,419002712,391097047,391097047,338692517,338692517,362298358,362298358,603327404,603327404,483224546,483224546,374732848,374732848,555874698,555874698,427000534,427000534,666190819,666190819,721962066,721962066,656785629,656785629,746613308,746613308,740170746,740170746,673866414,673866414,403250805,403250805,303763416,303763416,498175361,498175361,423296997
# status f = 98992145,0,1 : PASS_RHO (rho 0.94952, T 1884.6, 0s)
f = 157674348,0,1 | route RHO | claimed 0.93681971365295256744 | coeffs 668119680,668119680,666908653,666908653,669835002,669835002,607318258,607318258,1076938364,1076938364,1068786789,1068786789,993276567,993276567,1050267272,1050267272,997880146,997880146,1044802548,1044802548,938914999,938914999,966749307,966749307,1017016740,1017016740,706623272,706623272,708151593,708151593,548460508,548460508,607490569,607490569,678960072,678960072,599936911,599936911,404076172,404076172,254808087,254808087,293668575,293668575,206000571,206000571,150112518,150112518,425828346,425828346,366953064,366953064,404801002,404801002,117769148,117769148,-37110947,-37110947,-156412711,-156412711,-387174418,-387174418,-405037267,-405037267
f = 157674348,0,1 | route T | claimed 2552.8181012573123709 | coeffs 71591074,71591074,265816364,265816364,308855890,308855890,427102088,427102088,412683925,412683925,222684284,222684284,96310314,96310314,307554650,307554650,335152583,335152583,215428614,215428614,-60078357,-60078357,100780300,100780300,-35088424,-35088424,-214303549,-214303549,-458417928,-458417928,-362435069,-362435069,-413976176,-413976176,-475390256,-475390256,-369608702,-369608702,-579455801,-579455801,-321227944,-321227944,-288930462,-288930462,-399718758,-399718758,-591951725,-591951725,-581601810,-581601810,-443606739,-443606739,-454684166,-454684166,-276351992,-276351992,-544277448,-544277448,-121377485,-121377485,-207205424,-207205424,-123493506,-123493506
# status f = 157674348,0,1 : PASS_RHO (rho 0.93682, T 2552.8, 0s)
f = 200215053,0,1 | route RHO | claimed 0.94289626045288979756 | coeffs -86638442,-86638442,-397031910,-397031910,-291144361,-291144361,-234153656,-234153656,-703773762,-703773762,-704984789,-704984789,-935746496,-935746496,-648714642,-648714642,-372998814,-372998814,-411859302,-411859302,-490882463,-490882463,-331191378,-331191378,-280923945,-280923945,-327846347,-327846347,-403356569,-403356569,-340839825,-340839825,-77757412,-77757412,-197059176,-197059176,-234907114,-234907114,-290795167,-290795167,-141527082,-141527082,-70057579,-70057579,-71585900,-71585900,-43751592,-43751592,8635534,8635534,483959,483959,-2442390,-2442390,15420459,15420459,-139459636,-139459636,-80584354,-80584354,-168252358,-168252358,27608381,27608381
f = 200215053,0,1 | route T | claimed 2857.6270356065634939 | coeffs 38106775,163514889,163514889,263374156,263374156,521287935,521287935,535252908,535252908,367681341,367681341,619524545,619524545,461244159,461244159,309478857,309478857,352599610,352599610,213849471,213849471,364403950,364403950,153230689,153230689,91085771,91085771,51393370,51393370,-305496152,-305496152,-92633218,-92633218,-302567189,-302567189,-81778354,-81778354,-230706174,-230706174,-311088534,-311088534,-244940096,-244940096,14350281,14350281,-66259303,-66259303,42471290,42471290,-109131188,-109131188,-171616552,-171616552,-262939069,-262939069,-168166375,-168166375,-7890110,-7890110,265223921,265223921,147267251,147267251,-38106775
# status f = 200215053,0,1 : PASS_RHO (rho 0.94290, T 2857.6, 0s)
f = 264004048,0,1 | route RHO | claimed 0.92978738604902976215 | coeffs -496954133,-441066080,-441066080,-177983667,-177983667,-131061265,-131061265,-210084426,-210084426,-497116280,-497116280,-966736386,-966736386,-656342918,-656342918,-568674914,-568674914,-550812065,-550812065,-603199191,-603199191,-531729688,-531729688,-493881750,-493881750,-431365006,-431365006,-481632439,-481632439,-520492927,-520492927,-289731220,-289731220,-232740515,-232740515,-173710454,-173710454,-232585736,-232585736,-235512085,-235512085,-263346393,-263346393,-114078308,-114078308,5223456,5223456,-70286766,-70286766,-229977851,-229977851,45737977,45737977,46949004,46949004,152836553,152836553,348697292,348697292,503577387,503577387,495425812,495425812,496954133
f = 264004048,0,1 | route T | claimed 2010.1268118690880389 | coeffs 384173167,384173167,623363452,623363452,557059120,557059120,584964270,584964270,571334941,571334941,670986189,670986189,723390719,723390719,542248869,542248869,452421190,452421190,258009245,258009245,668808198,668808198,815160781,815160781,850518697,850518697,730415839,730415839,786187086,786187086,515571477,515571477,461965662,461965662,345348017,345348017,-65115616,-65115616,-88721457,-88721457,40152707,40152707,46595269,46595269,121473633,121473633,57421743,57421743,31210467,31210467,3304802,3304802,-105186896,-105186896,-170363333,-170363333,-269850722,-269850722,-445413687,-445413687,-436653718,-436653718,-143144121,-143144121
# status f = 264004048,0,1 : PASS_RHO (rho 0.92979, T 2010.1, 0s)
f = 329616200,0,1 | route RHO | claimed 0.93219852422683805058 | coeffs -546711463,-1059334335,-1059334335,-965240103,-965240103,-871136015,-871136015,-972959934,-972959934,-758762844,-758762844,-718264571,-718264571,-796482649,-796482649,-507407195,-507407195,-439003257,-439003257,-616708724,-616708724,-621142867,-621142867,-486434597,-486434597,-564488816,-564488816,-479095280,-479095280,-198034427,-198034427,-331859893,-331859893,-363084002,-363084002,-210897313,-210897313,-408774669,-408774669,-331507080,-331507080,-354883356,-354883356,-311731666,-311731666,-262369227,-262369227,-233340973,-233340973,4222662,4222662,88943017,88943017,388586880,388586880,215686882,215686882,293964675,293964675,567397262,567397262,459673701,459673701,546711463
f = 329616200,0,1 | route T | claimed 2021.9187554789044257 | coeffs 432897524,434108551,434108551,279228456,279228456,223340403,223340403,144317242,144317242,-166076226,-166076226,-218463352,-218463352,-280980096,-280980096,-50218389,-50218389,8656893,8656893,157924978,157924978,317616063,317616063,423503612,423503612,431655187,431655187,168572774,168572774,-118459080,-118459080,-206127084,-206127084,-134657581,-134657581,-84390148,-84390148,-27399443,-27399443,-24473094,-24473094,94828670,94828670,-180887158,-180887158,14973581,14973581,13445260,13445260,-33477142,-33477142,-503097248,-503097248,-520960097,-520960097,-483112159,-483112159,-444251671,-444251671,-385221610,-385221610,-357387302,-357387302,-432897524
# status f = 329616200,0,1 : PASS_RHO (rho 0.93220, T 2021.9, 0s)
f = 329996381,0,1 | route RHO | claimed 0.97089606630673092554 | coeffs 192407003,192407003,86519454,86519454,30631401,30631401,-438988705,-438988705,-510458208,-510458208,-279696501,-279696501,-251862193,-251862193,23853635,23853635,32005210,32005210,111028371,111028371,128891220,128891220,179158653,179158653,120283371,120283371,195793593,195793593,391654332,391654332,654736745,654736745,344343277,344343277,382191215,382191215,325200510,325200510,474468595,474468595,473257568,473257568,474785889,474785889,187754035,187754035,240141161,240141161,201280673,201280673,204207022,204207022,44515937,44515937,-110364158,-110364158,-157286560,-157286560,-69618556,-69618556,-132135300,-132135300,-73105239,-73105239
f = 329996381,0,1 | route T | claimed 2713.4618001673507807 | coeffs 210403586,346272310,346272310,208277239,208277239,81903269,81903269,-127943830,-127943830,-76041398,-76041398,103173727,103173727,114251154,114251154,325495490,325495490,583723347,583723347,389498057,389498057,633612436,633612436,455280262,455280262,482878195,482878195,515175677,515175677,472136151,472136151,376153292,376153292,644078748,644078748,524354779,524354779,413566483,413566483,295320285,295320285,346861392,346861392,-76038571,-76038571,-351545542,-351545542,-543778509,-543778509,-529360346,-529360346,-467946266,-467946266,-382118327,-382118327,-221259670,-221259670,-210909755,-210909755,-20910114,-20910114,-126691668,-126691668,-210403586
# status f = 329996381,0,1 : PASS_RHO (rho 0.97090, T 2713.5, 0s)
f = 347871546,0,1 | route RHO | claimed 0.94289626045288979756 | coeffs -704984789,-703773762,-703773762,-234153656,-234153656,-291144361,-291144361,-397031910,-397031910,-86638442,-86638442,-27608381,-27608381,168252358,168252358,80584354,80584354,139459636,139459636,-15420459,-15420459,2442390,2442390,-483959,-483959,-8635534,-8635534,43751592,43751592,71585900,71585900,70057579,70057579,141527082,141527082,290795167,290795167,234907114,234907114,197059176,197059176,77757412,77757412,340839825,340839825,403356569,403356569,327846347,327846347,280923945,280923945,331191378,331191378,490882463,490882463,411859302,411859302,372998814,372998814,648714642,648714642,935746496,935746496,704984789
f = 347871546,0,1 | route T | claimed 2097.4944153686558212 | coeffs -86638442,-86638442,-27608381,-27608381,168252358,168252358,80584354,80584354,139459636,139459636,-15420459,-15420459,2442390,2442390,-483959,-483959,-8635534,-8635534,43751592,43751592,71585900,71585900,70057579,70057579,141527082,141527082,290795167,290795167,234907114,234907114,197059176,197059176,77757412,77757412,340839825,340839825,403356569,403356569,327846347,327846347,280923945,280923945,331191378,331191378,490882463,490882463,411859302,411859302,372998814,372998814,648714642,648714642,935746496,935746496,704984789,704984789,703773762,703773762,234153656,234153656,291144361,291144361,397031910,397031910
# status f = 347871546,0,1 : PASS_RHO (rho 0.94290, T 2097.5, 0s)
f = 435323480,0,1 | route RHO | claimed 0.93844140164773181608 | coeffs -41851787,230077219,230077219,272808493,272808493,3786155,3786155,547666100,547666100,467374813,467374813,210300074,210300074,108564105,108564105,193294498,193294498,2664895,2664895,-12465679,-12465679,-114170843,-114170843,-272413888,-272413888,16509076,16509076,-195377379,-195377379,-82532698,-82532698,-11438722,-11438722,10497389,10497389,-6303929,-6303929,-128484683,-128484683,-53946080,-53946080,-203966193,-203966193,27142439,27142439,-19196508,-19196508,-94284525,-94284525,-72527665,-72527665,-43871581,-43871581,-23056475,-23056475,110994233,110994233,245365461,245365461,156417299,156417299,-33545118,-33545118,41851787
f = 435323480,0,1 | route T | claimed 2757.4457512698010962 | coeffs 321094783,446502897,446502897,351730203,351730203,432339787,432339787,211550952,211550952,273695870,273695870,425461172,425461172,167547393,167547393,440661424,440661424,289058946,289058946,208676586,208676586,-148212936,-148212936,-286963075,-286963075,-454534642,-454534642,-269160616,-269160616,-177838099,-177838099,-437128476,-437128476,-227194505,-227194505,-16021244,-16021244,142259142,142259142,42399875,42399875,202676140,202676140,311406733,311406733,162478913,162478913,122786512,122786512,165907265,165907265,179872238,179872238,297828908,297828908,360314272,360314272,294165834,294165834,81302900,81302900,-69251579,-69251579,-321094783
# status f = 435323480,0,1 : PASS_RHO (rho 0.93844, T 2757.4, 0s)
f = 441045082,0,1 | route RHO | claimed 0.93219852422683805058 | coeffs -311731666,-354883356,-354883356,-331507080,-331507080,-408774669,-408774669,-210897313,-210897313,-363084002,-363084002,-331859893,-331859893,-198034427,-198034427,-479095280,-479095280,-564488816,-564488816,-486434597,-486434597,-621142867,-621142867,-616708724,-616708724,-439003257,-439003257,-507407195,-507407195,-796482649,-796482649,-718264571,-718264571,-758762844,-758762844,-972959934,-972959934,-871136015,-871136015,-965240103,-965240103,-1059334335,-1059334335,-546711463,-546711463,-459673701,-459673701,-567397262,-567397262,-293964675,-293964675,-215686882,-215686882,-388586880,-388586880,-88943017,-88943017,-4222662,-4222662,233340973,233340973,262369227,262369227,311731666
f = 441045082,0,1 | route T | claimed 2145.0469688566316009 | coeffs -589445442,-589445442,-494488108,-494488108,-238073113,-238073113,-219949799,-219949799,220148694,220148694,75482415,75482415,-68456534,-68456534,247454129,247454129,284377461,284377461,76792673,76792673,-11928777,-11928777,219996580,219996580,192703928,192703928,190928558,190928558,59882370,59882370,-72494506,-72494506,95252098,95252098,257895955,257895955,510526083,510526083,348585728,348585728,498654289,498654289,586313283,586313283,523333800,523333800,531137529,531137529,300909748,300909748,331355452,331355452,396758662,396758662,313284400,313284400,468180829,468180829,676686688,676686688,680681032,680681032,557282288,557282288
# status f = 441045082,0,1 : PASS_RHO (rho 0.93220, T 2145.0, 0s)
f = 451270132,0,1 | route RHO | claimed 0.95683365581905487865 | coeffs 707820305,637290672,637290672,613974111,613974111,453095287,453095287,635294867,635294867,649612324,649612324,387148290,387148290,781890032,781890032,668843811,668843811,658140831,658140831,512999275,512999275,365618055,365618055,375660871,375660871,365393532,365393532,64949918,64949918,164058766,164058766,-116530526,-116530526,-54891075,-54891075,-141671507,-141671507,-6588382,-6588382,54141210,54141210,115597938,115597938,-139051171,-139051171,-42187616,-42187616,-358151213,-358151213,-408002216,-408002216,-401709150,-401709150,-527043543,-527043543,-492322683,-492322683,-547456819,-547456819,-793798397,-793798397,-835305861,-835305861,-707820305
f = 451270132,0,1 | route T | claimed 2177.2242383198789745 | coeffs 49343468,49343468,-141475557,-141475557,-117189914,-117189914,96014372,96014372,41726512,41726512,262641296,262641296,59180760,59180760,-9526359,-9526359,351511648,351511648,454672433,454672433,305993227,305993227,351914836,351914836,347289126,347289126,238111845,238111845,5942261,5942261,122859110,122859110,-40396908,-40396908,48475016,48475016,208476441,208476441,229914233,229914233,595852840,595852840,515493428,515493428,492260161,492260161,387986105,387986105,701651475,701651475,731680380,731680380,621965296,621965296,682875640,682875640,260517767,260517767,378447984,378447984,231411416,231411416,212426295,212426295
# status f = 451270132,0,1 : PASS_RHO (rho 0.95683, T 2177.2, 0s)
f = 456336463,0,1 | route RHO | claimed 0.93966971414014826412 | coeffs 648704076,648704076,586187332,586187332,498519328,498519328,451596926,451596926,606477021,606477021,446785936,446785936,443859587,443859587,404999099,404999099,352611973,352611973,65580119,65580119,64051798,64051798,62840771,62840771,-86427314,-86427314,-143418019,-143418019,-181265957,-181265957,-491659425,-491659425,-754741838,-754741838,-558881099,-558881099,-634391321,-634391321,-693266603,-693266603,-743534036,-743534036,-725671187,-725671187,-804694348,-804694348,-796542773,-796542773,-1072258601,-1072258601,-1044424293,-1044424293,-1275186000,-1275186000,-1346655503,-1346655503,-877035397,-877035397,-932923450,-932923450,-827035901,-827035901,-707734137,-707734137
f = 456336463,0,1 | route T | claimed 2130.3019575014694654 | coeffs 217916794,217916794,338019652,338019652,427847331,427847331,399942181,399942181,408702150,408702150,380796485,380796485,509670649,509670649,239055040,239055040,649853993,649853993,749505241,749505241,990534287,990534287,1055710724,1055710724,980832360,980832360,1097450005,1097450005,1062092089,1062092089,1243233939,1243233939,1309538271,1309538271,1133975306,1133975306,1107764030,1107764030,1084158189,1084158189,1139929436,1139929436,945517491,945517491,931888162,931888162,638378565,638378565,746870263,746870263,740427701,740427701,794033516,794033516,647680933,647680933,595276403,595276403,356086118,356086118,256598729,256598729,192546839,192546839
# status f = 456336463,0,1 : PASS_RHO (rho 0.93967, T 2130.3, 0s)
f = 471411499,0,1 | route RHO | claimed 0.96829271350665252691 | coeffs 169972941,169972941,142138633,142138633,-327481473,-327481473,-446783237,-446783237,-534451241,-534451241,-694142326,-694142326,-746529452,-746529452,-747740479,-747740479,-785588417,-785588417,-589727678,-589727678,-639995111,-639995111,-631843536,-631843536,-862605243,-862605243,-918493296,-918493296,-859463235,-859463235,-812540833,-812540833,-809614484,-809614484,-522582630,-522582630,-373314545,-373314545,-62921077,-62921077,12589145,12589145,-5273704,-5273704,270442124,270442124,341911627,341911627,236024078,236024078,173507334,173507334,328387429,328387429,289526941,289526941,287998620,287998620,231007915,231007915,-32074498,-32074498,-90949780,-90949780
f = 471411499,0,1 | route T | claimed 2662.8753132234972381 | coeffs -5273704,-5273704,270442124,270442124,341911627,341911627,236024078,236024078,173507334,173507334,328387429,328387429,289526941,289526941,287998620,287998620,231007915,231007915,-32074498,-32074498,-90949780,-90949780,-169972941,-169972941,-142138633,-142138633,327481473,327481473,446783237,446783237,534451241,534451241,694142326,694142326,746529452,746529452,747740479,747740479,785588417,785588417,589727678,589727678,639995111,639995111,631843536,631843536,862605243,862605243,918493296,918493296,859463235,859463235,812540833,812540833,809614484,809614484,522582630,522582630,373314545,373314545,62921077,62921077,-12589145,-12589145
# status f = 471411499,0,1 : PASS_RHO (rho 0.96829, T 2662.9, 0s)
f = 495550264,0,1 | route RHO | claimed 0.94193354535258880186 | coeffs -92629056,-92629056,-93840083,-93840083,-144107516,-144107516,-199995569,-199995569,-197069220,-197069220,113324248,113324248,389040076,389040076,326523332,326523332,324995011,324995011,266119729,266119729,735739835,735739835,895430920,895430920,933278858,933278858,925127283,925127283,866097222,866097222,579065368,579065368,503555146,503555146,432085643,432085643,277205548,277205548,334196253,334196253,413219414,413219414,293917650,293917650,241530524,241530524,437391263,437391263,206629556,206629556,253551958,253551958,402820043,402820043,384957194,384957194,279069645,279069645,240209157,240209157,-22873256,-22873256,4961052,4961052
f = 495550264,0,1 | route T | claimed 2406.6177294759888933 | coeffs 199076924,199076924,52724341,52724341,43964372,43964372,-72653273,-72653273,-59023944,-59023944,5027946,5027946,415826899,415826899,240263934,240263934,293869749,293869749,321774899,321774899,396653263,396653263,591065208,591065208,690552597,690552597,419936988,419936988,486241320,486241320,479798758,479798758,389971079,389971079,324794642,324794642,269023395,269023395,508213680,508213680,637087844,637087844,818229694,818229694,926721392,926721392,806618534,806618534,565589488,565589488,589195329,589195329,641599859,641599859,613694194,613694194,578336278,578336278,284826681,284826681,-125636952,-125636952,-225288200,-225288200
# status f = 495550264,0,1 : PASS_RHO (rho 0.94193, T 2406.6, 0s)
f = 504851209,0,1 | route RHO | claimed 0.9495205488527860586 | coeffs 423296997,423296997,498175361,498175361,303763416,303763416,403250805,403250805,673866414,673866414,740170746,740170746,746613308,746613308,656785629,656785629,721962066,721962066,666190819,666190819,427000534,427000534,555874698,555874698,374732848,374732848,483224546,483224546,603327404,603327404,362298358,362298358,338692517,338692517,391097047,391097047,419002712,419002712,383644796,383644796,677154393,677154393,266690760,266690760,366342008,366342008,392553284,392553284,246200701,246200701,254960670,254960670,138343025,138343025,124713696,124713696,188765586,188765586,-222033367,-222033367,-397596332,-397596332,-451202147,-451202147
f = 504851209,0,1 | route T | claimed 2223.1057984516942586 | coeffs 446857381,446857381,525880542,525880542,645182306,645182306,592795180,592795180,396934441,396934441,166172734,166172734,119250332,119250332,268518417,268518417,286381266,286381266,180493717,180493717,219354205,219354205,-43728208,-43728208,-71562516,-71562516,16105488,16105488,14894461,14894461,65161894,65161894,9273841,9273841,6347492,6347492,316740960,316740960,41025132,41025132,-21491612,-21491612,-19963291,-19963291,-78838573,-78838573,-548458679,-548458679,-388767594,-388767594,-426615532,-426615532,-434767107,-434767107,-375737046,-375737046,-662768900,-662768900,-587258678,-587258678,-658728181,-658728181,-503848086,-503848086
# status f = 504851209,0,1 : PASS_RHO (rho 0.94952, T 2223.1, 0s)
f = 528989974,0,1 | route RHO | claimed 0.93023987020295500422 | coeffs 80618139,80618139,240309224,240309224,187922098,187922098,189133125,189133125,151285187,151285187,-44575552,-44575552,-94842985,-94842985,-102994560,-102994560,-333756267,-333756267,-277868214,-277868214,-218838153,-218838153,-265760555,-265760555,-262834206,-262834206,-549866060,-549866060,-400597975,-400597975,-710991443,-710991443,-635481221,-635481221,-617618372,-617618372,-341902544,-341902544,-413372047,-413372047,-519259596,-519259596,-456742852,-456742852,-301862757,-301862757,-263002269,-263002269,-264530590,-264530590,-207539885,-207539885,-470622298,-470622298,-411747016,-411747016,-490770177,-490770177,-518604485,-518604485,-48984379,-48984379,-168286143,-168286143
f = 528989974,0,1 | route T | claimed 2060.0809597399755309 | coeffs 115050309,408559906,408559906,462165721,462165721,701356006,701356006,290892373,290892373,262987223,262987223,134113059,134113059,233764307,233764307,308642671,308642671,489784521,489784521,515995797,515995797,321583852,321583852,213092154,213092154,66739571,66739571,166226960,166226960,46124102,46124102,54884071,54884071,325499680,325499680,566528726,566528726,449911081,449911081,516215413,516215413,539821254,539821254,526191925,526191925,532634487,532634487,480229957,480229957,544281847,544281847,454454168,454454168,426548503,426548503,15749550,15749550,80925987,80925987,116283903,116283903,-59279062,-59279062,-115050309
# status f = 528989974,0,1 : PASS_RHO (rho 0.93024, T 2060.1, 0s)
f = 544065010,0,1 | route RHO | claimed 0.97089606630673092554 | coeffs -279696501,-279696501,-510458208,-510458208,-438988705,-438988705,30631401,30631401,86519454,86519454,192407003,192407003,73105239,73105239,132135300,132135300,69618556,69618556,157286560,157286560,110364158,110364158,-44515937,-44515937,-204207022,-204207022,-201280673,-201280673,-240141161,-240141161,-187754035,-187754035,-474785889,-474785889,-473257568,-473257568,-474468595,-474468595,-325200510,-325200510,-382191215,-382191215,-344343277,-344343277,-654736745,-654736745,-391654332,-391654332,-195793593,-195793593,-120283371,-120283371,-179158653,-179158653,-128891220,-128891220,-111028371,-111028371,-32005210,-32005210,-23853635,-23853635,251862193,251862193
f = 544065010,0,1 | route T | claimed 2515.0086422951449994 | coeffs 175637071,75985823,75985823,317014869,317014869,251838432,251838432,176960068,176960068,60342423,60342423,24984507,24984507,-156157343,-156157343,-89853011,-89853011,85709954,85709954,59498678,59498678,83104519,83104519,138875766,138875766,333287711,333287711,319658382,319658382,613167979,613167979,721659677,721659677,728102239,728102239,781708054,781708054,928060637,928060637,875656107,875656107,1114846392,1114846392,1015359003,1015359003,1079410893,1079410893,668947260,668947260,789050118,789050118,699222439,699222439,671317289,671317289,662557320,662557320,634651655,634651655,505777491,505777491,235161882,235161882,-175637071
# status f = 544065010,0,1 : PASS_RHO (rho 0.97090, T 2515.0, 0s)
f = 549131341,0,1 | route RHO | claimed 0.93681971365295256744 | coeffs 404801002,404801002,366953064,366953064,425828346,425828346,150112518,150112518,206000571,206000571,293668575,293668575,254808087,254808087,404076172,404076172,599936911,599936911,678960072,678960072,607490569,607490569,548460508,548460508,708151593,708151593,706623272,706623272,1017016740,1017016740,966749307,966749307,938914999,938914999,1044802548,1044802548,997880146,997880146,1050267272,1050267272,993276567,993276567,1068786789,1068786789,1076938364,1076938364,607318258,607318258,669835002,669835002,666908653,666908653,668119680,668119680,405037267,405037267,387174418,387174418,156412711,156412711,37110947,37110947,-117769148,-117769148
f = 549131341,0,1 | route T | claimed 1812.9753784688919828 | coeffs -39470780,-39470780,-74828696,-74828696,-51222855,-51222855,57268843,57268843,296459128,296459128,206631449,206631449,-63984160,-63984160,10894204,10894204,-164668761,-164668761,-151039432,-151039432,-297392015,-297392015,113071618,113071618,140977283,140977283,382006329,382006329,200864479,200864479,256635726,256635726,263078288,263078288,163590899,163590899,135685749,135685749,-275113204,-275113204,-158495559,-158495559,-132284283,-132284283,-425793880,-425793880,-373389350,-373389350,-493492208,-493492208,-364618044,-364618044,-429794481,-429794481,-363490149,-363490149,-169078204,-169078204,-115472389,-115472389,-51420499,-51420499,-60180468,-60180468
# status f = 549131341,0,1 : PASS_RHO (rho 0.93682, T 1813.0, 0s)
f = 559356391,0,1 | route RHO | claimed 0.93028823447950297953 | coeffs 852979996,703711911,703711911,762587193,762587193,531825486,531825486,469308742,469308742,521695868,521695868,211302400,211302400,290325561,290325561,234437508,234437508,389317603,389317603,390528630,390528630,315018408,315018408,287184100,287184100,346214161,346214161,307353673,307353673,345201611,345201611,363064460,363064460,-106555646,-106555646,-59633244,-59633244,-61161565,-61161565,-257022304,-257022304,-532738132,-532738132,-652039896,-652039896,-649113547,-649113547,-706104252,-706104252,-655836819,-655836819,-727306322,-727306322,-814974326,-814974326,-527942472,-527942472,-791024885,-791024885,-799176460,-799176460,-693288911,-693288911,-852979996
f = 559356391,0,1 | route T | claimed 2551.2019232977489011 | coeffs 205254062,169888551,169888551,-66253058,-66253058,-334955659,-334955659,77492592,77492592,68525101,68525101,-28638487,-28638487,8822233,8822233,-78318232,-78318232,-173185546,-173185546,225864269,225864269,-13106285,-13106285,-172946370,-172946370,-127964296,-127964296,-7107006,-7107006,-204255588,-204255588,-41198764,-41198764,-307388710,-307388710,-473396699,-473396699,-623392000,-623392000,-543676280,-543676280,-544627984,-544627984,-710342701,-710342701,-451664646,-451664646,-587346626,-587346626,-380511963,-380511963,-595600571,-595600571,-543735597,-543735597,-542375072,-542375072,-430573255,-430573255,-379093028,-379093028,-327904639,-327904639,-205254062
# status f = 559356391,0,1 : PASS_RHO (rho 0.93029, T 2551.2, 0s)
f = 565077993,0,1 | route RHO | claimed 0.87097066460453392129 | coeffs -439395718,-477243656,-477243656,-430321254,-430321254,-154605426,-154605426,-211596131,-211596131,-123928127,-123928127,-132079702,-132079702,-281347787,-281347787,-218831043,-218831043,-139807882,-139807882,-141018909,-141018909,-81988848,-81988848,-99851697,-99851697,-101380018,-101380018,17921746,17921746,68189179,68189179,-218842675,-218842675,-112955126,-112955126,-54079844,-54079844,-106466970,-106466970,-162355023,-162355023,-86844801,-86844801,-125705289,-125705289,343914817,343914817,148054078,148054078,145127729,145127729,73658226,73658226,336740639,336740639,177049554,177049554,-53712153,-53712153,256681315,256681315,411561410,411561410,439395718
f = 565077993,0,1 | route T | claimed 1825.701793313103127 | coeffs -125705289,343914817,343914817,148054078,148054078,145127729,145127729,73658226,73658226,336740639,336740639,177049554,177049554,-53712153,-53712153,256681315,256681315,411561410,411561410,439395718,439395718,477243656,477243656,430321254,430321254,154605426,154605426,211596131,211596131,123928127,123928127,132079702,132079702,281347787,281347787,218831043,218831043,139807882,139807882,141018909,141018909,81988848,81988848,99851697,99851697,101380018,101380018,-17921746,-17921746,-68189179,-68189179,218842675,218842675,112955126,112955126,54079844,54079844,106466970,106466970,162355023,162355023,86844801,86844801,125705289
# status f = 565077993,0,1 : PASS_RHO (rho 0.87097, T 1825.7, 0s)
f = 652529927,0,1 | route RHO | claimed 0.9480354694918965464 | coeffs 78315274,205800830,205800830,260934966,260934966,267228032,267228032,170364477,170364477,231094069,231094069,169454618,169454618,-130988996,-130988996,16392224,16392224,-96653997,-96653997,-110971454,-110971454,-134288015,-134288015,-175795479,-175795479,-210516339,-210516339,-260367342,-260367342,-5718233,-5718233,129364892,129364892,409954184,409954184,399686845,399686845,544828401,544828401,939570143,939570143,757370563,757370563,686840930,686840930,440499352,440499352,565833745,565833745,249870148,249870148,188413420,188413420,101632988,101632988,2524140,2524140,12566956,12566956,23269936,23269936,-239194098,-239194098,-78315274
f = 652529927,0,1 | route T | claimed 2192.505314129074044 | coeffs 161647083,161647083,160436056,160436056,630056162,630056162,687046867,687046867,581159318,581159318,270765850,270765850,329795911,329795911,133935172,133935172,46267168,46267168,-12608114,-12608114,-167488209,-167488209,-185351058,-185351058,-188277407,-188277407,-180125832,-180125832,-127738706,-127738706,-155573014,-155573014,-157101335,-157101335,-228570838,-228570838,-79302753,-79302753,-23414700,-23414700,-61262638,-61262638,58039126,58039126,321121539,321121539,258604795,258604795,183094573,183094573,230016975,230016975,280284408,280284408,120593323,120593323,41570162,41570162,80430650,80430650,356146478,356146478,69114624,69114624
# status f = 652529927,0,1 : PASS_RHO (rho 0.94804, T 2192.5, 0s)
f = 670405092,0,1 | route RHO | claimed 0.93966971414014826412 | coeffs 143418019,143418019,86427314,86427314,-62840771,-62840771,-64051798,-64051798,-65580119,-65580119,-352611973,-352611973,-404999099,-404999099,-443859587,-443859587,-446785936,-446785936,-606477021,-606477021,-451596926,-451596926,-498519328,-498519328,-586187332,-586187332,-648704076,-648704076,-707734137,-707734137,-827035901,-827035901,-932923450,-932923450,-877035397,-877035397,-1346655503,-1346655503,-1275186000,-1275186000,-1044424293,-1044424293,-1072258601,-1072258601,-796542773,-796542773,-804694348,-804694348,-725671187,-725671187,-743534036,-743534036,-693266603,-693266603,-634391321,-634391321,-558881099,-558881099,-754741838,-754741838,-491659425,-491659425,-181265957,-181265957
f = 670405092,0,1 | route T | claimed 2525.156927520298088 | coeffs 256598729,356086118,356086118,595276403,595276403,647680933,647680933,794033516,794033516,740427701,740427701,746870263,746870263,638378565,638378565,931888162,931888162,945517491,945517491,1139929436,1139929436,1084158189,1084158189,1107764030,1107764030,1133975306,1133975306,1309538271,1309538271,1243233939,1243233939,1062092089,1062092089,1097450005,1097450005,980832360,980832360,1055710724,1055710724,990534287,990534287,749505241,749505241,649853993,649853993,239055040,239055040,509670649,509670649,380796485,380796485,408702150,408702150,399942181,399942181,427847331,427847331,338019652,338019652,217916794,217916794,-192546839,-192546839,-256598729
# status f = 670405092,0,1 : PASS_RHO (rho 0.93967, T 2525.2, 1s)
f = 670785273,0,1 | route RHO | claimed 0.93028823447950297953 | coeffs 389317603,389317603,234437508,234437508,290325561,290325561,211302400,211302400,521695868,521695868,469308742,469308742,531825486,531825486,762587193,762587193,703711911,703711911,852979996,852979996,693288911,693288911,799176460,799176460,791024885,791024885,527942472,527942472,814974326,814974326,727306322,727306322,655836819,655836819,706104252,706104252,649113547,649113547,652039896,652039896,532738132,532738132,257022304,257022304,61161565,61161565,59633244,59633244,106555646,106555646,-363064460,-363064460,-345201611,-345201611,-307353673,-307353673,-346214161,-346214161,-287184100,-287184100,-315018408,-315018408,-390528630,-390528630
f = 670785273,0,1 | route T | claimed 2007.0320172820789834 | coeffs -61161565,-61161565,-59633244,-59633244,-106555646,-106555646,363064460,363064460,345201611,345201611,307353673,307353673,346214161,346214161,287184100,287184100,315018408,315018408,390528630,390528630,389317603,389317603,234437508,234437508,290325561,290325561,211302400,211302400,521695868,521695868,469308742,469308742,531825486,531825486,762587193,762587193,703711911,703711911,852979996,852979996,693288911,693288911,799176460,799176460,791024885,791024885,527942472,527942472,814974326,814974326,727306322,727306322,655836819,655836819,706104252,706104252,649113547,649113547,652039896,652039896,532738132,532738132,257022304,257022304
# status f = 670785273,0,1 : PASS_RHO (rho 0.93029, T 2007.0, 0s)
f = 736397425,0,1 | route RHO | claimed 0.96220305277688300536 | coeffs -604304129,-497786682,-497786682,-617733915,-617733915,-668566987,-668566987,-585622002,-585622002,-627839907,-627839907,-501818170,-501818170,-229466959,-229466959,-283926020,-283926020,-189722428,-189722428,-130697069,-130697069,-176751993,-176751993,-416597676,-416597676,-427041333,-427041333,-261364623,-261364623,-213555828,-213555828,-147708029,-147708029,-75309747,-75309747,9363019,9363019,-61437210,-61437210,-30636818,-30636818,-259890670,-259890670,143057755,143057755,293520041,293520041,87724494,87724494,456408417,456408417,507642425,507642425,290533382,290533382,51772871,51772871,39121862,39121862,142470484,142470484,488464889,488464889,604304129
f = 736397425,0,1 | route T | claimed 2897.044613908734559 | coeffs 21077579,-109968609,-109968609,-128091923,-128091923,102135858,102135858,100360488,100360488,-156054507,-156054507,-163858236,-163858236,-191150888,-191150888,-286108222,-286108222,-223128739,-223128739,8796618,8796618,40959772,40959772,-46699222,-46699222,-135420672,-135420672,-258819416,-258819416,-408887977,-408887977,-616472765,-616472765,-612478421,-612478421,-450538066,-450538066,-413614734,-413614734,-205108875,-205108875,-457739003,-457739003,-141828340,-141828340,13068089,13068089,-149575768,-149575768,-293514717,-293514717,-376988979,-376988979,-544735583,-544735583,-689401862,-689401862,-623998652,-623998652,-491621776,-491621776,-51523283,-51523283,-21077579
# status f = 736397425,0,1 : PASS_RHO (rho 0.96220, T 2897.0, 0s)
f = 800186420,0,1 | route RHO | claimed 0.9480354694918965464 | coeffs 129364892,-5718233,-5718233,-260367342,-260367342,-210516339,-210516339,-175795479,-175795479,-134288015,-134288015,-110971454,-110971454,-96653997,-96653997,16392224,16392224,-130988996,-130988996,169454618,169454618,231094069,231094069,170364477,170364477,267228032,267228032,260934966,260934966,205800830,205800830,78315274,78315274,239194098,239194098,-23269936,-23269936,-12566956,-12566956,-2524140,-2524140,-101632988,-101632988,-188413420,-188413420,-249870148,-249870148,-565833745,-565833745,-440499352,-440499352,-686840930,-686840930,-757370563,-757370563,-939570143,-939570143,-544828401,-544828401,-399686845,-399686845,-409954184,-409954184,-129364892
f = 800186420,0,1 | route T | claimed 2843.4561652728135315 | coeffs -190132543,-227493744,-227493744,-169831431,-169831431,-146949777,-146949777,-187925279,-187925279,-32364128,-32364128,-48699495,-48699495,77257740,77257740,-111455392,-111455392,203395768,203395768,200844363,200844363,187875198,187875198,269121197,269121197,201021534,201021534,203602980,203602980,431898573,431898573,110703441,110703441,416075080,416075080,176211245,176211245,252523276,252523276,-85227761,-85227761,239250789,239250789,248307101,248307101,198479516,198479516,350428245,350428245,-179936692,-179936692,-168946177,-168946177,-55202156,-55202156,145996393,145996393,119045521,119045521,86440576,86440576,274997019,274997019,190132543
# status f = 800186420,0,1 : PASS_RHO (rho 0.94804, T 2843.5, 0s)
f = 842727125,0,1 | route RHO | claimed 0.95683365581905487865 | coeffs 116530526,-164058766,-164058766,-64949918,-64949918,-365393532,-365393532,-375660871,-375660871,-365618055,-365618055,-512999275,-512999275,-658140831,-658140831,-668843811,-668843811,-781890032,-781890032,-387148290,-387148290,-649612324,-649612324,-635294867,-635294867,-453095287,-453095287,-613974111,-613974111,-637290672,-637290672,-707820305,-707820305,-835305861,-835305861,-793798397,-793798397,-547456819,-547456819,-492322683,-492322683,-527043543,-527043543,-401709150,-401709150,-408002216,-408002216,-358151213,-358151213,-42187616,-42187616,-139051171,-139051171,115597938,115597938,54141210,54141210,-6588382,-6588382,-141671507,-141671507,-54891075,-54891075,-116530526
f = 842727125,0,1 | route T | claimed 2238.9651133922719417 | coeffs -835305861,-793798397,-793798397,-547456819,-547456819,-492322683,-492322683,-527043543,-527043543,-401709150,-401709150,-408002216,-408002216,-358151213,-358151213,-42187616,-42187616,-139051171,-139051171,115597938,115597938,54141210,54141210,-6588382,-6588382,-141671507,-141671507,-54891075,-54891075,-116530526,-116530526,164058766,164058766,64949918,64949918,365393532,365393532,375660871,375660871,365618055,365618055,512999275,512999275,658140831,658140831,668843811,668843811,781890032,781890032,387148290,387148290,649612324,649612324,635294867,635294867,453095287,453095287,613974111,613974111,637290672,637290672,707820305,707820305,835305861
# status f = 842727125,0,1 : PASS_RHO (rho 0.95683, T 2239.0, 0s)
f = 901409328,0,1 | route RHO | claimed 0.94193354535258880186 | coeffs -92629056,-4961052,-4961052,22873256,22873256,-240209157,-240209157,-279069645,-279069645,-384957194,-384957194,-402820043,-402820043,-253551958,-253551958,-206629556,-206629556,-437391263,-437391263,-241530524,-241530524,-293917650,-293917650,-413219414,-413219414,-334196253,-334196253,-277205548,-277205548,-432085643,-432085643,-503555146,-503555146,-579065368,-579065368,-866097222,-866097222,-925127283,-925127283,-933278858,-933278858,-895430920,-895430920,-735739835,-735739835,-266119729,-266119729,-324995011,-324995011,-326523332,-326523332,-389040076,-389040076,-113324248,-113324248,197069220,197069220,199995569,199995569,144107516,144107516,93840083,93840083,92629056
f = 901409328,0,1 | route T | claimed 2101.7851938458821896 | coeffs 271715951,271715951,-42810189,-42810189,-210526255,-210526255,-156448882,-156448882,-244529508,-244529508,-389602497,-389602497,-87067012,-87067012,-252781150,-252781150,-23700535,-23700535,45834251,45834251,-116211884,-116211884,-285766711,-285766711,-407563443,-407563443,-452328808,-452328808,-506087626,-506087626,-81120539,-81120539,58659940,58659940,-38646301,-38646301,65199437,65199437,7737568,7737568,-93381457,-93381457,-120968707,-120968707,-382743866,-382743866,-512578260,-512578260,-482801748,-482801748,-204091015,-204091015,-259862777,-259862777,-219028869,-219028869,-460813672,-460813672,-297486327,-297486327,-287232963,-287232963,-435727545,-435727545
# status f = 901409328,0,1 : PASS_RHO (rho 0.94193, T 2101.8, 0s)
f = 905111069,0,1 | route RHO | claimed 0.87097066460453392129 | coeffs 141018909,139807882,139807882,218831043,218831043,281347787,281347787,132079702,132079702,123928127,123928127,211596131,211596131,154605426,154605426,430321254,430321254,477243656,477243656,439395718,439395718,411561410,411561410,256681315,256681315,-53712153,-53712153,177049554,177049554,336740639,336740639,73658226,73658226,145127729,145127729,148054078,148054078,343914817,343914817,-125705289,-125705289,-86844801,-86844801,-162355023,-162355023,-106466970,-106466970,-54079844,-54079844,-112955126,-112955126,-218842675,-218842675,68189179,68189179,17921746,17921746,-101380018,-101380018,-99851697,-99851697,-81988848,-81988848,-141018909
f = 905111069,0,1 | route T | claimed 2168.3269847967627271 | coeffs 94104088,40498273,40498273,68403938,68403938,134708270,134708270,281060853,281060853,152186689,152186689,-23376276,-23376276,29028254,29028254,299643863,299643863,273432587,273432587,512622872,512622872,101823919,101823919,78218078,78218078,177705467,177705467,78054219,78054219,133825466,133825466,197877356,197877356,-43151690,-43151690,-237563635,-237563635,172899998,172899998,107723561,107723561,94094232,94094232,214197090,214197090,289075454,289075454,-4434143,-4434143,85393536,85393536,-31224109,-31224109,77267589,77267589,49362439,49362439,84720355,84720355,78277793,78277793,87037762,87037762,-94104088
# status f = 905111069,0,1 : PASS_RHO (rho 0.87097, T 2168.3, 0s)
f = 937693178,0,1 | route RHO | claimed 0.93023987020295500422 | coeffs 265760555,218838153,218838153,277868214,277868214,333756267,333756267,102994560,102994560,94842985,94842985,44575552,44575552,-151285187,-151285187,-189133125,-189133125,-187922098,-187922098,-240309224,-240309224,-80618139,-80618139,-168286143,-168286143,-48984379,-48984379,-518604485,-518604485,-490770177,-490770177,-411747016,-411747016,-470622298,-470622298,-207539885,-207539885,-264530590,-264530590,-263002269,-263002269,-301862757,-301862757,-456742852,-456742852,-519259596,-519259596,-413372047,-413372047,-341902544,-341902544,-617618372,-617618372,-635481221,-635481221,-710991443,-710991443,-400597975,-400597975,-549866060,-549866060,-262834206,-262834206,-265760555
f = 937693178,0,1 | route T | claimed 2002.350219319434956 | coeffs -59279062,116283903,116283903,80925987,80925987,15749550,15749550,426548503,426548503,454454168,454454168,544281847,544281847,480229957,480229957,532634487,532634487,526191925,526191925,539821254,539821254,516215413,516215413,449911081,449911081,566528726,566528726,325499680,325499680,54884071,54884071,46124102,46124102,166226960,166226960,66739571,66739571,213092154,213092154,321583852,321583852,515995797,515995797,489784521,489784521,308642671,308642671,233764307,233764307,134113059,134113059,262987223,262987223,290892373,290892373,701356006,701356006,462165721,462165721,408559906,408559906,115050309,115050309,59279062
# status f = 937693178,0,1 : PASS_RHO (rho 0.93024, T 2002.4, 1s)
f = 988509182,0,1 | route RHO | claimed 0.92978738604902976215 | coeffs 235512085,235512085,232585736,232585736,173710454,173710454,232740515,232740515,289731220,289731220,520492927,520492927,481632439,481632439,431365006,431365006,493881750,493881750,531729688,531729688,603199191,603199191,550812065,550812065,568674914,568674914,656342918,656342918,966736386,966736386,497116280,497116280,210084426,210084426,131061265,131061265,177983667,177983667,441066080,441066080,496954133,496954133,495425812,495425812,503577387,503577387,348697292,348697292,152836553,152836553,46949004,46949004,45737977,45737977,-229977851,-229977851,-70286766,-70286766,5223456,5223456,-114078308,-114078308,-263346393,-263346393
f = 988509182,0,1 | route T | claimed 2206.9395594197789635 | coeffs 235512085,235512085,232585736,232585736,173710454,173710454,232740515,232740515,289731220,289731220,520492927,520492927,481632439,481632439,431365006,431365006,493881750,493881750,531729688,531729688,603199191,603199191,550812065,550812065,568674914,568674914,656342918,656342918,966736386,966736386,497116280,497116280,210084426,210084426,131061265,131061265,177983667,177983667,441066080,441066080,496954133,496954133,495425812,495425812,503577387,503577387,348697292,348697292,152836553,152836553,46949004,46949004,45737977,45737977,-229977851,-229977851,-70286766,-70286766,5223456,5223456,-114078308,-114078308,-263346393,-263346393
# status f = 988509182,0,1 : PASS_RHO (rho 0.92979, T 2206.9, 0s)
# summary n = 7 l = 1000401473 : EXCLUSION_CANDIDATE ; PASS 32 / 32 ; OPEN_NEAR 0 ; OPEN_FAR 0 ; 14s
