# FAMILY WITNESS FILE (generator family_gen.sage r10). n = 7 ; l = 1000327873 ; m = 64 ; deg = 2 ; ncomp = 32 ; bar_T = 4224 ; L_n = 16.3328709449664096755483535644
# line: f = c0,...,c_deg (monic, over F_l) | route RHO|T | claimed (rho or T, float) | coeffs a_0..a_{m-1}
f = 4665588,0,1 | route RHO | claimed 0.98575671582993780262 | coeffs -105459866,-223852645,-223852645,-282446864,-282446864,-436236294,-436236294,-601825512,-601825512,-709995211,-709995211,-467985159,-467985159,-791535164,-791535164,-513519945,-513519945,-344603823,-344603823,-162049985,-162049985,-353165540,-353165540,-157895876,-157895876,-43254138,-43254138,72198499,72198499,31238656,31238656,28572532,28572532,-4398750,-4398750,-58639483,-58639483,-113971750,-113971750,-111842048,-111842048,-11155067,-11155067,46129138,46129138,155732590,155732590,-159428127,-159428127,-400063320,-400063320,-119072170,-119072170,-239571998,-239571998,-118576070,-118576070,19900718,19900718,154948729,154948729,-14070825,-14070825,105459866
f = 4665588,0,1 | route T | claimed 3509.9332209978130808 | coeffs -192804959,-240758288,-240758288,-65805294,-65805294,-202714841,-202714841,-25523863,-25523863,-295963460,-295963460,-176538878,-176538878,-391243316,-391243316,-327097852,-327097852,-522778933,-522778933,-167305884,-167305884,-67257264,-67257264,170753437,170753437,154318130,154318130,179982690,179982690,305503401,305503401,356745224,356745224,143575301,143575301,-35748937,-35748937,147741499,147741499,357938639,357938639,334883996,334883996,431803234,431803234,209515706,209515706,173285507,173285507,-48030521,-48030521,62522164,62522164,34662500,34662500,316824473,316824473,502978370,502978370,644531649,644531649,338055850,338055850,192804959
# status f = 4665588,0,1 : PASS_RHO (rho 0.98576, T 3509.9, 1s)
f = 54643773,0,1 | route RHO | claimed 0.96922243047942942034 | coeffs 150123815,150123815,438709426,438709426,452681136,452681136,234434770,234434770,268696805,268696805,78656071,78656071,73831693,73831693,297693842,297693842,550847570,550847570,427519005,427519005,547782719,547782719,693028899,693028899,538807460,538807460,356173569,356173569,578035643,578035643,446027655,446027655,769590511,769590511,800924802,800924802,522077141,522077141,665329163,665329163,462225750,462225750,216568068,216568068,200962113,200962113,380771173,380771173,355849696,355849696,474024654,474024654,325088862,325088862,68139696,68139696,199316906,199316906,107832417,107832417,133046977,133046977,-100668344,-100668344
f = 54643773,0,1 | route T | claimed 2970.8139594278705285 | coeffs 69897972,69897972,105793074,105793074,504985744,504985744,335198267,335198267,165152626,165152626,89464726,89464726,289784676,289784676,250166552,250166552,115802487,115802487,193674413,193674413,420733764,420733764,555691775,555691775,741137924,741137924,762963132,762963132,503747033,503747033,606559199,606559199,846895960,846895960,1006800634,1006800634,1103110506,1103110506,842681482,842681482,895719624,895719624,772947539,772947539,758574441,758574441,539054924,539054924,337890471,337890471,242062972,242062972,-34256452,-34256452,-22326585,-22326585,-243511797,-243511797,-217441120,-217441120,-148295320,-148295320,18308455,18308455
# status f = 54643773,0,1 : PASS_RHO (rho 0.96922, T 2970.8, 1s)
f = 56440928,0,1 | route RHO | claimed 0.93107582760947719973 | coeffs 93867549,93867549,-66264200,-66264200,389042879,389042879,334149080,334149080,283804722,283804722,265774907,265774907,370546452,370546452,190303677,190303677,122917304,122917304,348096322,348096322,90416272,90416272,160660931,160660931,88141453,88141453,125062552,125062552,249863046,249863046,235396988,235396988,433338521,433338521,406056264,406056264,477701798,477701798,233907080,233907080,123920220,123920220,144040235,144040235,49260603,49260603,94281850,94281850,211291754,211291754,566946347,566946347,464373248,464373248,469088910,469088910,292818830,292818830,192691275,192691275,-26011592,-26011592,82187317,82187317
f = 56440928,0,1 | route T | claimed 2696.5702197848869797 | coeffs 145873720,128431619,128431619,51073074,51073074,-8348135,-8348135,-2991842,-2991842,28866783,28866783,-2145548,-2145548,49177394,49177394,179133054,179133054,45714548,45714548,1453960,1453960,206441734,206441734,20013137,20013137,274421101,274421101,75956403,75956403,-49840270,-49840270,76588870,76588870,410501258,410501258,429788972,429788972,395438412,395438412,379762377,379762377,180794072,180794072,192415252,192415252,126993254,126993254,-372854176,-372854176,-38022887,-38022887,-256399154,-256399154,-93516601,-93516601,-339132529,-339132529,-355021667,-355021667,-382364304,-382364304,-447507990,-447507990,-145873720
# status f = 56440928,0,1 : PASS_RHO (rho 0.93108, T 2696.6, 0s)
f = 78761793,0,1 | route RHO | claimed 0.97153878245416121014 | coeffs -91901357,46575431,46575431,-7665302,-7665302,-331215307,-331215307,-452211235,-452211235,-419239953,-419239953,-661250005,-661250005,-781749833,-781749833,-784415957,-784415957,-892585656,-892585656,-1173576806,-1173576806,-1132616963,-1132616963,-967027745,-967027745,-1207662938,-1207662938,-1092210301,-1092210301,-1245999731,-1245999731,-930839014,-930839014,-1045480752,-1045480752,-986886533,-986886533,-877283081,-877283081,-682013417,-682013417,-800406196,-800406196,-857690401,-857690401,-666574846,-666574846,-547044155,-547044155,-446357174,-446357174,-263803336,-263803336,-94783782,-94783782,-96913484,-96913484,-265829606,-265829606,-130781595,-130781595,-186113862,-186113862,91901357
f = 78761793,0,1 | route T | claimed 2725.5043447954315599 | coeffs 536584951,638778091,638778091,594166146,594166146,752740389,752740389,564659354,564659354,830929423,830929423,421308507,421308507,418465860,418465860,672000605,672000605,641817005,641817005,369025803,369025803,322730490,322730490,238078884,238078884,36930230,36930230,-24209162,-24209162,-90525630,-90525630,-236559645,-236559645,45406793,45406793,140534001,140534001,-89534916,-89534916,-48404656,-48404656,-158651119,-158651119,-111217300,-111217300,-160913502,-160913502,-144743638,-144743638,-24678348,-24678348,-32003946,-32003946,164238045,164238045,-265778451,-265778451,-285463284,-285463284,-104068508,-104068508,-318306150,-318306150,-536584951
# status f = 78761793,0,1 : PASS_RHO (rho 0.97154, T 2725.5, 1s)
f = 135240653,0,1 | route RHO | claimed 0.9269469940379290849 | coeffs -244490874,-271773131,-271773131,-344292609,-344292609,-524535384,-524535384,-69228305,-69228305,30899250,30899250,-86110654,-86110654,157684064,157684064,32883570,32883570,-192295448,-192295448,-141951090,-141951090,-33752181,-33752181,-136325280,-136325280,-116205265,-116205265,81736268,81736268,151980927,151980927,256752472,256752472,96620723,96620723,272890803,272890803,227869556,227869556,156224022,156224022,119302923,119302923,186689296,186689296,241583095,241583095,22880228,22880228,378534821,378534821,268547961,268547961,254081903,254081903,-3598147,-3598147,-21627962,-21627962,154426904,154426904,149711242,149711242,244490874
f = 135240653,0,1 | route T | claimed 2129.8606087142772064 | coeffs -295759131,10460856,10460856,-424733917,-424733917,-517306326,-517306326,-239458486,-239458486,-91906453,-91906453,8386020,8386020,187341711,187341711,132742467,132742467,-27991346,-27991346,-47299658,-47299658,-44818836,-44818836,112312557,112312557,454475464,454475464,99182803,99182803,109816889,109816889,247833761,247833761,331278291,331278291,283197679,283197679,385362120,385362120,685827267,685827267,632508693,632508693,721593141,721593141,576927271,576927271,574739757,574739757,771018708,771018708,578077938,578077938,378609671,378609671,420465736,420465736,313164151,313164151,276410150,276410150,174426861,174426861,295759131
# status f = 135240653,0,1 : PASS_RHO (rho 0.92695, T 2129.9, 0s)
f = 156331336,0,1 | route RHO | claimed 0.9584670208236110758 | coeffs -117199141,51820413,51820413,-6773806,-6773806,-114943505,-114943505,163071714,163071714,-28043841,-28043841,87408796,87408796,54437514,54437514,56567216,56567216,166170668,166170668,447161818,447161818,585638606,585638606,705169297,705169297,858958727,858958727,616948675,616948675,448032553,448032553,252762889,252762889,293722732,293722732,347963465,347963465,247276484,247276484,562437201,562437201,682937029,682937029,547889018,547889018,429496239,429496239,263907021,263907021,-59642984,-59642984,122910854,122910854,237552592,237552592,234886468,234886468,179554201,179554201,236838406,236838406,-3796787,-3796787,117199141
f = 156331336,0,1 | route T | claimed 2053.7693535555132699 | coeffs -117199141,51820413,51820413,-6773806,-6773806,-114943505,-114943505,163071714,163071714,-28043841,-28043841,87408796,87408796,54437514,54437514,56567216,56567216,166170668,166170668,447161818,447161818,585638606,585638606,705169297,705169297,858958727,858958727,616948675,616948675,448032553,448032553,252762889,252762889,293722732,293722732,347963465,347963465,247276484,247276484,562437201,562437201,682937029,682937029,547889018,547889018,429496239,429496239,263907021,263907021,-59642984,-59642984,122910854,122910854,237552592,237552592,234886468,234886468,179554201,179554201,236838406,236838406,-3796787,-3796787,117199141
# status f = 156331336,0,1 : PASS_RHO (rho 0.95847, T 2053.8, 1s)
f = 178080044,0,1 | route RHO | claimed 0.95248293918585533077 | coeffs 118804886,118804886,-57465194,-57465194,186329524,186329524,-71350526,-71350526,88781223,88781223,-28228681,-28228681,-42694739,-42694739,-147466284,-147466284,-47338729,-47338729,-157325589,-157325589,-227570248,-227570248,227736831,227736831,583391424,583391424,385449891,385449891,205207116,205207116,-13495751,-13495751,-33615766,-33615766,-106135244,-106135244,-51241445,-51241445,51331654,51331654,24049397,24049397,91435770,91435770,-16763139,-16763139,-111542771,-111542771,-148463870,-148463870,-198808228,-198808228,-194092566,-194092566,-265738100,-265738100,-40559082,-40559082,-216613948,-216613948,-261635195,-261635195,-136834701,-136834701
f = 178080044,0,1 | route T | claimed 2625.7602370366637485 | coeffs -366025849,-251384111,-251384111,-131853420,-131853420,-76521153,-76521153,165488899,165488899,-75146294,-75146294,-270415958,-270415958,-101396404,-101396404,-155637137,-155637137,-47467438,-47467438,267693279,267693279,76577724,76577724,211625735,211625735,244597017,244597017,79007799,79007799,188611251,188611251,6057413,6057413,-132419375,-132419375,-135085499,-135085499,18703931,18703931,-38580274,-38580274,130335848,130335848,251331776,251331776,292291619,292291619,233697400,233697400,334384381,334384381,56369162,56369162,176868990,176868990,292321627,292321627,410714406,410714406,408584704,408584704,85034699,85034699,366025849
# status f = 178080044,0,1 : PASS_RHO (rho 0.95248, T 2625.8, 1s)
f = 184946659,0,1 | route RHO | claimed 0.93201117996604178516 | coeffs -458891860,-209307953,-209307953,-298760111,-298760111,-407249486,-407249486,-406959020,-406959020,-282448992,-282448992,-507086575,-507086575,-209929514,-209929514,-511802237,-511802237,-467609564,-467609564,-156147644,-156147644,-400223191,-400223191,-201168891,-201168891,-295451646,-295451646,-181048876,-181048876,-245107288,-245107288,62745842,62745842,210199791,210199791,35463585,35463585,34144925,34144925,49929643,49929643,252847792,252847792,86850742,86850742,76577712,76577712,16606083,16606083,179150811,179150811,241785101,241785101,296160715,296160715,422027876,422027876,390940347,390940347,403998061,403998061,280953487,280953487,458891860
f = 184946659,0,1 | route T | claimed 2063.5469158629779785 | coeffs 209307953,298760111,298760111,407249486,407249486,406959020,406959020,282448992,282448992,507086575,507086575,209929514,209929514,511802237,511802237,467609564,467609564,156147644,156147644,400223191,400223191,201168891,201168891,295451646,295451646,181048876,181048876,245107288,245107288,-62745842,-62745842,-210199791,-210199791,-35463585,-35463585,-34144925,-34144925,-49929643,-49929643,-252847792,-252847792,-86850742,-86850742,-76577712,-76577712,-16606083,-16606083,-179150811,-179150811,-241785101,-241785101,-296160715,-296160715,-422027876,-422027876,-390940347,-390940347,-403998061,-403998061,-280953487,-280953487,-458891860,-458891860,-209307953
# status f = 184946659,0,1 : PASS_RHO (rho 0.93201, T 2063.5, 0s)
f = 252467873,0,1 | route RHO | claimed 0.9453476762063328121 | coeffs -526230815,-526230815,-453711337,-453711337,-345512428,-345512428,-273866894,-273866894,-291896709,-291896709,-408906613,-408906613,-479151272,-479151272,-697854139,-697854139,-725136396,-725136396,-775480754,-775480754,-820502001,-820502001,-562821951,-562821951,-662949506,-662949506,-465007973,-465007973,-519901772,-519901772,-425122140,-425122140,-650301158,-650301158,-826571238,-826571238,-841037296,-841037296,-385730217,-385730217,-405850232,-405850232,-338463859,-338463859,-333748197,-333748197,-208947703,-208947703,-369079452,-369079452,-259092592,-259092592,-78849817,-78849817,-181422916,-181422916,-144501817,-144501817,31553049,31553049,275347767,275347767,170576222,170576222
f = 252467873,0,1 | route T | claimed 2256.3539513034628042 | coeffs -413975956,-413975956,-192790744,-192790744,-362578221,-362578221,-135518870,-135518870,24385804,24385804,-176778649,-176778649,-10174874,-10174874,-210494824,-210494824,-232320032,-232320032,-285358174,-285358174,-297288041,-297288041,101904629,101904629,179776555,179776555,420113316,420113316,200593799,200593799,269739599,269739599,345427499,345427499,159981350,159981350,420410374,420410374,696729798,696729798,732624900,732624900,598260835,598260835,701073001,701073001,686699903,686699903,712770580,712770580,882816221,882816221,747858210,747858210,651548338,651548338,747375837,747375837,835582264,835582264,795964140,795964140,536748041,536748041
# status f = 252467873,0,1 : PASS_RHO (rho 0.94535, T 2256.4, 1s)
f = 262488626,0,1 | route RHO | claimed 0.91350495985678482938 | coeffs -142748948,-142748948,101326599,101326599,-73409607,-73409607,-235954335,-235954335,-58015962,-58015962,239141099,239141099,124738329,124738329,327656478,327656478,201789317,201789317,310278692,310278692,621740612,621740612,474286663,474286663,414315034,414315034,537359608,537359608,761997191,761997191,667714436,667714436,651929718,651929718,706305332,706305332,616853174,616853174,572660501,572660501,880513631,880513631,890786661,890786661,903844375,903844375,1028354403,1028354403,829300103,829300103,827981443,827981443,765347153,765347153,515763246,515763246,213890523,213890523,277948935,277948935,111951885,111951885,143039414,143039414
f = 262488626,0,1 | route T | claimed 2637.2835329284344146 | coeffs -1043306972,-1043306972,-1215824026,-1215824026,-1221089827,-1221089827,-937862300,-937862300,-1033861959,-1033861959,-1176439495,-1176439495,-1023655363,-1023655363,-855270906,-855270906,-692056257,-692056257,-410972086,-410972086,-333226037,-333226037,-426834667,-426834667,-580668742,-580668742,-360964642,-360964642,-364924558,-364924558,-246041639,-246041639,182713269,182713269,283406930,283406930,526854072,526854072,641220556,641220556,743885403,743885403,821718807,821718807,811600774,811600774,624123239,624123239,724998444,724998444,735426035,735426035,956738838,956738838,956220622,956220622,1275734860,1275734860,1270339752,1270339752,1104626358,1104626358,1052071870,1052071870
# status f = 262488626,0,1 : PASS_RHO (rho 0.91350, T 2637.3, 0s)
f = 263962821,0,1 | route RHO | claimed 0.9584670208236110758 | coeffs 163071714,-114943505,-114943505,-6773806,-6773806,51820413,51820413,-117199141,-117199141,3796787,3796787,-236838406,-236838406,-179554201,-179554201,-234886468,-234886468,-237552592,-237552592,-122910854,-122910854,59642984,59642984,-263907021,-263907021,-429496239,-429496239,-547889018,-547889018,-682937029,-682937029,-562437201,-562437201,-247276484,-247276484,-347963465,-347963465,-293722732,-293722732,-252762889,-252762889,-448032553,-448032553,-616948675,-616948675,-858958727,-858958727,-705169297,-705169297,-585638606,-585638606,-447161818,-447161818,-166170668,-166170668,-56567216,-56567216,-54437514,-54437514,-87408796,-87408796,28043841,28043841,-163071714
f = 263962821,0,1 | route T | claimed 3082.8372323766583701 | coeffs 548223587,207350523,207350523,364986752,364986752,367558373,367558373,190806306,190806306,185537228,185537228,201087840,201087840,65196331,65196331,134074881,134074881,-270751861,-270751861,-177272575,-177272575,34940425,34940425,27563589,27563589,-334475184,-334475184,-142905798,-142905798,-173076708,-173076708,-462685597,-462685597,-494246558,-494246558,-480064212,-480064212,-874239554,-874239554,-594979122,-594979122,-710301843,-710301843,-804228545,-804228545,-800949675,-800949675,-919281589,-919281589,-1042367264,-1042367264,-940051657,-940051657,-821825020,-821825020,-999173742,-999173742,-703679625,-703679625,-668798760,-668798760,-598704895,-598704895,-548223587
# status f = 263962821,0,1 : PASS_RHO (rho 0.95847, T 3082.8, 1s)
f = 299486006,0,1 | route RHO | claimed 0.93726048797156780128 | coeffs -168651423,-168651423,-169970083,-169970083,7968290,7968290,102251045,102251045,39616755,39616755,336773816,336773816,352558534,352558534,102974627,102974627,-11428143,-11428143,-65803757,-65803757,-367676480,-367676480,-164758331,-164758331,-75306173,-75306173,-11247761,-11247761,-137114922,-137114922,-92922249,-92922249,-258919299,-258919299,-150429924,-150429924,-458283054,-458283054,-427195525,-427195525,-115733605,-115733605,-126006635,-126006635,-126297101,-126297101,-273751050,-273751050,-286808764,-286808764,-530884311,-530884311,-590855940,-590855940,-715365968,-715365968,-540629762,-540629762,-417585188,-417585188,-218530888,-218530888,-55986160,-55986160
f = 299486006,0,1 | route T | claimed 2243.2797025417800254 | coeffs 460598729,460598729,423677630,423677630,225736097,225736097,469530815,469530815,564310447,564310447,208655854,208655854,384925934,384925934,276727025,276727025,732034104,732034104,714004289,714004289,646617916,646617916,716862575,716862575,841663069,841663069,814380812,814380812,704393952,704393952,749415199,749415199,646842100,646842100,546714545,546714545,370659679,370659679,425553478,425553478,320781933,320781933,95602915,95602915,168122393,168122393,182588451,182588451,110942917,110942917,90822902,90822902,-26187002,-26187002,-30902664,-30902664,187800203,187800203,27668454,27668454,-22675904,-22675904,-202918679,-202918679
# status f = 299486006,0,1 : PASS_RHO (rho 0.93726, T 2243.3, 0s)
f = 314497374,0,1 | route RHO | claimed 0.93726048797156780128 | coeffs 218530888,417585188,417585188,540629762,540629762,715365968,715365968,590855940,590855940,530884311,530884311,286808764,286808764,273751050,273751050,126297101,126297101,126006635,126006635,115733605,115733605,427195525,427195525,458283054,458283054,150429924,150429924,258919299,258919299,92922249,92922249,137114922,137114922,11247761,11247761,75306173,75306173,164758331,164758331,367676480,367676480,65803757,65803757,11428143,11428143,-102974627,-102974627,-352558534,-352558534,-336773816,-336773816,-39616755,-39616755,-102251045,-102251045,-7968290,-7968290,169970083,169970083,168651423,168651423,-55986160,-55986160,-218530888
f = 314497374,0,1 | route T | claimed 2111.0084192883999798 | coeffs -605128788,-605128788,-328809364,-328809364,-159021887,-159021887,26424262,26424262,149196347,149196347,218342147,218342147,178724023,178724023,-61612738,-61612738,-157440237,-157440237,241752433,241752433,106794422,106794422,159832564,159832564,133761887,133761887,-66558063,-66558063,36254103,36254103,237418556,237418556,201523454,201523454,428582805,428582805,689011829,689011829,467826617,467826617,392138717,392138717,651354816,651354816,431835299,431835299,520041726,520041726,442169800,442169800,538479672,538479672,526549805,526549805,696595446,696595446,718420654,718420654,732793752,732793752,899397527,899397527,765033462,765033462
# status f = 314497374,0,1 : PASS_RHO (rho 0.93726, T 2111.0, 1s)
f = 363176460,0,1 | route RHO | claimed 0.9269469940379290849 | coeffs 86110654,86110654,-30899250,-30899250,69228305,69228305,524535384,524535384,344292609,344292609,271773131,271773131,244490874,244490874,149711242,149711242,154426904,154426904,-21627962,-21627962,-3598147,-3598147,254081903,254081903,268547961,268547961,378534821,378534821,22880228,22880228,241583095,241583095,186689296,186689296,119302923,119302923,156224022,156224022,227869556,227869556,272890803,272890803,96620723,96620723,256752472,256752472,151980927,151980927,81736268,81736268,-116205265,-116205265,-136325280,-136325280,-33752181,-33752181,-141951090,-141951090,-192295448,-192295448,32883570,32883570,157684064,157684064
f = 363176460,0,1 | route T | claimed 2452.1076719312452699 | coeffs -208678022,-208678022,-155639880,-155639880,-79951980,-79951980,-65578882,-65578882,-105197006,-105197006,-306361459,-306361459,-384233385,-384233385,-107913961,-107913961,27044050,27044050,-194141162,-194141162,-215966370,-215966370,-285112170,-285112170,-182300004,-182300004,-270506431,-270506431,-430411105,-430411105,-31218435,-31218435,-291647459,-291647459,-121601818,-121601818,1170267,1170267,201490217,201490217,-18029300,-18029300,116334765,116334765,212162264,212162264,439221615,439221615,451151482,451151482,265705333,265705333,239634656,239634656,-19581443,-19581443,147022332,147022332,-93314429,-93314429,-57419327,-57419327,38890545,38890545
# status f = 363176460,0,1 : PASS_RHO (rho 0.92695, T 2452.1, 0s)
f = 446649597,0,1 | route RHO | claimed 0.93107582760947719973 | coeffs 88141453,88141453,160660931,160660931,90416272,90416272,348096322,348096322,122917304,122917304,190303677,190303677,370546452,370546452,265774907,265774907,283804722,283804722,334149080,334149080,389042879,389042879,-66264200,-66264200,93867549,93867549,-82187317,-82187317,26011592,26011592,-192691275,-192691275,-292818830,-292818830,-469088910,-469088910,-464373248,-464373248,-566946347,-566946347,-211291754,-211291754,-94281850,-94281850,-49260603,-49260603,-144040235,-144040235,-123920220,-123920220,-233907080,-233907080,-477701798,-477701798,-406056264,-406056264,-433338521,-433338521,-235396988,-235396988,-249863046,-249863046,-125062552,-125062552
f = 446649597,0,1 | route T | claimed 2917.0539208348893584 | coeffs -159815363,-159815363,-90530419,-90530419,103009974,103009974,95994857,95994857,34091303,34091303,-109743462,-109743462,-350108153,-350108153,-732145985,-732145985,-430065135,-430065135,-623419080,-623419080,-465323747,-465323747,-104824392,-104824392,-225965455,-225965455,-247228720,-247228720,-195753725,-195753725,-426368773,-426368773,-344385882,-344385882,-158937328,-158937328,42409394,42409394,-5320439,-5320439,89675776,89675776,-69345203,-69345203,-234428241,-234428241,-308329955,-308329955,-126017685,-126017685,-164661872,-164661872,-282537663,-282537663,120028811,120028811,-19684867,-19684867,2987412,2987412,-40309075,-40309075,-93545728,-93545728
# status f = 446649597,0,1 : PASS_RHO (rho 0.93108, T 2917.1, 1s)
f = 447896707,0,1 | route RHO | claimed 0.92956964422346792912 | coeffs 200067402,200067402,423440204,423440204,426251514,426251514,660267534,660267534,627737523,627737523,714729560,714729560,779951066,779951066,808838391,808838391,856760981,856760981,676091302,676091302,605175336,605175336,786505176,786505176,721492469,721492469,518044333,518044333,583608895,583608895,342346488,342346488,233826668,233826668,451283205,451283205,374750683,374750683,339361992,339361992,565346323,565346323,592637989,592637989,391101344,391101344,301446408,301446408,81137174,81137174,123141378,123141378,1718602,1718602,116848106,116848106,-410336079,-410336079,-293750241,-293750241,-319707013,-319707013,-381954466,-381954466
f = 447896707,0,1 | route T | claimed 1785.2515406586449104 | coeffs 410336079,293750241,293750241,319707013,319707013,381954466,381954466,200067402,200067402,423440204,423440204,426251514,426251514,660267534,660267534,627737523,627737523,714729560,714729560,779951066,779951066,808838391,808838391,856760981,856760981,676091302,676091302,605175336,605175336,786505176,786505176,721492469,721492469,518044333,518044333,583608895,583608895,342346488,342346488,233826668,233826668,451283205,451283205,374750683,374750683,339361992,339361992,565346323,565346323,592637989,592637989,391101344,391101344,301446408,301446408,81137174,81137174,123141378,123141378,1718602,1718602,116848106,116848106,-410336079
# status f = 447896707,0,1 : PASS_RHO (rho 0.92957, T 1785.3, 0s)
f = 552431166,0,1 | route RHO | claimed 0.96922243047942942034 | coeffs -107832417,-107832417,-199316906,-199316906,-68139696,-68139696,-325088862,-325088862,-474024654,-474024654,-355849696,-355849696,-380771173,-380771173,-200962113,-200962113,-216568068,-216568068,-462225750,-462225750,-665329163,-665329163,-522077141,-522077141,-800924802,-800924802,-769590511,-769590511,-446027655,-446027655,-578035643,-578035643,-356173569,-356173569,-538807460,-538807460,-693028899,-693028899,-547782719,-547782719,-427519005,-427519005,-550847570,-550847570,-297693842,-297693842,-73831693,-73831693,-78656071,-78656071,-268696805,-268696805,-234434770,-234434770,-452681136,-452681136,-438709426,-438709426,-150123815,-150123815,-100668344,-100668344,133046977,133046977
f = 552431166,0,1 | route T | claimed 2622.1524818481714131 | coeffs 199316906,199316906,68139696,68139696,325088862,325088862,474024654,474024654,355849696,355849696,380771173,380771173,200962113,200962113,216568068,216568068,462225750,462225750,665329163,665329163,522077141,522077141,800924802,800924802,769590511,769590511,446027655,446027655,578035643,578035643,356173569,356173569,538807460,538807460,693028899,693028899,547782719,547782719,427519005,427519005,550847570,550847570,297693842,297693842,73831693,73831693,78656071,78656071,268696805,268696805,234434770,234434770,452681136,452681136,438709426,438709426,150123815,150123815,100668344,100668344,-133046977,-133046977,-107832417,-107832417
# status f = 552431166,0,1 : PASS_RHO (rho 0.96922, T 2622.2, 1s)
f = 553678276,0,1 | route RHO | claimed 0.95720322278465081609 | coeffs -273404805,-273404805,-91517741,-91517741,-208103579,-208103579,-329526355,-329526355,-239871419,-239871419,-13887088,-13887088,-231343625,-231343625,-165779063,-165779063,-347108903,-347108903,-299186313,-299186313,-386178350,-386178350,-383367040,-383367040,-445614493,-445614493,81569692,81569692,123573896,123573896,325110541,325110541,289721850,289721850,398241670,398241670,194793534,194793534,265709500,265709500,294596825,294596825,327126836,327126836,550499638,550499638,524542866,524542866,409413362,409413362,189104128,189104128,161812462,161812462,85279940,85279940,326542347,326542347,261529640,261529640,442199319,442199319,507420825,507420825
f = 553678276,0,1 | route T | claimed 2900.9442283276100386 | coeffs 232083651,232083651,229953949,229953949,270913792,270913792,88359954,88359954,196529653,196529653,316060344,316060344,195560516,195560516,252844721,252844721,219873439,219873439,415143103,415143103,91593098,91593098,32998879,32998879,-105477909,-105477909,209682808,209682808,265015075,265015075,149562438,149562438,-19353684,-19353684,146235534,146235534,-22784020,-22784020,258207130,258207130,358894111,358894111,356227987,356227987,165112432,165112432,407122484,407122484,288729705,288729705,167733777,167733777,58130325,58130325,112371058,112371058,-2270680,-2270680,-280285899,-280285899,-126496469,-126496469,8551542,8551542
# status f = 553678276,0,1 : PASS_RHO (rho 0.95720, T 2900.9, 1s)
f = 637151413,0,1 | route RHO | claimed 0.9270592370962940877 | coeffs 108223216,166817435,166817435,287317263,287317263,289446965,289446965,174805227,174805227,416815279,416815279,247795725,247795725,562956442,562956442,529985160,529985160,347431322,347431322,193641892,193641892,314637820,314637820,213950839,213950839,329403476,329403476,652953481,652953481,533422790,533422790,292787597,292787597,347028330,347028330,155912775,155912775,321501993,321501993,183025205,183025205,240309410,240309410,281269253,281269253,559284472,559284472,677677251,677677251,396686101,396686101,341353834,341353834,146084170,146084170,37914471,37914471,172962482,172962482,63359030,63359030,60692906,60692906,-108223216
f = 637151413,0,1 | route T | claimed 3172.7262054624300384 | coeffs -248379797,-248379797,48855987,48855987,-65506439,-65506439,132634123,132634123,102033361,102033361,513850678,513850678,662850555,662850555,574160208,574160208,528028274,528028274,550337136,550337136,725017674,725017674,647006197,647006197,588299861,588299861,661406566,661406566,566898197,566898197,323022872,323022872,435856551,435856551,260283711,260283711,386429210,386429210,364285873,364285873,561551166,561551166,378035456,378035456,664124276,664124276,973553675,973553675,805089408,805089408,882322807,882322807,654168698,654168698,406800702,406800702,233199326,233199326,48440762,48440762,40158237,40158237,92035003,92035003
# status f = 637151413,0,1 : PASS_RHO (rho 0.92706, T 3172.7, 1s)
f = 685830499,0,1 | route RHO | claimed 0.94342264253083265806 | coeffs -297435327,-297435327,-520808129,-520808129,-300498895,-300498895,-541761302,-541761302,-606982808,-606982808,-723568646,-723568646,-497584315,-497584315,-678914155,-678914155,-676102845,-676102845,-634098641,-634098641,-525578821,-525578821,-496691496,-496691496,-522648268,-522648268,-549939934,-549939934,-614952641,-614952641,-848968661,-848968661,-727545885,-727545885,-510089348,-510089348,-558011938,-558011938,-495764485,-495764485,-697301130,-697301130,-493852994,-493852994,-526383005,-526383005,-411253501,-411253501,-334720979,-334720979,-515390658,-515390658,-333503594,-333503594,-243848658,-243848658,-178284096,-178284096,-265276133,-265276133,261908052,261908052,226519361,226519361
f = 685830499,0,1 | route T | claimed 2909.6177588026825115 | coeffs -224331787,-224331787,-232193392,-232193392,-209876985,-209876985,-214264396,-214264396,262309812,262309812,287069735,287069735,271675413,271675413,385834610,385834610,340794044,340794044,357074702,357074702,467805987,467805987,236829024,236829024,83643981,83643981,202914743,202914743,586966747,586966747,359090525,359090525,371261076,371261076,405302187,405302187,262454718,262454718,382140812,382140812,118340750,118340750,95630814,95630814,300904165,300904165,453598213,453598213,399486735,399486735,621701354,621701354,489156280,489156280,444211068,444211068,288989446,288989446,410667405,410667405,316423713,316423713,481739729,481739729
# status f = 685830499,0,1 : PASS_RHO (rho 0.94342, T 2909.6, 1s)
f = 700841867,0,1 | route RHO | claimed 0.94342264253083265806 | coeffs 848968661,614952641,614952641,549939934,549939934,522648268,522648268,496691496,496691496,525578821,525578821,634098641,634098641,676102845,676102845,678914155,678914155,497584315,497584315,723568646,723568646,606982808,606982808,541761302,541761302,300498895,300498895,520808129,520808129,297435327,297435327,226519361,226519361,261908052,261908052,-265276133,-265276133,-178284096,-178284096,-243848658,-243848658,-333503594,-333503594,-515390658,-515390658,-334720979,-334720979,-411253501,-411253501,-526383005,-526383005,-493852994,-493852994,-697301130,-697301130,-495764485,-495764485,-558011938,-558011938,-510089348,-510089348,-727545885,-727545885,-848968661
f = 700841867,0,1 | route T | claimed 2131.4484899965451286 | coeffs 178284096,178284096,243848658,243848658,333503594,333503594,515390658,515390658,334720979,334720979,411253501,411253501,526383005,526383005,493852994,493852994,697301130,697301130,495764485,495764485,558011938,558011938,510089348,510089348,727545885,727545885,848968661,848968661,614952641,614952641,549939934,549939934,522648268,522648268,496691496,496691496,525578821,525578821,634098641,634098641,676102845,676102845,678914155,678914155,497584315,497584315,723568646,723568646,606982808,606982808,541761302,541761302,300498895,300498895,520808129,520808129,297435327,297435327,226519361,226519361,261908052,261908052,-265276133,-265276133
# status f = 700841867,0,1 : PASS_RHO (rho 0.94342, T 2131.4, 0s)
f = 736365052,0,1 | route RHO | claimed 0.92830290613319504744 | coeffs -335314480,-335314480,-116611613,-116611613,-71590366,-71590366,-269531899,-269531899,-44352881,-44352881,-499659960,-499659960,-504375622,-504375622,-614362482,-614362482,-651283581,-651283581,-546512036,-546512036,-438313127,-438313127,-555323031,-555323031,-582605288,-582605288,-324925238,-324925238,-379819037,-379819037,-556089117,-556089117,-576209132,-576209132,-451408638,-451408638,-271165863,-271165863,-95110997,-95110997,260543596,260543596,188898062,188898062,259142721,259142721,309487079,309487079,409614634,409614634,314835002,314835002,329301060,329301060,261914687,261914687,422046436,422046436,524619535,524619535,280824817,280824817,353344295,353344295
f = 736365052,0,1 | route T | claimed 2869.1563982153543551 | coeffs 32227611,32227611,140206114,140206114,-47660721,-47660721,-52186850,-52186850,73334118,73334118,-638151,-638151,-299625446,-299625446,-457909467,-457909467,-451269057,-451269057,-539177269,-539177269,-347561109,-347561109,-472231765,-472231765,-557342015,-557342015,-595903841,-595903841,-464154019,-464154019,-637217702,-637217702,-626430133,-626430133,-307656935,-307656935,-329618345,-329618345,-592274742,-592274742,-524146943,-524146943,-557798066,-557798066,-289853521,-289853521,-80914728,-80914728,-457869455,-457869455,-372042894,-372042894,-181602557,-181602557,-37476007,-37476007,29248890,29248890,336504453,336504453,211291604,211291604,152112288,152112288
# status f = 736365052,0,1 : PASS_RHO (rho 0.92830, T 2869.2, 0s)
f = 737839247,0,1 | route RHO | claimed 0.95248293918585533077 | coeffs -136834701,-261635195,-261635195,-216613948,-216613948,-40559082,-40559082,-265738100,-265738100,-194092566,-194092566,-198808228,-198808228,-148463870,-148463870,-111542771,-111542771,-16763139,-16763139,91435770,91435770,24049397,24049397,51331654,51331654,-51241445,-51241445,-106135244,-106135244,-33615766,-33615766,-13495751,-13495751,205207116,205207116,385449891,385449891,583391424,583391424,227736831,227736831,-227570248,-227570248,-157325589,-157325589,-47338729,-47338729,-147466284,-147466284,-42694739,-42694739,-28228681,-28228681,88781223,88781223,-71350526,-71350526,186329524,186329524,-57465194,-57465194,118804886,118804886,136834701
f = 737839247,0,1 | route T | claimed 2289.6691710903935355 | coeffs -239441706,-239441706,-313598558,-313598558,-270799141,-270799141,-195502937,-195502937,-590441125,-590441125,-644084987,-644084987,-450534269,-450534269,-563002182,-563002182,-250742808,-250742808,-200534263,-200534263,-505910786,-505910786,-223241494,-223241494,-197242489,-197242489,-628795731,-628795731,-420780546,-420780546,-183676610,-183676610,-137834074,-137834074,-205708213,-205708213,-257880461,-257880461,-254360092,-254360092,-242111482,-242111482,-316872108,-316872108,-415016040,-415016040,-200227163,-200227163,37721597,37721597,99587458,99587458,-131908354,-131908354,191482918,191482918,108201638,108201638,111519829,111519829,190099255,190099255,113789704,113789704
# status f = 737839247,0,1 : PASS_RHO (rho 0.95248, T 2289.7, 1s)
f = 747860000,0,1 | route RHO | claimed 0.98575671582993780262 | coeffs 239571998,119072170,119072170,400063320,400063320,159428127,159428127,-155732590,-155732590,-46129138,-46129138,11155067,11155067,111842048,111842048,113971750,113971750,58639483,58639483,4398750,4398750,-28572532,-28572532,-31238656,-31238656,-72198499,-72198499,43254138,43254138,157895876,157895876,353165540,353165540,162049985,162049985,344603823,344603823,513519945,513519945,791535164,791535164,467985159,467985159,709995211,709995211,601825512,601825512,436236294,436236294,282446864,282446864,223852645,223852645,105459866,105459866,-14070825,-14070825,154948729,154948729,19900718,19900718,-118576070,-118576070,-239571998
f = 747860000,0,1 | route T | claimed 2614.9107182697647856 | coeffs 174424013,150589808,150589808,283753176,283753176,507991378,507991378,352854382,352854382,421337166,421337166,691359358,691359358,315558789,315558789,259310373,259310373,177848923,177848923,169036030,169036030,19970322,19970322,244395503,244395503,8185111,8185111,161219380,161219380,335144561,335144561,67367114,67367114,-179664940,-179664940,-158997344,-158997344,-41565957,-41565957,66760698,66760698,180322824,180322824,-250784084,-250784084,-290966264,-290966264,-241479100,-241479100,-283296529,-283296529,-336385324,-336385324,-75804521,-75804521,-258270913,-258270913,-280423099,-280423099,-182758218,-182758218,71496349,71496349,-174424013
# status f = 747860000,0,1 : PASS_RHO (rho 0.98576, T 2614.9, 1s)
f = 815381214,0,1 | route RHO | claimed 0.97153878245416121014 | coeffs 930839014,1245999731,1245999731,1092210301,1092210301,1207662938,1207662938,967027745,967027745,1132616963,1132616963,1173576806,1173576806,892585656,892585656,784415957,784415957,781749833,781749833,661250005,661250005,419239953,419239953,452211235,452211235,331215307,331215307,7665302,7665302,-46575431,-46575431,91901357,91901357,-186113862,-186113862,-130781595,-130781595,-265829606,-265829606,-96913484,-96913484,-94783782,-94783782,-263803336,-263803336,-446357174,-446357174,-547044155,-547044155,-666574846,-666574846,-857690401,-857690401,-800406196,-800406196,-682013417,-682013417,-877283081,-877283081,-986886533,-986886533,-1045480752,-1045480752,-930839014
f = 815381214,0,1 | route T | claimed 2669.1097636566432578 | coeffs 273166759,273166759,182694509,182694509,232025226,232025226,3304691,3304691,-76572109,-76572109,-141128103,-141128103,156422772,156422772,127905104,127905104,596877310,596877310,490758857,490758857,629033266,629033266,859595212,859595212,644128994,644128994,957981629,957981629,919279336,919279336,793909086,793909086,989531259,989531259,958361189,958361189,891612861,891612861,749732830,749732830,692249414,692249414,646713953,646713953,683973959,683973959,686226920,686226920,599371444,599371444,411980589,411980589,573536658,573536658,543790016,543790016,481921759,481921759,179052326,179052326,71071262,71071262,-292847621,-292847621
# status f = 815381214,0,1 : PASS_RHO (rho 0.97154, T 2669.1, 1s)
f = 822247829,0,1 | route RHO | claimed 0.91350495985678482938 | coeffs 667714436,761997191,761997191,537359608,537359608,414315034,414315034,474286663,474286663,621740612,621740612,310278692,310278692,201789317,201789317,327656478,327656478,124738329,124738329,239141099,239141099,-58015962,-58015962,-235954335,-235954335,-73409607,-73409607,101326599,101326599,-142748948,-142748948,-143039414,-143039414,-111951885,-111951885,-277948935,-277948935,-213890523,-213890523,-515763246,-515763246,-765347153,-765347153,-827981443,-827981443,-829300103,-829300103,-1028354403,-1028354403,-903844375,-903844375,-890786661,-890786661,-880513631,-880513631,-572660501,-572660501,-616853174,-616853174,-706305332,-706305332,-651929718,-651929718,-667714436
f = 822247829,0,1 | route T | claimed 2615.0531227044614859 | coeffs 436474582,657659794,657659794,877179311,877179311,780869439,780869439,759044231,759044231,893408296,893408296,1063195773,1063195773,1132341573,1132341573,1036514074,1036514074,1089552216,1089552216,1192364382,1192364382,1419423733,1419423733,1343735833,1343735833,1431942260,1431942260,1420012393,1420012393,1434385491,1434385491,1274480817,1274480817,1089034668,1089034668,1128652792,1128652792,729460122,729460122,755530799,755530799,554366346,554366346,293937322,293937322,34721223,34721223,112593149,112593149,-57452492,-57452492,-224056267,-224056267,52263157,52263157,175035242,175035242,-65301519,-65301519,-200259530,-200259530,-400579480,-400579480,-436474582
# status f = 822247829,0,1 : PASS_RHO (rho 0.91350, T 2615.1, 0s)
f = 843996537,0,1 | route RHO | claimed 0.92830290613319504744 | coeffs 95110997,271165863,271165863,451408638,451408638,576209132,576209132,556089117,556089117,379819037,379819037,324925238,324925238,582605288,582605288,555323031,555323031,438313127,438313127,546512036,546512036,651283581,651283581,614362482,614362482,504375622,504375622,499659960,499659960,44352881,44352881,269531899,269531899,71590366,71590366,116611613,116611613,335314480,335314480,353344295,353344295,280824817,280824817,524619535,524619535,422046436,422046436,261914687,261914687,329301060,329301060,314835002,314835002,409614634,409614634,309487079,309487079,259142721,259142721,188898062,188898062,260543596,260543596,-95110997
f = 843996537,0,1 | route T | claimed 2586.3637397232641188 | coeffs -337789935,-267169028,-267169028,-407554013,-407554013,-257931115,-257931115,-76785858,-76785858,-338351354,-338351354,-437426442,-437426442,-386658826,-386658826,-560202973,-560202973,-492559536,-492559536,-409017259,-409017259,-202896813,-202896813,77881580,77881580,408943261,408943261,-115883347,-115883347,-195526250,-195526250,-6051738,-6051738,-250760468,-250760468,-255757843,-255757843,-95834221,-95834221,53518299,53518299,-112525724,-112525724,-51086148,-51086148,126954644,126954644,118215618,118215618,244814478,244814478,396424291,396424291,362242863,362242863,507488512,507488512,404738736,404738736,371048303,371048303,461709221,461709221,337789935
# status f = 843996537,0,1 : PASS_RHO (rho 0.92830, T 2586.4, 0s)
f = 865087220,0,1 | route RHO | claimed 0.9270592370962940877 | coeffs -60692906,-60692906,-63359030,-63359030,-172962482,-172962482,-37914471,-37914471,-146084170,-146084170,-341353834,-341353834,-396686101,-396686101,-677677251,-677677251,-559284472,-559284472,-281269253,-281269253,-240309410,-240309410,-183025205,-183025205,-321501993,-321501993,-155912775,-155912775,-347028330,-347028330,-292787597,-292787597,-533422790,-533422790,-652953481,-652953481,-329403476,-329403476,-213950839,-213950839,-314637820,-314637820,-193641892,-193641892,-347431322,-347431322,-529985160,-529985160,-562956442,-562956442,-247795725,-247795725,-416815279,-416815279,-174805227,-174805227,-289446965,-289446965,-287317263,-287317263,-166817435,-166817435,-108223216,-108223216
f = 865087220,0,1 | route T | claimed 2082.0810703615253728 | coeffs -108223216,60692906,60692906,63359030,63359030,172962482,172962482,37914471,37914471,146084170,146084170,341353834,341353834,396686101,396686101,677677251,677677251,559284472,559284472,281269253,281269253,240309410,240309410,183025205,183025205,321501993,321501993,155912775,155912775,347028330,347028330,292787597,292787597,533422790,533422790,652953481,652953481,329403476,329403476,213950839,213950839,314637820,314637820,193641892,193641892,347431322,347431322,529985160,529985160,562956442,562956442,247795725,247795725,416815279,416815279,174805227,174805227,289446965,289446965,287317263,287317263,166817435,166817435,108223216
# status f = 865087220,0,1 : PASS_RHO (rho 0.92706, T 2082.1, 0s)
f = 921566080,0,1 | route RHO | claimed 0.93201117996604178516 | coeffs 282448992,406959020,406959020,407249486,407249486,298760111,298760111,209307953,209307953,458891860,458891860,280953487,280953487,403998061,403998061,390940347,390940347,422027876,422027876,296160715,296160715,241785101,241785101,179150811,179150811,16606083,16606083,76577712,76577712,86850742,86850742,252847792,252847792,49929643,49929643,34144925,34144925,35463585,35463585,210199791,210199791,62745842,62745842,-245107288,-245107288,-181048876,-181048876,-295451646,-295451646,-201168891,-201168891,-400223191,-400223191,-156147644,-156147644,-467609564,-467609564,-511802237,-511802237,-209929514,-209929514,-507086575,-507086575,-282448992
f = 921566080,0,1 | route T | claimed 2987.5112070894106848 | coeffs -14221988,40261861,40261861,-37674111,-37674111,188077108,188077108,313764164,313764164,268315946,268315946,313019715,313019715,495877863,495877863,656176618,656176618,649823819,649823819,498907448,498907448,683117847,683117847,511021669,511021669,336331958,336331958,207272010,207272010,-102642617,-102642617,-22066648,-22066648,161745537,161745537,199194633,199194633,143419864,143419864,307959587,307959587,522988684,522988684,324039255,324039255,384168410,384168410,36009058,36009058,-132732866,-132732866,-46079648,-46079648,-363281500,-363281500,-110834394,-110834394,186943610,186943610,270158482,270158482,128620798,128620798,14221988
# status f = 921566080,0,1 : PASS_RHO (rho 0.93201, T 2987.5, 1s)
f = 943886945,0,1 | route RHO | claimed 0.95720322278465081609 | coeffs 13887088,239871419,239871419,329526355,329526355,208103579,208103579,91517741,91517741,273404805,273404805,507420825,507420825,442199319,442199319,261529640,261529640,326542347,326542347,85279940,85279940,161812462,161812462,189104128,189104128,409413362,409413362,524542866,524542866,550499638,550499638,327126836,327126836,294596825,294596825,265709500,265709500,194793534,194793534,398241670,398241670,289721850,289721850,325110541,325110541,123573896,123573896,81569692,81569692,-445614493,-445614493,-383367040,-383367040,-386178350,-386178350,-299186313,-299186313,-347108903,-347108903,-165779063,-165779063,-231343625,-231343625,-13887088
f = 943886945,0,1 | route T | claimed 3317.072178480264928 | coeffs -103682137,-21370351,-21370351,-120683657,-120683657,-117420382,-117420382,-385387206,-385387206,29101151,29101151,64297286,64297286,-7502370,-7502370,-217577554,-217577554,-252006136,-252006136,-309075534,-309075534,-175548103,-175548103,141441179,141441179,128113116,128113116,340136584,340136584,416365919,416365919,477771448,477771448,714329416,714329416,566982342,566982342,418623784,418623784,426904141,426904141,329947432,329947432,436401072,436401072,417886309,417886309,479017371,479017371,321471690,321471690,505488456,505488456,498869283,498869283,568695788,568695788,541815539,541815539,328813027,328813027,-27091118,-27091118,103682137
# status f = 943886945,0,1 : PASS_RHO (rho 0.95720, T 3317.1, 0s)
f = 945684100,0,1 | route RHO | claimed 0.92956964422346792912 | coeffs -714729560,-714729560,-627737523,-627737523,-660267534,-660267534,-426251514,-426251514,-423440204,-423440204,-200067402,-200067402,-381954466,-381954466,-319707013,-319707013,-293750241,-293750241,-410336079,-410336079,116848106,116848106,1718602,1718602,123141378,123141378,81137174,81137174,301446408,301446408,391101344,391101344,592637989,592637989,565346323,565346323,339361992,339361992,374750683,374750683,451283205,451283205,233826668,233826668,342346488,342346488,583608895,583608895,518044333,518044333,721492469,721492469,786505176,786505176,605175336,605175336,676091302,676091302,856760981,856760981,808838391,808838391,779951066,779951066
f = 945684100,0,1 | route T | claimed 2500.4176374346029309 | coeffs 365566613,365566613,-107390096,-107390096,-51370193,-51370193,-123890676,-123890676,24888758,24888758,47191841,47191841,-178119621,-178119621,-171479492,-171479492,-279844554,-279844554,-400385078,-400385078,-604909594,-604909594,-630506118,-630506118,-520580843,-520580843,-617799205,-617799205,-569753247,-569753247,-550766324,-550766324,-461301796,-461301796,-96391310,-96391310,-403965430,-403965430,-348070776,-348070776,-193054056,-193054056,-365414663,-365414663,-490398999,-490398999,-307750499,-307750499,-264263695,-264263695,-489126047,-489126047,-440912991,-440912991,-535070240,-535070240,-532483024,-532483024,-242572838,-242572838,-582955979,-582955979,-593015506,-593015506
# status f = 945684100,0,1 : PASS_RHO (rho 0.92957, T 2500.4, 1s)
f = 995662285,0,1 | route RHO | claimed 0.9453476762063328121 | coeffs 275347767,31553049,31553049,-144501817,-144501817,-181422916,-181422916,-78849817,-78849817,-259092592,-259092592,-369079452,-369079452,-208947703,-208947703,-333748197,-333748197,-338463859,-338463859,-405850232,-405850232,-385730217,-385730217,-841037296,-841037296,-826571238,-826571238,-650301158,-650301158,-425122140,-425122140,-519901772,-519901772,-465007973,-465007973,-662949506,-662949506,-562821951,-562821951,-820502001,-820502001,-775480754,-775480754,-725136396,-725136396,-697854139,-697854139,-479151272,-479151272,-408906613,-408906613,-291896709,-291896709,-273866894,-273866894,-345512428,-345512428,-453711337,-453711337,-526230815,-526230815,-170576222,-170576222,-275347767
f = 995662285,0,1 | route T | claimed 2422.5036663172947136 | coeffs -31553049,144501817,144501817,181422916,181422916,78849817,78849817,259092592,259092592,369079452,369079452,208947703,208947703,333748197,333748197,338463859,338463859,405850232,405850232,385730217,385730217,841037296,841037296,826571238,826571238,650301158,650301158,425122140,425122140,519901772,519901772,465007973,465007973,662949506,662949506,562821951,562821951,820502001,820502001,775480754,775480754,725136396,725136396,697854139,697854139,479151272,479151272,408906613,408906613,291896709,291896709,273866894,273866894,345512428,345512428,453711337,453711337,526230815,526230815,170576222,170576222,275347767,275347767,31553049
# status f = 995662285,0,1 : PASS_RHO (rho 0.94535, T 2422.5, 0s)
# summary n = 7 l = 1000327873 : EXCLUSION_CANDIDATE ; PASS 32 / 32 ; OPEN_NEAR 0 ; OPEN_FAR 0 ; 16s
