# FAMILY WITNESS FILE (generator family_gen.sage r10). n = 7 ; l = 1000434881 ; m = 64 ; deg = 2 ; ncomp = 32 ; bar_T = 4224 ; L_n = 16.3328709449664096755483535644
# line: f = c0,...,c_deg (monic, over F_l) | route RHO|T | claimed (rho or T, float) | coeffs a_0..a_{m-1}
f = 17214446,0,1 | route RHO | claimed 0.94918626175343052477 | coeffs 255755875,-124565692,-124565692,-316754669,-316754669,-419319939,-419319939,-440063396,-440063396,-301882648,-301882648,-311131470,-311131470,-225545768,-225545768,-186219484,-186219484,-295745961,-295745961,-23148693,-23148693,89816955,89816955,-112842405,-112842405,76680534,76680534,95962194,95962194,76488216,76488216,187248146,187248146,141842335,141842335,63931843,63931843,255894601,255894601,48607110,48607110,-305998917,-305998917,-199495907,-199495907,-253817527,-253817527,-389582795,-389582795,-250802225,-250802225,-345683590,-345683590,-294866889,-294866889,-362474232,-362474232,-422963287,-422963287,-481721299,-481721299,-117106692,-117106692,-255755875
f = 17214446,0,1 | route T | claimed 2892.1268660226618071 | coeffs 130046606,255345459,255345459,567833425,567833425,497286501,497286501,534354406,534354406,329968017,329968017,256639749,256639749,241569575,241569575,163296263,163296263,216917351,216917351,112043757,112043757,-2502075,-2502075,-153037058,-153037058,32870423,32870423,40650809,40650809,75955586,75955586,13442112,13442112,25632297,25632297,-149055067,-149055067,-339746697,-339746697,-220547964,-220547964,108831885,108831885,181904784,181904784,255203188,255203188,530544044,530544044,464851901,464851901,346283451,346283451,101628431,101628431,-40904900,-40904900,150022990,150022990,263686616,263686616,140212409,140212409,-130046606
# status f = 17214446,0,1 : PASS_RHO (rho 0.94919, T 2892.1, 1s)
f = 32084840,0,1 | route RHO | claimed 0.94396876629957086522 | coeffs -449592292,-522890696,-522890696,-530671082,-530671082,-326284693,-326284693,-468818024,-468818024,-659509654,-659509654,-764383248,-764383248,-639084395,-639084395,-914425251,-914425251,-949730028,-949730028,-876401760,-876401760,-685473870,-685473870,-566275137,-566275137,-680820969,-680820969,-368333003,-368333003,-302640860,-302640860,-240127386,-240127386,-225057212,-225057212,-111393586,-111393586,217986263,217986263,67451280,67451280,-3095644,-3095644,115472806,115472806,103282621,103282621,181555933,181555933,58081726,58081726,131154625,131154625,317062106,317062106,354130011,354130011,598785031,598785031,773472395,773472395,719851307,719851307,449592292
f = 32084840,0,1 | route T | claimed 2654.6313774064238814 | coeffs 67451280,67451280,-3095644,-3095644,115472806,115472806,103282621,103282621,181555933,181555933,58081726,58081726,131154625,131154625,317062106,317062106,354130011,354130011,598785031,598785031,773472395,773472395,719851307,719851307,449592292,449592292,522890696,522890696,530671082,530671082,326284693,326284693,468818024,468818024,659509654,659509654,764383248,764383248,639084395,639084395,914425251,914425251,949730028,949730028,876401760,876401760,685473870,685473870,566275137,566275137,680820969,680820969,368333003,368333003,302640860,302640860,240127386,240127386,225057212,225057212,111393586,111393586,-217986263,-217986263
# status f = 32084840,0,1 : PASS_RHO (rho 0.94397, T 2654.6, 0s)
f = 43822676,0,1 | route RHO | claimed 0.95286376397329525675 | coeffs 416273717,416273717,278092969,278092969,70805478,70805478,-31759792,-31759792,46150700,46150700,426472267,426472267,537232197,537232197,172617590,172617590,153335930,153335930,92846875,92846875,-109812485,-109812485,-160629186,-160629186,-433226454,-433226454,-294445884,-294445884,-255119600,-255119600,-200797980,-200797980,-191549158,-191549158,-546155185,-546155185,-566898642,-566898642,-758861400,-758861400,-566672423,-566672423,-612078234,-612078234,-473429051,-473429051,-453955073,-453955073,-512713085,-512713085,-323190146,-323190146,-255582803,-255582803,-368548451,-368548451,-463429816,-463429816,-572956293,-572956293,-437191025,-437191025,-522776727,-522776727
f = 43822676,0,1 | route T | claimed 2107.1578259042918248 | coeffs -310950883,-310950883,-356047567,-356047567,-363227976,-363227976,-268190297,-268190297,-501983658,-501983658,-759821322,-759821322,-698739707,-698739707,-510116993,-510116993,-583922804,-583922804,-455289686,-455289686,-687476263,-687476263,-827941545,-827941545,-700046789,-700046789,-637607487,-637607487,-511464828,-511464828,-245614446,-245614446,-206400667,-206400667,-344567698,-344567698,-318411025,-318411025,-350547246,-350547246,-522684522,-522684522,-239309534,-239309534,-388654435,-388654435,-298186694,-298186694,-233870994,-233870994,-94253606,-94253606,210286837,210286837,366473601,366473601,453724090,453724090,790650186,790650186,550974407,550974407,619499629,619499629
# status f = 43822676,0,1 : PASS_RHO (rho 0.95286, T 2107.2, 0s)
f = 49950086,0,1 | route RHO | claimed 0.90474791503925105391 | coeffs -118185925,-118185925,-192855170,-192855170,-76481639,-76481639,-123120313,-123120313,-158232772,-158232772,16797346,16797346,-46034146,-46034146,-132274968,-132274968,138742116,138742116,-159261551,-159261551,-221938392,-221938392,-266231983,-266231983,-327498689,-327498689,-544083674,-544083674,-311570005,-311570005,-152246032,-152246032,-517547203,-517547203,-459350006,-459350006,-381805702,-381805702,-296551734,-296551734,-114169346,-114169346,-169773004,-169773004,-342544064,-342544064,-446418064,-446418064,-157698380,-157698380,-417720958,-417720958,-434300063,-434300063,-405527585,-405527585,-280047791,-280047791,-285631232,-285631232,-198682134,-198682134,41546561,41546561
f = 49950086,0,1 | route T | claimed 1685.4542248117258487 | coeffs 103454401,176527300,176527300,367455190,367455190,330387285,330387285,444933117,444933117,619620481,619620481,685312624,685312624,955571639,955571639,940501465,940501465,948281851,948281851,1277661700,1277661700,1135128369,1135128369,1205675293,1205675293,1310548887,1310548887,1298358702,1298358702,1023017846,1023017846,1146492053,1146492053,1073163785,1073163785,1259071266,1259071266,1378269999,1378269999,1133614979,1133614979,821127013,821127013,767505925,767505925,830019399,830019399,756720995,756720995,643057369,643057369,438670980,438670980,288135997,288135997,97444367,97444367,-21124083,-21124083,-146422936,-146422936,-68149624,-68149624,-103454401
# status f = 49950086,0,1 : PASS_RHO (rho 0.90475, T 1685.5, 0s)
f = 58927592,0,1 | route RHO | claimed 0.88547870473112373199 | coeffs 232785934,232785934,423713824,423713824,153454809,153454809,224001733,224001733,297330001,297330001,243708913,243708913,394243896,394243896,358939119,358939119,533626483,533626483,204246634,204246634,-71094222,-71094222,173560798,173560798,59897172,59897172,185196025,185196025,222263930,222263930,207193756,207193756,102320162,102320162,288227643,288227643,225714169,225714169,35022539,35022539,108095438,108095438,42403295,42403295,-100130036,-100130036,-223604243,-223604243,-536092209,-536092209,-331705820,-331705820,-253432508,-253432508,-138886676,-138886676,-146667062,-146667062,-158857247,-158857247,-278055980,-278055980,-351354384,-351354384
f = 58927592,0,1 | route T | claimed 1929.6336634815419607 | coeffs 100130036,100130036,223604243,223604243,536092209,536092209,331705820,331705820,253432508,253432508,138886676,138886676,146667062,146667062,158857247,158857247,278055980,278055980,351354384,351354384,232785934,232785934,423713824,423713824,153454809,153454809,224001733,224001733,297330001,297330001,243708913,243708913,394243896,394243896,358939119,358939119,533626483,533626483,204246634,204246634,-71094222,-71094222,173560798,173560798,59897172,59897172,185196025,185196025,222263930,222263930,207193756,207193756,102320162,102320162,288227643,288227643,225714169,225714169,35022539,35022539,108095438,108095438,42403295,42403295
# status f = 58927592,0,1 : PASS_RHO (rho 0.88548, T 1929.6, 1s)
f = 99420961,0,1 | route RHO | claimed 0.94396876629957086522 | coeffs 566275137,685473870,685473870,876401760,876401760,949730028,949730028,914425251,914425251,639084395,639084395,764383248,764383248,659509654,659509654,468818024,468818024,326284693,326284693,530671082,530671082,522890696,522890696,449592292,449592292,719851307,719851307,773472395,773472395,598785031,598785031,354130011,354130011,317062106,317062106,131154625,131154625,58081726,58081726,181555933,181555933,103282621,103282621,115472806,115472806,-3095644,-3095644,67451280,67451280,217986263,217986263,-111393586,-111393586,-225057212,-225057212,-240127386,-240127386,-302640860,-302640860,-368333003,-368333003,-680820969,-680820969,-566275137
f = 99420961,0,1 | route T | claimed 2529.0339867064928161 | coeffs 292655201,369437194,369437194,289262501,289262501,288008227,288008227,-24908719,-24908719,-138792485,-138792485,-67444919,-67444919,-220937779,-220937779,-134954672,-134954672,-157476597,-157476597,88963865,88963865,406853431,406853431,156738753,156738753,227131992,227131992,192773926,192773926,50328752,50328752,-19116152,-19116152,64971248,64971248,58771046,58771046,73561400,73561400,213381580,213381580,184425578,184425578,25569013,25569013,-79510419,-79510419,138444390,138444390,-215186765,-215186765,-289530792,-289530792,44084089,44084089,-100394864,-100394864,-61142633,-61142633,-160734299,-160734299,-499095573,-499095573,-292655201
# status f = 99420961,0,1 : PASS_RHO (rho 0.94397, T 2529.0, 0s)
f = 176919514,0,1 | route RHO | claimed 0.88580542824814315015 | coeffs -290406794,-290406794,-99715164,-99715164,-173043432,-173043432,-238735575,-238735575,-88200592,-88200592,35273615,35273615,-139413749,-139413749,64972640,64972640,-210368216,-210368216,-324914048,-324914048,-211250422,-211250422,-223440607,-223440607,-186372702,-186372702,-113074298,-113074298,-8200704,-8200704,-199128594,-199128594,-261642068,-261642068,-191095144,-191095144,-264168043,-264168043,-210546955,-210546955,-353080286,-353080286,-388385063,-388385063,-75897097,-75897097,253482752,253482752,331756064,331756064,576411084,576411084,584191470,584191470,458892617,458892617,339693884,339693884,324623710,324623710,206055260,206055260,20147779,20147779
f = 176919514,0,1 | route T | claimed 1928.6804064456707025 | coeffs 253482752,253482752,331756064,331756064,576411084,576411084,584191470,584191470,458892617,458892617,339693884,339693884,324623710,324623710,206055260,206055260,20147779,20147779,290406794,290406794,99715164,99715164,173043432,173043432,238735575,238735575,88200592,88200592,-35273615,-35273615,139413749,139413749,-64972640,-64972640,210368216,210368216,324914048,324914048,211250422,211250422,223440607,223440607,186372702,186372702,113074298,113074298,8200704,8200704,199128594,199128594,261642068,261642068,191095144,191095144,264168043,264168043,210546955,210546955,353080286,353080286,388385063,388385063,75897097,75897097
# status f = 176919514,0,1 : PASS_RHO (rho 0.88581, T 1928.7, 0s)
f = 184559849,0,1 | route RHO | claimed 0.90474791503925105391 | coeffs 158232772,123120313,123120313,76481639,76481639,192855170,192855170,118185925,118185925,41546561,41546561,-198682134,-198682134,-285631232,-285631232,-280047791,-280047791,-405527585,-405527585,-434300063,-434300063,-417720958,-417720958,-157698380,-157698380,-446418064,-446418064,-342544064,-342544064,-169773004,-169773004,-114169346,-114169346,-296551734,-296551734,-381805702,-381805702,-459350006,-459350006,-517547203,-517547203,-152246032,-152246032,-311570005,-311570005,-544083674,-544083674,-327498689,-327498689,-266231983,-266231983,-221938392,-221938392,-159261551,-159261551,138742116,138742116,-132274968,-132274968,-46034146,-46034146,16797346,16797346,-158232772
f = 184559849,0,1 | route T | claimed 2308.5815593903854568 | coeffs 643057369,756720995,756720995,830019399,830019399,767505925,767505925,821127013,821127013,1133614979,1133614979,1378269999,1378269999,1259071266,1259071266,1073163785,1073163785,1146492053,1146492053,1023017846,1023017846,1298358702,1298358702,1310548887,1310548887,1205675293,1205675293,1135128369,1135128369,1277661700,1277661700,948281851,948281851,940501465,940501465,955571639,955571639,685312624,685312624,619620481,619620481,444933117,444933117,330387285,330387285,367455190,367455190,176527300,176527300,103454401,103454401,68149624,68149624,146422936,146422936,21124083,21124083,-97444367,-97444367,-288135997,-288135997,-438670980,-438670980,-643057369
# status f = 184559849,0,1 : PASS_RHO (rho 0.90475, T 2308.6, 0s)
f = 214306155,0,1 | route RHO | claimed 0.94580699161884671142 | coeffs -149413314,-30036524,-30036524,-192611580,-192611580,20769819,20769819,-317427405,-317427405,-264208686,-264208686,-396926011,-396926011,-467852052,-467852052,-364878683,-364878683,-212510483,-212510483,-393923425,-393923425,-402956102,-402956102,-146698622,-146698622,-368661975,-368661975,-357834307,-357834307,-334181620,-334181620,-492775792,-492775792,-619230989,-619230989,-89264207,-89264207,-192526935,-192526935,43024561,43024561,-4700644,-4700644,-22079958,-22079958,193903556,193903556,254831039,254831039,236452266,236452266,29781343,29781343,312759280,312759280,223222611,223222611,170611943,170611943,272352791,272352791,91295724,91295724,149413314
f = 214306155,0,1 | route T | claimed 2338.1996499480026196 | coeffs 121634333,45953154,45953154,12150565,12150565,91304917,91304917,199568011,199568011,187416619,187416619,506008155,506008155,358013007,358013007,396293724,396293724,704398053,704398053,911278257,911278257,676386319,676386319,684232562,684232562,469941401,469941401,221567650,221567650,322751796,322751796,330389502,330389502,385163027,385163027,832587604,832587604,610518827,610518827,571916726,571916726,453614213,453614213,248534207,248534207,268075011,268075011,377562200,377562200,390704768,390704768,308104262,308104262,359850114,359850114,218090798,218090798,-57339108,-57339108,-38251124,-38251124,111917560,111917560,-121634333
# status f = 214306155,0,1 : PASS_RHO (rho 0.94581, T 2338.2, 0s)
f = 284459392,0,1 | route RHO | claimed 0.93102932599957062331 | coeffs 206094787,206094787,101221193,101221193,345876213,345876213,496411196,496411196,687339086,687339086,695119472,695119472,818593679,818593679,881107153,881107153,755808300,755808300,581120936,581120936,510574012,510574012,391375279,391375279,595761668,595761668,668834567,668834567,653764393,653764393,378423537,378423537,324802449,324802449,206233999,206233999,91688167,91688167,234221498,234221498,48314017,48314017,161977643,161977643,197282420,197282420,467541435,467541435,455351250,455351250,142863284,142863284,-47828346,-47828346,-10760441,-10760441,-340140290,-340140290,-266812022,-266812022,-193513618,-193513618,-271786930,-271786930
f = 284459392,0,1 | route T | claimed 2159.634744414113401 | coeffs 206094787,206094787,101221193,101221193,345876213,345876213,496411196,496411196,687339086,687339086,695119472,695119472,818593679,818593679,881107153,881107153,755808300,755808300,581120936,581120936,510574012,510574012,391375279,391375279,595761668,595761668,668834567,668834567,653764393,653764393,378423537,378423537,324802449,324802449,206233999,206233999,91688167,91688167,234221498,234221498,48314017,48314017,161977643,161977643,197282420,197282420,467541435,467541435,455351250,455351250,142863284,142863284,-47828346,-47828346,-10760441,-10760441,-340140290,-340140290,-266812022,-266812022,-193513618,-193513618,-271786930,-271786930
# status f = 284459392,0,1 : PASS_RHO (rho 0.93103, T 2159.6, 0s)
f = 285988547,0,1 | route RHO | claimed 0.94580699161884671142 | coeffs 29781343,29781343,236452266,236452266,254831039,254831039,193903556,193903556,-22079958,-22079958,-4700644,-4700644,43024561,43024561,-192526935,-192526935,-89264207,-89264207,-619230989,-619230989,-492775792,-492775792,-334181620,-334181620,-357834307,-357834307,-368661975,-368661975,-146698622,-146698622,-402956102,-402956102,-393923425,-393923425,-212510483,-212510483,-364878683,-364878683,-467852052,-467852052,-396926011,-396926011,-264208686,-264208686,-317427405,-317427405,20769819,20769819,-192611580,-192611580,-30036524,-30036524,-149413314,-149413314,-91295724,-91295724,-272352791,-272352791,-170611943,-170611943,-223222611,-223222611,-312759280,-312759280
f = 285988547,0,1 | route T | claimed 2674.0631653013837666 | coeffs -106968902,-106968902,172858161,172858161,131606710,131606710,115447658,115447658,86563719,86563719,249173749,249173749,244460441,244460441,80799769,80799769,258061846,258061846,341063832,341063832,93447626,93447626,-106283854,-106283854,-12965053,-12965053,-129807108,-129807108,-254842230,-254842230,63867292,63867292,-83105536,-83105536,3436114,3436114,-280972810,-280972810,-59159118,-59159118,16196878,16196878,208105652,208105652,418378556,418378556,288529945,288529945,515946590,515946590,232275096,232275096,363054065,363054065,359492825,359492825,255865841,255865841,155298754,155298754,345414702,345414702,187588229,187588229
# status f = 285988547,0,1 : PASS_RHO (rho 0.94581, T 2674.1, 0s)
f = 396269200,0,1 | route RHO | claimed 0.88580542824814315015 | coeffs 210368216,210368216,-64972640,-64972640,139413749,139413749,-35273615,-35273615,88200592,88200592,238735575,238735575,173043432,173043432,99715164,99715164,290406794,290406794,20147779,20147779,206055260,206055260,324623710,324623710,339693884,339693884,458892617,458892617,584191470,584191470,576411084,576411084,331756064,331756064,253482752,253482752,-75897097,-75897097,-388385063,-388385063,-353080286,-353080286,-210546955,-210546955,-264168043,-264168043,-191095144,-191095144,-261642068,-261642068,-199128594,-199128594,-8200704,-8200704,-113074298,-113074298,-186372702,-186372702,-223440607,-223440607,-211250422,-211250422,-324914048,-324914048
f = 396269200,0,1 | route T | claimed 2079.9590218195424924 | coeffs 75897097,388385063,388385063,353080286,353080286,210546955,210546955,264168043,264168043,191095144,191095144,261642068,261642068,199128594,199128594,8200704,8200704,113074298,113074298,186372702,186372702,223440607,223440607,211250422,211250422,324914048,324914048,210368216,210368216,-64972640,-64972640,139413749,139413749,-35273615,-35273615,88200592,88200592,238735575,238735575,173043432,173043432,99715164,99715164,290406794,290406794,20147779,20147779,206055260,206055260,324623710,324623710,339693884,339693884,458892617,458892617,584191470,584191470,576411084,576411084,331756064,331756064,253482752,253482752,-75897097
# status f = 396269200,0,1 : PASS_RHO (rho 0.88581, T 2080.0, 0s)
f = 412022800,0,1 | route RHO | claimed 0.96753119331779416156 | coeffs -104465326,-364487904,-364487904,-239008110,-239008110,1220585,1220585,-115152946,-115152946,-290183064,-290183064,-561200148,-561200148,-516906557,-516906557,-749420226,-749420226,-807617423,-807617423,-989999811,-989999811,-886125811,-886125811,-869546706,-869546706,-863963265,-863963265,-940602629,-940602629,-987241303,-987241303,-1050072795,-1050072795,-1348076462,-1348076462,-1409343168,-1409343168,-1250019195,-1250019195,-1172474891,-1172474891,-1228078549,-1228078549,-939358865,-939358865,-910586387,-910586387,-823637289,-823637289,-748968044,-748968044,-713855585,-713855585,-627614763,-627614763,-564937922,-564937922,-348352937,-348352937,16948234,16948234,-68305734,-68305734,104465326
f = 412022800,0,1 | route T | claimed 2298.8095536818185161 | coeffs 104465326,104465326,364487904,364487904,239008110,239008110,-1220585,-1220585,115152946,115152946,290183064,290183064,561200148,561200148,516906557,516906557,749420226,749420226,807617423,807617423,989999811,989999811,886125811,886125811,869546706,869546706,863963265,863963265,940602629,940602629,987241303,987241303,1050072795,1050072795,1348076462,1348076462,1409343168,1409343168,1250019195,1250019195,1172474891,1172474891,1228078549,1228078549,939358865,939358865,910586387,910586387,823637289,823637289,748968044,748968044,713855585,713855585,627614763,627614763,564937922,564937922,348352937,348352937,-16948234,-16948234,68305734,68305734
# status f = 412022800,0,1 : PASS_RHO (rho 0.96753, T 2298.8, 1s)
f = 413193949,0,1 | route RHO | claimed 0.94918626175343052477 | coeffs 250802225,389582795,389582795,253817527,253817527,199495907,199495907,305998917,305998917,-48607110,-48607110,-255894601,-255894601,-63931843,-63931843,-141842335,-141842335,-187248146,-187248146,-76488216,-76488216,-95962194,-95962194,-76680534,-76680534,112842405,112842405,-89816955,-89816955,23148693,23148693,295745961,295745961,186219484,186219484,225545768,225545768,311131470,311131470,301882648,301882648,440063396,440063396,419319939,419319939,316754669,316754669,124565692,124565692,-255755875,-255755875,-117106692,-117106692,-481721299,-481721299,-422963287,-422963287,-362474232,-362474232,-294866889,-294866889,-345683590,-345683590,-250802225
f = 413193949,0,1 | route T | claimed 2095.3708305712865747 | coeffs -130046606,-130046606,140212409,140212409,263686616,263686616,150022990,150022990,-40904900,-40904900,101628431,101628431,346283451,346283451,464851901,464851901,530544044,530544044,255203188,255203188,181904784,181904784,108831885,108831885,-220547964,-220547964,-339746697,-339746697,-149055067,-149055067,25632297,25632297,13442112,13442112,75955586,75955586,40650809,40650809,32870423,32870423,-153037058,-153037058,-2502075,-2502075,112043757,112043757,216917351,216917351,163296263,163296263,241569575,241569575,256639749,256639749,329968017,329968017,534354406,534354406,497286501,497286501,567833425,567833425,255345459,255345459
# status f = 413193949,0,1 : PASS_RHO (rho 0.94919, T 2095.4, 0s)
f = 430239730,0,1 | route RHO | claimed 0.91005473196675247599 | coeffs 681647733,681647733,411388718,411388718,525934550,525934550,452861651,452861651,578160504,578160504,427625521,427625521,500923925,500923925,188435959,188435959,2528478,2528478,-272812378,-272812378,-343359302,-343359302,-335578916,-335578916,-401271059,-401271059,-438338964,-438338964,-473643741,-473643741,-355075291,-355075291,-559461680,-559461680,-621975154,-621975154,-866630174,-866630174,-793301906,-793301906,-805492091,-805492091,-662958760,-662958760,-678028934,-678028934,-852716298,-852716298,-661788408,-661788408,-583515096,-583515096,-392823466,-392823466,-506487092,-506487092,-452866004,-452866004,-333667271,-333667271,-457141478,-457141478,-352267884,-352267884
f = 430239730,0,1 | route T | claimed 2261.0912939804151655 | coeffs 355075291,355075291,559461680,559461680,621975154,621975154,866630174,866630174,793301906,793301906,805492091,805492091,662958760,662958760,678028934,678028934,852716298,852716298,661788408,661788408,583515096,583515096,392823466,392823466,506487092,506487092,452866004,452866004,333667271,333667271,457141478,457141478,352267884,352267884,681647733,681647733,411388718,411388718,525934550,525934550,452861651,452861651,578160504,578160504,427625521,427625521,500923925,500923925,188435959,188435959,2528478,2528478,-272812378,-272812378,-343359302,-343359302,-335578916,-335578916,-401271059,-401271059,-438338964,-438338964,-473643741,-473643741
# status f = 430239730,0,1 : PASS_RHO (rho 0.91005, T 2261.1, 0s)
f = 483134771,0,1 | route RHO | claimed 0.95905016653630725467 | coeffs 118513680,12010670,12010670,203973428,203973428,93213498,93213498,282736437,282736437,10139169,10139169,95724871,95724871,116468328,116468328,-263853239,-263853239,-322611251,-322611251,-373427952,-373427952,-509193220,-509193220,-154587193,-154587193,-232497685,-232497685,-213023707,-213023707,-415683067,-415683067,-306156590,-306156590,-315405412,-315405412,-212840142,-212840142,-74190959,-74190959,-134680014,-134680014,-39798649,-39798649,-94120269,-94120269,113167222,113167222,67761411,67761411,48479751,48479751,161445399,161445399,122119115,122119115,260299863,260299863,452488840,452488840,87874233,87874233,20266890,20266890,-118513680
f = 483134771,0,1 | route T | claimed 2282.5591838218707142 | coeffs 118513680,12010670,12010670,203973428,203973428,93213498,93213498,282736437,282736437,10139169,10139169,95724871,95724871,116468328,116468328,-263853239,-263853239,-322611251,-322611251,-373427952,-373427952,-509193220,-509193220,-154587193,-154587193,-232497685,-232497685,-213023707,-213023707,-415683067,-415683067,-306156590,-306156590,-315405412,-315405412,-212840142,-212840142,-74190959,-74190959,-134680014,-134680014,-39798649,-39798649,-94120269,-94120269,113167222,113167222,67761411,67761411,48479751,48479751,161445399,161445399,122119115,122119115,260299863,260299863,452488840,452488840,87874233,87874233,20266890,20266890,-118513680
# status f = 483134771,0,1 : PASS_RHO (rho 0.95905, T 2282.6, 1s)
f = 517300110,0,1 | route RHO | claimed 0.88547870473112373199 | coeffs -35022539,-225714169,-225714169,-288227643,-288227643,-102320162,-102320162,-207193756,-207193756,-222263930,-222263930,-185196025,-185196025,-59897172,-59897172,-173560798,-173560798,71094222,71094222,-204246634,-204246634,-533626483,-533626483,-358939119,-358939119,-394243896,-394243896,-243708913,-243708913,-297330001,-297330001,-224001733,-224001733,-153454809,-153454809,-423713824,-423713824,-232785934,-232785934,-351354384,-351354384,-278055980,-278055980,-158857247,-158857247,-146667062,-146667062,-138886676,-138886676,-253432508,-253432508,-331705820,-331705820,-536092209,-536092209,-223604243,-223604243,-100130036,-100130036,42403295,42403295,108095438,108095438,35022539
f = 517300110,0,1 | route T | claimed 1425.1626526433194419 | coeffs -100130036,-100130036,42403295,42403295,108095438,108095438,35022539,35022539,225714169,225714169,288227643,288227643,102320162,102320162,207193756,207193756,222263930,222263930,185196025,185196025,59897172,59897172,173560798,173560798,-71094222,-71094222,204246634,204246634,533626483,533626483,358939119,358939119,394243896,394243896,243708913,243708913,297330001,297330001,224001733,224001733,153454809,153454809,423713824,423713824,232785934,232785934,351354384,351354384,278055980,278055980,158857247,158857247,146667062,146667062,138886676,138886676,253432508,253432508,331705820,331705820,536092209,536092209,223604243,223604243
# status f = 517300110,0,1 : PASS_RHO (rho 0.88548, T 1425.2, 0s)
f = 570195151,0,1 | route RHO | claimed 0.96753119331779416156 | coeffs 68305734,68305734,-16948234,-16948234,348352937,348352937,564937922,564937922,627614763,627614763,713855585,713855585,748968044,748968044,823637289,823637289,910586387,910586387,939358865,939358865,1228078549,1228078549,1172474891,1172474891,1250019195,1250019195,1409343168,1409343168,1348076462,1348076462,1050072795,1050072795,987241303,987241303,940602629,940602629,863963265,863963265,869546706,869546706,886125811,886125811,989999811,989999811,807617423,807617423,749420226,749420226,516906557,516906557,561200148,561200148,290183064,290183064,115152946,115152946,-1220585,-1220585,239008110,239008110,364487904,364487904,104465326,104465326
f = 570195151,0,1 | route T | claimed 2539.2952706986399115 | coeffs -423865070,-423865070,-541761198,-541761198,-324019335,-324019335,-173803801,-173803801,-43317200,-43317200,-208349996,-208349996,-377337873,-377337873,-365267825,-365267825,-556653012,-556653012,-591321235,-591321235,-462483044,-462483044,-358825287,-358825287,-224499373,-224499373,-249336012,-249336012,-22393065,-22393065,-323352283,-323352283,-335646200,-335646200,-107641132,-107641132,-247833082,-247833082,-270034733,-270034733,-242652343,-242652343,27136122,27136122,193328321,193328321,544561131,544561131,566048870,566048870,696148460,696148460,572153636,572153636,297207789,297207789,400860355,400860355,415765491,415765491,101082957,101082957,285430299,285430299
# status f = 570195151,0,1 : PASS_RHO (rho 0.96753, T 2539.3, 1s)
f = 587240932,0,1 | route RHO | claimed 0.94350955057658219553 | coeffs 117136258,259669589,259669589,15014569,15014569,133583019,133583019,67890876,67890876,-207449980,-207449980,-134151576,-134151576,-207224475,-207224475,122155374,122155374,2956641,2956641,-187734989,-187734989,-13047625,-13047625,-857440,-857440,61656034,61656034,96960811,96960811,89180425,89180425,275087906,275087906,425622889,425622889,311077057,311077057,415950651,415950651,469571739,469571739,547845051,547845051,532774877,532774877,606103145,606103145,401716756,401716756,364648851,364648851,294101927,294101927,-18386039,-18386039,106912814,106912814,-163346201,-163346201,-39871994,-39871994,73791632,73791632,-117136258
f = 587240932,0,1 | route T | claimed 2200.7679062222640775 | coeffs 117136258,259669589,259669589,15014569,15014569,133583019,133583019,67890876,67890876,-207449980,-207449980,-134151576,-134151576,-207224475,-207224475,122155374,122155374,2956641,2956641,-187734989,-187734989,-13047625,-13047625,-857440,-857440,61656034,61656034,96960811,96960811,89180425,89180425,275087906,275087906,425622889,425622889,311077057,311077057,415950651,415950651,469571739,469571739,547845051,547845051,532774877,532774877,606103145,606103145,401716756,401716756,364648851,364648851,294101927,294101927,-18386039,-18386039,106912814,106912814,-163346201,-163346201,-39871994,-39871994,73791632,73791632,-117136258
# status f = 587240932,0,1 : PASS_RHO (rho 0.94351, T 2200.8, 1s)
f = 588412081,0,1 | route RHO | claimed 0.91005473196675247599 | coeffs -793301906,-793301906,-866630174,-866630174,-621975154,-621975154,-559461680,-559461680,-355075291,-355075291,-473643741,-473643741,-438338964,-438338964,-401271059,-401271059,-335578916,-335578916,-343359302,-343359302,-272812378,-272812378,2528478,2528478,188435959,188435959,500923925,500923925,427625521,427625521,578160504,578160504,452861651,452861651,525934550,525934550,411388718,411388718,681647733,681647733,352267884,352267884,457141478,457141478,333667271,333667271,452866004,452866004,506487092,506487092,392823466,392823466,583515096,583515096,661788408,661788408,852716298,852716298,678028934,678028934,662958760,662958760,805492091,805492091
f = 588412081,0,1 | route T | claimed 1933.0527505974837687 | coeffs -335578916,-335578916,-343359302,-343359302,-272812378,-272812378,2528478,2528478,188435959,188435959,500923925,500923925,427625521,427625521,578160504,578160504,452861651,452861651,525934550,525934550,411388718,411388718,681647733,681647733,352267884,352267884,457141478,457141478,333667271,333667271,452866004,452866004,506487092,506487092,392823466,392823466,583515096,583515096,661788408,661788408,852716298,852716298,678028934,678028934,662958760,662958760,805492091,805492091,793301906,793301906,866630174,866630174,621975154,621975154,559461680,559461680,355075291,355075291,473643741,473643741,438338964,438338964,401271059,401271059
# status f = 588412081,0,1 : PASS_RHO (rho 0.91005, T 1933.1, 0s)
f = 604165681,0,1 | route RHO | claimed 0.95157767177228876446 | coeffs 136871053,41989688,41989688,-43596014,-43596014,163691477,163691477,-216630090,-216630090,-197348430,-197348430,-146531729,-146531729,-185858013,-185858013,168748014,168748014,-23440963,-23440963,-42914941,-42914941,-110522284,-110522284,-995807,-995807,-107498817,-107498817,-210064087,-210064087,-99304157,-99304157,-159793212,-159793212,-432390480,-432390480,-378068860,-378068860,-398812317,-398812317,-444218128,-444218128,-502976140,-502976140,-615941788,-615941788,-480176520,-480176520,-341995772,-341995772,-419906264,-419906264,-55291657,-55291657,147367703,147367703,8587133,8587133,-661689,-661689,191301069,191301069,52651886,52651886,-136871053
f = 604165681,0,1 | route T | claimed 2274.0927565048375674 | coeffs 254709382,254709382,524968397,524968397,710875878,710875878,592307428,592307428,607377602,607377602,488178869,488178869,613477722,613477722,621258108,621258108,376603088,376603088,454876400,454876400,125496551,125496551,437984517,437984517,473289294,473289294,330755963,330755963,277134875,277134875,204061976,204061976,133515052,133515052,71001578,71001578,261929468,261929468,366803062,366803062,293504658,293504658,330572563,330572563,342762748,342762748,456426374,456426374,570972206,570972206,295631350,295631350,91244961,91244961,-83442403,-83442403,-206916610,-206916610,-56381627,-56381627,9310516,9310516,-64017752,-64017752
# status f = 604165681,0,1 : PASS_RHO (rho 0.95158, T 2274.1, 0s)
f = 714446334,0,1 | route RHO | claimed 0.93527933702672622661 | coeffs -23302849,-142501582,-142501582,-76809439,-76809439,-190473065,-190473065,-261019989,-261019989,-339293301,-339293301,-153385820,-153385820,-328073184,-328073184,-254774780,-254774780,-397308111,-397308111,-522606964,-522606964,-449278696,-449278696,-334732864,-334732864,-272219390,-272219390,-601599239,-601599239,-483030789,-483030789,-359556582,-359556582,-322488677,-322488677,-268867589,-268867589,-261087203,-261087203,-451778833,-451778833,-176437977,-176437977,14489913,14489913,-297998053,-297998053,-282927879,-282927879,-132392896,-132392896,-144583081,-144583081,-217655980,-217655980,26999040,26999040,297258055,297258055,92871666,92871666,-12001928,-12001928,23302849
f = 714446334,0,1 | route T | claimed 1969.5140951207515253 | coeffs 76809439,190473065,190473065,261019989,261019989,339293301,339293301,153385820,153385820,328073184,328073184,254774780,254774780,397308111,397308111,522606964,522606964,449278696,449278696,334732864,334732864,272219390,272219390,601599239,601599239,483030789,483030789,359556582,359556582,322488677,322488677,268867589,268867589,261087203,261087203,451778833,451778833,176437977,176437977,-14489913,-14489913,297998053,297998053,282927879,282927879,132392896,132392896,144583081,144583081,217655980,217655980,-26999040,-26999040,-297258055,-297258055,-92871666,-92871666,12001928,12001928,-23302849,-23302849,-142501582,-142501582,-76809439
# status f = 714446334,0,1 : PASS_RHO (rho 0.93528, T 1969.5, 0s)
f = 715975489,0,1 | route RHO | claimed 0.95286376397329525675 | coeffs -612078234,-566672423,-566672423,-758861400,-758861400,-566898642,-566898642,-546155185,-546155185,-191549158,-191549158,-200797980,-200797980,-255119600,-255119600,-294445884,-294445884,-433226454,-433226454,-160629186,-160629186,-109812485,-109812485,92846875,92846875,153335930,153335930,172617590,172617590,537232197,537232197,426472267,426472267,46150700,46150700,-31759792,-31759792,70805478,70805478,278092969,278092969,416273717,416273717,522776727,522776727,437191025,437191025,572956293,572956293,463429816,463429816,368548451,368548451,255582803,255582803,323190146,323190146,512713085,512713085,453955073,453955073,473429051,473429051,612078234
f = 715975489,0,1 | route T | claimed 2631.9605041277648228 | coeffs -88451808,-88451808,-27185102,-27185102,58068866,58068866,74647971,74647971,149317216,149317216,420334300,420334300,261010327,261010327,88239267,88239267,93822708,93822708,128935167,128935167,84641576,84641576,7097272,7097272,-252925306,-252925306,-329564670,-329564670,-243323848,-243323848,-10810179,-10810179,44793479,44793479,170273273,170273273,123634599,123634599,186311440,186311440,244508637,244508637,-44211047,-44211047,196017648,196017648,133186156,133186156,349771141,349771141,532153529,532153529,503381051,503381051,387007520,387007520,89003853,89003853,454305024,454305024,350431024,350431024,263481926,263481926
# status f = 715975489,0,1 : PASS_RHO (rho 0.95286, T 2632.0, 0s)
f = 786128726,0,1 | route RHO | claimed 0.93527933702672622661 | coeffs -132392896,-282927879,-282927879,-297998053,-297998053,14489913,14489913,-176437977,-176437977,-451778833,-451778833,-261087203,-261087203,-268867589,-268867589,-322488677,-322488677,-359556582,-359556582,-483030789,-483030789,-601599239,-601599239,-272219390,-272219390,-334732864,-334732864,-449278696,-449278696,-522606964,-522606964,-397308111,-397308111,-254774780,-254774780,-328073184,-328073184,-153385820,-153385820,-339293301,-339293301,-261019989,-261019989,-190473065,-190473065,-76809439,-76809439,-142501582,-142501582,-23302849,-23302849,12001928,12001928,-92871666,-92871666,-297258055,-297258055,-26999040,-26999040,217655980,217655980,144583081,144583081,132392896
f = 786128726,0,1 | route T | claimed 2472.9640813028414526 | coeffs 168991809,369393370,369393370,311014159,311014159,105862910,105862910,261054631,261054631,99091696,99091696,384306461,384306461,587929097,587929097,654501921,654501921,731397540,731397540,653151266,653151266,779742879,779742879,764282856,764282856,1192589583,1192589583,943461439,943461439,868167496,868167496,822934120,822934120,618787572,618787572,851836492,851836492,938127382,938127382,770629213,770629213,649957305,649957305,577491571,577491571,320450114,320450114,116991133,116991133,161039771,161039771,148878427,148878427,-90496408,-90496408,2278190,2278190,30334037,30334037,132212743,132212743,-15843193,-15843193,-168991809
# status f = 786128726,0,1 : PASS_RHO (rho 0.93528, T 2473.0, 0s)
f = 815875032,0,1 | route RHO | claimed 0.93995212431024211199 | coeffs -63348050,-63348050,-75538235,-75538235,-180411829,-180411829,-109864905,-109864905,32668426,32668426,362048275,362048275,354267889,354267889,339197715,339197715,68938700,68938700,134630843,134630843,-40056521,-40056521,74489311,74489311,111557216,111557216,302485106,302485106,229412207,229412207,264716984,264716984,342990296,342990296,468289149,468289149,349720699,349720699,540412329,540412329,389877346,389877346,594263735,594263735,480600109,480600109,553898513,553898513,616411987,616411987,670033075,670033075,357545109,357545109,602200129,602200129,721398862,721398862,535491381,535491381,462163113,462163113,338688906,338688906
f = 815875032,0,1 | route T | claimed 2588.495622772181243 | coeffs 117700468,117700468,-119800185,-119800185,-334175842,-334175842,-120160276,-120160276,-91868169,-91868169,-217865066,-217865066,-300655788,-300655788,-357846994,-357846994,-228950926,-228950926,-254841129,-254841129,30285349,30285349,204399676,204399676,284802953,284802953,97173970,97173970,229788242,229788242,80415219,80415219,57108953,57108953,112736441,112736441,88159819,88159819,335533878,335533878,648480048,648480048,784257935,784257935,785012328,785012328,400012380,400012380,353083753,353083753,355196501,355196501,425635663,425635663,186661242,186661242,133790160,133790160,25489835,25489835,-7886936,-7886936,116833446,116833446
# status f = 815875032,0,1 : PASS_RHO (rho 0.93995, T 2588.5, 0s)
f = 823515367,0,1 | route RHO | claimed 0.95157767177228876446 | coeffs 185858013,146531729,146531729,197348430,197348430,216630090,216630090,-163691477,-163691477,43596014,43596014,-41989688,-41989688,-136871053,-136871053,52651886,52651886,191301069,191301069,-661689,-661689,8587133,8587133,147367703,147367703,-55291657,-55291657,-419906264,-419906264,-341995772,-341995772,-480176520,-480176520,-615941788,-615941788,-502976140,-502976140,-444218128,-444218128,-398812317,-398812317,-378068860,-378068860,-432390480,-432390480,-159793212,-159793212,-99304157,-99304157,-210064087,-210064087,-107498817,-107498817,-995807,-995807,-110522284,-110522284,-42914941,-42914941,-23440963,-23440963,168748014,168748014,-185858013
f = 823515367,0,1 | route T | claimed 2697.6745175510333893 | coeffs 262539416,262539416,610623340,610623340,498221641,498221641,915686411,915686411,942996291,942996291,978358131,978358131,770590454,770590454,648471156,648471156,789525917,789525917,694278957,694278957,821180387,821180387,555688398,555688398,800352244,800352244,744187082,744187082,662516651,662516651,449391899,449391899,285809002,285809002,535778968,535778968,401194628,401194628,487171554,487171554,213089316,213089316,72201413,72201413,111466921,111466921,-127358667,-127358667,86589499,86589499,19913284,19913284,-43408871,-43408871,-187538599,-187538599,-126873254,-126873254,-307235652,-307235652,-141430657,-141430657,-162089269,-162089269
# status f = 823515367,0,1 : PASS_RHO (rho 0.95158, T 2697.7, 0s)
f = 901013920,0,1 | route RHO | claimed 0.91628739260772892731 | coeffs -105766771,-105766771,206721195,206721195,321267027,321267027,440465760,440465760,249537870,249537870,322866138,322866138,358170915,358170915,82830059,82830059,-42468794,-42468794,-147342388,-147342388,43349242,43349242,-99184089,-99184089,-303570478,-303570478,-311350864,-311350864,-238052460,-238052460,32206555,32206555,-21414533,-21414533,-196101897,-196101897,48553123,48553123,11485218,11485218,197392699,197392699,124319800,124319800,845593,845593,-77427719,-77427719,-89617904,-89617904,-208186354,-208186354,-278733278,-278733278,-128198295,-128198295,201181554,201181554,87517928,87517928,102588102,102588102,40074628,40074628
f = 901013920,0,1 | route T | claimed 1676.174946066514609 | coeffs -845593,-845593,77427719,77427719,89617904,89617904,208186354,208186354,278733278,278733278,128198295,128198295,-201181554,-201181554,-87517928,-87517928,-102588102,-102588102,-40074628,-40074628,-105766771,-105766771,206721195,206721195,321267027,321267027,440465760,440465760,249537870,249537870,322866138,322866138,358170915,358170915,82830059,82830059,-42468794,-42468794,-147342388,-147342388,43349242,43349242,-99184089,-99184089,-303570478,-303570478,-311350864,-311350864,-238052460,-238052460,32206555,32206555,-21414533,-21414533,-196101897,-196101897,48553123,48553123,11485218,11485218,197392699,197392699,124319800,124319800
# status f = 901013920,0,1 : PASS_RHO (rho 0.91629, T 1676.2, 0s)
f = 941507289,0,1 | route RHO | claimed 0.95905016653630725467 | coeffs -95724871,-95724871,-10139169,-10139169,-282736437,-282736437,-93213498,-93213498,-203973428,-203973428,-12010670,-12010670,-118513680,-118513680,20266890,20266890,87874233,87874233,452488840,452488840,260299863,260299863,122119115,122119115,161445399,161445399,48479751,48479751,67761411,67761411,113167222,113167222,-94120269,-94120269,-39798649,-39798649,-134680014,-134680014,-74190959,-74190959,-212840142,-212840142,-315405412,-315405412,-306156590,-306156590,-415683067,-415683067,-213023707,-213023707,-232497685,-232497685,-154587193,-154587193,-509193220,-509193220,-373427952,-373427952,-322611251,-322611251,-263853239,-263853239,116468328,116468328
f = 941507289,0,1 | route T | claimed 2564.8765750321581502 | coeffs 140902033,140902033,65546037,65546037,61984797,61984797,20733346,20733346,-62268640,-62268640,-209241468,-209241468,-79392857,-79392857,110723091,110723091,273333121,273333121,180014320,180014320,401828012,401828012,271049043,271049043,-8778020,-8778020,168484057,168484057,-150225465,-150225465,60047439,60047439,160614526,160614526,189498465,189498465,-10233015,-10233015,274175909,274175909,-9495585,-9495585,71123742,71123742,234784414,234784414,109749292,109749292,-82159482,-82159482,-185786466,-185786466,-201945518,-201945518,45670688,45670688,132212338,132212338,-95204307,-95204307,-253030780,-253030780,-257744088,-257744088
# status f = 941507289,0,1 : PASS_RHO (rho 0.95905, T 2564.9, 0s)
f = 950484795,0,1 | route RHO | claimed 0.93995212431024211199 | coeffs 32668426,32668426,-109864905,-109864905,-180411829,-180411829,-75538235,-75538235,-63348050,-63348050,-338688906,-338688906,-462163113,-462163113,-535491381,-535491381,-721398862,-721398862,-602200129,-602200129,-357545109,-357545109,-670033075,-670033075,-616411987,-616411987,-553898513,-553898513,-480600109,-480600109,-594263735,-594263735,-389877346,-389877346,-540412329,-540412329,-349720699,-349720699,-468289149,-468289149,-342990296,-342990296,-264716984,-264716984,-229412207,-229412207,-302485106,-302485106,-111557216,-111557216,-74489311,-74489311,40056521,40056521,-134630843,-134630843,-68938700,-68938700,-339197715,-339197715,-354267889,-354267889,-362048275,-362048275
f = 950484795,0,1 | route T | claimed 2108.2627363230934762 | coeffs -789782204,-789782204,-707205114,-707205114,-331774694,-331774694,-243685936,-243685936,-437524255,-437524255,-317225266,-317225266,-261319877,-261319877,-213073421,-213073421,-232050205,-232050205,-177144591,-177144591,-243350232,-243350232,109844111,109844111,111115239,111115239,324565054,324565054,579587768,579587768,540640740,540640740,524809941,524809941,704385850,704385850,573947015,573947015,557622567,557622567,556042383,556042383,808640239,808640239,881728666,881728666,1290636864,1290636864,1220121336,1220121336,1247183382,1247183382,1272409560,1272409560,1062268886,1062268886,889156692,889156692,721433018,721433018,688217392,688217392,548641804,548641804
# status f = 950484795,0,1 : PASS_RHO (rho 0.93995, T 2108.3, 0s)
f = 956612205,0,1 | route RHO | claimed 0.93102932599957062331 | coeffs -266812022,-266812022,-340140290,-340140290,-10760441,-10760441,-47828346,-47828346,142863284,142863284,455351250,455351250,467541435,467541435,197282420,197282420,161977643,161977643,48314017,48314017,234221498,234221498,91688167,91688167,206233999,206233999,324802449,324802449,378423537,378423537,653764393,653764393,668834567,668834567,595761668,595761668,391375279,391375279,510574012,510574012,581120936,581120936,755808300,755808300,881107153,881107153,818593679,818593679,695119472,695119472,687339086,687339086,496411196,496411196,345876213,345876213,101221193,101221193,206094787,206094787,271786930,271786930,193513618,193513618
f = 956612205,0,1 | route T | claimed 1597.2589688177250664 | coeffs -266812022,-266812022,-340140290,-340140290,-10760441,-10760441,-47828346,-47828346,142863284,142863284,455351250,455351250,467541435,467541435,197282420,197282420,161977643,161977643,48314017,48314017,234221498,234221498,91688167,91688167,206233999,206233999,324802449,324802449,378423537,378423537,653764393,653764393,668834567,668834567,595761668,595761668,391375279,391375279,510574012,510574012,581120936,581120936,755808300,755808300,881107153,881107153,818593679,818593679,695119472,695119472,687339086,687339086,496411196,496411196,345876213,345876213,101221193,101221193,206094787,206094787,271786930,271786930,193513618,193513618
# status f = 956612205,0,1 : PASS_RHO (rho 0.93103, T 1597.3, 0s)
f = 968350041,0,1 | route RHO | claimed 0.91628739260772892731 | coeffs 102588102,102588102,87517928,87517928,201181554,201181554,-128198295,-128198295,-278733278,-278733278,-208186354,-208186354,-89617904,-89617904,-77427719,-77427719,845593,845593,124319800,124319800,197392699,197392699,11485218,11485218,48553123,48553123,-196101897,-196101897,-21414533,-21414533,32206555,32206555,-238052460,-238052460,-311350864,-311350864,-303570478,-303570478,-99184089,-99184089,43349242,43349242,-147342388,-147342388,-42468794,-42468794,82830059,82830059,358170915,358170915,322866138,322866138,249537870,249537870,440465760,440465760,321267027,321267027,206721195,206721195,-105766771,-105766771,-40074628,-40074628
f = 968350041,0,1 | route T | claimed 1537.6695723232509713 | coeffs -147342388,-42468794,-42468794,82830059,82830059,358170915,358170915,322866138,322866138,249537870,249537870,440465760,440465760,321267027,321267027,206721195,206721195,-105766771,-105766771,-40074628,-40074628,-102588102,-102588102,-87517928,-87517928,-201181554,-201181554,128198295,128198295,278733278,278733278,208186354,208186354,89617904,89617904,77427719,77427719,-845593,-845593,-124319800,-124319800,-197392699,-197392699,-11485218,-11485218,-48553123,-48553123,196101897,196101897,21414533,21414533,-32206555,-32206555,238052460,238052460,311350864,311350864,303570478,303570478,99184089,99184089,-43349242,-43349242,147342388
# status f = 968350041,0,1 : PASS_RHO (rho 0.91629, T 1537.7, 0s)
f = 983220435,0,1 | route RHO | claimed 0.94350955057658219553 | coeffs -311077057,-425622889,-425622889,-275087906,-275087906,-89180425,-89180425,-96960811,-96960811,-61656034,-61656034,857440,857440,13047625,13047625,187734989,187734989,-2956641,-2956641,-122155374,-122155374,207224475,207224475,134151576,134151576,207449980,207449980,-67890876,-67890876,-133583019,-133583019,-15014569,-15014569,-259669589,-259669589,-117136258,-117136258,73791632,73791632,-39871994,-39871994,-163346201,-163346201,106912814,106912814,-18386039,-18386039,294101927,294101927,364648851,364648851,401716756,401716756,606103145,606103145,532774877,532774877,547845051,547845051,469571739,469571739,415950651,415950651,311077057
f = 983220435,0,1 | route T | claimed 2158.1163005439638022 | coeffs 364648851,401716756,401716756,606103145,606103145,532774877,532774877,547845051,547845051,469571739,469571739,415950651,415950651,311077057,311077057,425622889,425622889,275087906,275087906,89180425,89180425,96960811,96960811,61656034,61656034,-857440,-857440,-13047625,-13047625,-187734989,-187734989,2956641,2956641,122155374,122155374,-207224475,-207224475,-134151576,-134151576,-207449980,-207449980,67890876,67890876,133583019,133583019,15014569,15014569,259669589,259669589,117136258,117136258,-73791632,-73791632,39871994,39871994,163346201,163346201,-106912814,-106912814,18386039,18386039,-294101927,-294101927,-364648851
# status f = 983220435,0,1 : PASS_RHO (rho 0.94351, T 2158.1, 0s)
# summary n = 7 l = 1000434881 : EXCLUSION_CANDIDATE ; PASS 32 / 32 ; OPEN_NEAR 0 ; OPEN_FAR 0 ; 15s
