# FAMILY WITNESS FILE (generator family_gen.sage r10). n = 7 ; l = 1000608449 ; m = 64 ; deg = 2 ; ncomp = 32 ; bar_T = 4224 ; L_n = 16.3328709449664096755483535644
# line: f = c0,...,c_deg (monic, over F_l) | route RHO|T | claimed (rho or T, float) | coeffs a_0..a_{m-1}
f = 13938709,0,1 | route RHO | claimed 0.96753954438050539111 | coeffs -580412211,-580412211,-245550335,-245550335,-400902389,-400902389,-458134155,-458134155,-296091996,-296091996,-450186844,-450186844,-350773278,-350773278,-601806341,-601806341,-342104568,-342104568,-263027949,-263027949,-242025004,-242025004,-606351786,-606351786,-543258200,-543258200,-399916957,-399916957,-333729274,-333729274,-539671991,-539671991,-272506886,-272506886,-288298816,-288298816,-187364467,-187364467,-217999927,-217999927,-249362860,-249362860,-32916373,-32916373,289805130,289805130,277106468,277106468,212485440,212485440,390336093,390336093,580173678,580173678,651926304,651926304,555376874,555376874,716290914,716290914,618527284,618527284,570138223,570138223
f = 13938709,0,1 | route T | claimed 2409.2179789861489406 | coeffs -178973240,-63220537,-63220537,33297150,33297150,236355984,236355984,252288725,252288725,181198959,181198959,369151597,369151597,156113728,156113728,232019149,232019149,207667577,207667577,363640991,363640991,308412256,308412256,256493531,256493531,264143299,264143299,130900159,130900159,283204798,283204798,271369235,271369235,507860683,507860683,742678559,742678559,516465961,516465961,664055682,664055682,643101679,643101679,572210333,572210333,138243589,138243589,223374356,223374356,-49715695,-49715695,-242749056,-242749056,-485463070,-485463070,-319507180,-319507180,-239446364,-239446364,-193294522,-193294522,36784251,36784251,178973240
# status f = 13938709,0,1 : PASS_RHO (rho 0.96754, T 2409.2, 1s)
f = 41729534,0,1 | route RHO | claimed 0.9638922237063217018 | coeffs 908258624,777199439,777199439,727166231,727166231,360621832,360621832,63334202,63334202,-120668110,-120668110,63063641,63063641,-60504926,-60504926,-265519415,-265519415,-361374286,-361374286,-238212587,-238212587,-383629477,-383629477,-460330984,-460330984,-502536293,-502536293,-792733367,-792733367,-684860666,-684860666,-834588013,-834588013,-990306363,-990306363,-964503705,-964503705,-779897370,-779897370,-671024900,-671024900,-894879362,-894879362,-935065900,-935065900,-876019654,-876019654,-781687865,-781687865,-953379256,-953379256,-874023210,-874023210,-595226079,-595226079,-600505679,-600505679,-854020825,-854020825,-796853715,-796853715,-799397971,-799397971,-908258624
f = 41729534,0,1 | route T | claimed 2759.0229950185288482 | coeffs 190285737,52968885,52968885,182010646,182010646,-101866391,-101866391,-160631722,-160631722,-177209036,-177209036,62256097,62256097,-93638216,-93638216,-36200320,-36200320,70792940,70792940,27785908,27785908,425903563,425903563,258708311,258708311,377966684,377966684,368789443,368789443,536851170,536851170,537671300,537671300,390936295,390936295,96235548,96235548,151986805,151986805,-73543244,-73543244,-115422299,-115422299,-152729776,-152729776,46724552,46724552,78305570,78305570,-201994819,-201994819,-302608638,-302608638,-316081992,-316081992,-81585716,-81585716,-263129485,-263129485,-578512341,-578512341,-341131885,-341131885,-190285737
# status f = 41729534,0,1 : PASS_RHO (rho 0.96389, T 2759.0, 1s)
f = 44321216,0,1 | route RHO | claimed 0.93555080307591924644 | coeffs 571696005,571696005,682511930,682511930,462039978,462039978,394294870,394294870,477762381,477762381,156313430,156313430,135854107,135854107,155071155,155071155,-97291447,-97291447,23931791,23931791,40403582,40403582,-175800321,-175800321,-147902506,-147902506,225777809,225777809,-8965116,-8965116,-371456032,-371456032,-161486540,-161486540,-299157369,-299157369,-127162482,-127162482,-10766944,-10766944,-220648699,-220648699,-414051135,-414051135,-435350231,-435350231,-351887146,-351887146,-678600029,-678600029,-375801523,-375801523,-526023550,-526023550,-636278429,-636278429,-473791997,-473791997,-613635657,-613635657,-654305027,-654305027,-541859815,-541859815
f = 44321216,0,1 | route T | claimed 2644.6196185788875507 | coeffs 714303358,714303358,529445272,529445272,479101829,479101829,440371331,440371331,612926356,612926356,395349134,395349134,286547921,286547921,529821380,529821380,697174574,697174574,860887908,860887908,1024527824,1024527824,1080051306,1080051306,1118056631,1118056631,1076864774,1076864774,929173579,929173579,704982867,704982867,797887540,797887540,900187395,900187395,850005524,850005524,613682404,613682404,678251671,678251671,578677312,578677312,448926364,448926364,326653834,326653834,86357944,86357944,187172761,187172761,319572404,319572404,51203461,51203461,-382600388,-382600388,-648330331,-648330331,-641950244,-641950244,-628855479,-628855479
# status f = 44321216,0,1 : PASS_RHO (rho 0.93555, T 2644.6, 0s)
f = 50454410,0,1 | route RHO | claimed 0.95963268689577035562 | coeffs 76626204,76626204,189267751,189267751,57480651,57480651,406622617,406622617,409171886,409171886,217255916,217255916,331962032,331962032,452117243,452117243,296469869,296469869,413232635,413232635,455031881,455031881,599155372,599155372,574740059,574740059,982357725,982357725,987712418,987712418,888699056,888699056,902321652,902321652,871353177,871353177,864913650,864913650,776426483,776426483,566387619,566387619,507518396,507518396,612629285,612629285,401384715,401384715,-43683508,-43683508,199305329,199305329,33180822,33180822,30327744,30327744,159373097,159373097,281456626,281456626,62355239,62355239,890869,890869
f = 50454410,0,1 | route T | claimed 2146.667615759412052 | coeffs -355710763,-355710763,-420280030,-420280030,-379088173,-379088173,-270286960,-270286960,-257192195,-257192195,-497488085,-497488085,-395188230,-395188230,-231548314,-231548314,-270278812,-270278812,163525037,163525037,263099396,263099396,410790591,410790591,167517132,167517132,82069253,82069253,182884070,182884070,132702199,132702199,188225681,188225681,360780706,360780706,626510649,626510649,756261597,756261597,980452309,980452309,813099115,813099115,997957201,997957201,1130356844,1130356844,894033724,894033724,932039049,932039049,714461827,714461827,708081740,708081740,830354270,830354270,737449597,737449597,573736263,573736263,624079706,624079706
# status f = 50454410,0,1 : PASS_RHO (rho 0.95963, T 2146.7, 1s)
f = 83400041,0,1 | route RHO | claimed 0.92203867003817472581 | coeffs 247575050,247575050,153230916,153230916,435480682,435480682,339837759,339837759,409875854,409875854,496581880,496581880,362837572,362837572,172085128,172085128,387982086,387982086,438753735,438753735,220786600,220786600,214464452,214464452,373426971,373426971,-21552440,-21552440,-43004762,-43004762,-78782795,-78782795,-170169843,-170169843,-182721041,-182721041,-178452992,-178452992,-224543886,-224543886,-514756690,-514756690,-362023624,-362023624,-704055217,-704055217,-590755942,-590755942,-705447715,-705447715,-787774269,-787774269,-687850522,-687850522,-714637890,-714637890,-493337639,-493337639,-333034656,-333034656,-14828646,-14828646,-154746036,-154746036
f = 83400041,0,1 | route T | claimed 2481.0960040929960813 | coeffs -41232483,-41232483,-57165224,-57165224,-49515456,-49515456,21375890,21375890,251454663,251454663,327360084,327360084,90868636,90868636,-102164725,-102164725,100894109,100894109,152812834,152812834,131858831,131858831,85706989,85706989,298744858,298744858,286909295,286909295,559999346,559999346,463481659,463481659,408252924,408252924,260663203,260663203,340724019,340724019,528676657,528676657,376372018,376372018,461502785,461502785,577255488,577255488,421282074,421282074,195069476,195069476,29113586,29113586,100203352,100203352,-33039788,-33039788,400926956,400926956,543115945,543115945,518764373,518764373,283946497,283946497
# status f = 83400041,0,1 : PASS_RHO (rho 0.92204, T 2481.1, 0s)
f = 90954653,0,1 | route RHO | claimed 0.94472126034377268126 | coeffs 304467082,304467082,405401431,405401431,566315471,566315471,306613698,306613698,337249158,337249158,435012788,435012788,514089407,514089407,482726474,482726474,434337413,434337413,413334468,413334468,196887981,196887981,186613993,186613993,-177712789,-177712789,145008714,145008714,-189853162,-189853162,-252946748,-252946748,-240248086,-240248086,-395600140,-395600140,-252258897,-252258897,-316879925,-316879925,-259648159,-259648159,-325835842,-325835842,-503686495,-503686495,-341644336,-341644336,-547587053,-547587053,-357749468,-357749468,-203654620,-203654620,-470819725,-470819725,-542572351,-542572351,-443158785,-443158785,-458950715,-458950715,-555500145,-555500145
f = 90954653,0,1 | route T | claimed 3034.0230086826328752 | coeffs 304467082,304467082,405401431,405401431,566315471,566315471,306613698,306613698,337249158,337249158,435012788,435012788,514089407,514089407,482726474,482726474,434337413,434337413,413334468,413334468,196887981,196887981,186613993,186613993,-177712789,-177712789,145008714,145008714,-189853162,-189853162,-252946748,-252946748,-240248086,-240248086,-395600140,-395600140,-252258897,-252258897,-316879925,-316879925,-259648159,-259648159,-325835842,-325835842,-503686495,-503686495,-341644336,-341644336,-547587053,-547587053,-357749468,-357749468,-203654620,-203654620,-470819725,-470819725,-542572351,-542572351,-443158785,-443158785,-458950715,-458950715,-555500145,-555500145
# status f = 90954653,0,1 : PASS_RHO (rho 0.94472, T 3034.0, 1s)
f = 116225187,0,1 | route RHO | claimed 0.93907987185712347243 | coeffs 269960994,269960994,205339966,205339966,44425926,44425926,199777980,199777980,-51255083,-51255083,-114348669,-114348669,-130140599,-130140599,-452862102,-452862102,-381109476,-381109476,-391383464,-391383464,-237288616,-237288616,-216285671,-216285671,-10342954,-10342954,-41705887,-41705887,-219556540,-219556540,-317320170,-317320170,-374551936,-374551936,-634253709,-634253709,-490912466,-490912466,-591846815,-591846815,-604545477,-604545477,-507996047,-507996047,-842857923,-842857923,-743444357,-743444357,-379117575,-379117575,-111952470,-111952470,-328398957,-328398957,-138561372,-138561372,-90172311,-90172311,-252214470,-252214470,-173137851,-173137851,-239325534,-239325534
f = 116225187,0,1 | route T | claimed 3236.7538724572645526 | coeffs -519176277,-519176277,-356556172,-356556172,-258286311,-258286311,-274916574,-274916574,-51260012,-51260012,-139441719,-139441719,-26258109,-26258109,8854809,8854809,448041438,448041438,208635678,208635678,496146782,496146782,378709500,378709500,39963119,39963119,243151241,243151241,475255695,475255695,512017829,512017829,460481002,460481002,718743314,718743314,627878138,627878138,591959939,591959939,612239358,612239358,535511887,535511887,976941667,976941667,919686221,919686221,658798476,658798476,581157612,581157612,446282569,446282569,301906036,301906036,359440754,359440754,643780571,643780571,363965388,363965388,434651133,434651133
# status f = 116225187,0,1 : PASS_RHO (rho 0.93908, T 3236.8, 1s)
f = 121188507,0,1 | route RHO | claimed 0.93907987185712347243 | coeffs 490912466,490912466,634253709,634253709,374551936,374551936,317320170,317320170,219556540,219556540,41705887,41705887,10342954,10342954,216285671,216285671,237288616,237288616,391383464,391383464,381109476,381109476,452862102,452862102,130140599,130140599,114348669,114348669,51255083,51255083,-199777980,-199777980,-44425926,-44425926,-205339966,-205339966,-269960994,-269960994,-239325534,-239325534,-173137851,-173137851,-252214470,-252214470,-90172311,-90172311,-138561372,-138561372,-328398957,-328398957,-111952470,-111952470,-379117575,-379117575,-743444357,-743444357,-842857923,-842857923,-507996047,-507996047,-604545477,-604545477,-591846815,-591846815
f = 121188507,0,1 | route T | claimed 3093.8534940622740271 | coeffs 343868996,343868996,267415012,267415012,538576745,538576745,524079565,524079565,405371288,405371288,497890689,497890689,540704856,540704856,827656118,827656118,763169240,763169240,665820968,665820968,781978823,781978823,714581229,714581229,416289092,416289092,292177589,292177589,468881811,468881811,634708154,634708154,537034635,537034635,559993908,559993908,387972384,387972384,717186248,717186248,703416204,703416204,456736035,456736035,329628903,329628903,333560504,333560504,134356294,134356294,115077432,115077432,-60099197,-60099197,-46645218,-46645218,-424224031,-424224031,-317734867,-317734867,-291563082,-291563082,-229996898,-229996898
# status f = 121188507,0,1 : PASS_RHO (rho 0.93908, T 3093.9, 1s)
f = 310617882,0,1 | route RHO | claimed 0.94724048600799205562 | coeffs 506093920,506093920,413189247,413189247,468712729,468712729,577513942,577513942,392655856,392655856,-41147993,-41147993,81124537,81124537,30942666,30942666,72134523,72134523,239487717,239487717,278218215,278218215,271838128,271838128,372652945,372652945,308083678,308083678,83892966,83892966,-79746950,-79746950,-297324172,-297324172,-382772051,-382772051,-114403108,-114403108,-244154056,-244154056,-346453911,-346453911,-308448586,-308448586,-551722045,-551722045,-602065488,-602065488,-867795431,-867795431,-627499541,-627499541,-863822661,-863822661,-716131466,-716131466,-552418132,-552418132,-724973157,-724973157,-738067922,-738067922,-605668279,-605668279
f = 310617882,0,1 | route T | claimed 2538.1240018651916799 | coeffs -83892966,79746950,79746950,297324172,297324172,382772051,382772051,114403108,114403108,244154056,244154056,346453911,346453911,308448586,308448586,551722045,551722045,602065488,602065488,867795431,867795431,627499541,627499541,863822661,863822661,716131466,716131466,552418132,552418132,724973157,724973157,738067922,738067922,605668279,605668279,506093920,506093920,413189247,413189247,468712729,468712729,577513942,577513942,392655856,392655856,-41147993,-41147993,81124537,81124537,30942666,30942666,72134523,72134523,239487717,239487717,278218215,278218215,271838128,271838128,372652945,372652945,308083678,308083678,83892966
# status f = 310617882,0,1 : PASS_RHO (rho 0.94724, T 2538.1, 0s)
f = 321477621,0,1 | route RHO | claimed 0.93555080307591924644 | coeffs 156313430,156313430,477762381,477762381,394294870,394294870,462039978,462039978,682511930,682511930,571696005,571696005,541859815,541859815,654305027,654305027,613635657,613635657,473791997,473791997,636278429,636278429,526023550,526023550,375801523,375801523,678600029,678600029,351887146,351887146,435350231,435350231,414051135,414051135,220648699,220648699,10766944,10766944,127162482,127162482,299157369,299157369,161486540,161486540,371456032,371456032,8965116,8965116,-225777809,-225777809,147902506,147902506,175800321,175800321,-40403582,-40403582,-23931791,-23931791,97291447,97291447,-155071155,-155071155,-135854107,-135854107
f = 321477621,0,1 | route T | claimed 3009.5963514050214536 | coeffs -325318471,-325318471,-371737871,-371737871,-157646208,-157646208,-55322599,-55322599,-128494442,-128494442,-109568111,-109568111,-34073335,-34073335,336896763,336896763,435381347,435381347,153536801,153536801,218889184,218889184,435055920,435055920,703712147,703712147,537608685,537608685,333723958,333723958,501515114,501515114,539688932,539688932,321419813,321419813,563225087,563225087,630281466,630281466,595574239,595574239,712692652,712692652,667600070,667600070,453068775,453068775,527250301,527250301,341654069,341654069,61558980,61558980,214653110,214653110,220082238,220082238,-15490339,-15490339,183794507,183794507,365111795,365111795
# status f = 321477621,0,1 : PASS_RHO (rho 0.93555, T 3009.6, 0s)
f = 323551769,0,1 | route RHO | claimed 0.94472126034377268126 | coeffs 189853162,-145008714,-145008714,177712789,177712789,-186613993,-186613993,-196887981,-196887981,-413334468,-413334468,-434337413,-434337413,-482726474,-482726474,-514089407,-514089407,-435012788,-435012788,-337249158,-337249158,-306613698,-306613698,-566315471,-566315471,-405401431,-405401431,-304467082,-304467082,-555500145,-555500145,-458950715,-458950715,-443158785,-443158785,-542572351,-542572351,-470819725,-470819725,-203654620,-203654620,-357749468,-357749468,-547587053,-547587053,-341644336,-341644336,-503686495,-503686495,-325835842,-325835842,-259648159,-259648159,-316879925,-316879925,-252258897,-252258897,-395600140,-395600140,-240248086,-240248086,-252946748,-252946748,-189853162
f = 323551769,0,1 | route T | claimed 2300.94587997646013 | coeffs 566315471,405401431,405401431,304467082,304467082,555500145,555500145,458950715,458950715,443158785,443158785,542572351,542572351,470819725,470819725,203654620,203654620,357749468,357749468,547587053,547587053,341644336,341644336,503686495,503686495,325835842,325835842,259648159,259648159,316879925,316879925,252258897,252258897,395600140,395600140,240248086,240248086,252946748,252946748,189853162,189853162,-145008714,-145008714,177712789,177712789,-186613993,-186613993,-196887981,-196887981,-413334468,-413334468,-434337413,-434337413,-482726474,-482726474,-514089407,-514089407,-435012788,-435012788,-337249158,-337249158,-306613698,-306613698,-566315471
# status f = 323551769,0,1 : PASS_RHO (rho 0.94472, T 2300.9, 1s)
f = 324744577,0,1 | route RHO | claimed 0.96933957528427000111 | coeffs -4609045,-4609045,200405444,200405444,-78391687,-78391687,-368588761,-368588761,-237529576,-237529576,-346402046,-346402046,-469970613,-469970613,-390614567,-390614567,-348409258,-348409258,-239548605,-239548605,-54942270,-54942270,-238674021,-238674021,-66982630,-66982630,-143684137,-143684137,-146228393,-146228393,-172031051,-172031051,-356033363,-356033363,-261701574,-261701574,-116284684,-116284684,-173451794,-173451794,-329170144,-329170144,-31882514,-31882514,-90928760,-90928760,32232939,32232939,-221282207,-221282207,-71554860,-71554860,-438099259,-438099259,-478285797,-478285797,-382430926,-382430926,-377151326,-377151326,-269278625,-269278625,-219245417,-219245417
f = 324744577,0,1 | route T | claimed 2222.6945605363109931 | coeffs -315348677,-315348677,-56734857,-56734857,-158996549,-158996549,-384156014,-384156014,-301240469,-301240469,-412361919,-412361919,-505765167,-505765167,-383405333,-383405333,-545108029,-545108029,-460693426,-460693426,-95813803,-95813803,-15116739,-15116739,-24899769,-24899769,6786642,6786642,44574084,44574084,-88756336,-88756336,111041893,111041893,70966730,70966730,198155909,198155909,693347980,693347980,638622117,638622117,778026170,778026170,802484277,802484277,565014081,565014081,501832514,501832514,401813576,401813576,213618557,213618557,228450,228450,153889041,153889041,28546629,28546629,320751231,320751231,297863320,297863320
# status f = 324744577,0,1 : PASS_RHO (rho 0.96934, T 2222.7, 1s)
f = 334290375,0,1 | route RHO | claimed 0.95968368020983297641 | coeffs 438100294,438100294,383149800,383149800,236129140,236129140,233727177,233727177,386605163,386605163,244593735,244593735,50602866,50602866,-23102706,-23102706,72315067,72315067,62865067,62865067,-241250237,-241250237,-278044596,-278044596,-81338680,-81338680,-255606831,-255606831,41177978,41177978,-52206305,-52206305,-52180090,-52180090,222518963,222518963,246120508,246120508,-165356529,-165356529,-1258791,-1258791,179913759,179913759,37927058,37927058,62812488,62812488,-4089766,-4089766,-252287604,-252287604,-388033078,-388033078,-238997395,-238997395,-396817865,-396817865,-394204115,-394204115,-148086411,-148086411,-251867743,-251867743
f = 334290375,0,1 | route T | claimed 2442.2594450468220147 | coeffs -72315067,-72315067,-62865067,-62865067,241250237,241250237,278044596,278044596,81338680,81338680,255606831,255606831,-41177978,-41177978,52206305,52206305,52180090,52180090,-222518963,-222518963,-246120508,-246120508,165356529,165356529,1258791,1258791,-179913759,-179913759,-37927058,-37927058,-62812488,-62812488,4089766,4089766,252287604,252287604,388033078,388033078,238997395,238997395,396817865,396817865,394204115,394204115,148086411,148086411,251867743,251867743,438100294,438100294,383149800,383149800,236129140,236129140,233727177,233727177,386605163,386605163,244593735,244593735,50602866,50602866,-23102706,-23102706
# status f = 334290375,0,1 : PASS_RHO (rho 0.95968, T 2442.3, 1s)
f = 363060787,0,1 | route RHO | claimed 0.96212825265550952186 | coeffs -142731196,-251591849,-251591849,-397008739,-397008739,-356822201,-356822201,-225763016,-225763016,-302464523,-302464523,-361510769,-361510769,-311477561,-311477561,-353682870,-353682870,-448014659,-448014659,-81470260,-81470260,-371667334,-371667334,-199975943,-199975943,97311687,97311687,205184388,205184388,125828342,125828342,309830654,309830654,160103307,160103307,-118693824,-118693824,-302425575,-302425575,-458143925,-458143925,-452864325,-452864325,-329295758,-329295758,-303493100,-303493100,-49977954,-49977954,155036535,155036535,339642870,339642870,282475760,282475760,378330631,378330631,487203101,487203101,489747357,489747357,366585658,366585658,142731196
f = 363060787,0,1 | route T | claimed 3000.6729522312419502 | coeffs -262519260,-215833800,-215833800,-198365895,-198365895,-277708698,-277708698,-332398688,-332398688,-607375411,-607375411,-570514793,-570514793,-730823263,-730823263,-695843364,-695843364,-722628607,-722628607,-576379449,-576379449,-559834841,-559834841,-717615770,-717615770,-638338213,-638338213,-530285873,-530285873,-541214971,-541214971,-424911537,-424911537,-502030994,-502030994,-158674065,-158674065,-169151488,-169151488,85362721,85362721,-227240233,-227240233,-93100830,-93100830,-89805841,-89805841,-455221905,-455221905,-306023336,-306023336,13838502,13838502,-115325441,-115325441,131864601,131864601,2052265,2052265,-144389217,-144389217,145855737,145855737,262519260
# status f = 363060787,0,1 : PASS_RHO (rho 0.96213, T 3000.7, 1s)
f = 367915378,0,1 | route RHO | claimed 0.927811740553916427 | coeffs -166029883,-166029883,17701868,17701868,148761053,148761053,154040653,154040653,213086899,213086899,187284241,187284241,145078932,145078932,350093421,350093421,-16450978,-16450978,40716132,40716132,212407523,212407523,321279993,321279993,213407292,213407292,336568991,336568991,520571303,520571303,629431956,629431956,908229087,908229087,948415625,948415625,792697275,792697275,869398782,869398782,745830215,745830215,795863423,795863423,1049378569,1049378569,1143710358,1143710358,959104023,959104023,668906949,668906949,764761820,764761820,467474190,467474190,464929934,464929934,385573888,385573888,161719426,161719426,311446773,311446773
f = 367915378,0,1 | route T | claimed 2850.0493358830369634 | coeffs -123083654,1157530,1157530,-337411355,-337411355,152909636,152909636,-117636159,-117636159,-123410880,-123410880,-333523162,-333523162,-412359163,-412359163,-287896276,-287896276,-251754246,-251754246,-346907659,-346907659,-576445935,-576445935,-280908241,-280908241,-294875336,-294875336,-184776006,-184776006,153481623,153481623,-205413008,-205413008,-96327173,-96327173,20135483,20135483,-26965461,-26965461,-159189734,-159189734,-111933456,-111933456,-140969013,-140969013,-220060998,-220060998,-12353633,-12353633,11900164,11900164,59240648,59240648,39424468,39424468,31608604,31608604,223830801,223830801,247267174,247267174,387750805,387750805,123083654
# status f = 367915378,0,1 : PASS_RHO (rho 0.92781, T 2850.0, 0s)
f = 453797017,0,1 | route RHO | claimed 0.98781599177423875208 | coeffs -533559008,-533559008,-246607746,-246607746,-423311968,-423311968,-669992137,-669992137,-292413324,-292413324,-277916144,-277916144,-161758289,-161758289,-184717562,-184717562,-383921772,-383921772,-445487956,-445487956,-488302123,-488302123,-612413626,-612413626,-598643582,-598643582,-585189603,-585189603,-314027870,-314027870,-216679598,-216679598,-314353117,-314353117,-318284718,-318284718,-292112933,-292112933,-199593532,-199593532,98698605,98698605,427912469,427912469,603089098,603089098,679543082,679543082,615056204,615056204,449229861,449229861,322122729,322122729,215633565,215633565,334341842,334341842,266944248,266944248,438965772,438965772,419686910,419686910
f = 453797017,0,1 | route T | claimed 2120.1318510888210436 | coeffs -533559008,-533559008,-246607746,-246607746,-423311968,-423311968,-669992137,-669992137,-292413324,-292413324,-277916144,-277916144,-161758289,-161758289,-184717562,-184717562,-383921772,-383921772,-445487956,-445487956,-488302123,-488302123,-612413626,-612413626,-598643582,-598643582,-585189603,-585189603,-314027870,-314027870,-216679598,-216679598,-314353117,-314353117,-318284718,-318284718,-292112933,-292112933,-199593532,-199593532,98698605,98698605,427912469,427912469,603089098,603089098,679543082,679543082,615056204,615056204,449229861,449229861,322122729,322122729,215633565,215633565,334341842,334341842,266944248,266944248,438965772,438965772,419686910,419686910
# status f = 453797017,0,1 : PASS_RHO (rho 0.98782, T 2120.1, 1s)
f = 546811432,0,1 | route RHO | claimed 0.94724048600799205562 | coeffs -83892966,-308083678,-308083678,-372652945,-372652945,-271838128,-271838128,-278218215,-278218215,-239487717,-239487717,-72134523,-72134523,-30942666,-30942666,-81124537,-81124537,41147993,41147993,-392655856,-392655856,-577513942,-577513942,-468712729,-468712729,-413189247,-413189247,-506093920,-506093920,-605668279,-605668279,-738067922,-738067922,-724973157,-724973157,-552418132,-552418132,-716131466,-716131466,-863822661,-863822661,-627499541,-627499541,-867795431,-867795431,-602065488,-602065488,-551722045,-551722045,-308448586,-308448586,-346453911,-346453911,-244154056,-244154056,-114403108,-114403108,-382772051,-382772051,-297324172,-297324172,-79746950,-79746950,83892966
f = 546811432,0,1 | route T | claimed 2300.3349486850776786 | coeffs -413189247,-506093920,-506093920,-605668279,-605668279,-738067922,-738067922,-724973157,-724973157,-552418132,-552418132,-716131466,-716131466,-863822661,-863822661,-627499541,-627499541,-867795431,-867795431,-602065488,-602065488,-551722045,-551722045,-308448586,-308448586,-346453911,-346453911,-244154056,-244154056,-114403108,-114403108,-382772051,-382772051,-297324172,-297324172,-79746950,-79746950,83892966,83892966,308083678,308083678,372652945,372652945,271838128,271838128,278218215,278218215,239487717,239487717,72134523,72134523,30942666,30942666,81124537,81124537,-41147993,-41147993,392655856,392655856,577513942,577513942,468712729,468712729,413189247
# status f = 546811432,0,1 : PASS_RHO (rho 0.94724, T 2300.3, 0s)
f = 632693071,0,1 | route RHO | claimed 0.96753954438050539111 | coeffs 618527284,716290914,716290914,555376874,555376874,651926304,651926304,580173678,580173678,390336093,390336093,212485440,212485440,277106468,277106468,289805130,289805130,-32916373,-32916373,-249362860,-249362860,-217999927,-217999927,-187364467,-187364467,-288298816,-288298816,-272506886,-272506886,-539671991,-539671991,-333729274,-333729274,-399916957,-399916957,-543258200,-543258200,-606351786,-606351786,-242025004,-242025004,-263027949,-263027949,-342104568,-342104568,-601806341,-601806341,-350773278,-350773278,-450186844,-450186844,-296091996,-296091996,-458134155,-458134155,-400902389,-400902389,-245550335,-245550335,-580412211,-580412211,-570138223,-570138223,-618527284
f = 632693071,0,1 | route T | claimed 2562.0194768129408354 | coeffs -317466253,-74192794,-74192794,-80572881,-80572881,19001478,19001478,-19003847,-19003847,19726651,19726651,152126294,152126294,254426149,254426149,421779343,421779343,408684578,408684578,538435526,538435526,579627383,579627383,407072358,407072358,138703415,138703415,88521544,88521544,252234878,252234878,337682757,337682757,459955287,459955287,607646482,607646482,825223704,825223704,391419855,391419855,155096735,155096735,318736651,318736651,133878565,133878565,374174455,374174455,598365167,598365167,707166380,707166380,441436437,441436437,506005704,506005704,561529186,561529186,511185743,511185743,410370926,410370926,317466253
# status f = 632693071,0,1 : PASS_RHO (rho 0.96754, T 2562.0, 1s)
f = 637547662,0,1 | route RHO | claimed 0.95963268689577035562 | coeffs 217255916,217255916,409171886,409171886,406622617,406622617,57480651,57480651,189267751,189267751,76626204,76626204,-890869,-890869,-62355239,-62355239,-281456626,-281456626,-159373097,-159373097,-30327744,-30327744,-33180822,-33180822,-199305329,-199305329,43683508,43683508,-401384715,-401384715,-612629285,-612629285,-507518396,-507518396,-566387619,-566387619,-776426483,-776426483,-864913650,-864913650,-871353177,-871353177,-902321652,-902321652,-888699056,-888699056,-987712418,-987712418,-982357725,-982357725,-574740059,-574740059,-599155372,-599155372,-455031881,-455031881,-413232635,-413232635,-296469869,-296469869,-452117243,-452117243,-331962032,-331962032
f = 637547662,0,1 | route T | claimed 2502.6973171912515972 | coeffs -758917251,-758917251,-646965201,-646965201,-559062741,-559062741,-444817211,-444817211,-172468497,-172468497,-120048975,-120048975,70054417,70054417,10660875,10660875,-79755861,-79755861,-20400002,-20400002,187495664,187495664,312719479,312719479,509260477,509260477,344737467,344737467,135556631,135556631,75111969,75111969,375728984,375728984,258436553,258436553,98700685,98700685,335393943,335393943,464677856,464677856,376808199,376808199,212926085,212926085,637440222,637440222,525842166,525842166,740340816,740340816,784874394,784874394,683738915,683738915,743194333,743194333,814898789,814898789,704902923,704902923,523621485,523621485
# status f = 637547662,0,1 : PASS_RHO (rho 0.95963, T 2502.7, 1s)
f = 666318074,0,1 | route RHO | claimed 0.9638922237063217018 | coeffs 777199439,908258624,908258624,799397971,799397971,796853715,796853715,854020825,854020825,600505679,600505679,595226079,595226079,874023210,874023210,953379256,953379256,781687865,781687865,876019654,876019654,935065900,935065900,894879362,894879362,671024900,671024900,779897370,779897370,964503705,964503705,990306363,990306363,834588013,834588013,684860666,684860666,792733367,792733367,502536293,502536293,460330984,460330984,383629477,383629477,238212587,238212587,361374286,361374286,265519415,265519415,60504926,60504926,-63063641,-63063641,120668110,120668110,-63334202,-63334202,-360621832,-360621832,-727166231,-727166231,-777199439
f = 666318074,0,1 | route T | claimed 2323.5819897577924813 | coeffs -941836571,-753883933,-753883933,-480793882,-480793882,-428875157,-428875157,-198796384,-198796384,36021492,36021492,-35068274,-35068274,-120199041,-120199041,-64970306,-64970306,-18818464,-18818464,217672984,217672984,233605725,233605725,667572469,667572469,511599055,511599055,591659871,591659871,579824308,579824308,782883142,782883142,853774488,853774488,878126060,878126060,1044081950,1044081950,1196386589,1196386589,1292904276,1292904276,1313858279,1313858279,1237952858,1237952858,995238844,995238844,861995704,861995704,977748407,977748407,830158686,830158686,1043196555,1043196555,850163194,850163194,857812962,857812962,715623973,715623973,941836571
# status f = 666318074,0,1 : PASS_RHO (rho 0.96389, T 2323.6, 1s)
f = 675863872,0,1 | route RHO | claimed 0.92203867003817472581 | coeffs 170169843,78782795,78782795,43004762,43004762,21552440,21552440,-373426971,-373426971,-214464452,-214464452,-220786600,-220786600,-438753735,-438753735,-387982086,-387982086,-172085128,-172085128,-362837572,-362837572,-496581880,-496581880,-409875854,-409875854,-339837759,-339837759,-435480682,-435480682,-153230916,-153230916,-247575050,-247575050,-154746036,-154746036,-14828646,-14828646,-333034656,-333034656,-493337639,-493337639,-714637890,-714637890,-687850522,-687850522,-787774269,-787774269,-705447715,-705447715,-590755942,-590755942,-704055217,-704055217,-362023624,-362023624,-514756690,-514756690,-224543886,-224543886,-178452992,-178452992,-182721041,-182721041,-170169843
f = 675863872,0,1 | route T | claimed 2911.8712243865708481 | coeffs 318864572,460876000,460876000,484477545,484477545,588258877,588258877,391552961,391552961,143355123,143355123,-50635746,-50635746,360841291,360841291,174608740,174608740,340589,340589,136086063,136086063,209791635,209791635,373889373,373889373,318938879,318938879,22154070,22154070,171189753,171189753,266607526,266607526,85434976,85434976,232455636,232455636,139071353,139071353,296891823,296891823,306341823,306341823,164355122,164355122,161953159,161953159,161926944,161926944,164540694,164540694,-139574610,-139574610,-164460040,-164460040,-317338026,-317338026,-42638973,-42638973,-288756677,-288756677,-251962318,-251962318,-318864572
# status f = 675863872,0,1 : PASS_RHO (rho 0.92204, T 2911.9, 0s)
f = 677056680,0,1 | route RHO | claimed 0.97931726450147688622 | coeffs -135897351,-135897351,-245496183,-245496183,-329220041,-329220041,-214389959,-214389959,69997016,69997016,-66793219,-66793219,116867533,116867533,246516331,246516331,114484466,114484466,16069511,16069511,30562791,30562791,-305171439,-305171439,-35075751,-35075751,195359584,195359584,300312310,300312310,390054222,390054222,444413789,444413789,500116239,500116239,741559205,741559205,298309411,298309411,181957013,181957013,369989412,369989412,350098081,350098081,383397879,383397879,222926403,222926403,101616223,101616223,151206867,151206867,228034506,228034506,320604455,320604455,86811100,86811100,162180972,162180972,188688060,188688060
f = 677056680,0,1 | route T | claimed 2709.4411814024754072 | coeffs -671254135,-671254135,-458216266,-458216266,-624172156,-624172156,-387680708,-387680708,-575633346,-575633346,-332919332,-332919332,-344754895,-344754895,-273665129,-273665129,-80631768,-80631768,71672871,71672871,55740130,55740130,328830181,328830181,195587041,195587041,-7471793,-7471793,-92602560,-92602560,-84952792,-84952792,-181470479,-181470479,252496265,252496265,200577540,200577540,84824837,84824837,155716183,155716183,100487448,100487448,242676437,242676437,263630440,263630440,419603854,419603854,649682627,649682627,502092906,502092906,477741334,477741334,523893176,523893176,750105774,750105774,826011195,826011195,906072011,906072011
# status f = 677056680,0,1 : PASS_RHO (rho 0.97932, T 2709.4, 1s)
f = 679130828,0,1 | route RHO | claimed 0.96214987365547862675 | coeffs 351437962,289871778,289871778,408580055,408580055,311231783,311231783,134527561,134527561,463741425,463741425,662945635,662945635,769434799,769434799,1040596532,1040596532,753645270,753645270,455353133,455353133,432393860,432393860,305286728,305286728,291832749,291832749,177960651,177960651,270480052,270480052,154322197,154322197,320148540,320148540,333918584,333918584,314639722,314639722,288467937,288467937,302965117,302965117,238478239,238478239,362589742,362589742,190568218,190568218,186636617,186636617,-190942196,-190942196,-267396180,-267396180,-310210347,-310210347,-377607941,-377607941,-279934422,-279934422,-526614591,-526614591,-351437962
f = 679130828,0,1 | route T | claimed 2554.0594594585599496 | coeffs 405683943,158165760,158165760,118855796,118855796,148509066,148509066,-46222644,-46222644,-51549402,-51549402,117052175,117052175,81576540,81576540,-103315837,-103315837,-83347541,-83347541,-84759574,-84759574,-48908997,-48908997,-83768140,-83768140,-208483088,-208483088,-189417363,-189417363,90106839,90106839,223012240,223012240,301284653,301284653,320455330,320455330,371561763,371561763,268157113,268157113,278291330,278291330,-26515510,-26515510,-31836395,-31836395,277070010,277070010,501833372,501833372,465175692,465175692,465689337,465689337,-6749991,-6749991,108623658,108623658,114367283,114367283,-236894807,-236894807,-405683943
# status f = 679130828,0,1 : PASS_RHO (rho 0.96215, T 2554.1, 0s)
f = 689990567,0,1 | route RHO | claimed 0.98781599177423875208 | coeffs 427912469,427912469,98698605,98698605,-199593532,-199593532,-292112933,-292112933,-318284718,-318284718,-314353117,-314353117,-216679598,-216679598,-314027870,-314027870,-585189603,-585189603,-598643582,-598643582,-612413626,-612413626,-488302123,-488302123,-445487956,-445487956,-383921772,-383921772,-184717562,-184717562,-161758289,-161758289,-277916144,-277916144,-292413324,-292413324,-669992137,-669992137,-423311968,-423311968,-246607746,-246607746,-533559008,-533559008,-419686910,-419686910,-438965772,-438965772,-266944248,-266944248,-334341842,-334341842,-215633565,-215633565,-322122729,-322122729,-449229861,-449229861,-615056204,-615056204,-679543082,-679543082,-603089098,-603089098
f = 689990567,0,1 | route T | claimed 2430.962639102282702 | coeffs -258976918,-381385404,-381385404,-520680914,-520680914,-423057845,-423057845,-382211587,-382211587,-120149062,-120149062,465231235,465231235,316009886,316009886,563031145,563031145,236791096,236791096,170254016,170254016,56590744,56590744,84377007,84377007,286391080,286391080,227802750,227802750,488880502,488880502,381024356,381024356,396810123,396810123,415848006,415848006,298403364,298403364,304310898,304310898,148369579,148369579,397342376,397342376,464445917,464445917,577827350,577827350,475564170,475564170,552292587,552292587,578873844,578873844,394210315,394210315,128275210,128275210,178443869,178443869,139997922,139997922,258976918
# status f = 689990567,0,1 : PASS_RHO (rho 0.98782, T 2431.0, 1s)
f = 879419942,0,1 | route RHO | claimed 0.95672509030495350591 | coeffs 324567433,84271543,84271543,28748061,28748061,22367974,22367974,124667829,124667829,-47887196,-47887196,74385334,74385334,238025250,238025250,-27704693,-27704693,-120609366,-120609366,-159339864,-159339864,-289090812,-289090812,-452804146,-452804146,-19000297,-19000297,-243191009,-243191009,-192847566,-192847566,-93273207,-93273207,74079987,74079987,-194288956,-194288956,-46597761,-46597761,-231455847,-231455847,-166886580,-166886580,-410160039,-410160039,-542559682,-542559682,-583751539,-583751539,-669199418,-669199418,-432876298,-432876298,-541677511,-541677511,-440862694,-440862694,-478868019,-478868019,-491962784,-491962784,-542144655,-542144655,-324567433
f = 879419942,0,1 | route T | claimed 2574.5844687934878454 | coeffs -238025250,27704693,27704693,120609366,120609366,159339864,159339864,289090812,289090812,452804146,452804146,19000297,19000297,243191009,243191009,192847566,192847566,93273207,93273207,-74079987,-74079987,194288956,194288956,46597761,46597761,231455847,231455847,166886580,166886580,410160039,410160039,542559682,542559682,583751539,583751539,669199418,669199418,432876298,432876298,541677511,541677511,440862694,440862694,478868019,478868019,491962784,491962784,542144655,542144655,324567433,324567433,84271543,84271543,28748061,28748061,22367974,22367974,124667829,124667829,-47887196,-47887196,74385334,74385334,238025250
# status f = 879419942,0,1 : PASS_RHO (rho 0.95673, T 2574.6, 1s)
f = 884383262,0,1 | route RHO | claimed 0.95672509030495350591 | coeffs -238025250,-74385334,-74385334,47887196,47887196,-124667829,-124667829,-22367974,-22367974,-28748061,-28748061,-84271543,-84271543,-324567433,-324567433,-542144655,-542144655,-491962784,-491962784,-478868019,-478868019,-440862694,-440862694,-541677511,-541677511,-432876298,-432876298,-669199418,-669199418,-583751539,-583751539,-542559682,-542559682,-410160039,-410160039,-166886580,-166886580,-231455847,-231455847,-46597761,-46597761,-194288956,-194288956,74079987,74079987,-93273207,-93273207,-192847566,-192847566,-243191009,-243191009,-19000297,-19000297,-452804146,-452804146,-289090812,-289090812,-159339864,-159339864,-120609366,-120609366,-27704693,-27704693,238025250
f = 884383262,0,1 | route T | claimed 2359.3823730959084803 | coeffs 904177470,836779876,836779876,720622021,720622021,623273749,623273749,687760627,687760627,974711889,974711889,931897722,931897722,1024417123,1024417123,1143125400,1143125400,1128628220,1128628220,857466487,857466487,781012503,781012503,667140405,667140405,605574221,605574221,631746006,631746006,525256842,525256842,147678029,147678029,134224050,134224050,-40952579,-40952579,-21673717,-21673717,-220877927,-220877927,-224809528,-224809528,-351916660,-351916660,-105236491,-105236491,-119006535,-119006535,-448220399,-448220399,-620241923,-620241923,-643201196,-643201196,-740874715,-740874715,-906701058,-906701058,-729996836,-729996836,-605885333,-605885333,-904177470
# status f = 884383262,0,1 : PASS_RHO (rho 0.95673, T 2359.4, 1s)
f = 909653796,0,1 | route RHO | claimed 0.97931726450147688622 | coeffs -35075751,-305171439,-305171439,30562791,30562791,16069511,16069511,114484466,114484466,246516331,246516331,116867533,116867533,-66793219,-66793219,69997016,69997016,-214389959,-214389959,-329220041,-329220041,-245496183,-245496183,-135897351,-135897351,-188688060,-188688060,-162180972,-162180972,-86811100,-86811100,-320604455,-320604455,-228034506,-228034506,-151206867,-151206867,-101616223,-101616223,-222926403,-222926403,-383397879,-383397879,-350098081,-350098081,-369989412,-369989412,-181957013,-181957013,-298309411,-298309411,-741559205,-741559205,-500116239,-500116239,-444413789,-444413789,-390054222,-390054222,-300312310,-300312310,-195359584,-195359584,35075751
f = 909653796,0,1 | route T | claimed 2783.4089483368816756 | coeffs -273665129,-273665129,-344754895,-344754895,-332919332,-332919332,-575633346,-575633346,-387680708,-387680708,-624172156,-624172156,-458216266,-458216266,-671254135,-671254135,-906072011,-906072011,-826011195,-826011195,-750105774,-750105774,-523893176,-523893176,-477741334,-477741334,-502092906,-502092906,-649682627,-649682627,-419603854,-419603854,-263630440,-263630440,-242676437,-242676437,-100487448,-100487448,-155716183,-155716183,-84824837,-84824837,-200577540,-200577540,-252496265,-252496265,181470479,181470479,84952792,84952792,92602560,92602560,7471793,7471793,-195587041,-195587041,-328830181,-328830181,-55740130,-55740130,-71672871,-71672871,80631768,80631768
# status f = 909653796,0,1 : PASS_RHO (rho 0.97932, T 2783.4, 1s)
f = 917208408,0,1 | route RHO | claimed 0.96933957528427000111 | coeffs -200405444,4609045,4609045,-219245417,-219245417,-269278625,-269278625,-377151326,-377151326,-382430926,-382430926,-478285797,-478285797,-438099259,-438099259,-71554860,-71554860,-221282207,-221282207,32232939,32232939,-90928760,-90928760,-31882514,-31882514,-329170144,-329170144,-173451794,-173451794,-116284684,-116284684,-261701574,-261701574,-356033363,-356033363,-172031051,-172031051,-146228393,-146228393,-143684137,-143684137,-66982630,-66982630,-238674021,-238674021,-54942270,-54942270,-239548605,-239548605,-348409258,-348409258,-390614567,-390614567,-469970613,-469970613,-346402046,-346402046,-237529576,-237529576,-368588761,-368588761,-78391687,-78391687,200405444
f = 917208408,0,1 | route T | claimed 3168.8746723526247313 | coeffs 367221985,274732672,274732672,203730862,203730862,205258264,205258264,305546896,305546896,-38896903,-38896903,326008258,326008258,126240747,126240747,-178717038,-178717038,-410523076,-410523076,-476557721,-476557721,-503989053,-503989053,-71913280,-71913280,-47215343,-47215343,-40476836,-40476836,9647012,9647012,167804666,167804666,169528749,169528749,20185012,20185012,-242190761,-242190761,-263272542,-263272542,-236940824,-236940824,-126568643,-126568643,-123388652,-123388652,-1497866,-1497866,76477210,76477210,-229348977,-229348977,-104439874,-104439874,-75759593,-75759593,-291991932,-291991932,-308089749,-308089749,-377601840,-377601840,-367221985
# status f = 917208408,0,1 : PASS_RHO (rho 0.96934, T 3168.9, 1s)
f = 950154039,0,1 | route RHO | claimed 0.96212825265550952186 | coeffs 199975943,199975943,371667334,371667334,81470260,81470260,448014659,448014659,353682870,353682870,311477561,311477561,361510769,361510769,302464523,302464523,225763016,225763016,356822201,356822201,397008739,397008739,251591849,251591849,142731196,142731196,366585658,366585658,489747357,489747357,487203101,487203101,378330631,378330631,282475760,282475760,339642870,339642870,155036535,155036535,-49977954,-49977954,-303493100,-303493100,-329295758,-329295758,-452864325,-452864325,-458143925,-458143925,-302425575,-302425575,-118693824,-118693824,160103307,160103307,309830654,309830654,125828342,125828342,205184388,205184388,97311687,97311687
f = 950154039,0,1 | route T | claimed 1979.1529032877266658 | coeffs -230886757,-230886757,-83297036,-83297036,-12207270,-12207270,58684076,58684076,-154353793,-154353793,-69223026,-69223026,-44871454,-44871454,148161907,148161907,92933172,92933172,258889062,258889062,251239294,251239294,205087452,205087452,357392091,357392091,499581080,499581080,263089632,263089632,359607319,359607319,133394721,133394721,117461980,117461980,138415983,138415983,326368621,326368621,-107598123,-107598123,-183503544,-183503544,89586507,89586507,245559921,245559921,2845907,2845907,54764632,54764632,-25296184,-25296184,-158539324,-158539324,71539449,71539449,83375012,83375012,199127715,199127715,433945591,433945591
# status f = 950154039,0,1 : PASS_RHO (rho 0.96213, T 1979.2, 1s)
f = 956287233,0,1 | route RHO | claimed 0.96214987365547862675 | coeffs 190942196,190942196,-186636617,-186636617,-190568218,-190568218,-362589742,-362589742,-238478239,-238478239,-302965117,-302965117,-288467937,-288467937,-314639722,-314639722,-333918584,-333918584,-320148540,-320148540,-154322197,-154322197,-270480052,-270480052,-177960651,-177960651,-291832749,-291832749,-305286728,-305286728,-432393860,-432393860,-455353133,-455353133,-753645270,-753645270,-1040596532,-1040596532,-769434799,-769434799,-662945635,-662945635,-463741425,-463741425,-134527561,-134527561,-311231783,-311231783,-408580055,-408580055,-289871778,-289871778,-351437962,-351437962,-526614591,-526614591,-279934422,-279934422,-377607941,-377607941,-310210347,-310210347,-267396180,-267396180
f = 956287233,0,1 | route T | claimed 2603.5999232312699856 | coeffs 270480052,270480052,177960651,177960651,291832749,291832749,305286728,305286728,432393860,432393860,455353133,455353133,753645270,753645270,1040596532,1040596532,769434799,769434799,662945635,662945635,463741425,463741425,134527561,134527561,311231783,311231783,408580055,408580055,289871778,289871778,351437962,351437962,526614591,526614591,279934422,279934422,377607941,377607941,310210347,310210347,267396180,267396180,190942196,190942196,-186636617,-186636617,-190568218,-190568218,-362589742,-362589742,-238478239,-238478239,-302965117,-302965117,-288467937,-288467937,-314639722,-314639722,-333918584,-333918584,-320148540,-320148540,-154322197,-154322197
# status f = 956287233,0,1 : PASS_RHO (rho 0.96215, T 2603.6, 1s)
f = 958878915,0,1 | route RHO | claimed 0.95968368020983297641 | coeffs 252287604,252287604,4089766,4089766,-62812488,-62812488,-37927058,-37927058,-179913759,-179913759,1258791,1258791,165356529,165356529,-246120508,-246120508,-222518963,-222518963,52180090,52180090,52206305,52206305,-41177978,-41177978,255606831,255606831,81338680,81338680,278044596,278044596,241250237,241250237,-62865067,-62865067,-72315067,-72315067,23102706,23102706,-50602866,-50602866,-244593735,-244593735,-386605163,-386605163,-233727177,-233727177,-236129140,-236129140,-383149800,-383149800,-438100294,-438100294,-251867743,-251867743,-148086411,-148086411,-394204115,-394204115,-396817865,-396817865,-238997395,-238997395,-388033078,-388033078
f = 958878915,0,1 | route T | claimed 2880.2779884185320266 | coeffs 644326469,644326469,494321863,494321863,305099917,305099917,507923328,507923328,306981768,306981768,364542401,364542401,409244011,409244011,157157980,157157980,214089346,214089346,245962811,245962811,-244350227,-244350227,-268089166,-268089166,20576982,20576982,-244063954,-244063954,-384549181,-384549181,-297876654,-297876654,-496398602,-496398602,-595230380,-595230380,-491541108,-491541108,-679193756,-679193756,-694418477,-694418477,-806708069,-806708069,-650875365,-650875365,-821429861,-821429861,-854355454,-854355454,-972023263,-972023263,-895333241,-895333241,-947200488,-947200488,-809928785,-809928785,-982590865,-982590865,-388488542,-388488542,-605570689,-605570689
# status f = 958878915,0,1 : PASS_RHO (rho 0.95968, T 2880.3, 1s)
f = 986669740,0,1 | route RHO | claimed 0.927811740553916427 | coeffs -385573888,-385573888,-464929934,-464929934,-467474190,-467474190,-764761820,-764761820,-668906949,-668906949,-959104023,-959104023,-1143710358,-1143710358,-1049378569,-1049378569,-795863423,-795863423,-745830215,-745830215,-869398782,-869398782,-792697275,-792697275,-948415625,-948415625,-908229087,-908229087,-629431956,-629431956,-520571303,-520571303,-336568991,-336568991,-213407292,-213407292,-321279993,-321279993,-212407523,-212407523,-40716132,-40716132,16450978,16450978,-350093421,-350093421,-145078932,-145078932,-187284241,-187284241,-213086899,-213086899,-154040653,-154040653,-148761053,-148761053,-17701868,-17701868,166029883,166029883,311446773,311446773,161719426,161719426
f = 986669740,0,1 | route T | claimed 2016.9944884529319057 | coeffs 213407292,213407292,321279993,321279993,212407523,212407523,40716132,40716132,-16450978,-16450978,350093421,350093421,145078932,145078932,187284241,187284241,213086899,213086899,154040653,154040653,148761053,148761053,17701868,17701868,-166029883,-166029883,-311446773,-311446773,-161719426,-161719426,-385573888,-385573888,-464929934,-464929934,-467474190,-467474190,-764761820,-764761820,-668906949,-668906949,-959104023,-959104023,-1143710358,-1143710358,-1049378569,-1049378569,-795863423,-795863423,-745830215,-745830215,-869398782,-869398782,-792697275,-792697275,-948415625,-948415625,-908229087,-908229087,-629431956,-629431956,-520571303,-520571303,-336568991,-336568991
# status f = 986669740,0,1 : PASS_RHO (rho 0.92781, T 2017.0, 0s)
# summary n = 7 l = 1000608449 : EXCLUSION_CANDIDATE ; PASS 32 / 32 ; OPEN_NEAR 0 ; OPEN_FAR 0 ; 17s
