# FAMILY WITNESS FILE (generator family_gen.sage r10). n = 7 ; l = 1000379201 ; m = 64 ; deg = 2 ; ncomp = 32 ; bar_T = 4224 ; L_n = 16.3328709449664096755483535644
# line: f = c0,...,c_deg (monic, over F_l) | route RHO|T | claimed (rho or T, float) | coeffs a_0..a_{m-1}
f = 46495207,0,1 | route RHO | claimed 0.9168700002893716442 | coeffs 547095479,547095479,653525199,653525199,430588387,430588387,336109769,336109769,398441950,398441950,360601534,360601534,91889668,91889668,-6671046,-6671046,144656792,144656792,-117810218,-117810218,54786135,54786135,-399513163,-399513163,-492965066,-492965066,-399450691,-399450691,-447449037,-447449037,-351497445,-351497445,-336381364,-336381364,-459904613,-459904613,-532790716,-532790716,-401633635,-401633635,-600940432,-600940432,-833809402,-833809402,-770830304,-770830304,-887825267,-887825267,-902566952,-902566952,-1023877198,-1023877198,-769934212,-769934212,-840312555,-840312555,-812472745,-812472745,-702505430,-702505430,-916518994,-916518994,-655297723,-655297723
f = 46495207,0,1 | route T | claimed 2069.7409715697002002 | coeffs 111557972,197077502,197077502,27848346,27848346,-65852027,-65852027,20310976,20310976,278831261,278831261,257365380,257365380,281796664,281796664,278041778,278041778,489853461,489853461,572310133,572310133,490924982,490924982,244549412,244549412,497545385,497545385,328030152,328030152,338493458,338493458,-18511921,-18511921,188688127,188688127,458808023,458808023,332697220,332697220,165772728,165772728,66105672,66105672,-94940094,-94940094,-198116670,-198116670,-348895766,-348895766,-306625406,-306625406,-336832249,-336832249,-58832420,-58832420,-278872011,-278872011,-293236243,-293236243,-325054098,-325054098,-135688741,-135688741,-111557972
# status f = 46495207,0,1 : PASS_RHO (rho 0.91687, T 2069.7, 1s)
f = 136903112,0,1 | route RHO | claimed 0.93938915607528259642 | coeffs -336933653,-336933653,-327088391,-327088391,-376711815,-376711815,-178721790,-178721790,-113492171,-113492171,-160320465,-160320465,-292439815,-292439815,-442148310,-442148310,-348714862,-348714862,-289580979,-289580979,-223607237,-223607237,-276109642,-276109642,-213565960,-213565960,-159705351,-159705351,-370819344,-370819344,-260544204,-260544204,-170392139,-170392139,315176831,315176831,453319449,453319449,525455262,525455262,509375938,509375938,227344250,227344250,136896829,136896829,250622986,250622986,73231250,73231250,224243192,224243192,47704477,47704477,293829091,293829091,272177941,272177941,481713950,481713950,233260427,233260427,241836845,241836845
f = 136903112,0,1 | route T | claimed 2901.8276055276624054 | coeffs 809549085,809549085,688583804,688583804,442635062,442635062,592480906,592480906,494148510,494148510,536689104,536689104,356713051,356713051,598438128,598438128,299926709,299926709,409591128,409591128,560995516,560995516,573020048,573020048,360653856,360653856,75728136,75728136,46741213,46741213,-109062698,-109062698,-244062555,-244062555,-296229872,-296229872,-272841881,-272841881,-313171409,-313171409,-76499200,-76499200,-201326085,-201326085,-408922724,-408922724,-537894019,-537894019,-642046595,-642046595,-354788588,-354788588,-482341368,-482341368,-489482290,-489482290,-335387483,-335387483,-320378374,-320378374,-720634739,-720634739,-783332059,-783332059
# status f = 136903112,0,1 : PASS_RHO (rho 0.93939, T 2901.8, 0s)
f = 157812157,0,1 | route RHO | claimed 0.92193286712629617111 | coeffs 154951801,32519270,32519270,524716790,524716790,478342260,478342260,225417811,225417811,463186740,463186740,401031634,401031634,452293138,452293138,522024580,522024580,563192369,563192369,243576711,243576711,209859875,209859875,176855426,176855426,172120929,172120929,-19096631,-19096631,-61742952,-61742952,-35789986,-35789986,138444022,138444022,59301073,59301073,-22747638,-22747638,-73890772,-73890772,-57544998,-57544998,-7332620,-7332620,-83855943,-83855943,-294798326,-294798326,-435701581,-435701581,-119644437,-119644437,-281971080,-281971080,-314010655,-314010655,-320366231,-320366231,-296000462,-296000462,-245812052,-245812052,-154951801
f = 157812157,0,1 | route T | claimed 1796.1651698002939947 | coeffs 628053955,756590568,756590568,883629376,883629376,896761580,896761580,596496374,596496374,562776717,562776717,595635438,595635438,768625775,768625775,581347230,581347230,563640007,563640007,677033465,677033465,517940918,517940918,508216613,508216613,476576543,476576543,646221136,646221136,439004617,439004617,524988346,524988346,605026456,605026456,659843076,659843076,358837475,358837475,455715750,455715750,525702909,525702909,380359718,380359718,301517971,301517971,-12309043,-12309043,-66921804,-66921804,12549824,12549824,-170881424,-170881424,-173739016,-173739016,-363202789,-363202789,-331799925,-331799925,-738962045,-738962045,-628053955
# status f = 157812157,0,1 : PASS_RHO (rho 0.92193, T 1796.2, 0s)
f = 258084679,0,1 | route RHO | claimed 0.9168700002893716442 | coeffs 399513163,-54786135,-54786135,117810218,117810218,-144656792,-144656792,6671046,6671046,-91889668,-91889668,-360601534,-360601534,-398441950,-398441950,-336109769,-336109769,-430588387,-430588387,-653525199,-653525199,-547095479,-547095479,-655297723,-655297723,-916518994,-916518994,-702505430,-702505430,-812472745,-812472745,-840312555,-840312555,-769934212,-769934212,-1023877198,-1023877198,-902566952,-902566952,-887825267,-887825267,-770830304,-770830304,-833809402,-833809402,-600940432,-600940432,-401633635,-401633635,-532790716,-532790716,-459904613,-459904613,-336381364,-336381364,-351497445,-351497445,-447449037,-447449037,-399450691,-399450691,-492965066,-492965066,-399513163
f = 258084679,0,1 | route T | claimed 2174.1607478389244805 | coeffs 852921903,756043628,756043628,789763285,789763285,644420094,644420094,817410431,817410431,1131237445,1131237445,1148944668,1148944668,1228416296,1228416296,1069323749,1069323749,1072181341,1072181341,1103821411,1103821411,1135224275,1135224275,928007756,928007756,817099666,817099666,737061556,737061556,610022748,610022748,309017147,309017147,8751941,8751941,-61235218,-61235218,-94093939,-94093939,-172935686,-172935686,-360214231,-360214231,-305601470,-305601470,-418994928,-418994928,-602426176,-602426176,-612150481,-612150481,-422686708,-422686708,-592331301,-592331301,-999493421,-999493421,-913509692,-913509692,-784973079,-784973079,-839789699,-839789699,-852921903
# status f = 258084679,0,1 : PASS_RHO (rho 0.91687, T 2174.2, 0s)
f = 280486067,0,1 | route RHO | claimed 0.89410307608663222352 | coeffs -98527989,-98527989,215299025,215299025,404762798,404762798,531801606,531801606,704791943,704791943,695067638,695067638,775105748,775105748,629762557,629762557,446331309,446331309,557239399,557239399,590959056,590959056,477565598,477565598,684782117,684782117,587903842,587903842,642516603,642516603,611113739,611113739,624245943,624245943,436967398,436967398,405327328,405327328,460143948,460143948,381302201,381302201,378444609,378444609,249907996,249907996,217049275,217049275,376141822,376141822,290158093,290158093,220170934,220170934,140699306,140699306,547861426,547861426,247596220,247596220,229888997,229888997,399533590,399533590
f = 280486067,0,1 | route T | claimed 2191.9637227142779362 | coeffs -98527989,-98527989,215299025,215299025,404762798,404762798,531801606,531801606,704791943,704791943,695067638,695067638,775105748,775105748,629762557,629762557,446331309,446331309,557239399,557239399,590959056,590959056,477565598,477565598,684782117,684782117,587903842,587903842,642516603,642516603,611113739,611113739,624245943,624245943,436967398,436967398,405327328,405327328,460143948,460143948,381302201,381302201,378444609,378444609,249907996,249907996,217049275,217049275,376141822,376141822,290158093,290158093,220170934,220170934,140699306,140699306,547861426,547861426,247596220,247596220,229888997,229888997,399533590,399533590
# status f = 280486067,0,1 : PASS_RHO (rho 0.89410, T 2192.0, 0s)
f = 317060066,0,1 | route RHO | claimed 0.89410307608663222352 | coeffs 247596220,547861426,547861426,140699306,140699306,220170934,220170934,290158093,290158093,376141822,376141822,217049275,217049275,249907996,249907996,378444609,378444609,381302201,381302201,460143948,460143948,405327328,405327328,436967398,436967398,624245943,624245943,611113739,611113739,642516603,642516603,587903842,587903842,684782117,684782117,477565598,477565598,590959056,590959056,557239399,557239399,446331309,446331309,629762557,629762557,775105748,775105748,695067638,695067638,704791943,704791943,531801606,531801606,404762798,404762798,215299025,215299025,-98527989,-98527989,-399533590,-399533590,-229888997,-229888997,-247596220
f = 317060066,0,1 | route T | claimed 2252.4376437503317711 | coeffs -464412341,-457106968,-457106968,-88399880,-88399880,-35564776,-35564776,-113021251,-113021251,-270783053,-270783053,-183952333,-183952333,-465144998,-465144998,-272944771,-272944771,-238653729,-238653729,90757771,90757771,154237184,154237184,415483255,415483255,196913005,196913005,532493884,532493884,674565473,674565473,534632206,534632206,493731841,493731841,473165862,473165862,456221371,456221371,551130976,551130976,539963372,539963372,520941670,520941670,509874404,509874404,747923789,747923789,474748420,474748420,244932102,244932102,277830367,277830367,69535019,69535019,-15372862,-15372862,153974715,153974715,407221887,407221887,464412341
# status f = 317060066,0,1 : PASS_RHO (rho 0.89410, T 2252.4, 0s)
f = 359322896,0,1 | route RHO | claimed 0.94140610243783532109 | coeffs -21375410,-21375410,107161203,107161203,10282928,10282928,-162707409,-162707409,-83235781,-83235781,-114875851,-114875851,-225783941,-225783941,75221660,75221660,42362939,42362939,-12249822,-12249822,-21974127,-21974127,385187993,385187993,330371373,330371373,364091030,364091030,50264016,50264016,-108828531,-108828531,-140231395,-140231395,-220269505,-220269505,79995701,79995701,1153954,1153954,114547412,114547412,304011185,304011185,218027456,218027456,204895252,204895252,59552061,59552061,41844838,41844838,44702430,44702430,251918949,251918949,124880141,124880141,194867300,194867300,7588755,7588755,191020003,191020003
f = 359322896,0,1 | route T | claimed 2226.8570111026179649 | coeffs -21375410,-21375410,107161203,107161203,10282928,10282928,-162707409,-162707409,-83235781,-83235781,-114875851,-114875851,-225783941,-225783941,75221660,75221660,42362939,42362939,-12249822,-12249822,-21974127,-21974127,385187993,385187993,330371373,330371373,364091030,364091030,50264016,50264016,-108828531,-108828531,-140231395,-140231395,-220269505,-220269505,79995701,79995701,1153954,1153954,114547412,114547412,304011185,304011185,218027456,218027456,204895252,204895252,59552061,59552061,41844838,41844838,44702430,44702430,251918949,251918949,124880141,124880141,194867300,194867300,7588755,7588755,191020003,191020003
# status f = 359322896,0,1 : PASS_RHO (rho 0.94141, T 2226.9, 1s)
f = 379062725,0,1 | route RHO | claimed 0.92197709770891583016 | coeffs 42014173,42014173,343019774,343019774,333295469,333295469,367015126,367015126,335612262,335612262,256770515,256770515,170786786,170786786,153079563,153079563,26040755,26040755,209472003,209472003,306350278,306350278,337990348,337990348,370849069,370849069,-36313051,-36313051,277513963,277513963,357552073,357552073,244158615,244158615,257290819,257290819,254433227,254433227,184446068,184446068,354090661,354090661,181100324,181100324,70192234,70192234,15579473,15579473,-39237147,-39237147,-198329694,-198329694,101935512,101935512,291399285,291399285,146056094,146056094,353272613,353272613,165994068,165994068,37457455,37457455
f = 379062725,0,1 | route T | claimed 1909.4033807196839656 | coeffs 42014173,42014173,343019774,343019774,333295469,333295469,367015126,367015126,335612262,335612262,256770515,256770515,170786786,170786786,153079563,153079563,26040755,26040755,209472003,209472003,306350278,306350278,337990348,337990348,370849069,370849069,-36313051,-36313051,277513963,277513963,357552073,357552073,244158615,244158615,257290819,257290819,254433227,254433227,184446068,184446068,354090661,354090661,181100324,181100324,70192234,70192234,15579473,15579473,-39237147,-39237147,-198329694,-198329694,101935512,101935512,291399285,291399285,146056094,146056094,353272613,353272613,165994068,165994068,37457455,37457455
# status f = 379062725,0,1 : PASS_RHO (rho 0.92198, T 1909.4, 0s)
f = 385903613,0,1 | route RHO | claimed 0.95114827591394508225 | coeffs 157329870,71166867,71166867,-181829106,-181829106,-20783340,-20783340,-210148697,-210148697,-213903583,-213903583,-6703535,-6703535,-36910378,-36910378,56789995,56789995,303165565,303165565,402832621,402832621,434650476,434650476,459081760,459081760,102076381,102076381,144346741,144346741,313575897,313575897,394961048,394961048,561885540,561885540,576249772,576249772,554783891,554783891,565247197,565247197,414468101,414468101,328948571,328948571,246491899,246491899,372602702,372602702,592642293,592642293,851162578,851162578,681647345,681647345,578470769,578470769,602601538,602601538,390789855,390789855,120669959,120669959,-157329870
f = 385903613,0,1 | route T | claimed 2643.3750182897467517 | coeffs 352699231,498042422,498042422,687506195,687506195,387240989,387240989,228148442,228148442,282965062,282965062,228352301,228352301,339260391,339260391,166270054,166270054,-3374539,-3374539,-73361698,-73361698,-70504106,-70504106,-57371902,-57371902,56021556,56021556,136059666,136059666,-177767348,-177767348,-584929468,-584929468,-617788189,-617788189,-586148119,-586148119,-683026394,-683026394,-499595146,-499595146,-372556338,-372556338,-390263561,-390263561,-304279832,-304279832,-383121579,-383121579,-351718715,-351718715,-317999058,-317999058,-308274753,-308274753,-7269152,-7269152,-86740780,-86740780,41795833,41795833,-145482712,-145482712,-352699231
# status f = 385903613,0,1 : PASS_RHO (rho 0.95115, T 2643.4, 0s)
f = 418473350,0,1 | route RHO | claimed 0.92193286712629617111 | coeffs -243576711,-563192369,-563192369,-522024580,-522024580,-452293138,-452293138,-401031634,-401031634,-463186740,-463186740,-225417811,-225417811,-478342260,-478342260,-524716790,-524716790,-32519270,-32519270,-154951801,-154951801,-245812052,-245812052,-296000462,-296000462,-320366231,-320366231,-314010655,-314010655,-281971080,-281971080,-119644437,-119644437,-435701581,-435701581,-294798326,-294798326,-83855943,-83855943,-7332620,-7332620,-57544998,-57544998,-73890772,-73890772,-22747638,-22747638,59301073,59301073,138444022,138444022,-35789986,-35789986,-61742952,-61742952,-19096631,-19096631,172120929,172120929,176855426,176855426,209859875,209859875,243576711
f = 418473350,0,1 | route T | claimed 2188.6689365622893291 | coeffs -173739016,-173739016,-170881424,-170881424,12549824,12549824,-66921804,-66921804,-12309043,-12309043,301517971,301517971,380359718,380359718,525702909,525702909,455715750,455715750,358837475,358837475,659843076,659843076,605026456,605026456,524988346,524988346,439004617,439004617,646221136,646221136,476576543,476576543,508216613,508216613,517940918,517940918,677033465,677033465,563640007,563640007,581347230,581347230,768625775,768625775,595635438,595635438,562776717,562776717,596496374,596496374,896761580,896761580,883629376,883629376,756590568,756590568,628053955,628053955,738962045,738962045,331799925,331799925,363202789,363202789
# status f = 418473350,0,1 : PASS_RHO (rho 0.92193, T 2188.7, 0s)
f = 428144590,0,1 | route RHO | claimed 0.94140610243783532109 | coeffs -1153954,-1153954,-79995701,-79995701,220269505,220269505,140231395,140231395,108828531,108828531,-50264016,-50264016,-364091030,-364091030,-330371373,-330371373,-385187993,-385187993,21974127,21974127,12249822,12249822,-42362939,-42362939,-75221660,-75221660,225783941,225783941,114875851,114875851,83235781,83235781,162707409,162707409,-10282928,-10282928,-107161203,-107161203,21375410,21375410,191020003,191020003,7588755,7588755,194867300,194867300,124880141,124880141,251918949,251918949,44702430,44702430,41844838,41844838,59552061,59552061,204895252,204895252,218027456,218027456,304011185,304011185,114547412,114547412
f = 428144590,0,1 | route T | claimed 2604.7455799061707243 | coeffs -75221660,-75221660,225783941,225783941,114875851,114875851,83235781,83235781,162707409,162707409,-10282928,-10282928,-107161203,-107161203,21375410,21375410,191020003,191020003,7588755,7588755,194867300,194867300,124880141,124880141,251918949,251918949,44702430,44702430,41844838,41844838,59552061,59552061,204895252,204895252,218027456,218027456,304011185,304011185,114547412,114547412,1153954,1153954,79995701,79995701,-220269505,-220269505,-140231395,-140231395,-108828531,-108828531,50264016,50264016,364091030,364091030,330371373,330371373,385187993,385187993,-21974127,-21974127,-12249822,-12249822,42362939,42362939
# status f = 428144590,0,1 : PASS_RHO (rho 0.94141, T 2604.7, 0s)
f = 439725725,0,1 | route RHO | claimed 0.92851971789047889051 | coeffs -217907028,-166763894,-166763894,7470114,7470114,198687674,198687674,164970838,164970838,95239396,95239396,333008325,333008325,-159189195,-159189195,-209377605,-209377605,-241417180,-241417180,-100513925,-100513925,-50301547,-50301547,31747164,31747164,57700130,57700130,62434627,62434627,-257181031,-257181031,-308442535,-308442535,-561366984,-561366984,-438934453,-438934453,-463300222,-463300222,-625626865,-625626865,-414684482,-414684482,-398338708,-398338708,-319195759,-319195759,-361842080,-361842080,-328837631,-328837631,-287669842,-287669842,-225514736,-225514736,-271889266,-271889266,-181029015,-181029015,-174673439,-174673439,141383705,141383705,217907028
f = 439725725,0,1 | route T | claimed 2718.6894441613588494 | coeffs -361842080,-328837631,-328837631,-287669842,-287669842,-225514736,-225514736,-271889266,-271889266,-181029015,-181029015,-174673439,-174673439,141383705,141383705,217907028,217907028,166763894,166763894,-7470114,-7470114,-198687674,-198687674,-164970838,-164970838,-95239396,-95239396,-333008325,-333008325,159189195,159189195,209377605,209377605,241417180,241417180,100513925,100513925,50301547,50301547,-31747164,-31747164,-57700130,-57700130,-62434627,-62434627,257181031,257181031,308442535,308442535,561366984,561366984,438934453,438934453,463300222,463300222,625626865,625626865,414684482,414684482,398338708,398338708,319195759,319195759,361842080
# status f = 439725725,0,1 : PASS_RHO (rho 0.92852, T 2718.7, 0s)
f = 475976489,0,1 | route RHO | claimed 0.91928016784684712497 | coeffs -418240663,-365738258,-365738258,-459171706,-459171706,-412343412,-412343412,-362719988,-362719988,-354143570,-354143570,-375794720,-375794720,-224782778,-224782778,-315230199,-315230199,-243094386,-243094386,-152942321,-152942321,-99081712,-99081712,-33107970,-33107970,-182816465,-182816465,-117586846,-117586846,-107741584,-107741584,140711939,140711939,-105412675,-105412675,71979061,71979061,354010749,354010749,215868131,215868131,105592991,105592991,43049309,43049309,-16084574,-16084574,116034776,116034776,-81955249,-81955249,13141559,13141559,222677568,222677568,46138853,46138853,159865010,159865010,143785686,143785686,629354656,629354656,418240663
f = 475976489,0,1 | route T | claimed 3032.2260245121949803 | coeffs 64102558,96410345,96410345,378141518,378141518,173597771,173597771,375712887,375712887,124434460,124434460,70078429,70078429,101670544,101670544,79090517,79090517,23604865,23604865,226432454,226432454,131658383,131658383,129658167,129658167,269896489,269896489,382979086,382979086,159720378,159720378,397556113,397556113,355995130,355995130,769348791,769348791,574531671,574531671,523372726,523372726,97794891,97794891,57858286,57858286,62234226,62234226,221628505,221628505,342307678,342307678,249860808,249860808,240308018,240308018,100359793,100359793,23886473,23886473,-112298007,-112298007,-41044883,-41044883,-64102558
# status f = 475976489,0,1 : PASS_RHO (rho 0.91928, T 3032.2, 0s)
f = 486549463,0,1 | route RHO | claimed 0.9395540570856914121 | coeffs 84200722,84200722,-85033899,-85033899,-258541224,-258541224,-314396707,-314396707,-304852647,-304852647,-337300286,-337300286,-323522184,-323522184,-552651962,-552651962,-440053394,-440053394,-648058508,-648058508,-639590296,-639590296,-377072207,-377072207,-250924212,-250924212,-16302808,-16302808,69205923,69205923,108013797,108013797,-64229850,-64229850,98325315,98325315,-78186100,-78186100,47338759,47338759,242941807,242941807,-8115660,-8115660,-129734637,-129734637,-152906539,-152906539,-332689556,-332689556,-196909667,-196909667,106355541,106355541,-6393737,-6393737,-177926759,-177926759,162302102,162302102,45106318,45106318,-74870401,-74870401
f = 486549463,0,1 | route T | claimed 2316.6828956206551619 | coeffs -711526596,-424996787,-424996787,-376783155,-376783155,-467828989,-467828989,-433204123,-433204123,-302375312,-302375312,-404230957,-404230957,131185252,131185252,-166337172,-166337172,-217638271,-217638271,103437784,103437784,361217674,361217674,95195599,95195599,176304136,176304136,295665486,295665486,229302115,229302115,504460163,504460163,433028181,433028181,556274311,556274311,715617022,715617022,607390810,607390810,660342855,660342855,729391797,729391797,844895051,844895051,700780007,700780007,679420869,679420869,947145239,947145239,936801816,936801816,997687404,997687404,1078835349,1078835349,926334437,926334437,732378109,732378109,711526596
# status f = 486549463,0,1 : PASS_RHO (rho 0.93955, T 2316.7, 0s)
f = 487250057,0,1 | route RHO | claimed 0.9395540570856914121 | coeffs -45106318,-162302102,-162302102,177926759,177926759,6393737,6393737,-106355541,-106355541,196909667,196909667,332689556,332689556,152906539,152906539,129734637,129734637,8115660,8115660,-242941807,-242941807,-47338759,-47338759,78186100,78186100,-98325315,-98325315,64229850,64229850,-108013797,-108013797,-69205923,-69205923,16302808,16302808,250924212,250924212,377072207,377072207,639590296,639590296,648058508,648058508,440053394,440053394,552651962,552651962,323522184,323522184,337300286,337300286,304852647,304852647,314396707,314396707,258541224,258541224,85033899,85033899,-84200722,-84200722,-74870401,-74870401,45106318
f = 487250057,0,1 | route T | claimed 2295.0897056995424217 | coeffs -482025192,-637829103,-637829103,-339317684,-339317684,-460282965,-460282965,-587835745,-587835745,-547506217,-547506217,-759872409,-759872409,-802413003,-802413003,-402156638,-402156638,-531127933,-531127933,-396128076,-396128076,-286463657,-286463657,-40514915,-40514915,-33373993,-33373993,203298216,203298216,488223936,488223936,308247883,308247883,245550563,245550563,349703139,349703139,297535822,297535822,146131434,146131434,295977278,295977278,450072085,450072085,574898970,574898970,545912047,545912047,304186970,304186970,330403996,330403996,617662003,617662003,594274012,594274012,606298544,606298544,704630940,704630940,689621831,689621831,482025192
# status f = 487250057,0,1 : PASS_RHO (rho 0.93955, T 2295.1, 0s)
f = 496639568,0,1 | route RHO | claimed 0.9196539308632832009 | coeffs 609190445,575470788,575470788,405826195,405826195,326984448,326984448,216076358,216076358,233783581,233783581,288600201,288600201,472031449,472031449,772296655,772296655,740656585,740656585,885999776,885999776,478837656,478837656,291559111,291559111,211521001,211521001,290992629,290992629,304124833,304124833,313849138,313849138,383836297,383836297,352433433,352433433,179443096,179443096,265426825,265426825,320039586,320039586,193000778,193000778,33908231,33908231,-62970044,-62970044,-252433817,-252433817,-219575096,-219575096,-12358577,-12358577,-326185591,-326185591,-197648978,-197648978,-311042436,-311042436,-612048037,-612048037,-609190445
f = 496639568,0,1 | route T | claimed 1745.1536178714924703 | coeffs 326185591,197648978,197648978,311042436,311042436,612048037,612048037,609190445,609190445,575470788,575470788,405826195,405826195,326984448,326984448,216076358,216076358,233783581,233783581,288600201,288600201,472031449,472031449,772296655,772296655,740656585,740656585,885999776,885999776,478837656,478837656,291559111,291559111,211521001,211521001,290992629,290992629,304124833,304124833,313849138,313849138,383836297,383836297,352433433,352433433,179443096,179443096,265426825,265426825,320039586,320039586,193000778,193000778,33908231,33908231,-62970044,-62970044,-252433817,-252433817,-219575096,-219575096,-12358577,-12358577,-326185591
# status f = 496639568,0,1 : PASS_RHO (rho 0.91965, T 1745.2, 0s)
f = 503739633,0,1 | route RHO | claimed 0.91928016784684712497 | coeffs 105592991,105592991,215868131,215868131,354010749,354010749,71979061,71979061,-105412675,-105412675,140711939,140711939,-107741584,-107741584,-117586846,-117586846,-182816465,-182816465,-33107970,-33107970,-99081712,-99081712,-152942321,-152942321,-243094386,-243094386,-315230199,-315230199,-224782778,-224782778,-375794720,-375794720,-354143570,-354143570,-362719988,-362719988,-412343412,-412343412,-459171706,-459171706,-365738258,-365738258,-418240663,-418240663,-629354656,-629354656,-143785686,-143785686,-159865010,-159865010,-46138853,-46138853,-222677568,-222677568,-13141559,-13141559,81955249,81955249,-116034776,-116034776,16084574,16084574,-43049309,-43049309
f = 503739633,0,1 | route T | claimed 1978.1324057606496101 | coeffs -312570551,-281893200,-281893200,-223088076,-223088076,78623935,78623935,-18002456,-18002456,-245150114,-245150114,-18603714,-18603714,-53632228,-53632228,128431889,128431889,380779267,380779267,497537315,497537315,508740863,508740863,437725295,437725295,363419519,363419519,314002387,314002387,345021058,345021058,690463901,690463901,736709220,736709220,855314770,855314770,681709674,681709674,509834596,509834596,578407052,578407052,732742573,732742573,895741838,895741838,740908462,740908462,1028845015,1028845015,664898477,664898477,918364028,918364028,719761901,719761901,575768693,575768693,567305603,567305603,501033908,501033908,312570551
# status f = 503739633,0,1 : PASS_RHO (rho 0.91928, T 1978.1, 0s)
f = 513129144,0,1 | route RHO | claimed 0.92610446726381473031 | coeffs -573980717,-573980717,-303860821,-303860821,-200684245,-200684245,-420723836,-420723836,-335204306,-335204306,-313738425,-313738425,-395123576,-395123576,-38118197,-38118197,-137785253,-137785253,-107578410,-107578410,81786947,81786947,167949950,167949950,-43861733,-43861733,-213376966,-213376966,-87266163,-87266163,-238045259,-238045259,-223681027,-223681027,-54451871,-54451871,-30020587,-30020587,216354983,216354983,423555031,423555031,584600797,584600797,862600626,862600626,838469857,838469857,579949572,579949572,662406244,662406244,651942938,651942938,485018446,485018446,442748086,442748086,410930231,410930231,317229858,317229858,320984744,320984744
f = 513129144,0,1 | route T | claimed 1907.4037001085847834 | coeffs -296028936,-296028936,-195041645,-195041645,-85993999,-85993999,-152307263,-152307263,21145558,21145558,12218894,12218894,-217854521,-217854521,-272192202,-272192202,-279097957,-279097957,-36733204,-36733204,28279494,28279494,29523165,29523165,116379360,116379360,254581629,254581629,362717225,362717225,68067200,68067200,-33067106,-33067106,-97408594,-97408594,-24896088,-24896088,341098243,341098243,176561651,176561651,196360400,196360400,405067968,405067968,580506289,580506289,344302847,344302847,506556296,506556296,566492979,566492979,365218701,365218701,525261958,525261958,480378705,480378705,658749211,658749211,676615912,676615912
# status f = 513129144,0,1 : PASS_RHO (rho 0.92610, T 1907.4, 0s)
f = 513829738,0,1 | route RHO | claimed 0.92610446726381473031 | coeffs -303860821,-573980717,-573980717,-320984744,-320984744,-317229858,-317229858,-410930231,-410930231,-442748086,-442748086,-485018446,-485018446,-651942938,-651942938,-662406244,-662406244,-579949572,-579949572,-838469857,-838469857,-862600626,-862600626,-584600797,-584600797,-423555031,-423555031,-216354983,-216354983,30020587,30020587,54451871,54451871,223681027,223681027,238045259,238045259,87266163,87266163,213376966,213376966,43861733,43861733,-167949950,-167949950,-81786947,-81786947,107578410,107578410,137785253,137785253,38118197,38118197,395123576,395123576,313738425,313738425,335204306,335204306,420723836,420723836,200684245,200684245,303860821
f = 513829738,0,1 | route T | claimed 2071.6367283920747666 | coeffs -167516326,148540818,148540818,191187139,191187139,-61737310,-61737310,-202640565,-202640565,-11423005,-11423005,-57797535,-57797535,-268739918,-268739918,-264005421,-264005421,228192099,228192099,151668776,151668776,184673225,184673225,62240694,62240694,112453072,112453072,146169908,146169908,55309657,55309657,71655431,71655431,391271089,391271089,341082679,341082679,289939545,289939545,248771756,248771756,224405987,224405987,142357276,142357276,72625834,72625834,78981410,78981410,-161539,-161539,-51423043,-51423043,-19383468,-19383468,154850540,154850540,217005646,217005646,379332289,379332289,405285255,405285255,167516326
# status f = 513829738,0,1 : PASS_RHO (rho 0.92610, T 2071.6, 0s)
f = 524402712,0,1 | route RHO | claimed 0.9196539308632832009 | coeffs 326185591,12358577,12358577,219575096,219575096,252433817,252433817,62970044,62970044,-33908231,-33908231,-193000778,-193000778,-320039586,-320039586,-265426825,-265426825,-179443096,-179443096,-352433433,-352433433,-383836297,-383836297,-313849138,-313849138,-304124833,-304124833,-290992629,-290992629,-211521001,-211521001,-291559111,-291559111,-478837656,-478837656,-885999776,-885999776,-740656585,-740656585,-772296655,-772296655,-472031449,-472031449,-288600201,-288600201,-233783581,-233783581,-216076358,-216076358,-326984448,-326984448,-405826195,-405826195,-575470788,-575470788,-609190445,-609190445,-612048037,-612048037,-311042436,-311042436,-197648978,-197648978,-326185591
f = 524402712,0,1 | route T | claimed 1896.5433327250941825 | coeffs 114530449,114530449,196579160,196579160,-123036498,-123036498,-603967,-603967,210338416,210338416,167692095,167692095,229847201,229847201,236202777,236202777,185059643,185059643,218776479,218776479,710973999,710973999,570070744,570070744,544117778,544117778,595379282,595379282,619745051,619745051,603399277,603399277,570394828,570394828,616769358,616769358,300712214,300712214,474946222,474946222,405214780,405214780,355026370,355026370,405238748,405238748,409973245,409973245,157048796,157048796,-5277847,-5277847,73865102,73865102,115032891,115032891,205893142,205893142,282416465,282416465,91198905,91198905,-146570024,-146570024
# status f = 524402712,0,1 : PASS_RHO (rho 0.91965, T 1896.5, 0s)
f = 560653476,0,1 | route RHO | claimed 0.93938915607528259642 | coeffs -136896829,-136896829,-227344250,-227344250,-509375938,-509375938,-525455262,-525455262,-453319449,-453319449,-315176831,-315176831,170392139,170392139,260544204,260544204,370819344,370819344,159705351,159705351,213565960,213565960,276109642,276109642,223607237,223607237,289580979,289580979,348714862,348714862,442148310,442148310,292439815,292439815,160320465,160320465,113492171,113492171,178721790,178721790,376711815,376711815,327088391,327088391,336933653,336933653,241836845,241836845,233260427,233260427,481713950,481713950,272177941,272177941,293829091,293829091,47704477,47704477,224243192,224243192,73231250,73231250,250622986,250622986
f = 560653476,0,1 | route T | claimed 2885.4317480078812381 | coeffs -58931533,-58931533,62687444,62687444,-57289275,-57289275,55309293,55309293,-107245872,-107245872,196019336,196019336,140163853,140163853,14015858,14015858,-237041609,-237041609,-119845825,-119845825,109283953,109283953,-62959694,-62959694,-198739583,-198739583,-25232258,-25232258,237285831,237285831,41682783,41682783,381911644,381911644,395689746,395689746,356881872,356881872,177098855,177098855,7864234,7864234,-603978,-603978,124920881,124920881,296453903,296453903,328901542,328901542,414410273,414410273,437582175,437582175,428251854,428251854,220246740,220246740,396758155,396758155,284008877,284008877,293552937,293552937
# status f = 560653476,0,1 : PASS_RHO (rho 0.93939, T 2885.4, 0s)
f = 572234611,0,1 | route RHO | claimed 0.9390457525741739283 | coeffs 105489571,52987166,52987166,-123551549,-123551549,-182685432,-182685432,-5293696,-5293696,-155002191,-155002191,-245449612,-245449612,-198621318,-198621318,-182541994,-182541994,15448031,15448031,153590649,153590649,143745387,143745387,53593322,53593322,45016904,45016904,-166097089,-166097089,43438920,43438920,-19104762,-19104762,-265229376,-265229376,-199255634,-199255634,-48243692,-48243692,-141677140,-141677140,-255403297,-255403297,-387522647,-387522647,-669554335,-669554335,-734783954,-734783954,-806919767,-806919767,-856543191,-856543191,-370974221,-370974221,-275877413,-275877413,-386152553,-386152553,-137699030,-137699030,-83838421,-83838421,-105489571
f = 572234611,0,1 | route T | claimed 1984.680607217302936 | coeffs -52987166,123551549,123551549,182685432,182685432,5293696,5293696,155002191,155002191,245449612,245449612,198621318,198621318,182541994,182541994,-15448031,-15448031,-153590649,-153590649,-143745387,-143745387,-53593322,-53593322,-45016904,-45016904,166097089,166097089,-43438920,-43438920,19104762,19104762,265229376,265229376,199255634,199255634,48243692,48243692,141677140,141677140,255403297,255403297,387522647,387522647,669554335,669554335,734783954,734783954,806919767,806919767,856543191,856543191,370974221,370974221,275877413,275877413,386152553,386152553,137699030,137699030,83838421,83838421,105489571,105489571,52987166
# status f = 572234611,0,1 : PASS_RHO (rho 0.93905, T 1984.7, 0s)
f = 581905851,0,1 | route RHO | claimed 0.90989790188158495551 | coeffs 383169090,473616511,473616511,526118916,526118916,621215724,621215724,339184036,339184036,405157778,405157778,396581360,396581360,412660684,412660684,353526801,353526801,105073278,105073278,177209091,177209091,270642539,270642539,61106530,61106530,-77036088,-77036088,72672407,72672407,51021257,51021257,536590227,536590227,404470877,404470877,158346263,158346263,68194198,68194198,115022492,115022492,-61516223,-61516223,48758917,48758917,113988536,113988536,-37023406,-37023406,174090587,174090587,-23899438,-23899438,-201291174,-201291174,-147430565,-147430565,-197053989,-197053989,-310780146,-310780146,-373323828,-373323828,-383169090
f = 581905851,0,1 | route T | claimed 2469.2800056205475972 | coeffs -527668230,-527668230,-525668014,-525668014,-776946441,-776946441,-913130921,-913130921,-917506861,-917506861,-679671126,-679671126,-624185474,-624185474,-342454301,-342454301,-352007091,-352007091,-300848146,-300848146,-160609824,-160609824,-106253793,-106253793,-177506917,-177506917,-18112638,-18112638,23448345,23448345,226275934,226275934,430819681,430819681,570767906,570767906,145190071,145190071,32107474,32107474,63699589,63699589,40641914,40641914,-80037259,-80037259,333316402,333316402,428090473,428090473,630205589,630205589,553732269,553732269,593668874,593668874,370410166,370410166,392990193,392990193,425297980,425297980,332851110,332851110
# status f = 581905851,0,1 : PASS_RHO (rho 0.90990, T 2469.3, 0s)
f = 614475588,0,1 | route RHO | claimed 0.92197709770891583016 | coeffs -367015126,-333295469,-333295469,-343019774,-343019774,-42014173,-42014173,37457455,37457455,165994068,165994068,353272613,353272613,146056094,146056094,291399285,291399285,101935512,101935512,-198329694,-198329694,-39237147,-39237147,15579473,15579473,70192234,70192234,181100324,181100324,354090661,354090661,184446068,184446068,254433227,254433227,257290819,257290819,244158615,244158615,357552073,357552073,277513963,277513963,-36313051,-36313051,370849069,370849069,337990348,337990348,306350278,306350278,209472003,209472003,26040755,26040755,153079563,153079563,170786786,170786786,256770515,256770515,335612262,335612262,367015126
f = 614475588,0,1 | route T | claimed 2024.4737028307070985 | coeffs 126591940,126591940,-189465204,-189465204,-67032673,-67032673,2698769,2698769,45345090,45345090,95557468,95557468,101913044,101913044,354837493,354837493,321120657,321120657,400263606,400263606,259360351,259360351,168500100,168500100,117238596,117238596,-73978964,-73978964,-90324738,-90324738,-122364313,-122364313,-168738843,-168738843,150876815,150876815,325110823,325110823,536053206,536053206,586241616,586241616,524086510,524086510,528821007,528821007,477677873,477677873,640004516,640004516,147806996,147806996,188974785,188974785,163021819,163021819,86498496,86498496,62132727,62132727,-175636202,-175636202,-208640651,-208640651
# status f = 614475588,0,1 : PASS_RHO (rho 0.92198, T 2024.5, 0s)
f = 621316476,0,1 | route RHO | claimed 0.95114827591394508225 | coeffs -36910378,-36910378,-6703535,-6703535,-213903583,-213903583,-210148697,-210148697,-20783340,-20783340,-181829106,-181829106,71166867,71166867,157329870,157329870,-120669959,-120669959,-390789855,-390789855,-602601538,-602601538,-578470769,-578470769,-681647345,-681647345,-851162578,-851162578,-592642293,-592642293,-372602702,-372602702,-246491899,-246491899,-328948571,-328948571,-414468101,-414468101,-565247197,-565247197,-554783891,-554783891,-576249772,-576249772,-561885540,-561885540,-394961048,-394961048,-313575897,-313575897,-144346741,-144346741,-102076381,-102076381,-459081760,-459081760,-434650476,-434650476,-402832621,-402832621,-303165565,-303165565,-56789995,-56789995
f = 621316476,0,1 | route T | claimed 2056.6512648951114917 | coeffs -149010476,-124644896,-124644896,-293067035,-293067035,-61188903,-61188903,57016871,57016871,-117721047,-117721047,179776654,179776654,339508861,339508861,103666840,103666840,236222124,236222124,347916805,347916805,46547794,46547794,109394031,109394031,308025547,308025547,360050603,360050603,485814722,485814722,298702406,298702406,371438566,371438566,245605393,245605393,519653573,519653573,370519328,370519328,45200084,45200084,125241572,125241572,150329219,150329219,341563152,341563152,285479515,285479515,543944522,543944522,657821403,657821403,703565592,703565592,334712091,334712091,308037661,308037661,295688994,295688994,149010476
# status f = 621316476,0,1 : PASS_RHO (rho 0.95115, T 2056.7, 0s)
f = 641056305,0,1 | route RHO | claimed 0.9390457525741739283 | coeffs 806919767,734783954,734783954,669554335,669554335,387522647,387522647,255403297,255403297,141677140,141677140,48243692,48243692,199255634,199255634,265229376,265229376,19104762,19104762,-43438920,-43438920,166097089,166097089,-45016904,-45016904,-53593322,-53593322,-143745387,-143745387,-153590649,-153590649,-15448031,-15448031,182541994,182541994,198621318,198621318,245449612,245449612,155002191,155002191,5293696,5293696,182685432,182685432,123551549,123551549,-52987166,-52987166,-105489571,-105489571,-83838421,-83838421,-137699030,-137699030,-386152553,-386152553,-275877413,-275877413,-370974221,-370974221,-856543191,-856543191,-806919767
f = 641056305,0,1 | route T | claimed 2370.9470676355771174 | coeffs -155002191,-5293696,-5293696,-182685432,-182685432,-123551549,-123551549,52987166,52987166,105489571,105489571,83838421,83838421,137699030,137699030,386152553,386152553,275877413,275877413,370974221,370974221,856543191,856543191,806919767,806919767,734783954,734783954,669554335,669554335,387522647,387522647,255403297,255403297,141677140,141677140,48243692,48243692,199255634,199255634,265229376,265229376,19104762,19104762,-43438920,-43438920,166097089,166097089,-45016904,-45016904,-53593322,-53593322,-143745387,-143745387,-153590649,-153590649,-15448031,-15448031,182541994,182541994,198621318,198621318,245449612,245449612,155002191
# status f = 641056305,0,1 : PASS_RHO (rho 0.93905, T 2370.9, 0s)
f = 683319135,0,1 | route RHO | claimed 0.89396382230975983858 | coeffs 303968188,562488473,562488473,592695316,592695316,582232010,582232010,496069007,496069007,538339367,538339367,368824134,368824134,275123761,275123761,425902857,425902857,172906884,172906884,342136040,342136040,238959464,238959464,-7416106,-7416106,78103424,78103424,239149190,239149190,320534341,320534341,344665110,344665110,244998054,244998054,327454726,327454726,138089369,138089369,305013861,305013861,93202178,93202178,61384323,61384323,-64726480,-64726480,-68481366,-68481366,-54117134,-54117134,-324237030,-324237030,-348668314,-348668314,-568707905,-568707905,-361507857,-361507857,-382973738,-382973738,-660973567,-660973567,-303968188
f = 683319135,0,1 | route T | claimed 1678.2055509023101278 | coeffs 64726480,68481366,68481366,54117134,54117134,324237030,324237030,348668314,348668314,568707905,568707905,361507857,361507857,382973738,382973738,660973567,660973567,303968188,303968188,562488473,562488473,592695316,592695316,582232010,582232010,496069007,496069007,538339367,538339367,368824134,368824134,275123761,275123761,425902857,425902857,172906884,172906884,342136040,342136040,238959464,238959464,-7416106,-7416106,78103424,78103424,239149190,239149190,320534341,320534341,344665110,344665110,244998054,244998054,327454726,327454726,138089369,138089369,305013861,305013861,93202178,93202178,61384323,61384323,-64726480
# status f = 683319135,0,1 : PASS_RHO (rho 0.89396, T 1678.2, 0s)
f = 719893134,0,1 | route RHO | claimed 0.89396382230975983858 | coeffs 93202178,93202178,305013861,305013861,138089369,138089369,327454726,327454726,244998054,244998054,344665110,344665110,320534341,320534341,239149190,239149190,78103424,78103424,-7416106,-7416106,238959464,238959464,342136040,342136040,172906884,172906884,425902857,425902857,275123761,275123761,368824134,368824134,538339367,538339367,496069007,496069007,582232010,582232010,592695316,592695316,562488473,562488473,303968188,303968188,660973567,660973567,382973738,382973738,361507857,361507857,568707905,568707905,348668314,348668314,324237030,324237030,54117134,54117134,68481366,68481366,64726480,64726480,-61384323,-61384323
f = 719893134,0,1 | route T | claimed 2318.8794531069045224 | coeffs 61384323,61384323,93202178,93202178,305013861,305013861,138089369,138089369,327454726,327454726,244998054,244998054,344665110,344665110,320534341,320534341,239149190,239149190,78103424,78103424,-7416106,-7416106,238959464,238959464,342136040,342136040,172906884,172906884,425902857,425902857,275123761,275123761,368824134,368824134,538339367,538339367,496069007,496069007,582232010,582232010,592695316,592695316,562488473,562488473,303968188,303968188,660973567,660973567,382973738,382973738,361507857,361507857,568707905,568707905,348668314,348668314,324237030,324237030,54117134,54117134,68481366,68481366,64726480,64726480
# status f = 719893134,0,1 : PASS_RHO (rho 0.89396, T 2318.9, 0s)
f = 742294522,0,1 | route RHO | claimed 0.94547904338984414038 | coeffs 681341750,501558733,501558733,469111094,469111094,645622509,645622509,525645790,525645790,651793785,651793785,516013896,516013896,502235794,502235794,627760653,627760653,637090974,637090974,402469570,402469570,705734778,705734778,476605000,476605000,281001952,281001952,450236573,450236573,535745304,535745304,648494582,648494582,535896014,535896014,284838547,284838547,111331222,111331222,72523348,72523348,-99009674,-99009674,-307014788,-307014788,-185395811,-185395811,-129540328,-129540328,-301783975,-301783975,-642012836,-642012836,-650481048,-650481048,-673652950,-673652950,-664108890,-664108890,-826664055,-826664055,-943859839,-943859839,-681341750
f = 742294522,0,1 | route T | claimed 2790.9752666281345507 | coeffs 84487295,236680300,236680300,205944172,205944172,276381417,276381417,152754779,152754779,-133257020,-133257020,-161360876,-161360876,-451612069,-451612069,-264673046,-264673046,-371939559,-371939559,-596007662,-596007662,-373271039,-373271039,-567749338,-567749338,-784048150,-784048150,-696745988,-696745988,-246331647,-246331647,-483966230,-483966230,-456830030,-456830030,-478417855,-478417855,-399149280,-399149280,-652803867,-652803867,-685720724,-685720724,-627632027,-627632027,-411458970,-411458970,-287087572,-287087572,-356753068,-356753068,-205180056,-205180056,-11733719,-11733719,105376522,105376522,11069208,11069208,29747586,29747586,-112965494,-112965494,-84487295
# status f = 742294522,0,1 : PASS_RHO (rho 0.94548, T 2791.0, 0s)
f = 842567044,0,1 | route RHO | claimed 0.90989790188158495551 | coeffs -68194198,-68194198,-158346263,-158346263,-404470877,-404470877,-536590227,-536590227,-51021257,-51021257,-72672407,-72672407,77036088,77036088,-61106530,-61106530,-270642539,-270642539,-177209091,-177209091,-105073278,-105073278,-353526801,-353526801,-412660684,-412660684,-396581360,-396581360,-405157778,-405157778,-339184036,-339184036,-621215724,-621215724,-526118916,-526118916,-473616511,-473616511,-383169090,-383169090,-373323828,-373323828,-310780146,-310780146,-197053989,-197053989,-147430565,-147430565,-201291174,-201291174,-23899438,-23899438,174090587,174090587,-37023406,-37023406,113988536,113988536,48758917,48758917,-61516223,-61516223,115022492,115022492
f = 842567044,0,1 | route T | claimed 2138.8576726861463194 | coeffs -347533885,-347533885,-406339009,-406339009,-659804560,-659804560,-831679638,-831679638,-757373862,-757373862,-530827462,-530827462,-597099157,-597099157,-442265781,-442265781,-396020462,-396020462,-512778510,-512778510,-211066499,-211066499,-409668626,-409668626,-478241082,-478241082,-527658214,-527658214,-492629700,-492629700,-304166343,-304166343,-16229790,-16229790,-134835340,-134835340,-123631792,-123631792,-27005401,-27005401,116987807,116987807,271323328,271323328,240304657,240304657,422368774,422368774,391691423,391691423,755637961,755637961,582032865,582032865,653048433,653048433,425900775,425900775,417437685,417437685,254438420,254438420,599881263,599881263
# status f = 842567044,0,1 : PASS_RHO (rho 0.90990, T 2138.9, 0s)
f = 863476089,0,1 | route RHO | claimed 0.92851971789047889051 | coeffs -463300222,-438934453,-438934453,-561366984,-561366984,-308442535,-308442535,-257181031,-257181031,62434627,62434627,57700130,57700130,31747164,31747164,-50301547,-50301547,-100513925,-100513925,-241417180,-241417180,-209377605,-209377605,-159189195,-159189195,333008325,333008325,95239396,95239396,164970838,164970838,198687674,198687674,7470114,7470114,-166763894,-166763894,-217907028,-217907028,-141383705,-141383705,174673439,174673439,181029015,181029015,271889266,271889266,225514736,225514736,287669842,287669842,328837631,328837631,361842080,361842080,319195759,319195759,398338708,398338708,414684482,414684482,625626865,625626865,463300222
f = 863476089,0,1 | route T | claimed 1952.2475882203948532 | coeffs 248989221,107984039,107984039,74653286,74653286,-8529423,-8529423,17805490,17805490,-158334886,-158334886,85789619,85789619,106918428,106918428,26827062,26827062,280199728,280199728,495601525,495601525,579749108,579749108,460579464,460579464,223665269,223665269,233655467,233655467,353737599,353737599,237785486,237785486,151264611,151264611,232529353,232529353,-53399545,-53399545,-62014728,-62014728,-460773335,-460773335,-472384612,-472384612,-657374029,-657374029,-412998675,-412998675,-338420528,-338420528,-319949804,-319949804,-99064930,-99064930,-97991836,-97991836,-270573698,-270573698,-37539266,-37539266,-133223674,-133223674,-248989221
# status f = 863476089,0,1 : PASS_RHO (rho 0.92852, T 1952.2, 0s)
f = 953883994,0,1 | route RHO | claimed 0.94547904338984414038 | coeffs 99009674,-72523348,-72523348,-111331222,-111331222,-284838547,-284838547,-535896014,-535896014,-648494582,-648494582,-535745304,-535745304,-450236573,-450236573,-281001952,-281001952,-476605000,-476605000,-705734778,-705734778,-402469570,-402469570,-637090974,-637090974,-627760653,-627760653,-502235794,-502235794,-516013896,-516013896,-651793785,-651793785,-525645790,-525645790,-645622509,-645622509,-469111094,-469111094,-501558733,-501558733,-681341750,-681341750,-943859839,-943859839,-826664055,-826664055,-664108890,-664108890,-673652950,-673652950,-650481048,-650481048,-642012836,-642012836,-301783975,-301783975,-129540328,-129540328,-185395811,-185395811,-307014788,-307014788,-99009674
f = 953883994,0,1 | route T | claimed 2043.4417207082711024 | coeffs -139026838,-18944706,-18944706,-27559889,-27559889,47018258,47018258,280052690,280052690,363235399,363235399,443326765,443326765,680240960,680240960,598976218,598976218,783965635,783965635,782892541,782892541,641887359,641887359,886011864,886011864,970159447,970159447,854207334,854207334,455448727,455448727,473919451,473919451,378235043,378235043,351900130,351900130,98527464,98527464,88537266,88537266,374466164,374466164,130090810,130090810,302672672,302672672,269341919,269341919,290470728,290470728,171301084,171301084,84780209,84780209,73168932,73168932,294053806,294053806,178288259,178288259,354428635,354428635,139026838
# status f = 953883994,0,1 : PASS_RHO (rho 0.94548, T 2043.4, 0s)
# summary n = 7 l = 1000379201 : EXCLUSION_CANDIDATE ; PASS 32 / 32 ; OPEN_NEAR 0 ; OPEN_FAR 0 ; 14s
