# FAMILY WITNESS FILE (generator family_gen.sage r10). n = 7 ; l = 1000942913 ; m = 64 ; deg = 2 ; ncomp = 32 ; bar_T = 4224 ; L_n = 16.3328709449664096755483535644
# line: f = c0,...,c_deg (monic, over F_l) | route RHO|T | claimed (rho or T, float) | coeffs a_0..a_{m-1}
f = 54690554,0,1 | route RHO | claimed 0.94951127862873375948 | coeffs 131476718,131476718,-278175088,-278175088,100456100,100456100,116915242,116915242,86581726,86581726,83196308,83196308,206587069,206587069,233359264,233359264,166906460,166906460,401992791,401992791,369203609,369203609,689142574,689142574,621572761,621572761,386655341,386655341,444577233,444577233,350408071,350408071,381988609,381988609,401448030,401448030,425745659,425745659,386854250,386854250,565882031,565882031,526449614,526449614,443251054,443251054,463680443,463680443,760318501,760318501,506230622,506230622,411255174,411255174,140492044,140492044,24328978,24328978,-243362355,-243362355,-41977220,-41977220,-116114021,-116114021
f = 54690554,0,1 | route T | claimed 3401.1627901393456296 | coeffs 767441109,718671566,718671566,614351952,614351952,728129807,728129807,442041567,442041567,369808597,369808597,566090106,566090106,520248571,520248571,700461805,700461805,436205703,436205703,478767917,478767917,574364445,574364445,550640305,550640305,462059091,462059091,340230841,340230841,247872073,247872073,152302889,152302889,299726873,299726873,500938736,500938736,314147235,314147235,325091008,325091008,206772756,206772756,-81455470,-81455470,-26394938,-26394938,-317954412,-317954412,-373247734,-373247734,-762001457,-762001457,-915674353,-915674353,-1039767942,-1039767942,-867765064,-867765064,-1083080147,-1083080147,-1042516560,-1042516560,-767441109
# status f = 54690554,0,1 : PASS_RHO (rho 0.94951, T 3401.2, 1s)
f = 71626441,0,1 | route RHO | claimed 0.9317294864134524201 | coeffs -780714655,-637678324,-637678324,-605542074,-605542074,-643651051,-643651051,-589880906,-589880906,-258104360,-258104360,-338709916,-338709916,-332168219,-332168219,-153559716,-153559716,-391181776,-391181776,-114760874,-114760874,10331523,10331523,33336912,33336912,137722306,137722306,357211121,357211121,376258053,376258053,389226127,389226127,448410170,448410170,373647715,373647715,308714065,308714065,282087368,282087368,-57209354,-57209354,247566682,247566682,35971575,35971575,61199709,61199709,334945415,334945415,340696137,340696137,434681451,434681451,585020931,585020931,687720916,687720916,438373590,438373590,673671400,673671400,780714655
f = 71626441,0,1 | route T | claimed 2674.1894274383130583 | coeffs -102245492,-102245492,-283731204,-283731204,-74546740,-74546740,78147873,78147873,97722832,97722832,120795859,120795859,160268941,160268941,-50688157,-50688157,10209972,10209972,-8768992,-8768992,-340198510,-340198510,-240668142,-240668142,-69687685,-69687685,-129910091,-129910091,-218863051,-218863051,-341943781,-341943781,-358688571,-358688571,-426982220,-426982220,111455793,111455793,71568667,71568667,56866471,56866471,127906946,127906946,301443030,301443030,154480775,154480775,64463589,64463589,139717094,139717094,59015998,59015998,8729569,8729569,-253538791,-253538791,-3766806,-3766806,171955207,171955207,200029394,200029394
# status f = 71626441,0,1 : PASS_RHO (rho 0.93173, T 2674.2, 1s)
f = 72096827,0,1 | route RHO | claimed 0.97068843274753277639 | coeffs -166581585,-33722360,-33722360,21869858,21869858,-89441351,-89441351,179638899,179638899,82082192,82082192,31239497,31239497,63937202,63937202,308956028,308956028,56816710,56816710,36859463,36859463,37025355,37025355,-157811010,-157811010,-457832457,-457832457,-636653193,-636653193,-837036606,-837036606,-750270234,-750270234,-449956986,-449956986,-304942412,-304942412,-67011797,-67011797,121678949,121678949,-138787719,-138787719,-135767442,-135767442,-249300286,-249300286,-82813925,-82813925,-100959558,-100959558,-161189707,-161189707,-124410599,-124410599,-263482897,-263482897,-95591572,-95591572,-33345429,-33345429,5653175,5653175,166581585
f = 72096827,0,1 | route T | claimed 2556.7495852595695533 | coeffs -345659825,-305159368,-305159368,36521090,36521090,-19496797,-19496797,127755203,127755203,-83579359,-83579359,157137420,157137420,101253911,101253911,450592351,450592351,143392501,143392501,99711114,99711114,148646549,148646549,242038410,242038410,37613491,37613491,133868206,133868206,51803045,51803045,181131631,181131631,522008466,522008466,656079267,656079267,629753780,629753780,603129443,603129443,529454276,529454276,712687787,712687787,771157821,771157821,736432319,736432319,672445151,672445151,488121413,488121413,377476537,377476537,434685748,434685748,448904177,448904177,606719504,606719504,573485138,573485138,345659825
# status f = 72096827,0,1 : PASS_RHO (rho 0.97069, T 2556.7, 0s)
f = 130267964,0,1 | route RHO | claimed 0.96471925018771626353 | coeffs -501098206,-501098206,-563937404,-563937404,-678352107,-678352107,-472697629,-472697629,-596542444,-596542444,-458014996,-458014996,-542656151,-542656151,-583880821,-583880821,-521311360,-521311360,-867202183,-867202183,-979447961,-979447961,-1013624375,-1013624375,-928415532,-928415532,-1064705787,-1064705787,-1110138893,-1110138893,-1034676176,-1034676176,-995847890,-995847890,-1037821163,-1037821163,-885956571,-885956571,-801852910,-801852910,-313261788,-313261788,-416652689,-416652689,-164936491,-164936491,-46906936,-46906936,-150510850,-150510850,-120462499,-120462499,-91226987,-91226987,-135791411,-135791411,-39101196,-39101196,333636891,333636891,528772856,528772856,531167479,531167479
f = 130267964,0,1 | route T | claimed 3140.4791766174506346 | coeffs 646615366,646615366,482002118,482002118,126015738,126015738,292295803,292295803,63986529,63986529,-109802511,-109802511,122400697,122400697,5068682,5068682,179512155,179512155,251774838,251774838,89029157,89029157,-61223957,-61223957,-183246682,-183246682,-211512738,-211512738,-360720982,-360720982,-142947160,-142947160,147808855,147808855,137448390,137448390,111239696,111239696,233840853,233840853,29845890,29845890,-149310607,-149310607,-123137856,-123137856,-285623458,-285623458,-286713024,-286713024,52147830,52147830,-244145295,-244145295,-75260241,-75260241,-274561149,-274561149,-548473107,-548473107,-351753468,-351753468,-603348310,-603348310
# status f = 130267964,0,1 : PASS_RHO (rho 0.96472, T 3140.5, 0s)
f = 151523187,0,1 | route RHO | claimed 0.9407234195581996574 | coeffs 133863766,133863766,154206789,154206789,-73123308,-73123308,-171316020,-171316020,-187064962,-187064962,-313165969,-313165969,-397910624,-397910624,-526378964,-526378964,-26179989,-26179989,-71664195,-71664195,147947957,147947957,80160549,80160549,-30205678,-30205678,-62342040,-62342040,-188827403,-188827403,-17064065,-17064065,-2195977,-2195977,170455883,170455883,456754578,456754578,393221464,393221464,442663959,442663959,465432467,465432467,278922800,278922800,259614535,259614535,-22677131,-22677131,-27982920,-27982920,-226553213,-226553213,9628702,9628702,-90268031,-90268031,118940367,118940367,-9477876,-9477876,-77509699,-77509699
f = 151523187,0,1 | route T | claimed 2642.9882098498461041 | coeffs -38945919,-38945919,-94778197,-94778197,-222299909,-222299909,-139474483,-139474483,16100594,16100594,236465834,236465834,276557430,276557430,236735920,236735920,276745050,276745050,300891378,300891378,-12956008,-12956008,-134374625,-134374625,229218479,229218479,195416192,195416192,307256289,307256289,589216148,589216148,898266248,898266248,737860102,737860102,883613800,883613800,879657806,879657806,943914466,943914466,1124406605,1124406605,1160970282,1160970282,960844015,960844015,1085705907,1085705907,1067533533,1067533533,775846803,775846803,550992794,550992794,372439308,372439308,398401255,398401255,142161381,142161381,318447510,318447510
# status f = 151523187,0,1 : PASS_RHO (rho 0.94072, T 2643.0, 0s)
f = 153526547,0,1 | route RHO | claimed 0.95491826764837537895 | coeffs -92682639,-160055225,-160055225,-245691145,-245691145,-228915921,-228915921,-338689093,-338689093,-537006337,-537006337,-603312377,-603312377,-628513743,-628513743,-728407178,-728407178,-801592680,-801592680,-881274867,-881274867,-1093567963,-1093567963,-1170038532,-1170038532,-930169082,-930169082,-993044864,-993044864,-916597588,-916597588,-609973316,-609973316,-877740749,-877740749,-904616444,-904616444,-861442692,-861442692,-824491962,-824491962,-917626550,-917626550,-583650807,-583650807,-567175093,-567175093,-864814943,-864814943,-670397980,-670397980,-813185383,-813185383,-549129927,-549129927,-269830741,-269830741,-300492153,-300492153,-231679408,-231679408,-231232700,-231232700,92682639
f = 153526547,0,1 | route T | claimed 2268.129602442059869 | coeffs 259759706,389088292,389088292,333070405,333070405,149836894,149836894,457036744,457036744,514245955,514245955,432180794,432180794,773861252,773861252,847536419,847536419,498197979,498197979,387553103,387553103,483807818,483807818,524308275,524308275,550932612,550932612,606816121,606816121,422492383,422492383,218067464,218067464,445892777,445892777,472218264,472218264,231501485,231501485,167514317,167514317,260906178,260906178,294140544,294140544,160069743,160069743,371404305,371404305,336678803,336678803,385614238,385614238,227798911,227798911,-113077924,-113077924,-260329924,-260329924,-201859890,-201859890,-245541277,-245541277,-259759706
# status f = 153526547,0,1 : PASS_RHO (rho 0.95492, T 2268.1, 0s)
f = 154510521,0,1 | route RHO | claimed 0.97745195575743802162 | coeffs 105608669,105608669,447289127,447289127,433070698,433070698,467796200,467796200,494121687,494121687,397866972,397866972,705066822,705066822,557814822,557814822,524580456,524580456,340256718,340256718,266581551,266581551,395910137,395910137,444845572,444845572,685562351,685562351,726062808,726062808,668853597,668853597,610383563,610383563,476312762,476312762,680737681,680737681,331399241,331399241,387417128,387417128,545232455,545232455,481245287,481245287,454620950,454620950,372555789,372555789,328874402,328874402,117539840,117539840,345365153,345365153,456010029,456010029,272776518,272776518,-68100317,-68100317,-161492178,-161492178
f = 154510521,0,1 | route T | claimed 2353.6075307067135699 | coeffs 105608669,105608669,447289127,447289127,433070698,433070698,467796200,467796200,494121687,494121687,397866972,397866972,705066822,705066822,557814822,557814822,524580456,524580456,340256718,340256718,266581551,266581551,395910137,395910137,444845572,444845572,685562351,685562351,726062808,726062808,668853597,668853597,610383563,610383563,476312762,476312762,680737681,680737681,331399241,331399241,387417128,387417128,545232455,545232455,481245287,481245287,454620950,454620950,372555789,372555789,328874402,328874402,117539840,117539840,345365153,345365153,456010029,456010029,272776518,272776518,-68100317,-68100317,-161492178,-161492178
# status f = 154510521,0,1 : PASS_RHO (rho 0.97745, T 2353.6, 0s)
f = 178777117,0,1 | route RHO | claimed 0.94951127862873375948 | coeffs -278175088,-278175088,131476718,131476718,116114021,116114021,41977220,41977220,243362355,243362355,-24328978,-24328978,-140492044,-140492044,-411255174,-411255174,-506230622,-506230622,-760318501,-760318501,-463680443,-463680443,-443251054,-443251054,-526449614,-526449614,-565882031,-565882031,-386854250,-386854250,-425745659,-425745659,-401448030,-401448030,-381988609,-381988609,-350408071,-350408071,-444577233,-444577233,-386655341,-386655341,-621572761,-621572761,-689142574,-689142574,-369203609,-369203609,-401992791,-401992791,-166906460,-166906460,-233359264,-233359264,-206587069,-206587069,-83196308,-83196308,-86581726,-86581726,-116915242,-116915242,-100456100,-100456100
f = 178777117,0,1 | route T | claimed 1669.1846849336965012 | coeffs -360018655,-360018655,-417227866,-417227866,-383993500,-383993500,-42313042,-42313042,-253647604,-253647604,95690836,95690836,144626271,144626271,240880986,240880986,581757821,581757821,555133484,555133484,613603518,613603518,429279780,429279780,443498209,443498209,215672896,215672896,271690783,271690783,30974004,30974004,338173854,338173854,244781993,244781993,326847154,326847154,192776353,192776353,266451520,266451520,301177022,301177022,411821898,411821898,254006571,254006571,294507028,294507028,441759028,441759028,385875519,385875519,342194132,342194132,137769213,137769213,267097799,267097799,240772312,240772312,424005823,424005823
# status f = 178777117,0,1 : PASS_RHO (rho 0.94951, T 1669.2, 0s)
f = 257983377,0,1 | route RHO | claimed 0.95491826764837537895 | coeffs 603312377,537006337,537006337,338689093,338689093,228915921,228915921,245691145,245691145,160055225,160055225,92682639,92682639,-231232700,-231232700,-231679408,-231679408,-300492153,-300492153,-269830741,-269830741,-549129927,-549129927,-813185383,-813185383,-670397980,-670397980,-864814943,-864814943,-567175093,-567175093,-583650807,-583650807,-917626550,-917626550,-824491962,-824491962,-861442692,-861442692,-904616444,-904616444,-877740749,-877740749,-609973316,-609973316,-916597588,-916597588,-993044864,-993044864,-930169082,-930169082,-1170038532,-1170038532,-1093567963,-1093567963,-881274867,-881274867,-801592680,-801592680,-728407178,-728407178,-628513743,-628513743,-603312377
f = 257983377,0,1 | route T | claimed 3065.6520243012897127 | coeffs 32136362,32136362,56354067,56354067,-63533114,-63533114,84744655,84744655,5305789,5305789,-110366227,-110366227,-68031823,-68031823,-286298695,-286298695,-126101007,-126101007,-282291666,-282291666,67787408,67787408,128418243,128418243,172651860,172651860,15748942,15748942,19308265,19308265,219612152,219612152,209208398,209208398,-14868088,-14868088,-98192712,-98192712,-186509667,-186509667,45484206,45484206,99896733,99896733,171763338,171763338,227330097,227330097,-22768508,-22768508,500198975,500198975,236181915,236181915,126485363,126485363,20343023,20343023,49442495,49442495,128468340,128468340,198570293,198570293
# status f = 257983377,0,1 : PASS_RHO (rho 0.95492, T 3065.7, 1s)
f = 310215791,0,1 | route RHO | claimed 0.95872274738527624245 | coeffs 51032432,51032432,91791408,91791408,256683851,256683851,439886928,439886928,503447184,503447184,463716829,463716829,409513896,409513896,463724628,463724628,508487530,508487530,205674091,205674091,124242690,124242690,301179200,301179200,121448149,121448149,123639548,123639548,347264254,347264254,254089988,254089988,217314546,217314546,486788064,486788064,319534028,319534028,419293153,419293153,408001933,408001933,440429984,440429984,515715906,515715906,569101276,569101276,470361464,470361464,101126957,101126957,350348734,350348734,334125791,334125791,96811987,96811987,452258734,452258734,66069661,66069661,3260023,3260023
f = 310215791,0,1 | route T | claimed 2576.5515274560214037 | coeffs 51032432,51032432,91791408,91791408,256683851,256683851,439886928,439886928,503447184,503447184,463716829,463716829,409513896,409513896,463724628,463724628,508487530,508487530,205674091,205674091,124242690,124242690,301179200,301179200,121448149,121448149,123639548,123639548,347264254,347264254,254089988,254089988,217314546,217314546,486788064,486788064,319534028,319534028,419293153,419293153,408001933,408001933,440429984,440429984,515715906,515715906,569101276,569101276,470361464,470361464,101126957,101126957,350348734,350348734,334125791,334125791,96811987,96811987,452258734,452258734,66069661,66069661,3260023,3260023
# status f = 310215791,0,1 : PASS_RHO (rho 0.95872, T 2576.6, 0s)
f = 322283327,0,1 | route RHO | claimed 0.9317294864134524201 | coeffs -137722306,-137722306,-33336912,-33336912,-10331523,-10331523,114760874,114760874,391181776,391181776,153559716,153559716,332168219,332168219,338709916,338709916,258104360,258104360,589880906,589880906,643651051,643651051,605542074,605542074,637678324,637678324,780714655,780714655,673671400,673671400,438373590,438373590,687720916,687720916,585020931,585020931,434681451,434681451,340696137,340696137,334945415,334945415,61199709,61199709,35971575,35971575,247566682,247566682,-57209354,-57209354,282087368,282087368,308714065,308714065,373647715,373647715,448410170,448410170,389226127,389226127,376258053,376258053,357211121,357211121
f = 322283327,0,1 | route T | claimed 2735.678775419369356 | coeffs -93345057,-93345057,-135484051,-135484051,-249490896,-249490896,-176653807,-176653807,-33359845,-33359845,51519697,51519697,-303922929,-303922929,-116895554,-116895554,105216789,105216789,255756216,255756216,348942107,348942107,238755294,238755294,-233204788,-233204788,-243595714,-243595714,-311683280,-311683280,-415130662,-415130662,-608162044,-608162044,-290266620,-290266620,-483947920,-483947920,-705768462,-705768462,-834451777,-834451777,-727420147,-727420147,-619249328,-619249328,-699450011,-699450011,-661645022,-661645022,-626421053,-626421053,-465763799,-465763799,-622428442,-622428442,-585146759,-585146759,-312851955,-312851955,-239066264,-239066264,-75080431,-75080431
# status f = 322283327,0,1 : PASS_RHO (rho 0.93173, T 2735.7, 0s)
f = 410426108,0,1 | route RHO | claimed 0.9586616325924360003 | coeffs 174359446,174359446,277489911,277489911,263648163,263648163,232226486,232226486,94119108,94119108,276868532,276868532,278407359,278407359,19753851,19753851,102308859,102308859,-155799031,-155799031,-173620851,-173620851,-194635969,-194635969,-339592251,-339592251,-240401845,-240401845,-425928143,-425928143,-394403134,-394403134,-644688360,-644688360,-402817555,-402817555,-383029595,-383029595,-652177417,-652177417,-695371555,-695371555,-686110510,-686110510,-859201549,-859201549,-881310354,-881310354,-845127967,-845127967,-864126033,-864126033,-417673268,-417673268,-227483813,-227483813,-476431495,-476431495,-154847370,-154847370,-178017674,-178017674,-48591560,-48591560
f = 410426108,0,1 | route T | claimed 2784.709022712802395 | coeffs -276868532,-276868532,-278407359,-278407359,-19753851,-19753851,-102308859,-102308859,155799031,155799031,173620851,173620851,194635969,194635969,339592251,339592251,240401845,240401845,425928143,425928143,394403134,394403134,644688360,644688360,402817555,402817555,383029595,383029595,652177417,652177417,695371555,695371555,686110510,686110510,859201549,859201549,881310354,881310354,845127967,845127967,864126033,864126033,417673268,417673268,227483813,227483813,476431495,476431495,154847370,154847370,178017674,178017674,48591560,48591560,174359446,174359446,277489911,277489911,263648163,263648163,232226486,232226486,94119108,94119108
# status f = 410426108,0,1 : PASS_RHO (rho 0.95866, T 2784.7, 0s)
f = 427995764,0,1 | route RHO | claimed 0.96471925018771626353 | coeffs 1034676176,1034676176,1110138893,1110138893,1064705787,1064705787,928415532,928415532,1013624375,1013624375,979447961,979447961,867202183,867202183,521311360,521311360,583880821,583880821,542656151,542656151,458014996,458014996,596542444,596542444,472697629,472697629,678352107,678352107,563937404,563937404,501098206,501098206,531167479,531167479,528772856,528772856,333636891,333636891,-39101196,-39101196,-135791411,-135791411,-91226987,-91226987,-120462499,-120462499,-150510850,-150510850,-46906936,-46906936,-164936491,-164936491,-416652689,-416652689,-313261788,-313261788,-801852910,-801852910,-885956571,-885956571,-1037821163,-1037821163,-995847890,-995847890
f = 427995764,0,1 | route T | claimed 2902.1324834195159749 | coeffs 757116595,757116595,711885284,711885284,915523768,915523768,840955645,840955645,727933986,727933986,607693446,607693446,548088951,548088951,352661185,352661185,494022174,494022174,473109671,473109671,369639244,369639244,789185880,789185880,650985689,650985689,831343339,831343339,679507622,679507622,777487449,777487449,859022238,859022238,494828887,494828887,609503209,609503209,492941135,492941135,562328471,562328471,485952983,485952983,339690324,339690324,420155530,420155530,201268678,201268678,-84157686,-84157686,-54730795,-54730795,-92230709,-92230709,-471825681,-471825681,-567258739,-567258739,-532687994,-532687994,-726659140,-726659140
# status f = 427995764,0,1 : PASS_RHO (rho 0.96472, T 2902.1, 0s)
f = 430088303,0,1 | route RHO | claimed 0.9260145617947422576 | coeffs 597401425,597401425,413077687,413077687,331012526,331012526,478264526,478264526,542251694,542251694,445996979,445996979,502014866,502014866,467289364,467289364,262864445,262864445,604544903,604544903,546074869,546074869,452683008,452683008,412182551,412182551,595416062,595416062,644351497,644351497,872176810,872176810,945851977,945851977,989533364,989533364,956298998,956298998,929674661,929674661,622474811,622474811,464659484,464659484,490984971,490984971,141646531,141646531,155864960,155864960,289935761,289935761,234052252,234052252,176843041,176843041,-164033794,-164033794,-404750573,-404750573,-515395449,-515395449,-386066863,-386066863
f = 430088303,0,1 | route T | claimed 2691.4480575402089525 | coeffs -597894383,-711672238,-711672238,-587578649,-587578649,-705896901,-705896901,-584068651,-584068651,-629910186,-629910186,-354834735,-354834735,-299541413,-299541413,-98329550,-98329550,-193926078,-193926078,-480014318,-480014318,-308011440,-308011440,-19783214,-19783214,-112141982,-112141982,-292355216,-292355216,-341124759,-341124759,-729878482,-729878482,-543086981,-543086981,-566811121,-566811121,-494578151,-494578151,-279263068,-279263068,-224202536,-224202536,-128633352,-128633352,-392889454,-392889454,-288569840,-288569840,-134896944,-134896944,-123953171,-123953171,-35371957,-35371957,160909552,160909552,201473139,201473139,493032613,493032613,640456597,640456597,597894383
# status f = 430088303,0,1 : PASS_RHO (rho 0.92601, T 2691.4, 0s)
f = 475347995,0,1 | route RHO | claimed 0.9586616325924360003 | coeffs -276868532,-276868532,-94119108,-94119108,-232226486,-232226486,-263648163,-263648163,-277489911,-277489911,-174359446,-174359446,-48591560,-48591560,-178017674,-178017674,-154847370,-154847370,-476431495,-476431495,-227483813,-227483813,-417673268,-417673268,-864126033,-864126033,-845127967,-845127967,-881310354,-881310354,-859201549,-859201549,-686110510,-686110510,-695371555,-695371555,-652177417,-652177417,-383029595,-383029595,-402817555,-402817555,-644688360,-644688360,-394403134,-394403134,-425928143,-425928143,-240401845,-240401845,-339592251,-339592251,-194635969,-194635969,-173620851,-173620851,-155799031,-155799031,102308859,102308859,19753851,19753851,278407359,278407359
f = 475347995,0,1 | route T | claimed 1841.6261193618511574 | coeffs 266994070,323011957,323011957,265802746,265802746,192127579,192127579,95872864,95872864,39989355,39989355,-187835958,-187835958,-123848790,-123848790,10222011,10222011,-38713424,-38713424,108538576,108538576,122757005,122757005,-60476506,-60476506,-142541667,-142541667,-491880107,-491880107,-451379650,-451379650,-635703388,-635703388,-609377901,-609377901,-515986040,-515986040,-304651478,-304651478,-462466805,-462466805,-403996771,-403996771,-533325357,-533325357,-840525207,-840525207,-1182205665,-1182205665,-1071560789,-1071560789,-1098185126,-1098185126,-893760207,-893760207,-653043428,-653043428,-686277794,-686277794,-651552292,-651552292,-310675457,-310675457,-266994070
# status f = 475347995,0,1 : PASS_RHO (rho 0.95866, T 1841.6, 1s)
f = 495022717,0,1 | route RHO | claimed 0.93147942374603591668 | coeffs 46297848,-162910550,-162910550,119381116,119381116,182914230,182914230,309399593,309399593,354883799,354883799,370632741,370632741,302600918,302600918,104030625,104030625,126799133,126799133,141667221,141667221,73879813,73879813,-10864842,-10864842,9478181,9478181,109374914,109374914,128683179,128683179,-157615516,-157615516,-125479154,-125479154,-625678129,-625678129,-527485417,-527485417,-655903660,-655903660,-661209449,-661209449,-611766954,-611766954,-440003616,-440003616,-220391464,-220391464,-346492471,-346492471,-290138404,-290138404,-526320319,-526320319,-339810652,-339810652,-512462512,-512462512,-402096285,-402096285,-273627945,-273627945,-46297848
f = 495022717,0,1 | route T | claimed 1788.4555184318240169 | coeffs -126799133,-141667221,-141667221,-73879813,-73879813,10864842,10864842,-9478181,-9478181,-109374914,-109374914,-128683179,-128683179,157615516,157615516,125479154,125479154,625678129,625678129,527485417,527485417,655903660,655903660,661209449,661209449,611766954,611766954,440003616,440003616,220391464,220391464,346492471,346492471,290138404,290138404,526320319,526320319,339810652,339810652,512462512,512462512,402096285,402096285,273627945,273627945,46297848,46297848,-162910550,-162910550,119381116,119381116,182914230,182914230,309399593,309399593,354883799,354883799,370632741,370632741,302600918,302600918,104030625,104030625,126799133
# status f = 495022717,0,1 : PASS_RHO (rho 0.93148, T 1788.5, 1s)
f = 505920196,0,1 | route RHO | claimed 0.97745195575743802162 | coeffs -340256718,-340256718,-524580456,-524580456,-557814822,-557814822,-705066822,-705066822,-397866972,-397866972,-494121687,-494121687,-467796200,-467796200,-433070698,-433070698,-447289127,-447289127,-105608669,-105608669,-161492178,-161492178,-68100317,-68100317,272776518,272776518,456010029,456010029,345365153,345365153,117539840,117539840,328874402,328874402,372555789,372555789,454620950,454620950,481245287,481245287,545232455,545232455,387417128,387417128,331399241,331399241,680737681,680737681,476312762,476312762,610383563,610383563,668853597,668853597,726062808,726062808,685562351,685562351,444845572,444845572,395910137,395910137,266581551,266581551
f = 505920196,0,1 | route T | claimed 3558.9363826195513576 | coeffs -243520891,-243520891,-389365524,-389365524,-244610457,-244610457,-568522021,-568522021,-270819151,-270819151,-350748199,-350748199,-392841876,-392841876,-278485516,-278485516,-160638668,-160638668,-112205451,-112205451,-117371612,-117371612,161706507,161706507,178921513,178921513,324192109,324192109,382916476,382916476,334552574,334552574,532124720,532124720,484805688,484805688,357681247,357681247,658594728,658594728,713667627,713667627,406999886,406999886,514366719,514366719,745860740,745860740,540539470,540539470,868461897,868461897,831295485,831295485,840195841,840195841,668549804,668549804,722863826,722863826,440240530,440240530,558250578,558250578
# status f = 505920196,0,1 : PASS_RHO (rho 0.97745, T 3558.9, 1s)
f = 525594918,0,1 | route RHO | claimed 0.95128722049523773889 | coeffs 250672421,266829624,266829624,325855465,325855465,266291768,266291768,133029863,133029863,376710269,376710269,473469099,473469099,468302519,468302519,710308205,710308205,494777288,494777288,129580244,129580244,408037657,408037657,247232545,247232545,312789821,312789821,441251806,441251806,514081381,514081381,316763568,316763568,580796673,580796673,719841665,719841665,441857233,441857233,484160160,484160160,523458966,523458966,360543408,360543408,253027674,253027674,-26426063,-26426063,-37114227,-37114227,-208016442,-208016442,29950353,29950353,63587073,63587073,121841154,121841154,-4127947,-4127947,-226895303,-226895303,-250672421
f = 525594918,0,1 | route T | claimed 2317.0016968634374242 | coeffs 202776552,218042633,218042633,78550933,78550933,442171285,442171285,201551114,201551114,262145743,262145743,212768205,212768205,383159721,383159721,394846025,394846025,368583459,368583459,555961388,555961388,460781996,460781996,396483864,396483864,14314444,14314444,123508321,123508321,279969637,279969637,376932257,376932257,316618891,316618891,299197456,299197456,212758064,212758064,172630747,172630747,118671303,118671303,-48625323,-48625323,15020842,15020842,189653942,189653942,83896197,83896197,-306502213,-306502213,51637387,51637387,130701725,130701725,-110365271,-110365271,61270466,61270466,-199875702,-199875702,-202776552
# status f = 525594918,0,1 : PASS_RHO (rho 0.95129, T 2317.0, 0s)
f = 570854610,0,1 | route RHO | claimed 0.95872274738527624245 | coeffs -66069661,-66069661,-452258734,-452258734,-96811987,-96811987,-334125791,-334125791,-350348734,-350348734,-101126957,-101126957,-470361464,-470361464,-569101276,-569101276,-515715906,-515715906,-440429984,-440429984,-408001933,-408001933,-419293153,-419293153,-319534028,-319534028,-486788064,-486788064,-217314546,-217314546,-254089988,-254089988,-347264254,-347264254,-123639548,-123639548,-121448149,-121448149,-301179200,-301179200,-124242690,-124242690,-205674091,-205674091,-508487530,-508487530,-463724628,-463724628,-409513896,-409513896,-463716829,-463716829,-503447184,-503447184,-439886928,-439886928,-256683851,-256683851,-91791408,-91791408,-51032432,-51032432,3260023,3260023
f = 570854610,0,1 | route T | claimed 2166.498785142347159 | coeffs -123639548,-123639548,-121448149,-121448149,-301179200,-301179200,-124242690,-124242690,-205674091,-205674091,-508487530,-508487530,-463724628,-463724628,-409513896,-409513896,-463716829,-463716829,-503447184,-503447184,-439886928,-439886928,-256683851,-256683851,-91791408,-91791408,-51032432,-51032432,3260023,3260023,66069661,66069661,452258734,452258734,96811987,96811987,334125791,334125791,350348734,350348734,101126957,101126957,470361464,470361464,569101276,569101276,515715906,515715906,440429984,440429984,408001933,408001933,419293153,419293153,319534028,319534028,486788064,486788064,217314546,217314546,254089988,254089988,347264254,347264254
# status f = 570854610,0,1 : PASS_RHO (rho 0.95872, T 2166.5, 0s)
f = 572947149,0,1 | route RHO | claimed 0.97338666058693190637 | coeffs 316953140,316953140,121817175,121817175,494555262,494555262,397865047,397865047,353300623,353300623,324065111,324065111,354113462,354113462,457717376,457717376,575746931,575746931,324030733,324030733,220639832,220639832,-267951290,-267951290,-183847629,-183847629,-335712221,-335712221,-377685494,-377685494,-416513780,-416513780,-341051063,-341051063,-295617957,-295617957,-431908212,-431908212,-517117055,-517117055,-551293469,-551293469,-439047691,-439047691,-784938514,-784938514,-847507975,-847507975,-888732645,-888732645,-804091490,-804091490,-665564042,-665564042,-541719227,-541719227,-336064749,-336064749,-221650046,-221650046,-284489244,-284489244,-314558517,-314558517
f = 572947149,0,1 | route T | claimed 2762.9618971081417367 | coeffs -272953155,-272953155,-146467792,-146467792,-165776057,-165776057,-109421990,-109421990,-63937784,-63937784,222360911,222360911,-13821004,-13821004,1927938,1927938,-30208424,-30208424,156301243,156301243,88269420,88269420,588468395,588468395,415816535,415816535,217246242,217246242,119053530,119053530,229419757,229419757,252188265,252188265,380606508,380606508,509074848,509074848,523942936,523942936,529248725,529248725,756578822,756578822,688791414,688791414,639348919,639348919,848557317,848557317,763812662,763812662,592049324,592049324,309757658,309757658,330100681,330100681,110488529,110488529,46955415,46955415,146852148,146852148
# status f = 572947149,0,1 : PASS_RHO (rho 0.97339, T 2763.0, 1s)
f = 590516805,0,1 | route RHO | claimed 0.95128722049523773889 | coeffs 250672421,250672421,226895303,226895303,4127947,4127947,-121841154,-121841154,-63587073,-63587073,-29950353,-29950353,208016442,208016442,37114227,37114227,26426063,26426063,-253027674,-253027674,-360543408,-360543408,-523458966,-523458966,-484160160,-484160160,-441857233,-441857233,-719841665,-719841665,-580796673,-580796673,-316763568,-316763568,-514081381,-514081381,-441251806,-441251806,-312789821,-312789821,-247232545,-247232545,-408037657,-408037657,-129580244,-129580244,-494777288,-494777288,-710308205,-710308205,-468302519,-468302519,-473469099,-473469099,-376710269,-376710269,-133029863,-133029863,-266291768,-266291768,-325855465,-325855465,-266829624,-266829624
f = 590516805,0,1 | route T | claimed 2135.0660499443872317 | coeffs -423155092,-423155092,-116530820,-116530820,-356400270,-356400270,-436082457,-436082457,-410881091,-410881091,-520654263,-520654263,-453281677,-453281677,-522094422,-522094422,-258038966,-258038966,39600884,39600884,-53533704,-53533704,-26658009,-26658009,49789267,49789267,126259836,126259836,53074334,53074334,119380374,119380374,136155598,136155598,460070937,460070937,490732349,490732349,347944946,347944946,331469232,331469232,368419962,368419962,636187395,636187395,573311613,573311613,785604709,785604709,685711274,685711274,884028518,884028518,798392598,798392598,798839306,798839306,519540120,519540120,713957083,713957083,379981340,379981340
# status f = 590516805,0,1 : PASS_RHO (rho 0.95129, T 2135.1, 0s)
f = 678659586,0,1 | route RHO | claimed 0.93923751757754810962 | coeffs 11027759,11027759,43725464,43725464,40705187,40705187,138261894,138261894,326952640,326952640,215641431,215641431,70626857,70626857,-62232368,-62232368,24534004,24534004,-14464600,-14464600,164356136,164356136,332247461,332247461,137411096,137411096,100631988,100631988,120589235,120589235,102443602,102443602,347462428,347462428,460995272,460995272,511837967,511837967,251371299,251371299,520451549,520451549,282520934,282520934,226928716,226928716,527241964,527241964,366313554,366313554,566696967,566696967,628943110,628943110,328921663,328921663,467993961,467993961,467828069,467828069,407597920,407597920,155458602,155458602
f = 678659586,0,1 | route T | claimed 2731.4007371209674552 | coeffs 11027759,11027759,43725464,43725464,40705187,40705187,138261894,138261894,326952640,326952640,215641431,215641431,70626857,70626857,-62232368,-62232368,24534004,24534004,-14464600,-14464600,164356136,164356136,332247461,332247461,137411096,137411096,100631988,100631988,120589235,120589235,102443602,102443602,347462428,347462428,460995272,460995272,511837967,511837967,251371299,251371299,520451549,520451549,282520934,282520934,226928716,226928716,527241964,527241964,366313554,366313554,566696967,566696967,628943110,628943110,328921663,328921663,467993961,467993961,467828069,467828069,407597920,407597920,155458602,155458602
# status f = 678659586,0,1 : PASS_RHO (rho 0.93924, T 2731.4, 0s)
f = 690727122,0,1 | route RHO | claimed 0.9260145617947422576 | coeffs -164033794,-164033794,176843041,176843041,234052252,234052252,289935761,289935761,155864960,155864960,141646531,141646531,490984971,490984971,464659484,464659484,622474811,622474811,929674661,929674661,956298998,956298998,989533364,989533364,945851977,945851977,872176810,872176810,644351497,644351497,595416062,595416062,412182551,412182551,452683008,452683008,546074869,546074869,604544903,604544903,262864445,262864445,467289364,467289364,502014866,502014866,445996979,445996979,542251694,542251694,478264526,478264526,331012526,331012526,413077687,413077687,597401425,597401425,386066863,386066863,515395449,515395449,404750573,404750573
f = 690727122,0,1 | route T | claimed 1678.3615168775973848 | coeffs 176843041,234052252,234052252,289935761,289935761,155864960,155864960,141646531,141646531,490984971,490984971,464659484,464659484,622474811,622474811,929674661,929674661,956298998,956298998,989533364,989533364,945851977,945851977,872176810,872176810,644351497,644351497,595416062,595416062,412182551,412182551,452683008,452683008,546074869,546074869,604544903,604544903,262864445,262864445,467289364,467289364,502014866,502014866,445996979,445996979,542251694,542251694,478264526,478264526,331012526,331012526,413077687,413077687,597401425,597401425,386066863,386066863,515395449,515395449,404750573,404750573,164033794,164033794,-176843041
# status f = 690727122,0,1 : PASS_RHO (rho 0.92601, T 1678.4, 0s)
f = 742959536,0,1 | route RHO | claimed 0.92970565824036385831 | coeffs -299495462,-299495462,-350338157,-350338157,-588268772,-588268772,-427340362,-427340362,-727361809,-727361809,-667131660,-667131660,-699829365,-699829365,-511138619,-511138619,-378279394,-378279394,-199458658,-199458658,-162679550,-162679550,82339276,82339276,342805944,342805944,287213726,287213726,86830313,86830313,225902611,225902611,478041929,478041929,481062206,481062206,369750997,369750997,282984625,282984625,450875950,450875950,430918703,430918703,544451547,544451547,275371297,275371297,575684545,575684545,513438402,513438402,513272510,513272510,679758871,679758871,582202164,582202164,437187590,437187590,476186194,476186194,281349829,281349829
f = 742959536,0,1 | route T | claimed 2325.4187583119102331 | coeffs -441475882,58723093,58723093,-177458822,-177458822,-50973459,-50973459,-71316482,-71316482,-21873987,-21873987,-150342327,-150342327,48227966,48227966,80364328,80364328,24010261,24010261,-39522853,-39522853,-124267508,-124267508,-118961719,-118961719,-8595492,-8595492,-76627315,-76627315,209671380,209671380,83570373,83570373,365862039,365862039,433649447,433649447,305231204,305231204,477883064,477883064,462134122,462134122,481442387,481442387,261830235,261830235,471038633,471038633,485906721,485906721,387714009,387714009,574223676,574223676,619707882,619707882,519811149,519811149,691574487,691574487,464244390,464244390,441475882
# status f = 742959536,0,1 : PASS_RHO (rho 0.92971, T 2325.4, 1s)
f = 822165796,0,1 | route RHO | claimed 0.94032354484840560224 | coeffs 258365499,321898613,321898613,307030525,307030525,339166887,339166887,119554735,119554735,248023075,248023075,263772017,263772017,243428994,243428994,115010751,115010751,351192666,351192666,68901000,68901000,91669508,91669508,377968203,377968203,549731541,549731541,439365314,439365314,393881108,393881108,309136453,309136453,210943741,210943741,267297808,267297808,58089410,58089410,256659703,256659703,275967968,275967968,226525473,226525473,53873613,53873613,180358976,180358976,248146384,248146384,-252052591,-252052591,-125951584,-125951584,101378513,101378513,33346690,33346690,-66550043,-66550043,-71855832,-71855832,-258365499
f = 822165796,0,1 | route T | claimed 2793.6200519032354048 | coeffs 380372319,125543038,125543038,340193902,340193902,227308050,227308050,305534304,305534304,268794029,268794029,128462268,128462268,247752170,247752170,276238873,276238873,214058617,214058617,83243990,83243990,212125737,212125737,387213313,387213313,430578009,430578009,536082828,536082828,944206801,944206801,639814343,639814343,733943841,733943841,589024348,589024348,462689519,462689519,427298522,427298522,533911674,533911674,185953762,185953762,-48848794,-48848794,76793687,76793687,-114040231,-114040231,-75515150,-75515150,140863375,140863375,-243909657,-243909657,-77043934,-77043934,-140577158,-140577158,-136012532,-136012532,-380372319
# status f = 822165796,0,1 : PASS_RHO (rho 0.94032, T 2793.6, 0s)
f = 846432392,0,1 | route RHO | claimed 0.93147942374603591668 | coeffs -661209449,-655903660,-655903660,-527485417,-527485417,-625678129,-625678129,-125479154,-125479154,-157615516,-157615516,128683179,128683179,109374914,109374914,9478181,9478181,-10864842,-10864842,73879813,73879813,141667221,141667221,126799133,126799133,104030625,104030625,302600918,302600918,370632741,370632741,354883799,354883799,309399593,309399593,182914230,182914230,119381116,119381116,-162910550,-162910550,46297848,46297848,273627945,273627945,402096285,402096285,512462512,512462512,339810652,339810652,526320319,526320319,290138404,290138404,346492471,346492471,220391464,220391464,440003616,440003616,611766954,611766954,661209449
f = 846432392,0,1 | route T | claimed 2413.74254842930405 | coeffs 109374914,9478181,9478181,-10864842,-10864842,73879813,73879813,141667221,141667221,126799133,126799133,104030625,104030625,302600918,302600918,370632741,370632741,354883799,354883799,309399593,309399593,182914230,182914230,119381116,119381116,-162910550,-162910550,46297848,46297848,273627945,273627945,402096285,402096285,512462512,512462512,339810652,339810652,526320319,526320319,290138404,290138404,346492471,346492471,220391464,220391464,440003616,440003616,611766954,611766954,661209449,661209449,655903660,655903660,527485417,527485417,625678129,625678129,125479154,125479154,157615516,157615516,-128683179,-128683179,-109374914
# status f = 846432392,0,1 : PASS_RHO (rho 0.93148, T 2413.7, 0s)
f = 847416366,0,1 | route RHO | claimed 0.92970565824036385831 | coeffs -727361809,-727361809,-427340362,-427340362,-588268772,-588268772,-350338157,-350338157,-299495462,-299495462,-281349829,-281349829,-476186194,-476186194,-437187590,-437187590,-582202164,-582202164,-679758871,-679758871,-513272510,-513272510,-513438402,-513438402,-575684545,-575684545,-275371297,-275371297,-544451547,-544451547,-430918703,-430918703,-450875950,-450875950,-282984625,-282984625,-369750997,-369750997,-481062206,-481062206,-478041929,-478041929,-225902611,-225902611,-86830313,-86830313,-287213726,-287213726,-342805944,-342805944,-82339276,-82339276,162679550,162679550,199458658,199458658,378279394,378279394,511138619,511138619,699829365,699829365,667131660,667131660
f = 847416366,0,1 | route T | claimed 2167.9840378330750796 | coeffs -82339276,-82339276,162679550,162679550,199458658,199458658,378279394,378279394,511138619,511138619,699829365,699829365,667131660,667131660,727361809,727361809,427340362,427340362,588268772,588268772,350338157,350338157,299495462,299495462,281349829,281349829,476186194,476186194,437187590,437187590,582202164,582202164,679758871,679758871,513272510,513272510,513438402,513438402,575684545,575684545,275371297,275371297,544451547,544451547,430918703,430918703,450875950,450875950,282984625,282984625,369750997,369750997,481062206,481062206,478041929,478041929,225902611,225902611,86830313,86830313,287213726,287213726,342805944,342805944
# status f = 847416366,0,1 : PASS_RHO (rho 0.92971, T 2168.0, 0s)
f = 849419726,0,1 | route RHO | claimed 0.97068843274753277639 | coeffs 166581585,166581585,5653175,5653175,-33345429,-33345429,-95591572,-95591572,-263482897,-263482897,-124410599,-124410599,-161189707,-161189707,-100959558,-100959558,-82813925,-82813925,-249300286,-249300286,-135767442,-135767442,-138787719,-138787719,121678949,121678949,-67011797,-67011797,-304942412,-304942412,-449956986,-449956986,-750270234,-750270234,-837036606,-837036606,-636653193,-636653193,-457832457,-457832457,-157811010,-157811010,37025355,37025355,36859463,36859463,56816710,56816710,308956028,308956028,63937202,63937202,31239497,31239497,82082192,82082192,179638899,179638899,-89441351,-89441351,21869858,21869858,-33722360,-33722360
f = 849419726,0,1 | route T | claimed 2737.6776216809818147 | coeffs 166581585,166581585,5653175,5653175,-33345429,-33345429,-95591572,-95591572,-263482897,-263482897,-124410599,-124410599,-161189707,-161189707,-100959558,-100959558,-82813925,-82813925,-249300286,-249300286,-135767442,-135767442,-138787719,-138787719,121678949,121678949,-67011797,-67011797,-304942412,-304942412,-449956986,-449956986,-750270234,-750270234,-837036606,-837036606,-636653193,-636653193,-457832457,-457832457,-157811010,-157811010,37025355,37025355,36859463,36859463,56816710,56816710,308956028,308956028,63937202,63937202,31239497,31239497,82082192,82082192,179638899,179638899,-89441351,-89441351,21869858,21869858,-33722360,-33722360
# status f = 849419726,0,1 : PASS_RHO (rho 0.97069, T 2737.7, 0s)
f = 870674949,0,1 | route RHO | claimed 0.97338666058693190637 | coeffs 267951290,267951290,-220639832,-220639832,-324030733,-324030733,-575746931,-575746931,-457717376,-457717376,-354113462,-354113462,-324065111,-324065111,-353300623,-353300623,-397865047,-397865047,-494555262,-494555262,-121817175,-121817175,-316953140,-316953140,-314558517,-314558517,-284489244,-284489244,-221650046,-221650046,-336064749,-336064749,-541719227,-541719227,-665564042,-665564042,-804091490,-804091490,-888732645,-888732645,-847507975,-847507975,-784938514,-784938514,-439047691,-439047691,-551293469,-551293469,-517117055,-517117055,-431908212,-431908212,-295617957,-295617957,-341051063,-341051063,-416513780,-416513780,-377685494,-377685494,-335712221,-335712221,-183847629,-183847629
f = 870674949,0,1 | route T | claimed 2067.229202174944018 | coeffs -295617957,-295617957,-341051063,-341051063,-416513780,-416513780,-377685494,-377685494,-335712221,-335712221,-183847629,-183847629,-267951290,-267951290,220639832,220639832,324030733,324030733,575746931,575746931,457717376,457717376,354113462,354113462,324065111,324065111,353300623,353300623,397865047,397865047,494555262,494555262,121817175,121817175,316953140,316953140,314558517,314558517,284489244,284489244,221650046,221650046,336064749,336064749,541719227,541719227,665564042,665564042,804091490,804091490,888732645,888732645,847507975,847507975,784938514,784938514,439047691,439047691,551293469,551293469,517117055,517117055,431908212,431908212
# status f = 870674949,0,1 : PASS_RHO (rho 0.97339, T 2067.2, 0s)
f = 928846086,0,1 | route RHO | claimed 0.9407234195581996574 | coeffs -397910624,-397910624,-313165969,-313165969,-187064962,-187064962,-171316020,-171316020,-73123308,-73123308,154206789,154206789,133863766,133863766,77509699,77509699,9477876,9477876,-118940367,-118940367,90268031,90268031,-9628702,-9628702,226553213,226553213,27982920,27982920,22677131,22677131,-259614535,-259614535,-278922800,-278922800,-465432467,-465432467,-442663959,-442663959,-393221464,-393221464,-456754578,-456754578,-170455883,-170455883,2195977,2195977,17064065,17064065,188827403,188827403,62342040,62342040,30205678,30205678,-80160549,-80160549,-147947957,-147947957,71664195,71664195,26179989,26179989,526378964,526378964
f = 928846086,0,1 | route T | claimed 2455.304141776680791 | coeffs 62342040,30205678,30205678,-80160549,-80160549,-147947957,-147947957,71664195,71664195,26179989,26179989,526378964,526378964,397910624,397910624,313165969,313165969,187064962,187064962,171316020,171316020,73123308,73123308,-154206789,-154206789,-133863766,-133863766,-77509699,-77509699,-9477876,-9477876,118940367,118940367,-90268031,-90268031,9628702,9628702,-226553213,-226553213,-27982920,-27982920,-22677131,-22677131,259614535,259614535,278922800,278922800,465432467,465432467,442663959,442663959,393221464,393221464,456754578,456754578,170455883,170455883,-2195977,-2195977,-17064065,-17064065,-188827403,-188827403,-62342040
# status f = 928846086,0,1 : PASS_RHO (rho 0.94072, T 2455.3, 0s)
f = 929316472,0,1 | route RHO | claimed 0.93923751757754810962 | coeffs -226928716,-226928716,-282520934,-282520934,-520451549,-520451549,-251371299,-251371299,-511837967,-511837967,-460995272,-460995272,-347462428,-347462428,-102443602,-102443602,-120589235,-120589235,-100631988,-100631988,-137411096,-137411096,-332247461,-332247461,-164356136,-164356136,14464600,14464600,-24534004,-24534004,62232368,62232368,-70626857,-70626857,-215641431,-215641431,-326952640,-326952640,-138261894,-138261894,-40705187,-40705187,-43725464,-43725464,-11027759,-11027759,155458602,155458602,407597920,407597920,467828069,467828069,467993961,467993961,328921663,328921663,628943110,628943110,566696967,566696967,366313554,366313554,527241964,527241964
f = 929316472,0,1 | route T | claimed 2028.5135382941963618 | coeffs 36858066,36858066,70092432,70092432,199421018,199421018,158920561,158920561,24849760,24849760,-31168127,-31168127,-57792464,-57792464,153542098,153542098,-29691413,-29691413,-85574922,-85574922,-120300424,-120300424,186899426,186899426,371223164,371223164,420158599,420158599,477367810,477367810,681792729,681792729,523977402,523977402,441912241,441912241,214086928,214086928,-126789907,-126789907,214890551,214890551,188565064,188565064,41313064,41313064,114988231,114988231,355705010,355705010,414175044,414175044,64836604,64836604,128823772,128823772,85142385,85142385,-25502491,-25502491,-118894352,-118894352,-133112781,-133112781
# status f = 929316472,0,1 : PASS_RHO (rho 0.93924, T 2028.5, 1s)
f = 946252359,0,1 | route RHO | claimed 0.94032354484840560224 | coeffs 309136453,393881108,393881108,439365314,439365314,549731541,549731541,377968203,377968203,91669508,91669508,68901000,68901000,351192666,351192666,115010751,115010751,243428994,243428994,263772017,263772017,248023075,248023075,119554735,119554735,339166887,339166887,307030525,307030525,321898613,321898613,258365499,258365499,71855832,71855832,66550043,66550043,-33346690,-33346690,-101378513,-101378513,125951584,125951584,252052591,252052591,-248146384,-248146384,-180358976,-180358976,-53873613,-53873613,-226525473,-226525473,-275967968,-275967968,-256659703,-256659703,-58089410,-58089410,-267297808,-267297808,-210943741,-210943741,-309136453
f = 946252359,0,1 | route T | claimed 1832.8336436025264345 | coeffs -321898613,-258365499,-258365499,-71855832,-71855832,-66550043,-66550043,33346690,33346690,101378513,101378513,-125951584,-125951584,-252052591,-252052591,248146384,248146384,180358976,180358976,53873613,53873613,226525473,226525473,275967968,275967968,256659703,256659703,58089410,58089410,267297808,267297808,210943741,210943741,309136453,309136453,393881108,393881108,439365314,439365314,549731541,549731541,377968203,377968203,91669508,91669508,68901000,68901000,351192666,351192666,115010751,115010751,243428994,243428994,263772017,263772017,248023075,248023075,119554735,119554735,339166887,339166887,307030525,307030525,321898613
# status f = 946252359,0,1 : PASS_RHO (rho 0.94032, T 1832.8, 0s)
# summary n = 7 l = 1000942913 : EXCLUSION_CANDIDATE ; PASS 32 / 32 ; OPEN_NEAR 0 ; OPEN_FAR 0 ; 16s
