# FAMILY WITNESS FILE (generator family_gen.sage r10). n = 7 ; l = 1000785089 ; m = 64 ; deg = 2 ; ncomp = 32 ; bar_T = 4224 ; L_n = 16.3328709449664096755483535644
# line: f = c0,...,c_deg (monic, over F_l) | route RHO|T | claimed (rho or T, float) | coeffs a_0..a_{m-1}
f = 13799831,0,1 | route RHO | claimed 0.93553915988635806076 | coeffs -19963074,-19963074,166427741,166427741,234631849,234631849,491024738,491024738,465172456,465172456,424871074,424871074,550010922,550010922,718735845,718735845,492616986,492616986,704339887,704339887,969793100,969793100,849729889,849729889,819410307,819410307,718981601,718981601,705433423,705433423,723012937,723012937,605098920,605098920,297665370,297665370,600377363,600377363,465020733,465020733,577219553,577219553,623324393,623324393,542573823,542573823,733378526,733378526,547713272,547713272,374938025,374938025,297691712,297691712,242814083,242814083,157708819,157708819,275385913,275385913,355038785,355038785,64793625,64793625
f = 13799831,0,1 | route T | claimed 2509.7534574017028271 | coeffs -129064259,-129064259,-284658375,-284658375,-58586801,-58586801,111970154,111970154,198848779,198848779,302993630,302993630,422515876,422515876,369081339,369081339,452359503,452359503,263157526,263157526,130814492,130814492,68099681,68099681,182231340,182231340,29178596,29178596,394511483,394511483,603697755,603697755,569464959,569464959,424660899,424660899,346142411,346142411,198040872,198040872,229261046,229261046,512658641,512658641,351081267,351081267,583347777,583347777,764011987,764011987,786677423,786677423,551354575,551354575,209792031,209792031,325427517,325427517,182347936,182347936,383197748,383197748,235430223,235430223
# status f = 13799831,0,1 : PASS_RHO (rho 0.93554, T 2509.8, 1s)
f = 14088462,0,1 | route RHO | claimed 0.94275735444515632752 | coeffs 716974808,908451434,908451434,1059280728,1059280728,893627376,893627376,877042945,877042945,853398611,853398611,650129261,650129261,958790173,958790173,828499991,828499991,622252686,622252686,562190871,562190871,574857765,574857765,517841310,517841310,263435212,263435212,168801629,168801629,90096746,90096746,-55118242,-55118242,-238533363,-238533363,-641761146,-641761146,-656987853,-656987853,-563396417,-563396417,-556169384,-556169384,-568107447,-568107447,-683886059,-683886059,-644205314,-644205314,-805988557,-805988557,-928797713,-928797713,-741917589,-741917589,-517271449,-517271449,-502105607,-502105607,-732851605,-732851605,-682789965,-682789965,-716974808
f = 14088462,0,1 | route T | claimed 2385.7114225490856449 | coeffs -90096746,-90096746,55118242,55118242,238533363,238533363,641761146,641761146,656987853,656987853,563396417,563396417,556169384,556169384,568107447,568107447,683886059,683886059,644205314,644205314,805988557,805988557,928797713,928797713,741917589,741917589,517271449,517271449,502105607,502105607,732851605,732851605,682789965,682789965,716974808,716974808,908451434,908451434,1059280728,1059280728,893627376,893627376,877042945,877042945,853398611,853398611,650129261,650129261,958790173,958790173,828499991,828499991,622252686,622252686,562190871,562190871,574857765,574857765,517841310,517841310,263435212,263435212,168801629,168801629
# status f = 14088462,0,1 : PASS_RHO (rho 0.94276, T 2385.7, 0s)
f = 15964038,0,1 | route RHO | claimed 0.94528883998346635321 | coeffs -52485484,-27717490,-27717490,-46777249,-46777249,240999625,240999625,66495802,66495802,-252272725,-252272725,-117844154,-117844154,-377813143,-377813143,-380916343,-380916343,-260981149,-260981149,-131478470,-131478470,26930617,26930617,-31835035,-31835035,-323972932,-323972932,-530061619,-530061619,-488460729,-488460729,-526630900,-526630900,-667244692,-667244692,-423665933,-423665933,-530779601,-530779601,-490437093,-490437093,-471771658,-471771658,-368692733,-368692733,-674759913,-674759913,-336794997,-336794997,-160694625,-160694625,-213891716,-213891716,-274743677,-274743677,-58648520,-58648520,87650489,87650489,86514851,86514851,33543455,33543455,52485484
f = 15964038,0,1 | route T | claimed 2259.992397721564017 | coeffs 131478470,-26930617,-26930617,31835035,31835035,323972932,323972932,530061619,530061619,488460729,488460729,526630900,526630900,667244692,667244692,423665933,423665933,530779601,530779601,490437093,490437093,471771658,471771658,368692733,368692733,674759913,674759913,336794997,336794997,160694625,160694625,213891716,213891716,274743677,274743677,58648520,58648520,-87650489,-87650489,-86514851,-86514851,-33543455,-33543455,-52485484,-52485484,-27717490,-27717490,-46777249,-46777249,240999625,240999625,66495802,66495802,-252272725,-252272725,-117844154,-117844154,-377813143,-377813143,-380916343,-380916343,-260981149,-260981149,-131478470
# status f = 15964038,0,1 : PASS_RHO (rho 0.94529, T 2260.0, 0s)
f = 36682128,0,1 | route RHO | claimed 0.9021012848796386491 | coeffs 315635782,315635782,355316527,355316527,149069222,149069222,271878378,271878378,259211484,259211484,483857624,483857624,229451526,229451526,460197524,460197524,538902407,538902407,504717564,504717564,321302443,321302443,472131737,472131737,487358444,487358444,503942875,503942875,511169908,511169908,307900558,307900558,423679170,423679170,553969352,553969352,392186109,392186109,332124294,332124294,145244170,145244170,202260625,202260625,217426467,217426467,122792884,122792884,72731244,72731244,217946232,217946232,26469606,26469606,-376758177,-376758177,-542411529,-542411529,-636002965,-636002965,-612358631,-612358631,-624296694,-624296694
f = 36682128,0,1 | route T | claimed 2082.0606054398678814 | coeffs -26469606,376758177,376758177,542411529,542411529,636002965,636002965,612358631,612358631,624296694,624296694,315635782,315635782,355316527,355316527,149069222,149069222,271878378,271878378,259211484,259211484,483857624,483857624,229451526,229451526,460197524,460197524,538902407,538902407,504717564,504717564,321302443,321302443,472131737,472131737,487358444,487358444,503942875,503942875,511169908,511169908,307900558,307900558,423679170,423679170,553969352,553969352,392186109,392186109,332124294,332124294,145244170,145244170,202260625,202260625,217426467,217426467,122792884,122792884,72731244,72731244,217946232,217946232,26469606
# status f = 36682128,0,1 : PASS_RHO (rho 0.90210, T 2082.1, 0s)
f = 49131698,0,1 | route RHO | claimed 0.91504126971719467247 | coeffs -73913683,-73913683,-196722839,-196722839,-246784479,-246784479,-230200048,-230200048,-436447353,-436447353,-341813770,-341813770,-357040477,-357040477,-396721222,-396721222,-381555380,-381555380,-230726086,-230726086,-539386998,-539386998,-596403453,-596403453,-412988332,-412988332,-424926395,-424926395,-611806519,-611806519,-645991362,-645991362,-669635696,-669635696,-609573881,-609573881,-688278764,-688278764,-781870200,-781870200,-943653443,-943653443,-712907445,-712907445,-547254093,-547254093,-677544275,-677544275,-423138177,-423138177,-826365960,-826365960,-710587348,-710587348,-485941208,-485941208,-294464582,-294464582,-91195232,-91195232,-78528338,-78528338,66686650,66686650
f = 49131698,0,1 | route T | claimed 2332.0107705935469559 | coeffs 66686650,66686650,73913683,73913683,196722839,196722839,246784479,246784479,230200048,230200048,436447353,436447353,341813770,341813770,357040477,357040477,396721222,396721222,381555380,381555380,230726086,230726086,539386998,539386998,596403453,596403453,412988332,412988332,424926395,424926395,611806519,611806519,645991362,645991362,669635696,669635696,609573881,609573881,688278764,688278764,781870200,781870200,943653443,943653443,712907445,712907445,547254093,547254093,677544275,677544275,423138177,423138177,826365960,826365960,710587348,710587348,485941208,485941208,294464582,294464582,91195232,91195232,78528338,78528338
# status f = 49131698,0,1 : PASS_RHO (rho 0.91504, T 2332.0, 0s)
f = 111673110,0,1 | route RHO | claimed 0.96253344304176058071 | coeffs 824648613,752584539,752584539,628033363,628033363,379188374,379188374,419330140,419330140,433479325,433479325,409541404,409541404,406449793,406449793,197393528,197393528,449120086,449120086,190195254,190195254,229797640,229797640,90233402,90233402,168381528,168381528,107913853,107913853,-165645825,-165645825,-221979770,-221979770,-180817927,-180817927,-275105021,-275105021,-436350658,-436350658,-538466724,-538466724,-566770435,-566770435,-755339003,-755339003,-633224772,-633224772,-392251101,-392251101,-424548228,-424548228,-292920675,-292920675,-385435407,-385435407,-900386320,-900386320,-868438770,-868438770,-800075411,-800075411,-702684707,-702684707,-824648613
f = 111673110,0,1 | route T | claimed 2306.2882425256850558 | coeffs -285217579,-84097040,-84097040,-309047217,-309047217,-138750303,-138750303,-238631234,-238631234,-377563964,-377563964,-144191717,-144191717,-41814417,-41814417,62164499,62164499,82212299,82212299,201514084,201514084,279006092,279006092,397534138,397534138,385319952,385319952,676605777,676605777,584245526,584245526,821525816,821525816,738594075,738594075,539404594,539404594,745746010,745746010,678341501,678341501,375373111,375373111,540200525,540200525,365144687,365144687,222132996,222132996,387684974,387684974,164981245,164981245,206997627,206997627,490176861,490176861,623516811,623516811,99859819,99859819,285106482,285106482,285217579
# status f = 111673110,0,1 : PASS_RHO (rho 0.96253, T 2306.3, 1s)
f = 218063546,0,1 | route RHO | claimed 0.96253344304176058071 | coeffs -392251101,-633224772,-633224772,-755339003,-755339003,-566770435,-566770435,-538466724,-538466724,-436350658,-436350658,-275105021,-275105021,-180817927,-180817927,-221979770,-221979770,-165645825,-165645825,107913853,107913853,168381528,168381528,90233402,90233402,229797640,229797640,190195254,190195254,449120086,449120086,197393528,197393528,406449793,406449793,409541404,409541404,433479325,433479325,419330140,419330140,379188374,379188374,628033363,628033363,752584539,752584539,824648613,824648613,702684707,702684707,800075411,800075411,868438770,868438770,900386320,900386320,385435407,385435407,292920675,292920675,424548228,424548228,392251101
f = 218063546,0,1 | route T | claimed 2313.9246158659646499 | coeffs 498703628,498703628,601782553,601782553,654753949,654753949,657857149,657857149,517243357,517243357,570440448,570440448,282663574,282663574,223897922,223897922,205232487,205232487,204096849,204096849,-55872140,-55872140,-17701969,-17701969,158398403,158398403,139338644,139338644,-19070443,-19070443,21272065,21272065,-125026944,-125026944,-259455515,-259455515,-217854625,-217854625,-555819541,-555819541,-580587535,-580587535,-451084856,-451084856,-343971188,-343971188,-127876031,-127876031,-446644558,-446644558,-240555871,-240555871,-546623051,-546623051,-565565080,-565565080,-685500274,-685500274,-441921515,-441921515,-381069554,-381069554,-206565731,-206565731
# status f = 218063546,0,1 : PASS_RHO (rho 0.96253, T 2313.9, 1s)
f = 218845340,0,1 | route RHO | claimed 0.9270830424887182661 | coeffs 62133793,159267635,159267635,-34953753,-34953753,-108845742,-108845742,-11600290,-11600290,302986329,302986329,447509590,447509590,195932282,195932282,136943597,136943597,223158164,223158164,335232397,335232397,207582076,207582076,279843047,279843047,511410299,511410299,475783273,475783273,538930183,538930183,127879079,127879079,154765922,154765922,295457063,295457063,-988017,-988017,129340803,129340803,333935538,333935538,367930006,367930006,287450684,287450684,376630798,376630798,122405421,122405421,205677394,205677394,311574724,311574724,134847130,134847130,38250102,38250102,228427409,228427409,31489484,31489484,-62133793
f = 218845340,0,1 | route T | claimed 2957.2524101137831178 | coeffs -33530425,-33530425,98812609,98812609,152247146,152247146,65368521,65368521,220962637,220962637,421812449,421812449,80249905,80249905,260914115,260914115,544311710,544311710,465793222,465793222,674979494,674979494,789111153,789111153,599909176,599909176,719431422,719431422,889988377,889988377,996354341,996354341,1139433922,1139433922,1374756770,1374756770,1142490260,1142490260,1111270086,1111270086,1256074146,1256074146,890741259,890741259,953456070,953456070,870177906,870177906,766033055,766033055,539961481,539961481,392193956,392193956,507829442,507829442,530494878,530494878,368917504,368917504,220815965,220815965,186583169,186583169
# status f = 218845340,0,1 : PASS_RHO (rho 0.92708, T 2957.3, 0s)
f = 286811193,0,1 | route RHO | claimed 0.96171882587419290025 | coeffs 33126696,111831579,111831579,99893516,99893516,84727674,84727674,101312105,101312105,113978999,113978999,517206782,517206782,355423539,355423539,389608382,389608382,80947470,80947470,-13686113,-13686113,-20913146,-20913146,203732994,203732994,38079642,38079642,98141457,98141457,-85273664,-85273664,-124954409,-124954409,-74892769,-74892769,-278162119,-278162119,-23756021,-23756021,69835415,69835415,-117044709,-117044709,-267874003,-267874003,-474121308,-474121308,-328906320,-328906320,-444684932,-444684932,-213938934,-213938934,-190294600,-190294600,-247311055,-247311055,-232084348,-232084348,-354893504,-354893504,-163416878,-163416878,-33126696
f = 286811193,0,1 | route T | claimed 2760.525233710297223 | coeffs -513582332,-570480564,-570480564,-546923229,-546923229,-562681734,-562681734,-224049260,-224049260,15882109,15882109,-74636679,-74636679,72778596,72778596,-21156389,-21156389,-46226483,-46226483,214961553,214961553,478005609,478005609,542494970,542494970,711760906,711760906,960497916,960497916,870833890,870833890,1134570915,1134570915,839002974,839002974,847527604,847527604,912293497,912293497,931495238,931495238,1105794993,1105794993,1082543911,1082543911,949477534,949477534,694793615,694793615,922875839,922875839,840328056,840328056,551541671,551541671,580063733,580063733,360283396,360283396,470966885,470966885,457157036,457157036,513582332
# status f = 286811193,0,1 : PASS_RHO (rho 0.96172, T 2760.5, 0s)
f = 298272369,0,1 | route RHO | claimed 0.96171882587419290025 | coeffs -474121308,-474121308,-267874003,-267874003,-117044709,-117044709,69835415,69835415,-23756021,-23756021,-278162119,-278162119,-74892769,-74892769,-124954409,-124954409,-85273664,-85273664,98141457,98141457,38079642,38079642,203732994,203732994,-20913146,-20913146,-13686113,-13686113,80947470,80947470,389608382,389608382,355423539,355423539,517206782,517206782,113978999,113978999,101312105,101312105,84727674,84727674,99893516,99893516,111831579,111831579,33126696,33126696,163416878,163416878,354893504,354893504,232084348,232084348,247311055,247311055,190294600,190294600,213938934,213938934,444684932,444684932,328906320,328906320
f = 298272369,0,1 | route T | claimed 2515.7557051666259236 | coeffs -117044709,69835415,69835415,-23756021,-23756021,-278162119,-278162119,-74892769,-74892769,-124954409,-124954409,-85273664,-85273664,98141457,98141457,38079642,38079642,203732994,203732994,-20913146,-20913146,-13686113,-13686113,80947470,80947470,389608382,389608382,355423539,355423539,517206782,517206782,113978999,113978999,101312105,101312105,84727674,84727674,99893516,99893516,111831579,111831579,33126696,33126696,163416878,163416878,354893504,354893504,232084348,232084348,247311055,247311055,190294600,190294600,213938934,213938934,444684932,444684932,328906320,328906320,474121308,474121308,267874003,267874003,117044709
# status f = 298272369,0,1 : PASS_RHO (rho 0.96172, T 2515.8, 1s)
f = 378082744,0,1 | route RHO | claimed 0.96980737657228087101 | coeffs -184234904,-86844200,-86844200,-143178145,-143178145,-215242219,-215242219,-120955125,-120955125,127889864,127889864,25773798,25773798,39922983,39922983,228491551,228491551,231583162,231583162,472556833,472556833,724283391,724283391,592655838,592655838,553053452,553053452,38102539,38102539,116250665,116250665,47887306,47887306,321446984,321446984,199483078,199483078,240644921,240644921,116093745,116093745,277339382,277339382,237197616,237197616,208893905,208893905,184955984,184955984,62841753,62841753,271898018,271898018,239600891,239600891,-19323941,-19323941,73190791,73190791,212755029,212755029,244702579,244702579,184234904
f = 378082744,0,1 | route T | claimed 2820.2400833146102399 | coeffs 323236406,549384774,549384774,617791453,617791453,684212562,684212562,715146732,715146732,151988874,151988874,405181319,405181319,397414906,397414906,286504802,286504802,263123638,263123638,266389221,266389221,408133113,408133113,701069242,701069242,566635919,566635919,749516984,749516984,743001427,743001427,692281587,692281587,544339011,544339011,564477664,564477664,559510719,559510719,327884945,327884945,278561872,278561872,158351533,158351533,144308533,144308533,141424404,141424404,-129153354,-129153354,-296423430,-296423430,-278223154,-278223154,-574345594,-574345594,-499555408,-499555408,-220450940,-220450940,-203034029,-203034029,-323236406
# status f = 378082744,0,1 : PASS_RHO (rho 0.96981, T 2820.2, 1s)
f = 408099111,0,1 | route RHO | claimed 0.95967520278013886954 | coeffs 226242392,211076550,211076550,80786368,80786368,65559661,65559661,-165186337,-165186337,41060968,41060968,-52530468,-52530468,-102592108,-102592108,-162653923,-162653923,-155426890,-155426890,-189611733,-189611733,-202278627,-202278627,-190340564,-190340564,1136062,1136062,-55880393,-55880393,-171659005,-171659005,-322488299,-322488299,-68082201,-68082201,-107762946,-107762946,-273416298,-273416298,-368049881,-368049881,-529833124,-529833124,-513248693,-513248693,-434543810,-434543810,-311734654,-311734654,-335378988,-335378988,-480593976,-480593976,-293713852,-293713852,-90444502,-90444502,92970619,92970619,-131675521,-131675521,176985391,176985391,-226242392
f = 408099111,0,1 | route T | claimed 2507.7842734132302807 | coeffs 719209050,705059865,705059865,190108952,190108952,28863315,28863315,-230061517,-230061517,-302125591,-302125591,-543099262,-543099262,-269539584,-269539584,-245601663,-245601663,-213654113,-213654113,-315770179,-315770179,-276167793,-276167793,-400718969,-400718969,-368421842,-368421842,-312087897,-312087897,-308996286,-308996286,-240632927,-240632927,-268936638,-268936638,-408500876,-408500876,-657345865,-657345865,-788973418,-788973418,-830135261,-830135261,-621078996,-621078996,-523688292,-523688292,-712256860,-712256860,-634108734,-634108734,-593966968,-593966968,-501452236,-501452236,-407165142,-407165142,-658891700,-658891700,-780855606,-780855606,-658741375,-658741375,-719209050
# status f = 408099111,0,1 : PASS_RHO (rho 0.95968, T 2507.8, 1s)
f = 439498823,0,1 | route RHO | claimed 0.95220172854513723985 | coeffs 79086440,79086440,112497633,112497633,325644089,325644089,374447109,374447109,638381003,638381003,521965917,521965917,413301176,413301176,427027831,427027831,342491279,342491279,357299395,357299395,443448980,443448980,494798141,494798141,360369158,360369158,546885631,546885631,458745769,458745769,83969702,83969702,32729237,32729237,239948732,239948732,301788371,301788371,348780093,348780093,469690553,469690553,102931547,102931547,209504062,209504062,99960622,99960622,-150142772,-150142772,149269188,149269188,69173840,69173840,96871203,96871203,288561778,288561778,381712300,381712300,240097285,240097285,267139550,267139550
f = 439498823,0,1 | route T | claimed 3193.7086854505361683 | coeffs 79086440,79086440,112497633,112497633,325644089,325644089,374447109,374447109,638381003,638381003,521965917,521965917,413301176,413301176,427027831,427027831,342491279,342491279,357299395,357299395,443448980,443448980,494798141,494798141,360369158,360369158,546885631,546885631,458745769,458745769,83969702,83969702,32729237,32729237,239948732,239948732,301788371,301788371,348780093,348780093,469690553,469690553,102931547,102931547,209504062,209504062,99960622,99960622,-150142772,-150142772,149269188,149269188,69173840,69173840,96871203,96871203,288561778,288561778,381712300,381712300,240097285,240097285,267139550,267139550
# status f = 439498823,0,1 : PASS_RHO (rho 0.95220, T 3193.7, 0s)
f = 439530432,0,1 | route RHO | claimed 0.94583196331861629203 | coeffs 499402359,511340422,511340422,461278782,461278782,330988600,330988600,147573479,147573479,24764323,24764323,190417675,190417675,247434130,247434130,240207097,240207097,470953095,470953095,779614007,779614007,634399019,634399019,472615776,472615776,321786482,321786482,309119588,309119588,215528152,215528152,200362310,200362310,-2907040,-2907040,-81611923,-81611923,-41931178,-41931178,-233407804,-233407804,-173345989,-173345989,-158119282,-158119282,-382765422,-382765422,-406409756,-406409756,-501043339,-501043339,-616821951,-616821951,-651006794,-651006794,-444759489,-444759489,-41531706,-41531706,-228411830,-228411830,-244996261,-244996261,-499402359
f = 439530432,0,1 | route T | claimed 2110.8377115233452147 | coeffs 444759489,444759489,41531706,41531706,228411830,228411830,244996261,244996261,499402359,499402359,511340422,511340422,461278782,461278782,330988600,330988600,147573479,147573479,24764323,24764323,190417675,190417675,247434130,247434130,240207097,240207097,470953095,470953095,779614007,779614007,634399019,634399019,472615776,472615776,321786482,321786482,309119588,309119588,215528152,215528152,200362310,200362310,-2907040,-2907040,-81611923,-81611923,-41931178,-41931178,-233407804,-233407804,-173345989,-173345989,-158119282,-158119282,-382765422,-382765422,-406409756,-406409756,-501043339,-501043339,-616821951,-616821951,-651006794,-651006794
# status f = 439530432,0,1 : PASS_RHO (rho 0.94583, T 2110.8, 0s)
f = 493345196,0,1 | route RHO | claimed 0.95967520278013886954 | coeffs 273416298,273416298,107762946,107762946,68082201,68082201,322488299,322488299,171659005,171659005,55880393,55880393,-1136062,-1136062,190340564,190340564,202278627,202278627,189611733,189611733,155426890,155426890,162653923,162653923,102592108,102592108,52530468,52530468,-41060968,-41060968,165186337,165186337,-65559661,-65559661,-80786368,-80786368,-211076550,-211076550,-226242392,-226242392,176985391,176985391,-131675521,-131675521,92970619,92970619,-90444502,-90444502,-293713852,-293713852,-480593976,-480593976,-335378988,-335378988,-311734654,-311734654,-434543810,-434543810,-513248693,-513248693,-529833124,-529833124,-368049881,-368049881
f = 493345196,0,1 | route T | claimed 2538.8021208961848975 | coeffs 50472289,50472289,68051803,68051803,-12698767,-12698767,104978327,104978327,130830609,130830609,250893820,250893820,-51818173,-51818173,120957074,120957074,165787625,165787625,334512548,334512548,320964370,320964370,367069210,367069210,281963946,281963946,25571057,25571057,-239882156,-239882156,67551394,67551394,253216648,253216648,543461808,543461808,668601656,668601656,568172950,568172950,680371770,680371770,625494141,625494141,557290033,557290033,345567132,345567132,463481149,463481149,272676446,272676446,193023574,193023574,152722192,152722192,122402610,122402610,-12954020,-12954020,-90200333,-90200333,-276591148,-276591148
# status f = 493345196,0,1 : PASS_RHO (rho 0.95968, T 2538.8, 1s)
f = 497603253,0,1 | route RHO | claimed 0.94275735444515632752 | coeffs -90096746,-168801629,-168801629,-263435212,-263435212,-517841310,-517841310,-574857765,-574857765,-562190871,-562190871,-622252686,-622252686,-828499991,-828499991,-958790173,-958790173,-650129261,-650129261,-853398611,-853398611,-877042945,-877042945,-893627376,-893627376,-1059280728,-1059280728,-908451434,-908451434,-716974808,-716974808,-682789965,-682789965,-732851605,-732851605,-502105607,-502105607,-517271449,-517271449,-741917589,-741917589,-928797713,-928797713,-805988557,-805988557,-644205314,-644205314,-683886059,-683886059,-568107447,-568107447,-556169384,-556169384,-563396417,-563396417,-656987853,-656987853,-641761146,-641761146,-238533363,-238533363,-55118242,-55118242,90096746
f = 497603253,0,1 | route T | claimed 2438.8782129521506221 | coeffs -299411960,-86149585,-86149585,27697363,27697363,-134428983,-134428983,-93150522,-93150522,88139862,88139862,27042265,27042265,-51240465,-51240465,33411193,33411193,-61839639,-61839639,-48803020,-48803020,120910460,120910460,-116415086,-116415086,-106572515,-106572515,-13726655,-13726655,-250103394,-250103394,14808116,14808116,80095348,80095348,-51349161,-51349161,191690575,191690575,186516473,186516473,141615015,141615015,374776067,374776067,654559099,654559099,207219495,207219495,213146456,213146456,-46991722,-46991722,-263933894,-263933894,-366759006,-366759006,-108664741,-108664741,109543440,109543440,84536552,84536552,299411960
# status f = 497603253,0,1 : PASS_RHO (rho 0.94276, T 2438.9, 0s)
f = 503181836,0,1 | route RHO | claimed 0.89672729281813708633 | coeffs -450151,-450151,39851231,39851231,117097544,117097544,134677058,134677058,160529340,160529340,333304587,333304587,319756409,319756409,63363520,63363520,249028774,249028774,148600068,148600068,80395960,80395960,-110408743,-110408743,-140728325,-140728325,-327119140,-327119140,-246368570,-246368570,-366431781,-366431781,-411262332,-411262332,-457367172,-457367172,-191913959,-191913959,-482159119,-482159119,-594357939,-594357939,-382635038,-382635038,-302982166,-302982166,-167625536,-167625536,-393744395,-393744395,-276067301,-276067301,-578779294,-578779294,-410054371,-410054371,-495159635,-495159635,-187726085,-187726085,-62586237,-62586237,-117463866,-117463866
f = 503181836,0,1 | route T | claimed 2305.7240228442048018 | coeffs -134677058,-160529340,-160529340,-333304587,-333304587,-319756409,-319756409,-63363520,-63363520,-249028774,-249028774,-148600068,-148600068,-80395960,-80395960,110408743,110408743,140728325,140728325,327119140,327119140,246368570,246368570,366431781,366431781,411262332,411262332,457367172,457367172,191913959,191913959,482159119,482159119,594357939,594357939,382635038,382635038,302982166,302982166,167625536,167625536,393744395,393744395,276067301,276067301,578779294,578779294,410054371,410054371,495159635,495159635,187726085,187726085,62586237,62586237,117463866,117463866,-450151,-450151,39851231,39851231,117097544,117097544,134677058
# status f = 503181836,0,1 : PASS_RHO (rho 0.89673, T 2305.7, 0s)
f = 507439893,0,1 | route RHO | claimed 0.94150924730374177265 | coeffs -340919032,-114800173,-114800173,-97220659,-97220659,-16470089,-16470089,101207005,101207005,75354723,75354723,195417934,195417934,498129927,498129927,670905174,670905174,626074623,626074623,794799546,794799546,808347724,808347724,854452564,854452564,939557828,939557828,683164939,683164939,948618152,948618152,1256051702,1256051702,1070386448,1070386448,1360631608,1360631608,1235491760,1235491760,1135063054,1135063054,1022864234,1022864234,967986605,967986605,1036190713,1036190713,824467812,824467812,706553795,706553795,515749092,515749092,595401964,595401964,555100582,555100582,585420164,585420164,450063534,450063534,527309847,527309847,340919032
f = 507439893,0,1 | route T | claimed 2572.225833437054602 | coeffs -340919032,-114800173,-114800173,-97220659,-97220659,-16470089,-16470089,101207005,101207005,75354723,75354723,195417934,195417934,498129927,498129927,670905174,670905174,626074623,626074623,794799546,794799546,808347724,808347724,854452564,854452564,939557828,939557828,683164939,683164939,948618152,948618152,1256051702,1256051702,1070386448,1070386448,1360631608,1360631608,1235491760,1235491760,1135063054,1135063054,1022864234,1022864234,967986605,967986605,1036190713,1036190713,824467812,824467812,706553795,706553795,515749092,515749092,595401964,595401964,555100582,555100582,585420164,585420164,450063534,450063534,527309847,527309847,340919032
# status f = 507439893,0,1 : PASS_RHO (rho 0.94151, T 2572.2, 0s)
f = 561254657,0,1 | route RHO | claimed 0.9270830424887182661 | coeffs 511410299,279843047,279843047,207582076,207582076,335232397,335232397,223158164,223158164,136943597,136943597,195932282,195932282,447509590,447509590,302986329,302986329,-11600290,-11600290,-108845742,-108845742,-34953753,-34953753,159267635,159267635,62133793,62133793,-31489484,-31489484,-228427409,-228427409,-38250102,-38250102,-134847130,-134847130,-311574724,-311574724,-205677394,-205677394,-122405421,-122405421,-376630798,-376630798,-287450684,-287450684,-367930006,-367930006,-333935538,-333935538,-129340803,-129340803,988017,988017,-295457063,-295457063,-154765922,-154765922,-127879079,-127879079,-538930183,-538930183,-475783273,-475783273,-511410299
f = 561254657,0,1 | route T | claimed 2826.0785274918663851 | coeffs -402704199,-402704199,-217398718,-217398718,-283320166,-283320166,136631878,136631878,-69119943,-69119943,33271341,33271341,33434434,33434434,-110188090,-110188090,117619863,117619863,-132565846,-132565846,-37048011,-37048011,224752004,224752004,308092256,308092256,235060878,235060878,82190927,82190927,33301019,33301019,236661524,236661524,-39832022,-39832022,104278434,104278434,-540277,-540277,350204364,350204364,376333159,376333159,97300290,97300290,300140379,300140379,296194984,296194984,267729178,267729178,299402960,299402960,409230838,409230838,168547614,168547614,73587476,73587476,166949387,166949387,224045046,224045046
# status f = 561254657,0,1 : PASS_RHO (rho 0.92708, T 2826.1, 1s)
f = 561286266,0,1 | route RHO | claimed 0.9021012848796386491 | coeffs -315635782,-624296694,-624296694,-612358631,-612358631,-636002965,-636002965,-542411529,-542411529,-376758177,-376758177,26469606,26469606,217946232,217946232,72731244,72731244,122792884,122792884,217426467,217426467,202260625,202260625,145244170,145244170,332124294,332124294,392186109,392186109,553969352,553969352,423679170,423679170,307900558,307900558,511169908,511169908,503942875,503942875,487358444,487358444,472131737,472131737,321302443,321302443,504717564,504717564,538902407,538902407,460197524,460197524,229451526,229451526,483857624,483857624,259211484,259211484,271878378,271878378,149069222,149069222,355316527,355316527,315635782
f = 561286266,0,1 | route T | claimed 3111.9829993709492212 | coeffs -542411529,-376758177,-376758177,26469606,26469606,217946232,217946232,72731244,72731244,122792884,122792884,217426467,217426467,202260625,202260625,145244170,145244170,332124294,332124294,392186109,392186109,553969352,553969352,423679170,423679170,307900558,307900558,511169908,511169908,503942875,503942875,487358444,487358444,472131737,472131737,321302443,321302443,504717564,504717564,538902407,538902407,460197524,460197524,229451526,229451526,483857624,483857624,259211484,259211484,271878378,271878378,149069222,149069222,355316527,355316527,315635782,315635782,624296694,624296694,612358631,612358631,636002965,636002965,542411529
# status f = 561286266,0,1 : PASS_RHO (rho 0.90210, T 3112.0, 0s)
f = 592685978,0,1 | route RHO | claimed 0.94150924730374177265 | coeffs 97220659,97220659,114800173,114800173,340919032,340919032,527309847,527309847,450063534,450063534,585420164,585420164,555100582,555100582,595401964,595401964,515749092,515749092,706553795,706553795,824467812,824467812,1036190713,1036190713,967986605,967986605,1022864234,1022864234,1135063054,1135063054,1235491760,1235491760,1360631608,1360631608,1070386448,1070386448,1256051702,1256051702,948618152,948618152,683164939,683164939,939557828,939557828,854452564,854452564,808347724,808347724,794799546,794799546,626074623,626074623,670905174,670905174,498129927,498129927,195417934,195417934,75354723,75354723,101207005,101207005,-16470089,-16470089
f = 592685978,0,1 | route T | claimed 3071.1758887205551641 | coeffs 138772699,126645811,126645811,489927124,489927124,358132417,358132417,467735676,467735676,541620193,541620193,568849572,568849572,682095751,682095751,969070765,969070765,562883900,562883900,870912642,870912642,901225442,901225442,618357315,618357315,564986396,564986396,472123431,472123431,260289953,260289953,491957359,491957359,308575408,308575408,507090349,507090349,516422589,516422589,561765673,561765673,724100421,724100421,641643491,641643491,504021013,504021013,227964539,227964539,240013068,240013068,166936283,166936283,236394534,236394534,232240573,232240573,178032098,178032098,3734477,3734477,-15006257,-15006257,-138772699
# status f = 592685978,0,1 : PASS_RHO (rho 0.94151, T 3071.2, 1s)
f = 622702345,0,1 | route RHO | claimed 0.93553915988635806076 | coeffs 542573823,623324393,623324393,577219553,577219553,465020733,465020733,600377363,600377363,297665370,297665370,605098920,605098920,723012937,723012937,705433423,705433423,718981601,718981601,819410307,819410307,849729889,849729889,969793100,969793100,704339887,704339887,492616986,492616986,718735845,718735845,550010922,550010922,424871074,424871074,465172456,465172456,491024738,491024738,234631849,234631849,166427741,166427741,-19963074,-19963074,-64793625,-64793625,-355038785,-355038785,-275385913,-275385913,-157708819,-157708819,-242814083,-242814083,-297691712,-297691712,-374938025,-374938025,-547713272,-547713272,-733378526,-733378526,-542573823
f = 622702345,0,1 | route T | claimed 2549.3274916858906897 | coeffs 491769807,474352896,474352896,354150519,354150519,580298887,580298887,511892208,511892208,578313317,578313317,547379147,547379147,-15778711,-15778711,-268971156,-268971156,-276737569,-276737569,-165827465,-165827465,-189208629,-189208629,-192474212,-192474212,-50730320,-50730320,-343666449,-343666449,-478099772,-478099772,-660980837,-660980837,-667496394,-667496394,-616776554,-616776554,-764719130,-764719130,-784857783,-784857783,-789824728,-789824728,-558198954,-558198954,-607522027,-607522027,-487311688,-487311688,-501354688,-501354688,-498470559,-498470559,-769048317,-769048317,-601778241,-601778241,-583577965,-583577965,-287455525,-287455525,-212665339,-212665339,-491769807
# status f = 622702345,0,1 : PASS_RHO (rho 0.93554, T 2549.3, 1s)
f = 702512720,0,1 | route RHO | claimed 0.89551012610022112029 | coeffs -124595861,-124595861,-6918767,-6918767,-124832784,-124832784,131560105,131560105,212310675,212310675,587774,587774,-84517490,-84517490,-66937976,-66937976,1266132,1266132,-44838708,-44838708,181280151,181280151,126402522,126402522,112854344,112854344,299245159,299245159,187046339,187046339,18321416,18321416,-58924897,-58924897,-159353603,-159353603,-114523052,-114523052,20833578,20833578,-104306270,-104306270,-277081517,-277081517,-307401099,-307401099,-17155939,-17155939,-319867932,-319867932,-279566550,-279566550,-465231804,-465231804,-585295015,-585295015,-664947887,-664947887,-357514337,-357514337,-331662055,-331662055,-140857352,-140857352
f = 702512720,0,1 | route T | claimed 1742.3065356249715232 | coeffs -140857352,-140857352,124595861,124595861,6918767,6918767,124832784,124832784,-131560105,-131560105,-212310675,-212310675,-587774,-587774,84517490,84517490,66937976,66937976,-1266132,-1266132,44838708,44838708,-181280151,-181280151,-126402522,-126402522,-112854344,-112854344,-299245159,-299245159,-187046339,-187046339,-18321416,-18321416,58924897,58924897,159353603,159353603,114523052,114523052,-20833578,-20833578,104306270,104306270,277081517,277081517,307401099,307401099,17155939,17155939,319867932,319867932,279566550,279566550,465231804,465231804,585295015,585295015,664947887,664947887,357514337,357514337,331662055,331662055
# status f = 702512720,0,1 : PASS_RHO (rho 0.89551, T 1742.3, 0s)
f = 713973896,0,1 | route RHO | claimed 0.89551012610022112029 | coeffs -357514337,-664947887,-664947887,-585295015,-585295015,-465231804,-465231804,-279566550,-279566550,-319867932,-319867932,-17155939,-17155939,-307401099,-307401099,-277081517,-277081517,-104306270,-104306270,20833578,20833578,-114523052,-114523052,-159353603,-159353603,-58924897,-58924897,18321416,18321416,187046339,187046339,299245159,299245159,112854344,112854344,126402522,126402522,181280151,181280151,-44838708,-44838708,1266132,1266132,-66937976,-66937976,-84517490,-84517490,587774,587774,212310675,212310675,131560105,131560105,-124832784,-124832784,-6918767,-6918767,-124595861,-124595861,140857352,140857352,331662055,331662055,357514337
f = 713973896,0,1 | route T | claimed 1938.7087484456443755 | coeffs 20833578,20833578,-114523052,-114523052,-159353603,-159353603,-58924897,-58924897,18321416,18321416,187046339,187046339,299245159,299245159,112854344,112854344,126402522,126402522,181280151,181280151,-44838708,-44838708,1266132,1266132,-66937976,-66937976,-84517490,-84517490,587774,587774,212310675,212310675,131560105,131560105,-124832784,-124832784,-6918767,-6918767,-124595861,-124595861,140857352,140857352,331662055,331662055,357514337,357514337,664947887,664947887,585295015,585295015,465231804,465231804,279566550,279566550,319867932,319867932,17155939,17155939,307401099,307401099,277081517,277081517,104306270,104306270
# status f = 713973896,0,1 : PASS_RHO (rho 0.89551, T 1938.7, 0s)
f = 781939749,0,1 | route RHO | claimed 0.94583196331861629203 | coeffs 511340422,499402359,499402359,244996261,244996261,228411830,228411830,41531706,41531706,444759489,444759489,651006794,651006794,616821951,616821951,501043339,501043339,406409756,406409756,382765422,382765422,158119282,158119282,173345989,173345989,233407804,233407804,41931178,41931178,81611923,81611923,2907040,2907040,-200362310,-200362310,-215528152,-215528152,-309119588,-309119588,-321786482,-321786482,-472615776,-472615776,-634399019,-634399019,-779614007,-779614007,-470953095,-470953095,-240207097,-240207097,-247434130,-247434130,-190417675,-190417675,-24764323,-24764323,-147573479,-147573479,-330988600,-330988600,-461278782,-461278782,-511340422
f = 781939749,0,1 | route T | claimed 2721.3349673416392885 | coeffs -626588677,-768504841,-768504841,-563853053,-563853053,-455609344,-455609344,-223313334,-223313334,-230664424,-230664424,-121634421,-121634421,83161862,83161862,63381671,63381671,-247664481,-247664481,-340974906,-340974906,-347324528,-347324528,-595273831,-595273831,-205543554,-205543554,-293912736,-293912736,-230973387,-230973387,-11068993,-11068993,-311819551,-311819551,-364772331,-364772331,-204064271,-204064271,-133331472,-133331472,-178835859,-178835859,-206789372,-206789372,72299735,72299735,176906925,176906925,305111620,305111620,281637120,281637120,404606113,404606113,474039272,474039272,643724678,643724678,335751174,335751174,388174020,388174020,626588677
# status f = 781939749,0,1 : PASS_RHO (rho 0.94583, T 2721.3, 0s)
f = 782721543,0,1 | route RHO | claimed 0.90568025274352620808 | coeffs 187150296,187150296,374030420,374030420,468664003,468664003,660140629,660140629,753732065,753732065,445071153,445071153,567880309,567880309,313474211,313474211,279289368,279289368,294516075,294516075,91246725,91246725,-70536518,-70536518,-13520063,-13520063,-63581703,-63581703,-466809486,-466809486,-443165152,-443165152,-482845897,-482845897,-470179003,-470179003,-700925001,-700925001,-517509880,-517509880,-534094311,-534094311,-649872923,-649872923,-589811108,-589811108,-604976950,-604976950,-750191938,-750191938,-584538586,-584538586,-572600523,-572600523,-778847828,-778847828,-554201688,-554201688,-475496805,-475496805,-324667511,-324667511,-317440478,-317440478
f = 782721543,0,1 | route T | claimed 2473.1911033059474551 | coeffs 102749843,165896753,165896753,35567933,35567933,-218657444,-218657444,-408834751,-408834751,-334942762,-334942762,-393931447,-393931447,-625498699,-625498699,-484807558,-484807558,-404328236,-404328236,-581055830,-581055830,-483921988,-483921988,-628445249,-628445249,-756095570,-756095570,-345044466,-345044466,-140449731,-140449731,-223721704,-223721704,-420659629,-420659629,-323414177,-323414177,-409628744,-409628744,-445255770,-445255770,-148810690,-148810690,-59630576,-59630576,36966452,36966452,231187840,231187840,-20389468,-20389468,-92650439,-92650439,-65763596,-65763596,-99758064,-99758064,6139266,6139266,99762543,99762543,-214824076,-214824076,-102749843
# status f = 782721543,0,1 : PASS_RHO (rho 0.90568, T 2473.2, 0s)
f = 889111979,0,1 | route RHO | claimed 0.90568025274352620808 | coeffs -317440478,-317440478,-324667511,-324667511,-475496805,-475496805,-554201688,-554201688,-778847828,-778847828,-572600523,-572600523,-584538586,-584538586,-750191938,-750191938,-604976950,-604976950,-589811108,-589811108,-649872923,-649872923,-534094311,-534094311,-517509880,-517509880,-700925001,-700925001,-470179003,-470179003,-482845897,-482845897,-443165152,-443165152,-466809486,-466809486,-63581703,-63581703,-13520063,-13520063,-70536518,-70536518,91246725,91246725,294516075,294516075,279289368,279289368,313474211,313474211,567880309,567880309,445071153,445071153,753732065,753732065,660140629,660140629,468664003,468664003,374030420,374030420,187150296,187150296
f = 889111979,0,1 | route T | claimed 1774.4663530446063275 | coeffs -13520063,-13520063,-70536518,-70536518,91246725,91246725,294516075,294516075,279289368,279289368,313474211,313474211,567880309,567880309,445071153,445071153,753732065,753732065,660140629,660140629,468664003,468664003,374030420,374030420,187150296,187150296,317440478,317440478,324667511,324667511,475496805,475496805,554201688,554201688,778847828,778847828,572600523,572600523,584538586,584538586,750191938,750191938,604976950,604976950,589811108,589811108,649872923,649872923,534094311,534094311,517509880,517509880,700925001,700925001,470179003,470179003,482845897,482845897,443165152,443165152,466809486,466809486,63581703,63581703
# status f = 889111979,0,1 : PASS_RHO (rho 0.90568, T 1774.5, 0s)
f = 951653391,0,1 | route RHO | claimed 0.94528883998346635321 | coeffs -131478470,-131478470,-260981149,-260981149,-380916343,-380916343,-377813143,-377813143,-117844154,-117844154,-252272725,-252272725,66495802,66495802,240999625,240999625,-46777249,-46777249,-27717490,-27717490,-52485484,-52485484,-33543455,-33543455,-86514851,-86514851,-87650489,-87650489,58648520,58648520,274743677,274743677,213891716,213891716,160694625,160694625,336794997,336794997,674759913,674759913,368692733,368692733,471771658,471771658,490437093,490437093,530779601,530779601,423665933,423665933,667244692,667244692,526630900,526630900,488460729,488460729,530061619,530061619,323972932,323972932,31835035,31835035,-26930617,-26930617
f = 951653391,0,1 | route T | claimed 2631.524255366527496 | coeffs 249267789,249267789,214324729,214324729,-52682146,-52682146,23273508,23273508,296615768,296615768,234084735,234084735,-77723396,-77723396,-110819686,-110819686,-156346970,-156346970,-18933559,-18933559,-56443449,-56443449,-497259889,-497259889,-600545579,-600545579,-404117466,-404117466,-324541746,-324541746,-587421689,-587421689,-327543492,-327543492,-191842839,-191842839,-144972494,-144972494,-139479487,-139479487,79106605,79106605,-168014560,-168014560,-286429463,-286429463,-227427982,-227427982,-215449753,-215449753,-110638136,-110638136,-153828126,-153828126,-396174700,-396174700,-472799643,-472799643,-572723085,-572723085,-324454059,-324454059,-327682284,-327682284
# status f = 951653391,0,1 : PASS_RHO (rho 0.94529, T 2631.5, 1s)
f = 964102961,0,1 | route RHO | claimed 0.95220172854513723985 | coeffs -374447109,-374447109,-325644089,-325644089,-112497633,-112497633,-79086440,-79086440,267139550,267139550,240097285,240097285,381712300,381712300,288561778,288561778,96871203,96871203,69173840,69173840,149269188,149269188,-150142772,-150142772,99960622,99960622,209504062,209504062,102931547,102931547,469690553,469690553,348780093,348780093,301788371,301788371,239948732,239948732,32729237,32729237,83969702,83969702,458745769,458745769,546885631,546885631,360369158,360369158,494798141,494798141,443448980,443448980,357299395,357299395,342491279,342491279,427027831,427027831,413301176,413301176,521965917,521965917,638381003,638381003
f = 964102961,0,1 | route T | claimed 2728.6183685545130936 | coeffs 518978745,518978745,313961778,313961778,278127860,278127860,423198084,423198084,311039396,311039396,163103782,163103782,-107474532,-107474532,-216795128,-216795128,45229582,45229582,-24106880,-24106880,-63698186,-63698186,231549954,231549954,389858758,389858758,281094794,281094794,346926151,346926151,435927863,435927863,333219005,333219005,87912160,87912160,68718629,68718629,-97585971,-97585971,191602747,191602747,49441077,49441077,-101497210,-101497210,-369340249,-369340249,-567339747,-567339747,-521086902,-521086902,-633869301,-633869301,-571215307,-571215307,-658976174,-658976174,-661024693,-661024693,-249472291,-249472291,-547033770,-547033770
# status f = 964102961,0,1 : PASS_RHO (rho 0.95220, T 2728.6, 0s)
f = 984821051,0,1 | route RHO | claimed 0.91504126971719467247 | coeffs -669635696,-645991362,-645991362,-611806519,-611806519,-424926395,-424926395,-412988332,-412988332,-596403453,-596403453,-539386998,-539386998,-230726086,-230726086,-381555380,-381555380,-396721222,-396721222,-357040477,-357040477,-341813770,-341813770,-436447353,-436447353,-230200048,-230200048,-246784479,-246784479,-196722839,-196722839,-73913683,-73913683,-66686650,-66686650,78528338,78528338,91195232,91195232,294464582,294464582,485941208,485941208,710587348,710587348,826365960,826365960,423138177,423138177,677544275,677544275,547254093,547254093,712907445,712907445,943653443,943653443,781870200,781870200,688278764,688278764,609573881,609573881,669635696
f = 984821051,0,1 | route T | claimed 2369.567424443762028 | coeffs -150118849,-2017310,-2017310,113618176,113618176,217763027,217763027,-147569860,-147569860,84696650,84696650,191062614,191062614,380264591,380264591,301746103,301746103,643308647,643308647,556430022,556430022,403377278,403377278,564954652,564954652,417187127,417187127,500465291,500465291,645269351,645269351,409946503,409946503,580503458,580503458,466371799,466371799,749769394,749769394,548919582,548919582,602354119,602354119,568121323,568121323,545455887,545455887,319384313,319384313,256669502,256669502,225449328,225449328,82369747,82369747,201891993,201891993,-7294279,-7294279,173369931,173369931,17775815,17775815,150118849
# status f = 984821051,0,1 : PASS_RHO (rho 0.91504, T 2369.6, 0s)
f = 986696627,0,1 | route RHO | claimed 0.89672729281813708633 | coeffs -450151,-450151,117463866,117463866,62586237,62586237,187726085,187726085,495159635,495159635,410054371,410054371,578779294,578779294,276067301,276067301,393744395,393744395,167625536,167625536,302982166,302982166,382635038,382635038,594357939,594357939,482159119,482159119,191913959,191913959,457367172,457367172,411262332,411262332,366431781,366431781,246368570,246368570,327119140,327119140,140728325,140728325,110408743,110408743,-80395960,-80395960,-148600068,-148600068,-249028774,-249028774,-63363520,-63363520,-319756409,-319756409,-333304587,-333304587,-160529340,-160529340,-134677058,-134677058,-117097544,-117097544,-39851231,-39851231
f = 986696627,0,1 | route T | claimed 2217.9089980619301764 | coeffs 80395960,148600068,148600068,249028774,249028774,63363520,63363520,319756409,319756409,333304587,333304587,160529340,160529340,134677058,134677058,117097544,117097544,39851231,39851231,-450151,-450151,117463866,117463866,62586237,62586237,187726085,187726085,495159635,495159635,410054371,410054371,578779294,578779294,276067301,276067301,393744395,393744395,167625536,167625536,302982166,302982166,382635038,382635038,594357939,594357939,482159119,482159119,191913959,191913959,457367172,457367172,411262332,411262332,366431781,366431781,246368570,246368570,327119140,327119140,140728325,140728325,110408743,110408743,-80395960
# status f = 986696627,0,1 : PASS_RHO (rho 0.89673, T 2217.9, 0s)
f = 986985258,0,1 | route RHO | claimed 0.96980737657228087101 | coeffs -244702579,-212755029,-212755029,-73190791,-73190791,19323941,19323941,-239600891,-239600891,-271898018,-271898018,-62841753,-62841753,-184955984,-184955984,-208893905,-208893905,-237197616,-237197616,-277339382,-277339382,-116093745,-116093745,-240644921,-240644921,-199483078,-199483078,-321446984,-321446984,-47887306,-47887306,-116250665,-116250665,-38102539,-38102539,-553053452,-553053452,-592655838,-592655838,-724283391,-724283391,-472556833,-472556833,-231583162,-231583162,-228491551,-228491551,-39922983,-39922983,-25773798,-25773798,-127889864,-127889864,120955125,120955125,215242219,215242219,143178145,143178145,86844200,86844200,184234904,184234904,244702579
f = 986985258,0,1 | route T | claimed 2891.2584866681387177 | coeffs 212755029,73190791,73190791,-19323941,-19323941,239600891,239600891,271898018,271898018,62841753,62841753,184955984,184955984,208893905,208893905,237197616,237197616,277339382,277339382,116093745,116093745,240644921,240644921,199483078,199483078,321446984,321446984,47887306,47887306,116250665,116250665,38102539,38102539,553053452,553053452,592655838,592655838,724283391,724283391,472556833,472556833,231583162,231583162,228491551,228491551,39922983,39922983,25773798,25773798,127889864,127889864,-120955125,-120955125,-215242219,-215242219,-143178145,-143178145,-86844200,-86844200,-184234904,-184234904,-244702579,-244702579,-212755029
# status f = 986985258,0,1 : PASS_RHO (rho 0.96981, T 2891.3, 1s)
# summary n = 7 l = 1000785089 : EXCLUSION_CANDIDATE ; PASS 32 / 32 ; OPEN_NEAR 0 ; OPEN_FAR 0 ; 16s
