# FAMILY WITNESS FILE (generator family_gen.sage r10). n = 7 ; l = 1000939201 ; m = 64 ; deg = 2 ; ncomp = 32 ; bar_T = 4224 ; L_n = 16.3328709449664096755483535644
# line: f = c0,...,c_deg (monic, over F_l) | route RHO|T | claimed (rho or T, float) | coeffs a_0..a_{m-1}
f = 17899821,0,1 | route RHO | claimed 0.93592653197292073091 | coeffs -191113958,-117728504,-117728504,2920206,2920206,154466482,154466482,278946139,278946139,181120402,181120402,386950850,386950850,476194855,476194855,411841253,411841253,826554869,826554869,615140281,615140281,694057589,694057589,687274560,687274560,577058533,577058533,316431887,316431887,201222256,201222256,233042326,233042326,374784617,374784617,466365143,466365143,320341187,320341187,540393728,540393728,701689076,701689076,517824371,517824371,555619161,555619161,246503060,246503060,203458962,203458962,-49374711,-49374711,-83542909,-83542909,4830004,4830004,195198740,195198740,341261488,341261488,264699378,264699378,191113958
f = 17899821,0,1 | route T | claimed 2599.4815600020634454 | coeffs -386403728,-386403728,-339876309,-339876309,-190169986,-190169986,191487522,191487522,254703874,254703874,464380698,464380698,306132070,306132070,392074305,392074305,91939288,91939288,134725410,134725410,41432244,41432244,132009709,132009709,51225274,51225274,324331922,324331922,199745492,199745492,464785051,464785051,378156349,378156349,289701857,289701857,113529209,113529209,197302293,197302293,402091520,402091520,331615122,331615122,374195058,374195058,604159502,604159502,668841610,668841610,811447120,811447120,540304398,540304398,671345776,671345776,672543273,672543273,522194159,522194159,450509596,450509596,377842980,377842980
# status f = 17899821,0,1 : PASS_RHO (rho 0.93593, T 2599.5, 1s)
f = 42330392,0,1 | route RHO | claimed 0.9678003737935155077 | coeffs 388920056,376714170,376714170,444716352,444716352,203219458,203219458,273576018,273576018,198786948,198786948,229592466,229592466,229510887,229510887,272500532,272500532,450023293,450023293,410532997,410532997,496528509,496528509,409664341,409664341,179828509,179828509,12197981,12197981,-250640682,-250640682,-302633961,-302633961,-163885989,-163885989,9430996,9430996,-134630822,-134630822,-13833922,-13833922,-107121162,-107121162,-90614825,-90614825,-50870435,-50870435,-138916943,-138916943,-248232677,-248232677,-234036589,-234036589,-198027136,-198027136,-644186109,-644186109,-765216971,-765216971,-278818792,-278818792,-260692939,-260692939,-388920056
f = 42330392,0,1 | route T | claimed 2725.8927194118272707 | coeffs 341381799,456591430,456591430,245176842,245176842,343002579,343002579,416587999,416587999,382419801,382419801,566284506,566284506,708026797,708026797,714809826,714809826,804053831,804053831,683405121,683405121,493036385,493036385,183920284,183920284,329944240,329944240,69317594,69317594,-345396022,-345396022,-220916365,-220916365,-297478475,-297478475,-44644802,-44644802,116650546,116650546,84830476,84830476,163747784,163747784,-42082664,-42082664,31302790,31302790,119675703,119675703,81880913,81880913,173461439,173461439,283677466,283677466,219323864,219323864,67777588,67777588,-78285160,-78285160,-121329258,-121329258,-341381799
# status f = 42330392,0,1 : PASS_RHO (rho 0.96780, T 2725.9, 1s)
f = 86722150,0,1 | route RHO | claimed 0.97007147334190541747 | coeffs 500448753,500448753,236468938,236468938,7629638,7629638,3696735,3696735,-202024562,-202024562,-145875444,-145875444,-129778890,-129778890,197595298,197595298,241831832,241831832,316665925,316665925,12144682,12144682,-8971157,-8971157,194854474,194854474,342638592,342638592,247882030,247882030,166269051,166269051,297890344,297890344,243574613,243574613,269307520,269307520,345528062,345528062,427507266,427507266,522885034,522885034,409803383,409803383,400151451,400151451,363878323,363878323,458493957,458493957,46770778,46770778,-178944287,-178944287,-55587415,-55587415,-230432663,-230432663,-263400948,-263400948,-243825119,-243825119
f = 86722150,0,1 | route T | claimed 3004.7459875342303201 | coeffs 489517120,489517120,485514108,485514108,382829641,382829641,242363254,242363254,86884075,86884075,92577366,92577366,6984193,6984193,332196848,332196848,736133146,736133146,986200128,986200128,950818194,950818194,866349492,866349492,811065455,811065455,894242376,894242376,627312878,627312878,500736246,500736246,381328477,381328477,366887022,366887022,214745554,214745554,233695432,233695432,163892018,163892018,-6962451,-6962451,15029863,15029863,-33698186,-33698186,71859513,71859513,219451090,219451090,123697988,123697988,-163545534,-163545534,-310343291,-310343291,-95405893,-95405893,-313295239,-313295239,-419848944,-419848944
# status f = 86722150,0,1 : PASS_RHO (rho 0.97007, T 3004.7, 0s)
f = 123432395,0,1 | route RHO | claimed 0.9678003737935155077 | coeffs -278818792,-278818792,-765216971,-765216971,-644186109,-644186109,-198027136,-198027136,-234036589,-234036589,-248232677,-248232677,-138916943,-138916943,-50870435,-50870435,-90614825,-90614825,-107121162,-107121162,-13833922,-13833922,-134630822,-134630822,9430996,9430996,-163885989,-163885989,-302633961,-302633961,-250640682,-250640682,12197981,12197981,179828509,179828509,409664341,409664341,496528509,496528509,410532997,410532997,450023293,450023293,272500532,272500532,229510887,229510887,229592466,229592466,198786948,198786948,273576018,273576018,203219458,203219458,444716352,444716352,376714170,376714170,388920056,388920056,260692939,260692939
f = 123432395,0,1 | route T | claimed 3035.6439368926320793 | coeffs -919468330,-929351575,-929351575,-851172304,-851172304,-801813482,-801813482,-580658688,-580658688,-558333151,-558333151,-533259093,-533259093,-309628630,-309628630,5930957,5930957,-160593520,-160593520,-30765368,-30765368,104313568,104313568,52400035,52400035,278045913,278045913,337531653,337531653,385363665,385363665,428119409,428119409,258480730,258480730,85085964,85085964,357526055,357526055,677662058,677662058,800864049,800864049,740927872,740927872,977037315,977037315,835129286,835129286,822914068,822914068,607374934,607374934,546756167,546756167,973225623,973225623,853410551,853410551,830859715,830859715,852065737,852065737,919468330
# status f = 123432395,0,1 : PASS_RHO (rho 0.96780, T 3035.6, 1s)
f = 127977571,0,1 | route RHO | claimed 0.97923619560344075539 | coeffs -146829701,-146829701,-385076400,-385076400,-455148986,-455148986,-634592290,-634592290,-540308119,-540308119,-249904962,-249904962,17637131,17637131,193395135,193395135,57824340,57824340,268200445,268200445,255991655,255991655,259162146,259162146,81504345,81504345,132108266,132108266,328912110,328912110,229039850,229039850,199603663,199603663,259439901,259439901,456353891,456353891,566984767,566984767,420010925,420010925,344708406,344708406,299374151,299374151,153462923,153462923,-98410296,-98410296,-25153841,-25153841,126714097,126714097,500445256,500445256,326457202,326457202,192463658,192463658,226605766,226605766,395895406,395895406
f = 127977571,0,1 | route T | claimed 3116.2442910986646745 | coeffs 383857236,383857236,870742067,870742067,696433937,696433937,856728290,856728290,840141720,840141720,642392628,642392628,366220105,366220105,677346932,677346932,638609597,638609597,588527845,588527845,584150065,584150065,383230482,383230482,284715760,284715760,545238666,545238666,309697487,309697487,359487995,359487995,384546402,384546402,123790581,123790581,-171638131,-171638131,-21746101,-21746101,-110313438,-110313438,14779589,14779589,85172251,85172251,-29672342,-29672342,-73227835,-73227835,3407740,3407740,-237027535,-237027535,-485665667,-485665667,-241284951,-241284951,-222136000,-222136000,-299833601,-299833601,-392487666,-392487666
# status f = 127977571,0,1 : PASS_RHO (rho 0.97924, T 3116.2, 0s)
f = 172977454,0,1 | route RHO | claimed 0.94918086705616595775 | coeffs -224572607,-140103905,-140103905,-175485839,-175485839,-425552821,-425552821,-21616523,-21616523,-346829178,-346829178,-432422351,-432422351,-438115642,-438115642,-593594821,-593594821,-453128434,-453128434,-555812901,-555812901,-551809889,-551809889,-482141713,-482141713,-588695418,-588695418,-370806072,-370806072,-155868674,-155868674,-9070917,-9070917,-296314439,-296314439,-200561337,-200561337,-52969760,-52969760,-158527459,-158527459,-207255508,-207255508,-229247822,-229247822,-400102291,-400102291,-330298877,-330298877,-311348999,-311348999,-159207531,-159207531,-173648986,-173648986,-54241217,-54241217,-180817849,-180817849,86111649,86111649,169288570,169288570,224572607
f = 172977454,0,1 | route T | claimed 2453.664555840291094 | coeffs -427483033,-88933088,-88933088,164100432,164100432,-82677789,-82677789,129142518,129142518,89871092,89871092,231562099,231562099,157106130,157106130,158425303,158425303,332168159,332168159,356108143,356108143,168562764,168562764,-171514609,-171514609,27303609,27303609,-104281456,-104281456,-363996174,-363996174,-302705989,-302705989,-57995268,-57995268,-75865445,-75865445,-94426509,-94426509,-99401964,-99401964,-386280737,-386280737,-153667287,-153667287,-129255597,-129255597,-342518745,-342518745,-168297660,-168297660,-12139560,-12139560,90512981,90512981,-7020965,-7020965,137971952,137971952,111200403,111200403,307323161,307323161,427483033
# status f = 172977454,0,1 : PASS_RHO (rho 0.94918, T 2453.7, 0s)
f = 243990602,0,1 | route RHO | claimed 0.93414226280338187641 | coeffs 312974619,41831897,41831897,-108517217,-108517217,-99956469,-99956469,-481613977,-481613977,-323365349,-323365349,-366151471,-366151471,-285367036,-285367036,-550406595,-550406595,-374233947,-374233947,-303757549,-303757549,-368439657,-368439657,-499481035,-499481035,-427796472,-427796472,-381269053,-381269053,-318052701,-318052701,-232110466,-232110466,-325403632,-325403632,-52296984,-52296984,-138925686,-138925686,-55152602,-55152602,-12572666,-12572666,130032844,130032844,131230341,131230341,58563725,58563725,-91142598,-91142598,-300819422,-300819422,-684405,-684405,-91261870,-91261870,33324560,33324560,121779052,121779052,-83010175,-83010175,-312974619
f = 243990602,0,1 | route T | claimed 1882.7545333487042403 | coeffs -138925686,-138925686,-55152602,-55152602,-12572666,-12572666,130032844,130032844,131230341,131230341,58563725,58563725,-91142598,-91142598,-300819422,-300819422,-684405,-684405,-91261870,-91261870,33324560,33324560,121779052,121779052,-83010175,-83010175,-312974619,-312974619,-41831897,-41831897,108517217,108517217,99956469,99956469,481613977,481613977,323365349,323365349,366151471,366151471,285367036,285367036,550406595,550406595,374233947,374233947,303757549,303757549,368439657,368439657,499481035,499481035,427796472,427796472,381269053,381269053,318052701,318052701,232110466,232110466,325403632,325403632,52296984,52296984
# status f = 243990602,0,1 : PASS_RHO (rho 0.93414, T 1882.8, 0s)
f = 245612414,0,1 | route RHO | claimed 0.93592653197292073091 | coeffs -49374711,203458962,203458962,246503060,246503060,555619161,555619161,517824371,517824371,701689076,701689076,540393728,540393728,320341187,320341187,466365143,466365143,374784617,374784617,233042326,233042326,201222256,201222256,316431887,316431887,577058533,577058533,687274560,687274560,694057589,694057589,615140281,615140281,826554869,826554869,411841253,411841253,476194855,476194855,386950850,386950850,181120402,181120402,278946139,278946139,154466482,154466482,2920206,2920206,-117728504,-117728504,-191113958,-191113958,-264699378,-264699378,-341261488,-341261488,-195198740,-195198740,-4830004,-4830004,83542909,83542909,49374711
f = 245612414,0,1 | route T | claimed 2431.4536677560867194 | coeffs -846418501,-846418501,-579489003,-579489003,-530760954,-530760954,-461092778,-461092778,-211025796,-211025796,-363167264,-363167264,-650410786,-650410786,-494931607,-494931607,-578108528,-578108528,-600100842,-600100842,-493547137,-493547137,-89610839,-89610839,-104052294,-104052294,-199805396,-199805396,-59339009,-59339009,-4054972,-4054972,166799497,166799497,384688843,384688843,709901498,709901498,590493729,590493729,738085306,738085306,840769773,840769773,925238475,925238475,995041889,995041889,780104491,780104491,694511318,694511318,567934686,567934686,673492385,673492385,677495397,677495397,712877331,712877331,693927453,693927453,840725210,840725210
# status f = 245612414,0,1 : PASS_RHO (rho 0.93593, T 2431.5, 0s)
f = 258801543,0,1 | route RHO | claimed 0.96629702011340468439 | coeffs -915793432,-915793432,-736350128,-736350128,-988223347,-988223347,-937619426,-937619426,-1007692012,-1007692012,-861780784,-861780784,-684122983,-684122983,-445876284,-445876284,-491210539,-491210539,-488040048,-488040048,-238974343,-238974343,-163671824,-163671824,-151463034,-151463034,17826606,17826606,-129147236,-129147236,81228869,81228869,47086761,47086761,-63544115,-63544115,72026680,72026680,-61966864,-61966864,134947126,134947126,310705130,310705130,484693184,484693184,424856946,424856946,157314853,157314853,531046012,531046012,501609825,501609825,792012982,792012982,640145044,640145044,740017304,740017304,645733133,645733133,718989588,718989588
f = 258801543,0,1 | route T | claimed 2745.8414887425157117 | coeffs 419283357,419283357,399707528,399707528,363434400,363434400,417750131,417750131,113228888,113228888,117161791,117161791,-6195081,-6195081,89182687,89182687,183939249,183939249,511313437,511313437,254689803,254689803,160074169,160074169,185807076,185807076,206922915,206922915,1201618,1201618,-173643630,-173643630,-60561979,-60561979,-142174958,-142174958,-186411492,-186411492,-450391307,-450391307,-862114486,-862114486,-938335028,-938335028,-734509397,-734509397,-790658515,-790658515,-757690230,-757690230,-767342162,-767342162,-898963455,-898963455,-824129362,-824129362,-595290062,-595290062,-369574997,-369574997,-287595793,-287595793,-435379911,-435379911
# status f = 258801543,0,1 : PASS_RHO (rho 0.96630, T 2745.8, 0s)
f = 266422067,0,1 | route RHO | claimed 0.97923619560344075539 | coeffs -57824340,-193395135,-193395135,-17637131,-17637131,249904962,249904962,540308119,540308119,634592290,634592290,455148986,455148986,385076400,385076400,146829701,146829701,395895406,395895406,226605766,226605766,192463658,192463658,326457202,326457202,500445256,500445256,126714097,126714097,-25153841,-25153841,-98410296,-98410296,153462923,153462923,299374151,299374151,344708406,344708406,420010925,420010925,566984767,566984767,456353891,456353891,259439901,259439901,199603663,199603663,229039850,229039850,328912110,328912110,132108266,132108266,81504345,81504345,259162146,259162146,255991655,255991655,268200445,268200445,57824340
f = 266422067,0,1 | route T | claimed 2577.9104336844954433 | coeffs -320977713,-194401081,-194401081,-290154183,-290154183,-284460892,-284460892,-165053123,-165053123,-452296645,-452296645,-537889818,-537889818,-523448363,-523448363,-670246120,-670246120,-345033465,-345033465,-192891997,-192891997,22045401,22045401,425981699,425981699,407031821,407031821,189142475,189142475,439209457,439209457,509012871,509012871,402459166,402459166,367077232,367077232,537931701,537931701,468263525,468263525,383794823,383794823,361802509,361802509,365805521,365805521,310521484,310521484,359249533,359249533,461934000,461934000,545110921,545110921,439553222,439553222,580019609,580019609,313090111,313090111,165498534,165498534,320977713
# status f = 266422067,0,1 : PASS_RHO (rho 0.97924, T 2577.9, 0s)
f = 353426518,0,1 | route RHO | claimed 0.93414226280338187641 | coeffs -131230341,-130032844,-130032844,12572666,12572666,55152602,55152602,138925686,138925686,52296984,52296984,325403632,325403632,232110466,232110466,318052701,318052701,381269053,381269053,427796472,427796472,499481035,499481035,368439657,368439657,303757549,303757549,374233947,374233947,550406595,550406595,285367036,285367036,366151471,366151471,323365349,323365349,481613977,481613977,99956469,99956469,108517217,108517217,-41831897,-41831897,-312974619,-312974619,-83010175,-83010175,121779052,121779052,33324560,33324560,-91261870,-91261870,-684405,-684405,-300819422,-300819422,-91142598,-91142598,58563725,58563725,131230341
f = 353426518,0,1 | route T | claimed 1809.0715515704205177 | coeffs -37980759,-107648935,-107648935,179594587,179594587,201586901,201586901,216028356,216028356,160744319,160744319,-164468336,-164468336,-267152803,-267152803,-52215405,-52215405,-157773104,-157773104,-138823226,-138823226,128106272,128106272,378173254,378173254,533652433,533652433,640206138,640206138,544453036,544453036,715307505,715307505,595899736,595899736,680368438,680368438,594775265,594775265,598778277,598778277,745576034,745576034,696847985,696847985,848989453,848989453,932166374,932166374,528230076,528230076,387763689,387763689,169874343,169874343,22282766,22282766,-47520648,-47520648,79055984,79055984,43674050,43674050,37980759
# status f = 353426518,0,1 : PASS_RHO (rho 0.93414, T 1809.1, 0s)
f = 380538570,0,1 | route RHO | claimed 0.95266829698324975029 | coeffs -217929269,-217929269,-162645232,-162645232,-377582630,-377582630,-644512128,-644512128,-751065833,-751065833,-631658064,-631658064,-635661076,-635661076,-787802544,-787802544,-647336157,-647336157,-577532743,-577532743,-571839452,-571839452,-549847138,-549847138,-875059793,-875059793,-980617492,-980617492,-730550510,-730550510,-826303612,-826303612,-741834910,-741834910,-595037153,-595037153,-511860232,-511860232,-729749578,-729749578,-603172946,-603172946,-533504770,-533504770,-547946225,-547946225,-445261758,-445261758,-464211636,-464211636,-619690815,-619690815,-790545284,-790545284,-704952111,-704952111,-656224062,-656224062,-252287764,-252287764,-104696187,-104696187,-69314253,-69314253
f = 380538570,0,1 | route T | claimed 2683.3859519116502543 | coeffs 746987418,748267301,748267301,577799731,577799731,701041945,701041945,588070336,588070336,772878988,772878988,655166296,655166296,980045379,980045379,792243877,792243877,705460192,705460192,785425011,785425011,612253143,612253143,1018349523,1018349523,1041879441,1041879441,807512142,807512142,773894071,773894071,716384511,716384511,416424968,416424968,248961869,248961869,219851671,219851671,33349836,33349836,118794117,118794117,-29627357,-29627357,5865075,5865075,-103966381,-103966381,-146490217,-146490217,33678238,33678238,176080944,176080944,-200084106,-200084106,-335905021,-335905021,-546928267,-546928267,-589638540,-589638540,-746987418
# status f = 380538570,0,1 : PASS_RHO (rho 0.95267, T 2683.4, 0s)
f = 390627143,0,1 | route RHO | claimed 0.96629702011340468439 | coeffs -491210539,-491210539,-445876284,-445876284,-684122983,-684122983,-861780784,-861780784,-1007692012,-1007692012,-937619426,-937619426,-988223347,-988223347,-736350128,-736350128,-915793432,-915793432,-718989588,-718989588,-645733133,-645733133,-740017304,-740017304,-640145044,-640145044,-792012982,-792012982,-501609825,-501609825,-531046012,-531046012,-157314853,-157314853,-424856946,-424856946,-484693184,-484693184,-310705130,-310705130,-134947126,-134947126,61966864,61966864,-72026680,-72026680,63544115,63544115,-47086761,-47086761,-81228869,-81228869,129147236,129147236,-17826606,-17826606,151463034,151463034,163671824,163671824,238974343,238974343,488040048,488040048
f = 390627143,0,1 | route T | claimed 2914.6391535205646771 | coeffs -1311842,-1311842,168063418,168063418,384192286,384192286,289230962,289230962,191282417,191282417,84861103,84861103,153978048,153978048,402492301,402492301,120057045,120057045,-10053841,-10053841,103363555,103363555,136502582,136502582,250205105,250205105,215569293,215569293,-107955382,-107955382,-296675178,-296675178,-347148296,-347148296,-349726286,-349726286,-595584678,-595584678,-292373049,-292373049,-247483390,-247483390,-319830215,-319830215,20395659,20395659,-166708362,-166708362,92497068,92497068,-63517602,-63517602,-119999943,-119999943,-209290981,-209290981,-108826322,-108826322,-178548747,-178548747,-302602312,-302602312,-259183446,-259183446
# status f = 390627143,0,1 : PASS_RHO (rho 0.96630, T 2914.6, 0s)
f = 401491650,0,1 | route RHO | claimed 0.95266829698324975029 | coeffs -252287764,-656224062,-656224062,-704952111,-704952111,-790545284,-790545284,-619690815,-619690815,-464211636,-464211636,-445261758,-445261758,-547946225,-547946225,-533504770,-533504770,-603172946,-603172946,-729749578,-729749578,-511860232,-511860232,-595037153,-595037153,-741834910,-741834910,-826303612,-826303612,-730550510,-730550510,-980617492,-980617492,-875059793,-875059793,-549847138,-549847138,-571839452,-571839452,-577532743,-577532743,-647336157,-647336157,-787802544,-787802544,-635661076,-635661076,-631658064,-631658064,-751065833,-751065833,-644512128,-644512128,-377582630,-377582630,-162645232,-162645232,-217929269,-217929269,69314253,69314253,104696187,104696187,252287764
f = 401491650,0,1 | route T | claimed 2428.8648527830812711 | coeffs -25450399,-25450399,-52409541,-52409541,76961632,76961632,61261949,61261949,143289730,143289730,62406005,62406005,213585559,213585559,127927449,127927449,144907720,144907720,192242835,192242835,19505220,19505220,141220924,141220924,-162995497,-162995497,56529817,56529817,200217101,200217101,585622069,585622069,529058149,529058149,658952793,658952793,651624454,651624454,588192785,588192785,856308168,856308168,528871167,528871167,756867046,756867046,766181032,766181032,568178017,568178017,439396683,439396683,577573582,577573582,414710653,414710653,569823110,569823110,509897907,509897907,262898363,262898363,178612185,178612185
# status f = 401491650,0,1 : PASS_RHO (rho 0.95267, T 2428.9, 0s)
f = 404024448,0,1 | route RHO | claimed 0.90159441911400354184 | coeffs 564813411,334848967,334848967,484555290,484555290,757661938,757661938,822344046,822344046,440686538,440686538,565272968,565272968,422667458,422667458,485883810,485883810,750923369,750923369,479780647,479780647,270103823,270103823,356732525,356732525,225691147,225691147,67442519,67442519,-21011973,-21011973,-19814476,-19814476,-105756711,-105756711,70415937,70415937,220765051,220765051,-79369966,-79369966,4403118,4403118,-67281445,-67281445,-110067567,-110067567,-314856794,-314856794,-242190178,-242190178,-335483344,-335483344,-405959742,-405959742,-397398994,-397398994,-487976459,-487976459,-530556395,-530556395,-484028976,-484028976,-564813411
f = 404024448,0,1 | route T | claimed 1856.4023378552411048 | coeffs -4403118,-4403118,67281445,67281445,110067567,110067567,314856794,314856794,242190178,242190178,335483344,335483344,405959742,405959742,397398994,397398994,487976459,487976459,530556395,530556395,484028976,484028976,564813411,564813411,334848967,334848967,484555290,484555290,757661938,757661938,822344046,822344046,440686538,440686538,565272968,565272968,422667458,422667458,485883810,485883810,750923369,750923369,479780647,479780647,270103823,270103823,356732525,356732525,225691147,225691147,67442519,67442519,-21011973,-21011973,-19814476,-19814476,-105756711,-105756711,70415937,70415937,220765051,220765051,-79369966,-79369966
# status f = 404024448,0,1 : PASS_RHO (rho 0.90159, T 1856.4, 0s)
f = 445568333,0,1 | route RHO | claimed 0.90159441911400354184 | coeffs -314856794,-314856794,-110067567,-110067567,-67281445,-67281445,4403118,4403118,-79369966,-79369966,220765051,220765051,70415937,70415937,-105756711,-105756711,-19814476,-19814476,-21011973,-21011973,67442519,67442519,225691147,225691147,356732525,356732525,270103823,270103823,479780647,479780647,750923369,750923369,485883810,485883810,422667458,422667458,565272968,565272968,440686538,440686538,822344046,822344046,757661938,757661938,484555290,484555290,334848967,334848967,564813411,564813411,484028976,484028976,530556395,530556395,487976459,487976459,397398994,397398994,405959742,405959742,335483344,335483344,242190178,242190178
f = 445568333,0,1 | route T | claimed 2193.8600421134051937 | coeffs 220765051,70415937,70415937,-105756711,-105756711,-19814476,-19814476,-21011973,-21011973,67442519,67442519,225691147,225691147,356732525,356732525,270103823,270103823,479780647,479780647,750923369,750923369,485883810,485883810,422667458,422667458,565272968,565272968,440686538,440686538,822344046,822344046,757661938,757661938,484555290,484555290,334848967,334848967,564813411,564813411,484028976,484028976,530556395,530556395,487976459,487976459,397398994,397398994,405959742,405959742,335483344,335483344,242190178,242190178,314856794,314856794,110067567,110067567,67281445,67281445,-4403118,-4403118,79369966,79369966,-220765051
# status f = 445568333,0,1 : PASS_RHO (rho 0.90159, T 2193.9, 0s)
f = 555370868,0,1 | route RHO | claimed 0.92263702371677060101 | coeffs 292757549,542824531,542824531,487540494,487540494,360963862,360963862,208822394,208822394,37967925,37967925,143525624,143525624,-143717898,-143717898,-361607244,-361607244,-357604232,-357604232,-202125053,-202125053,-527337708,-527337708,-491955774,-491955774,-575132695,-575132695,-455724926,-455724926,-474674804,-474674804,-496667118,-496667118,-644258695,-644258695,-497460938,-497460938,-390907233,-390907233,-493591700,-493591700,-487898409,-487898409,-83962111,-83962111,-168430813,-168430813,-435360311,-435360311,-449801766,-449801766,-519605180,-519605180,-568333229,-568333229,-664086331,-664086331,-449148933,-449148933,-518817109,-518817109,-378350722,-378350722,-292757549
f = 555370868,0,1 | route T | claimed 1999.7502135847501413 | coeffs -208822394,-37967925,-37967925,-143525624,-143525624,143717898,143717898,361607244,361607244,357604232,357604232,202125053,202125053,527337708,527337708,491955774,491955774,575132695,575132695,455724926,455724926,474674804,474674804,496667118,496667118,644258695,644258695,497460938,497460938,390907233,390907233,493591700,493591700,487898409,487898409,83962111,83962111,168430813,168430813,435360311,435360311,449801766,449801766,519605180,519605180,568333229,568333229,664086331,664086331,449148933,449148933,518817109,518817109,378350722,378350722,292757549,292757549,542824531,542824531,487540494,487540494,360963862,360963862,208822394
# status f = 555370868,0,1 : PASS_RHO (rho 0.92264, T 1999.8, 0s)
f = 596914753,0,1 | route RHO | claimed 0.92263702371677060101 | coeffs 664086331,664086331,568333229,568333229,519605180,519605180,449801766,449801766,435360311,435360311,168430813,168430813,83962111,83962111,487898409,487898409,493591700,493591700,390907233,390907233,497460938,497460938,644258695,644258695,496667118,496667118,474674804,474674804,455724926,455724926,575132695,575132695,491955774,491955774,527337708,527337708,202125053,202125053,357604232,357604232,361607244,361607244,143717898,143717898,-143525624,-143525624,-37967925,-37967925,-208822394,-208822394,-360963862,-360963862,-487540494,-487540494,-542824531,-542824531,-292757549,-292757549,-378350722,-378350722,-518817109,-518817109,-449148933,-449148933
f = 596914753,0,1 | route T | claimed 2230.4159998937733274 | coeffs 41493557,41493557,165973214,165973214,281182845,281182845,28349172,28349172,-69476565,-69476565,-101296635,-101296635,-135464833,-135464833,70365615,70365615,-71376676,-71376676,16996237,16996237,106240242,106240242,14659716,14659716,205028452,205028452,140674850,140674850,286698806,286698806,432761554,432761554,847475170,847475170,627422629,627422629,550860519,550860519,339445931,339445931,178150583,178150583,104565163,104565163,183482471,183482471,367347176,367347176,293961722,293961722,287178693,287178693,249383903,249383903,128735193,128735193,18519166,18519166,327635267,327635267,176088991,176088991,-84537655,-84537655
# status f = 596914753,0,1 : PASS_RHO (rho 0.92264, T 2230.4, 1s)
f = 599447551,0,1 | route RHO | claimed 0.97232847021543409471 | coeffs -354749451,-524039091,-524039091,-327125101,-327125101,-617528258,-617528258,-365655039,-365655039,-362484548,-362484548,-328342440,-328342440,-388178678,-388178678,-293894507,-293894507,-439805735,-439805735,-427596945,-427596945,-293603401,-293603401,-323039588,-323039588,-143596284,-143596284,-98262029,-98262029,112114076,112114076,-61873978,-61873978,37998282,37998282,-32074304,-32074304,-107376823,-107376823,28193972,28193972,-345537187,-345537187,-148733343,-148733343,89513356,89513356,236487198,236487198,412245202,412245202,564113140,564113140,513509219,513509219,762574924,762574924,873205800,873205800,605663707,605663707,532407252,532407252,354749451
f = 599447551,0,1 | route T | claimed 2705.6732821834302975 | coeffs -199090175,-199090175,5699052,5699052,156048166,156048166,314296794,314296794,579336353,579336353,514654245,514654245,468126826,468126826,374833660,374833660,291060576,291060576,292258073,292258073,501934897,501934897,626521327,626521327,856485771,856485771,847925023,847925023,805138901,805138901,628966253,628966253,497924875,497924875,434708523,434708523,707815171,707815171,665235235,665235235,592568619,592568619,292433602,292433602,380888094,380888094,109745372,109745372,491402880,491402880,572187315,572187315,501710917,501710917,573395480,573395480,487453245,487453245,400824543,400824543,258219033,258219033,108512710,108512710
# status f = 599447551,0,1 : PASS_RHO (rho 0.97233, T 2705.7, 0s)
f = 610312058,0,1 | route RHO | claimed 0.94505962242234364008 | coeffs 5053935,5053935,-114353834,-114353834,-163081883,-163081883,-380971229,-380971229,-386664520,-386664520,-331380483,-331380483,-350330361,-350330361,-254577259,-254577259,-258580271,-258580271,145356027,145356027,18779395,18779395,40771709,40771709,255709107,255709107,411188286,411188286,495656988,495656988,647798456,647798456,500206879,500206879,569875055,569875055,895087710,895087710,628158212,628158212,457303743,457303743,310505986,310505986,450972373,450972373,486354307,486354307,500795762,500795762,395238063,395238063,501791768,501791768,416198595,416198595,499375516,499375516,429572102,429572102,142328580,142328580,245013047,245013047
f = 610312058,0,1 | route T | claimed 3251.2882278430671511 | coeffs -912093203,-866251393,-866251393,-865012162,-865012162,-903227943,-903227943,-726295403,-726295403,-416295231,-416295231,-578408678,-578408678,-401395956,-401395956,-337590090,-337590090,-291066814,-291066814,-323802544,-323802544,-260336226,-260336226,-304862121,-304862121,-28331948,-28331948,232032108,232032108,225345523,225345523,471073743,471073743,670518033,670518033,894355046,894355046,973877497,973877497,875555768,875555768,1010458660,1010458660,986614299,986614299,898976843,898976843,818080062,818080062,932189946,932189946,698960054,698960054,994905117,994905117,1059675754,1059675754,1045951233,1045951233,677248724,677248724,638834180,638834180,912093203
# status f = 610312058,0,1 : PASS_RHO (rho 0.94506, T 3251.3, 0s)
f = 620400631,0,1 | route RHO | claimed 0.97232847021543409471 | coeffs 112114076,112114076,-98262029,-98262029,-143596284,-143596284,-323039588,-323039588,-293603401,-293603401,-427596945,-427596945,-439805735,-439805735,-293894507,-293894507,-388178678,-388178678,-328342440,-328342440,-362484548,-362484548,-365655039,-365655039,-617528258,-617528258,-327125101,-327125101,-524039091,-524039091,-354749451,-354749451,-532407252,-532407252,-605663707,-605663707,-873205800,-873205800,-762574924,-762574924,-513509219,-513509219,-564113140,-564113140,-412245202,-412245202,-236487198,-236487198,-89513356,-89513356,148733343,148733343,345537187,345537187,-28193972,-28193972,107376823,107376823,32074304,32074304,-37998282,-37998282,61873978,61873978
f = 620400631,0,1 | route T | claimed 2451.4562055110857183 | coeffs -75861050,-75861050,-188942701,-188942701,138431487,138431487,174704615,174704615,99870522,99870522,-311852657,-311852657,-332968496,-332968496,-456325368,-456325368,-604109486,-604109486,-637077771,-637077771,-718690750,-718690750,-462067116,-462067116,-407751385,-407751385,-178912085,-178912085,-102691543,-102691543,-308412840,-308412840,-403790608,-403790608,-419887162,-419887162,-429539094,-429539094,-385302560,-385302560,-479918194,-479918194,-175396951,-175396951,-401112016,-401112016,-197286385,-197286385,-22441137,-22441137,72315425,72315425,91891254,91891254,223512547,223512547,-40467268,-40467268,-66200175,-66200175,-62267272,-62267272,19711932,19711932
# status f = 620400631,0,1 : PASS_RHO (rho 0.97233, T 2451.5, 1s)
f = 647512683,0,1 | route RHO | claimed 0.96990911321183901583 | coeffs -36240856,-247765981,-247765981,-19412315,-19412315,-144594052,-144594052,-258201618,-258201618,-226278381,-226278381,43347432,43347432,15941222,15941222,-250263015,-250263015,-174482902,-174482902,26531638,26531638,142875480,142875480,293302596,293302596,-80870736,-80870736,82242113,82242113,52993752,52993752,-223141,-223141,-220960889,-220960889,-275717785,-275717785,-185087145,-185087145,141385860,141385860,47904868,47904868,184469166,184469166,271619422,271619422,413842443,413842443,217238565,217238565,395538097,395538097,436545771,436545771,156248620,156248620,109700217,109700217,86605527,86605527,96451747,96451747,36240856
f = 647512683,0,1 | route T | claimed 2445.0379030193078637 | coeffs -164728136,-12586668,-12586668,-95763589,-95763589,-499699887,-499699887,-359233500,-359233500,-577122846,-577122846,-429531269,-429531269,-499334683,-499334683,-625911315,-625911315,-661293249,-661293249,-655599958,-655599958,-585931782,-585931782,-298688260,-298688260,-320680574,-320680574,-306239119,-306239119,-250955082,-250955082,-576167737,-576167737,-473483270,-473483270,-258545872,-258545872,-152988173,-152988173,-134038295,-134038295,-400967793,-400967793,-150900811,-150900811,-306379990,-306379990,-199826285,-199826285,-104073183,-104073183,66781286,66781286,186189055,186189055,270657757,270657757,356250930,356250930,360253942,360253942,213456185,213456185,164728136
# status f = 647512683,0,1 : PASS_RHO (rho 0.96991, T 2445.0, 1s)
f = 734517134,0,1 | route RHO | claimed 0.93615492079496702397 | coeffs -175767198,-175767198,-254684506,-254684506,54431595,54431595,-43394142,-43394142,48186384,48186384,-28375726,-28375726,-21592697,-21592697,21451401,21451401,227281849,227281849,81257893,81257893,7672473,7672473,117888500,117888500,370722173,370722173,459966178,459966178,680018719,680018719,606633265,606633265,867259911,867259911,901428109,901428109,837074507,837074507,998369855,998369855,877721145,877721145,992930776,992930776,904557863,904557863,1319271479,1319271479,1135406774,1135406774,983860498,983860498,952040428,952040428,761671692,761671692,550257104,550257104,588051894,588051894,463572237,463572237,321829946,321829946
f = 734517134,0,1 | route T | claimed 2267.9791213139137738 | coeffs -175767198,-175767198,-254684506,-254684506,54431595,54431595,-43394142,-43394142,48186384,48186384,-28375726,-28375726,-21592697,-21592697,21451401,21451401,227281849,227281849,81257893,81257893,7672473,7672473,117888500,117888500,370722173,370722173,459966178,459966178,680018719,680018719,606633265,606633265,867259911,867259911,901428109,901428109,837074507,837074507,998369855,998369855,877721145,877721145,992930776,992930776,904557863,904557863,1319271479,1319271479,1135406774,1135406774,983860498,983860498,952040428,952040428,761671692,761671692,550257104,550257104,588051894,588051894,463572237,463572237,321829946,321829946
# status f = 734517134,0,1 : PASS_RHO (rho 0.93615, T 2268.0, 0s)
f = 742137658,0,1 | route RHO | claimed 0.94505962242234364008 | coeffs -254577259,-254577259,-350330361,-350330361,-331380483,-331380483,-386664520,-386664520,-380971229,-380971229,-163081883,-163081883,-114353834,-114353834,5053935,5053935,-245013047,-245013047,-142328580,-142328580,-429572102,-429572102,-499375516,-499375516,-416198595,-416198595,-501791768,-501791768,-395238063,-395238063,-500795762,-500795762,-486354307,-486354307,-450972373,-450972373,-310505986,-310505986,-457303743,-457303743,-628158212,-628158212,-895087710,-895087710,-569875055,-569875055,-500206879,-500206879,-647798456,-647798456,-495656988,-495656988,-411188286,-411188286,-255709107,-255709107,-40771709,-40771709,-18779395,-18779395,-145356027,-145356027,258580271,258580271
f = 742137658,0,1 | route T | claimed 2263.929081197104562 | coeffs 138276849,138276849,418574000,418574000,505724256,505724256,560481152,560481152,186307820,186307820,452512057,452512057,327330320,327330320,304235630,304235630,500839508,500839508,827312513,827312513,856560874,856560874,1057575414,1057575414,1025652177,1025652177,1085863068,1085863068,1126870742,1126870742,990306444,990306444,769568696,769568696,619141580,619141580,591735370,591735370,363381704,363381704,409930107,409930107,552153128,552153128,461522488,461522488,624635337,624635337,548855224,548855224,435247658,435247658,445093878,445093878,266794346,266794346,173313354,173313354,226530247,226530247,342874089,342874089,73248276,73248276
# status f = 742137658,0,1 : PASS_RHO (rho 0.94506, T 2263.9, 1s)
f = 755326787,0,1 | route RHO | claimed 0.93461687612790381683 | coeffs 512584724,512584724,559919839,559919839,616483759,616483759,625797745,625797745,872797289,872797289,953681014,953681014,649464593,649464593,712896262,712896262,851073161,851073161,824114019,824114019,807133748,807133748,1192538716,1192538716,964542837,964542837,904617634,904617634,986645415,986645415,864929711,864929711,857601372,857601372,986382706,986382706,833220920,833220920,747562810,747562810,603875526,603875526,276438525,276438525,121326068,121326068,137025751,137025751,-35711864,-35711864,-165606508,-165606508,-363609523,-363609523,-279323345,-279323345,-430502899,-430502899,-210977585,-210977585,-479092968,-479092968,-641955897,-641955897
f = 755326787,0,1 | route T | claimed 2686.6473755304262636 | coeffs -185477404,-185477404,-98165387,-98165387,-93975433,-93975433,-40768928,-40768928,231589584,231589584,377460542,377460542,401881646,401881646,621425707,621425707,606622276,606622276,476217155,476217155,405255452,405255452,479161299,479161299,606921026,606921026,1030529163,1030529163,1038413245,1038413245,1276074376,1276074376,1281461827,1281461827,1203626954,1203626954,1204842744,1204842744,1208108192,1208108192,1297211404,1297211404,1286791021,1286791021,1314567526,1314567526,1254638803,1254638803,1388466327,1388466327,1378599090,1378599090,1330186169,1330186169,841309597,841309597,762564977,762564977,735186549,735186549,615987570,615987570,265046049,265046049
# status f = 755326787,0,1 : PASS_RHO (rho 0.93462, T 2686.6, 0s)
f = 756948599,0,1 | route RHO | claimed 0.96990911321183901583 | coeffs -223141,-223141,52993752,52993752,82242113,82242113,-80870736,-80870736,293302596,293302596,142875480,142875480,26531638,26531638,-174482902,-174482902,-250263015,-250263015,15941222,15941222,43347432,43347432,-226278381,-226278381,-258201618,-258201618,-144594052,-144594052,-19412315,-19412315,-247765981,-247765981,-36240856,-36240856,-96451747,-96451747,-86605527,-86605527,-109700217,-109700217,-156248620,-156248620,-436545771,-436545771,-395538097,-395538097,-217238565,-217238565,-413842443,-413842443,-271619422,-271619422,-184469166,-184469166,-47904868,-47904868,-141385860,-141385860,185087145,185087145,275717785,275717785,220960889,220960889
f = 756948599,0,1 | route T | claimed 2645.3932275461343043 | coeffs 745968502,745968502,848231170,848231170,451053568,451053568,394819514,394819514,231245899,231245899,484793937,484793937,306572704,306572704,480019417,480019417,688310003,688310003,432516809,432516809,497701587,497701587,575677779,575677779,584700240,584700240,467263253,467263253,351788387,351788387,136697384,136697384,-106839836,-106839836,-239126448,-239126448,-73995337,-73995337,-447419191,-447419191,-444469508,-444469508,-447322832,-447322832,-573996370,-573996370,-657312475,-657312475,-664619174,-664619174,-751129698,-751129698,-786837906,-786837906,-595558064,-595558064,-648399843,-648399843,-840886803,-840886803,-986775521,-986775521,-956195684,-956195684
# status f = 756948599,0,1 : PASS_RHO (rho 0.96991, T 2645.4, 0s)
f = 827961747,0,1 | route RHO | claimed 0.97167355123787529655 | coeffs -81654065,-81654065,-372057222,-372057222,-236486427,-236486427,-239656918,-239656918,-436460762,-436460762,-496297000,-496297000,-349323158,-349323158,-203411930,-203411930,-355279868,-355279868,-221286324,-221286324,27779381,27779381,-151663923,-151663923,115878170,115878170,326254275,326254275,148596474,148596474,48724214,48724214,245638204,245638204,170335685,170335685,-81537534,-81537534,292193625,292193625,326335733,326335733,564582432,564582432,470298261,470298261,294540257,294540257,306749047,306749047,256145126,256145126,285581313,285581313,174950437,174950437,220284692,220284692,147028237,147028237,321016291,321016291,151726651,151726651
f = 827961747,0,1 | route T | claimed 2530.1661989884676529 | coeffs -443696465,-443696465,-567056857,-567056857,-365830097,-365830097,-184264054,-184264054,-207683881,-207683881,-201635343,-201635343,-233067993,-233067993,-16974642,-16974642,170566404,170566404,245364606,245364606,-86628320,-86628320,-54081545,-54081545,74589683,74589683,-83602342,-83602342,-138950472,-138950472,-156042377,-156042377,-228282683,-228282683,6961061,6961061,267192362,267192362,175888254,175888254,26636995,26636995,59088600,59088600,-209876118,-209876118,-84706130,-84706130,-89055505,-89055505,140170312,140170312,270861665,270861665,-86944085,-86944085,70952247,70952247,197609908,197609908,48638076,48638076,308937841,308937841
# status f = 827961747,0,1 : PASS_RHO (rho 0.97167, T 2530.2, 1s)
f = 872961630,0,1 | route RHO | claimed 0.93615492079496702397 | coeffs -877721145,-877721145,-998369855,-998369855,-837074507,-837074507,-901428109,-901428109,-867259911,-867259911,-606633265,-606633265,-680018719,-680018719,-459966178,-459966178,-370722173,-370722173,-117888500,-117888500,-7672473,-7672473,-81257893,-81257893,-227281849,-227281849,-21451401,-21451401,21592697,21592697,28375726,28375726,-48186384,-48186384,43394142,43394142,-54431595,-54431595,254684506,254684506,175767198,175767198,321829946,321829946,463572237,463572237,588051894,588051894,550257104,550257104,761671692,761671692,952040428,952040428,983860498,983860498,1135406774,1135406774,1319271479,1319271479,904557863,904557863,992930776,992930776
f = 872961630,0,1 | route T | claimed 2502.5662846481222082 | coeffs -227281849,-227281849,-21451401,-21451401,21592697,21592697,28375726,28375726,-48186384,-48186384,43394142,43394142,-54431595,-54431595,254684506,254684506,175767198,175767198,321829946,321829946,463572237,463572237,588051894,588051894,550257104,550257104,761671692,761671692,952040428,952040428,983860498,983860498,1135406774,1135406774,1319271479,1319271479,904557863,904557863,992930776,992930776,877721145,877721145,998369855,998369855,837074507,837074507,901428109,901428109,867259911,867259911,606633265,606633265,680018719,680018719,459966178,459966178,370722173,370722173,117888500,117888500,7672473,7672473,81257893,81257893
# status f = 872961630,0,1 : PASS_RHO (rho 0.93615, T 2502.6, 0s)
f = 877506806,0,1 | route RHO | claimed 0.94256953717506977148 | coeffs 578347726,578347726,305241078,305241078,481413726,481413726,251449282,251449282,250251785,250251785,296779204,296779204,138530576,138530576,229108041,229108041,142479339,142479339,72002941,72002941,-199139781,-199139781,-271806397,-271806397,-335022749,-335022749,-377808871,-377808871,-253222441,-253222441,-336995525,-336995525,-401677633,-401677633,-251328519,-251328519,-101622196,-101622196,-15679961,-15679961,-96464396,-96464396,-184918888,-184918888,-142338952,-142338952,-11297574,-11297574,-2736826,-2736826,-212413650,-212413650,-119120484,-119120484,-384160043,-384160043,-588949270,-588949270,-731554780,-731554780,-659870217,-659870217,-278212709,-278212709
f = 877506806,0,1 | route T | claimed 1968.8343303643966245 | coeffs -80909432,-295846830,-295846830,-415254599,-415254599,-274788212,-274788212,-296780526,-296780526,-46713544,-46713544,-193511301,-193511301,-66934669,-66934669,-169619136,-169619136,-340473605,-340473605,-744409903,-744409903,-457166381,-457166381,-724095879,-724095879,-720092867,-720092867,-650289453,-650289453,-325076798,-325076798,-420829900,-420829900,-504006821,-504006821,-434338645,-434338645,-415388767,-415388767,-329795594,-329795594,-477387171,-477387171,-532671208,-532671208,-639224913,-639224913,-487083445,-487083445,-481390154,-481390154,-375832455,-375832455,-291363753,-291363753,-73474407,-73474407,-87915862,-87915862,67563317,67563317,116291366,116291366,80909432
# status f = 877506806,0,1 : PASS_RHO (rho 0.94257, T 1968.8, 0s)
f = 914217051,0,1 | route RHO | claimed 0.94918086705616595775 | coeffs 173648986,173648986,159207531,159207531,311348999,311348999,330298877,330298877,400102291,400102291,229247822,229247822,207255508,207255508,158527459,158527459,52969760,52969760,200561337,200561337,296314439,296314439,9070917,9070917,155868674,155868674,370806072,370806072,588695418,588695418,482141713,482141713,551809889,551809889,555812901,555812901,453128434,453128434,593594821,593594821,438115642,438115642,432422351,432422351,346829178,346829178,21616523,21616523,425552821,425552821,175485839,175485839,140103905,140103905,224572607,224572607,169288570,169288570,86111649,86111649,-180817849,-180817849,-54241217,-54241217
f = 914217051,0,1 | route T | claimed 1982.8802283678704438 | coeffs 240200478,240200478,363402469,363402469,320646725,320646725,455725661,455725661,430651603,430651603,420768358,420768358,847237814,847237814,611128371,611128371,437733605,437733605,212087727,212087727,527647314,527647314,478288492,478288492,500839328,500839328,488624110,488624110,168488107,168488107,216320119,216320119,86491967,86491967,108817504,108817504,176220097,176220097,236838864,236838864,176902687,176902687,346541366,346541366,294627833,294627833,70997370,70997370,149176641,149176641,29361569,29361569,171269598,171269598,443709689,443709689,384223949,384223949,217699472,217699472,-3455322,-3455322,-24661344,-24661344
# status f = 914217051,0,1 : PASS_RHO (rho 0.94918, T 1982.9, 0s)
f = 958608809,0,1 | route RHO | claimed 0.94256953717506977148 | coeffs 336995525,253222441,253222441,377808871,377808871,335022749,335022749,271806397,271806397,199139781,199139781,-72002941,-72002941,-142479339,-142479339,-229108041,-229108041,-138530576,-138530576,-296779204,-296779204,-250251785,-250251785,-251449282,-251449282,-481413726,-481413726,-305241078,-305241078,-578347726,-578347726,-278212709,-278212709,-659870217,-659870217,-731554780,-731554780,-588949270,-588949270,-384160043,-384160043,-119120484,-119120484,-212413650,-212413650,-2736826,-2736826,-11297574,-11297574,-142338952,-142338952,-184918888,-184918888,-96464396,-96464396,-15679961,-15679961,-101622196,-101622196,-251328519,-251328519,-401677633,-401677633,-336995525
f = 958608809,0,1 | route T | claimed 2120.9095459161498901 | coeffs -190324504,-152529714,-152529714,-60949188,-60949188,-171165215,-171165215,-235518817,-235518817,-83972541,-83972541,-230035289,-230035289,-186991191,-186991191,-407043732,-407043732,-291834101,-291834101,-80419513,-80419513,17406224,17406224,-56179196,-56179196,-90347394,-90347394,-274212099,-274212099,-132469808,-132469808,-139252837,-139252837,-50008832,-50008832,70639878,70639878,-119728858,-119728858,189387243,189387243,335411199,335411199,596037845,596037845,181324229,181324229,56844572,56844572,-19717538,-19717538,-272551211,-272551211,-111255863,-111255863,-79435793,-79435793,-518485,-518485,205311963,205311963,278697417,278697417,190324504
# status f = 958608809,0,1 : PASS_RHO (rho 0.94257, T 2120.9, 0s)
f = 983039380,0,1 | route RHO | claimed 0.93461687612790381683 | coeffs -747562810,-747562810,-833220920,-833220920,-986382706,-986382706,-857601372,-857601372,-864929711,-864929711,-986645415,-986645415,-904617634,-904617634,-964542837,-964542837,-1192538716,-1192538716,-807133748,-807133748,-824114019,-824114019,-851073161,-851073161,-712896262,-712896262,-649464593,-649464593,-953681014,-953681014,-872797289,-872797289,-625797745,-625797745,-616483759,-616483759,-559919839,-559919839,-512584724,-512584724,-641955897,-641955897,-479092968,-479092968,-210977585,-210977585,-430502899,-430502899,-279323345,-279323345,-363609523,-363609523,-165606508,-165606508,-35711864,-35711864,137025751,137025751,121326068,121326068,276438525,276438525,603875526,603875526
f = 983039380,0,1 | route T | claimed 2404.2583378615247953 | coeffs -165606508,-35711864,-35711864,137025751,137025751,121326068,121326068,276438525,276438525,603875526,603875526,747562810,747562810,833220920,833220920,986382706,986382706,857601372,857601372,864929711,864929711,986645415,986645415,904617634,904617634,964542837,964542837,1192538716,1192538716,807133748,807133748,824114019,824114019,851073161,851073161,712896262,712896262,649464593,649464593,953681014,953681014,872797289,872797289,625797745,625797745,616483759,616483759,559919839,559919839,512584724,512584724,641955897,641955897,479092968,479092968,210977585,210977585,430502899,430502899,279323345,279323345,363609523,363609523,165606508
# status f = 983039380,0,1 : PASS_RHO (rho 0.93462, T 2404.3, 0s)
# summary n = 7 l = 1000939201 : EXCLUSION_CANDIDATE ; PASS 32 / 32 ; OPEN_NEAR 0 ; OPEN_FAR 0 ; 16s
