# FAMILY WITNESS FILE (generator family_gen.sage r10). n = 7 ; l = 1001094337 ; m = 64 ; deg = 2 ; ncomp = 32 ; bar_T = 4224 ; L_n = 16.3328709449664096755483535644
# line: f = c0,...,c_deg (monic, over F_l) | route RHO|T | claimed (rho or T, float) | coeffs a_0..a_{m-1}
f = 7827327,0,1 | route RHO | claimed 0.9720086986968796065 | coeffs -27762842,-179147981,-179147981,-451873573,-451873573,-413852983,-413852983,-264849640,-264849640,-234688012,-234688012,-350494329,-350494329,-340924907,-340924907,-209778076,-209778076,-206891066,-206891066,-412191372,-412191372,-147235626,-147235626,-397219077,-397219077,-210549034,-210549034,-300401035,-300401035,-368757294,-368757294,-473135587,-473135587,-468438160,-468438160,-709470810,-709470810,-845911922,-845911922,-561498906,-561498906,-598488517,-598488517,-829998437,-829998437,-475961292,-475961292,-681283897,-681283897,-717480354,-717480354,-698258018,-698258018,-563674075,-563674075,-566024078,-566024078,-546538022,-546538022,-278751297,-278751297,-293956407,-293956407,27762842
f = 7827327,0,1 | route T | claimed 3180.142631183043515 | coeffs 160209075,30203449,30203449,211863354,211863354,-86645362,-86645362,-109534600,-109534600,-39646628,-39646628,106819995,106819995,-162180497,-162180497,-141275258,-141275258,-32867681,-32867681,-197374503,-197374503,-73777430,-73777430,-33846488,-33846488,-164406916,-164406916,-24687236,-24687236,-180987401,-180987401,71419435,71419435,218265634,218265634,441268576,441268576,318766041,318766041,118976336,118976336,56632801,56632801,213164834,213164834,371504668,371504668,172313103,172313103,383386976,383386976,406371125,406371125,41008441,41008441,304979270,304979270,93304527,93304527,161387380,161387380,10281519,10281519,-160209075
# status f = 7827327,0,1 : PASS_RHO (rho 0.97201, T 3180.1, 1s)
f = 25952534,0,1 | route RHO | claimed 0.93541575720954710851 | coeffs 561051739,679725768,679725768,418042226,418042226,305813430,305813430,364649198,364649198,300506260,300506260,146060782,146060782,141348042,141348042,128844804,128844804,-279055790,-279055790,-64815965,-64815965,-440058350,-440058350,-520389527,-520389527,-753320659,-753320659,-920404455,-920404455,-970404749,-970404749,-785874208,-785874208,-837417979,-837417979,-698294842,-698294842,-650841630,-650841630,-557043661,-557043661,-680263799,-680263799,-850230778,-850230778,-824512411,-824512411,-901742327,-901742327,-799159962,-799159962,-579204524,-579204524,-384162642,-384162642,-388147426,-388147426,-564864714,-564864714,-577429741,-577429741,-578452300,-578452300,-561051739
f = 25952534,0,1 | route T | claimed 2453.1466956317897482 | coeffs 1359242177,1359242177,1359556564,1359556564,1346541101,1346541101,1210009294,1210009294,1542428849,1542428849,1457507950,1457507950,1171170352,1171170352,1188707669,1188707669,1068734466,1068734466,988487062,988487062,870991744,870991744,617241003,617241003,648249727,648249727,649759977,649759977,390387758,390387758,346343648,346343648,391922824,391922824,333400357,333400357,174299261,174299261,73704163,73704163,-224966291,-224966291,-336932242,-336932242,-543465299,-543465299,-666248150,-666248150,-920350879,-920350879,-943770062,-943770062,-946007626,-946007626,-1172469700,-1172469700,-1083132655,-1083132655,-1483373411,-1483373411,-1534161841,-1534161841,-1579702285,-1579702285
# status f = 25952534,0,1 : PASS_RHO (rho 0.93542, T 2453.1, 1s)
f = 84662651,0,1 | route RHO | claimed 0.96453123522467987655 | coeffs -109227981,-109227981,-77413018,-77413018,33399038,33399038,148955784,148955784,181264056,181264056,-117853826,-117853826,208218904,208218904,146325538,146325538,207336958,207336958,156528801,156528801,59956210,59956210,62716099,62716099,278150613,278150613,350086103,350086103,343894848,343894848,635216322,635216322,450701372,450701372,171688328,171688328,628761809,628761809,517243150,517243150,252040624,252040624,385885776,385885776,411533940,411533940,397176218,397176218,366752748,366752748,529254762,529254762,230483242,230483242,446399159,446399159,503395055,503395055,470696986,470696986,368884789,368884789,417841583,417841583
f = 84662651,0,1 | route T | claimed 2799.8787738311682758 | coeffs -437342400,-437342400,-556016429,-556016429,-649814398,-649814398,-654527138,-654527138,-434571700,-434571700,-201640568,-201640568,-219041129,-219041129,-171587917,-171587917,-17142439,-17142439,-119724804,-119724804,-200055981,-200055981,-201078540,-201078540,-340201677,-340201677,-404344615,-404344615,-481574531,-481574531,-106332146,-106332146,-93767119,-93767119,-145310890,-145310890,-204146658,-204146658,-229865025,-229865025,-15625200,-15625200,-192342488,-192342488,-376873029,-376873029,-489101825,-489101825,-659068804,-659068804,-251168210,-251168210,-247183426,-247183426,-297183720,-297183720,-35500178,-35500178,87719960,87719960,75216722,75216722,270258604,270258604
# status f = 84662651,0,1 : PASS_RHO (rho 0.96453, T 2799.9, 1s)
f = 152054944,0,1 | route RHO | claimed 0.9367745690835602237 | coeffs -2832573,-2832573,-70742505,-70742505,-133794847,-133794847,-10191664,-10191664,-79383482,-79383482,-34146431,-34146431,72337594,72337594,234205729,234205729,180373102,180373102,238840832,238840832,420847032,420847032,220410562,220410562,283463946,283463946,237829117,237829117,111944666,111944666,-55473071,-55473071,124852354,124852354,87735398,87735398,317859890,317859890,587115395,587115395,371697806,371697806,424814238,424814238,685790025,685790025,333658208,333658208,218529870,218529870,81546946,81546946,46957125,46957125,428079308,428079308,393580412,393580412,111331578,111331578,-87377901,-87377901,94282620,94282620
f = 152054944,0,1 | route T | claimed 2669.6329204885418576 | coeffs 378448052,378448052,156040255,156040255,259851483,259851483,335464915,335464915,593204912,593204912,368436346,368436346,650884446,650884446,606966425,606966425,341168654,341168654,486571659,486571659,37148106,37148106,-143600638,-143600638,-225045154,-225045154,-143677403,-143677403,-281438839,-281438839,-190119750,-190119750,-257470628,-257470628,-452267955,-452267955,-196997389,-196997389,-520722338,-520722338,-549756571,-549756571,-560092091,-560092091,-341601616,-341601616,-271781169,-271781169,-282825261,-282825261,-215940692,-215940692,-597206375,-597206375,-601356483,-601356483,-477780307,-477780307,-469526160,-469526160,-409238427,-409238427,-318004553,-318004553
# status f = 152054944,0,1 : PASS_RHO (rho 0.93677, T 2669.6, 0s)
f = 162247361,0,1 | route RHO | claimed 0.94179001659518903742 | coeffs -188776619,-188776619,-76547823,-76547823,-261078364,-261078364,-84361076,-84361076,129878749,129878749,155597116,155597116,96761348,96761348,148305119,148305119,160870146,160870146,-214372239,-214372239,-291602155,-291602155,-227459217,-227459217,-366582354,-366582354,-365559795,-365559795,-445890972,-445890972,-343308607,-343308607,-188863129,-188863129,-236316341,-236316341,-253716902,-253716902,-486648034,-486648034,-266692596,-266692596,-261979856,-261979856,-355777825,-355777825,-237103796,-237103796,-404187592,-404187592,-209145710,-209145710,-196642472,-196642472,-73422334,-73422334,-335105876,-335105876,-385106170,-385106170,-389090954,-389090954,18809640,18809640
f = 162247361,0,1 | route T | claimed 2374.363231357355405 | coeffs -132453075,-132453075,-170092735,-170092735,-85836365,-85836365,-212896585,-212896585,-80883653,-80883653,150516140,150516140,434448535,434448535,269770976,269770976,174964993,174964993,446194484,446194484,384396803,384396803,148710004,148710004,327127064,327127064,434038711,434038711,412113635,412113635,480808581,480808581,125989784,125989784,-14453169,-14453169,11790103,11790103,223063723,223063723,-13302241,-13302241,111182673,111182673,86106113,86106113,-171431448,-171431448,-181981073,-181981073,-52669277,-52669277,-170868425,-170868425,-269083355,-269083355,3893054,3893054,-23010378,-23010378,-33133448,-33133448,-103837285,-103837285
# status f = 162247361,0,1 : PASS_RHO (rho 0.94179, T 2374.4, 1s)
f = 201068079,0,1 | route RHO | claimed 0.93535431275550184124 | coeffs -417033003,-417033003,-261995710,-261995710,-433476106,-433476106,-502396276,-502396276,-544038887,-544038887,-204780712,-204780712,-327870887,-327870887,-55615704,-55615704,77333193,77333193,-62277635,-62277635,129940862,129940862,-151192097,-151192097,-288938909,-288938909,-395616788,-395616788,-133332350,-133332350,-379269838,-379269838,-195227258,-195227258,-82525031,-82525031,-5453977,-5453977,-58286418,-58286418,187161600,187161600,239450918,239450918,433969364,433969364,547651440,547651440,191616945,191616945,280173865,280173865,356243631,356243631,396032136,396032136,362932062,362932062,246671412,246671412,247683475,247683475,271553094,271553094
f = 201068079,0,1 | route T | claimed 2396.1064340498328646 | coeffs 334526881,98160917,98160917,-8750730,-8750730,275181665,275181665,204477828,204477828,215027453,215027453,74584500,74584500,136382181,136382181,9321961,9321961,282298370,282298370,157813456,157813456,135888380,135888380,300565939,300565939,64275579,64275579,193587375,193587375,167344103,167344103,-68342696,-68342696,-200355628,-200355628,-173452196,-173452196,-198528756,-198528756,-267223702,-267223702,-362029685,-362029685,-324390025,-324390025,-206190877,-206190877,5082743,5082743,-173334317,-173334317,58065476,58065476,47942406,47942406,305479967,305479967,-49338830,-49338830,-320568321,-320568321,-236311951,-236311951,-334526881
# status f = 201068079,0,1 : PASS_RHO (rho 0.93535, T 2396.1, 0s)
f = 232822183,0,1 | route RHO | claimed 0.9342721952581998525 | coeffs 84615401,37162189,37162189,33177405,33177405,-30965533,-30965533,136118263,136118263,161836630,161836630,144436069,144436069,552336663,552336663,691459800,691459800,496417918,496417918,437582150,437582150,204651018,204651018,374617997,374617997,373595438,373595438,361092200,361092200,412635971,412635971,632591409,632591409,520362613,520362613,600693790,600693790,477473652,477473652,490038679,490038679,494751419,494751419,679281960,679281960,576699595,576699595,838383137,838383137,463140752,463140752,369342783,369342783,192625495,192625495,38180017,38180017,88180311,88180311,10950395,10950395,129624424,129624424,-84615401
f = 232822183,0,1 | route T | claimed 1584.1773261089218402 | coeffs -89333828,33168707,33168707,56057945,56057945,-6285590,-6285590,140181033,140181033,-18158801,-18158801,-39064040,-39064040,172009833,172009833,7503011,7503011,372865695,372865695,332934753,332934753,121260010,121260010,260979690,260979690,412085551,412085551,159678715,159678715,289684341,289684341,512687283,512687283,214178567,214178567,413968272,413968272,344080300,344080300,500612333,500612333,231611841,231611841,430803406,430803406,322395829,322395829,345379978,345379978,468977051,468977051,205006222,205006222,335566650,335566650,403649503,403649503,247349338,247349338,417839932,417839932,270993733,270993733,89333828
# status f = 232822183,0,1 : PASS_RHO (rho 0.93427, T 1584.2, 0s)
f = 234346497,0,1 | route RHO | claimed 0.9367745690835602237 | coeffs -10191664,-133794847,-133794847,-70742505,-70742505,-2832573,-2832573,-94282620,-94282620,87377901,87377901,-111331578,-111331578,-393580412,-393580412,-428079308,-428079308,-46957125,-46957125,-81546946,-81546946,-218529870,-218529870,-333658208,-333658208,-685790025,-685790025,-424814238,-424814238,-371697806,-371697806,-587115395,-587115395,-317859890,-317859890,-87735398,-87735398,-124852354,-124852354,55473071,55473071,-111944666,-111944666,-237829117,-237829117,-283463946,-283463946,-220410562,-220410562,-420847032,-420847032,-238840832,-238840832,-180373102,-180373102,-234205729,-234205729,-72337594,-72337594,34146431,34146431,79383482,79383482,10191664
f = 234346497,0,1 | route T | claimed 2070.6745289103999495 | coeffs -124852354,-124852354,55473071,55473071,-111944666,-111944666,-237829117,-237829117,-283463946,-283463946,-220410562,-220410562,-420847032,-420847032,-238840832,-238840832,-180373102,-180373102,-234205729,-234205729,-72337594,-72337594,34146431,34146431,79383482,79383482,10191664,10191664,133794847,133794847,70742505,70742505,2832573,2832573,94282620,94282620,-87377901,-87377901,111331578,111331578,393580412,393580412,428079308,428079308,46957125,46957125,81546946,81546946,218529870,218529870,333658208,333658208,685790025,685790025,424814238,424814238,371697806,371697806,587115395,587115395,317859890,317859890,87735398,87735398
# status f = 234346497,0,1 : PASS_RHO (rho 0.93677, T 2070.7, 0s)
f = 285655222,0,1 | route RHO | claimed 0.94578130253802283931 | coeffs -1500909,82691884,82691884,252115089,252115089,229541947,229541947,63711832,63711832,-324687225,-324687225,-211469414,-211469414,-71930612,-71930612,-236692301,-236692301,-273349497,-273349497,-140483342,-140483342,-308054678,-308054678,-416802354,-416802354,-649930684,-649930684,-471454656,-471454656,-491408967,-491408967,-218332544,-218332544,-263495548,-263495548,-126178945,-126178945,53312593,53312593,-166624363,-166624363,201045188,201045188,61299160,61299160,156843869,156843869,43543709,43543709,188799264,188799264,-18890910,-18890910,-28465675,-28465675,131361527,131361527,-3976524,-3976524,56463415,56463415,182487540,182487540,1500909
f = 285655222,0,1 | route T | claimed 2842.9078731151789874 | coeffs -201996464,-109514136,-109514136,-53562912,-53562912,58520778,58520778,313380557,313380557,716620912,716620912,782161413,782161413,756550222,756550222,596475164,596475164,437691258,437691258,498617808,498617808,613815456,613815456,842584127,842584127,904386194,904386194,973160524,973160524,1041429732,1041429732,1060216689,1060216689,980984277,980984277,1091065507,1091065507,877756365,877756365,540862686,540862686,695846889,695846889,540183546,540183546,684636071,684636071,656615190,656615190,494351054,494351054,553665607,553665607,273086430,273086430,259900078,259900078,25523965,25523965,212061082,212061082,-76752355,-76752355,201996464
# status f = 285655222,0,1 : PASS_RHO (rho 0.94578, T 2842.9, 0s)
f = 297161757,0,1 | route RHO | claimed 0.95621707352494205095 | coeffs -196043998,18195827,18195827,13483087,13483087,72318855,72318855,190992884,190992884,203557911,203557911,8516029,8516029,85745945,85745945,208966083,208966083,69842946,69842946,119843240,119843240,200174417,200174417,608075011,608075011,762520489,762520489,874749285,874749285,892149846,892149846,715432558,715432558,935387996,935387996,961106363,961106363,1054904332,1054904332,1003360561,1003360561,836276765,836276765,461034380,461034380,448531142,448531142,384388204,384388204,122704662,122704662,123727221,123727221,127712005,127712005,25129640,25129640,195096619,195096619,147643407,147643407,-36887134,-36887134,196043998
f = 297161757,0,1 | route T | claimed 2469.875658742258268 | coeffs 68429962,68429962,92408199,92408199,159137099,159137099,203109857,203109857,46717497,46717497,214418252,214418252,331782612,331782612,687312028,687312028,471712018,471712018,874178326,874178326,756186404,756186404,573623415,573623415,327237381,327237381,289542714,289542714,289487977,289487977,64614654,64614654,-21718350,-21718350,-78639211,-78639211,-110443678,-110443678,-177291768,-177291768,-512873507,-512873507,-476326101,-476326101,-384996986,-384996986,-393881518,-393881518,-131418285,-131418285,-142407640,-142407640,-98283061,-98283061,-72237790,-72237790,179480398,179480398,-46455132,-46455132,90213405,90213405,-23628409,-23628409
# status f = 297161757,0,1 : PASS_RHO (rho 0.95622, T 2469.9, 0s)
f = 299217328,0,1 | route RHO | claimed 0.93324320263937729539 | coeffs 588938206,488343108,488343108,539131538,539131538,619378942,619378942,320708488,320708488,366248932,366248932,483744250,483744250,371778299,371778299,151318191,151318191,405068932,405068932,198535875,198535875,198850262,198850262,167841538,167841538,45058687,45058687,32043224,32043224,30532974,30532974,-223569755,-223569755,-360101562,-360101562,-100729343,-100729343,-124148526,-124148526,208271029,208271029,252315139,252315139,250077575,250077575,165156676,165156676,119577500,119577500,-106884574,-106884574,-393222172,-393222172,-334699705,-334699705,-245362660,-245362660,-227825343,-227825343,-68724247,-68724247,-468965003,-468965003,-588938206
f = 299217328,0,1 | route T | claimed 2255.2152600998686027 | coeffs -372095727,-262543997,-262543997,-74088778,-74088778,-39510189,-39510189,116857355,116857355,324823435,324823435,121901212,121901212,-113538361,-113538361,-182442654,-182442654,-428133074,-428133074,-254608358,-254608358,-526727099,-526727099,-292523898,-292523898,-31221286,-31221286,-137796476,-137796476,5241376,5241376,83521228,83521228,11697123,11697123,-86218556,-86218556,127622086,127622086,367200767,367200767,141973182,141973182,293148192,293148192,161616035,161616035,105454426,105454426,144984412,144984412,66557395,66557395,384272442,384272442,402806037,402806037,265045109,265045109,305058460,305058460,352069078,352069078,372095727
# status f = 299217328,0,1 : PASS_RHO (rho 0.93324, T 2255.2, 0s)
f = 331126239,0,1 | route RHO | claimed 0.96255712420013377368 | coeffs -97934574,20057348,20057348,-16490058,-16490058,28311495,28311495,-154251494,-154251494,-62922379,-62922379,-86900616,-86900616,159485418,159485418,168369950,168369950,235098850,235098850,197404183,197404183,459867416,459867416,415894658,415894658,415949395,415949395,426938750,426938750,270546390,270546390,45673067,45673067,89797646,89797646,-77903109,-77903109,8429895,8429895,-17615376,-17615376,99748984,99748984,42828123,42828123,294546311,294546311,-60983105,-60983105,-29178638,-29178638,196756892,196756892,-18843118,-18843118,-85691208,-85691208,50977329,50977329,-351488979,-351488979,-15907240,-15907240,97934574
f = 331126239,0,1 | route T | claimed 2494.5547526604765115 | coeffs 271861916,-42353097,-42353097,358203755,358203755,-28363651,-28363651,53431814,53431814,121262701,121262701,175633676,175633676,260857412,260857412,389176138,389176138,115214450,115214450,323579894,323579894,313242090,313242090,384668417,384668417,215826919,215826919,493495262,493495262,218012584,218012584,31397278,31397278,191389976,191389976,169581559,169581559,185740886,185740886,232752475,232752475,386770969,386770969,119066828,119066828,3169556,3169556,90372288,90372288,35801430,35801430,151078506,151078506,849396,849396,-118731276,-118731276,-98118351,-98118351,-245362102,-245362102,-428016509,-428016509,-271861916
# status f = 331126239,0,1 : PASS_RHO (rho 0.96256, T 2494.6, 0s)
f = 348499672,0,1 | route RHO | claimed 0.9720086986968796065 | coeffs 681283897,681283897,475961292,475961292,829998437,829998437,598488517,598488517,561498906,561498906,845911922,845911922,709470810,709470810,468438160,468438160,473135587,473135587,368757294,368757294,300401035,300401035,210549034,210549034,397219077,397219077,147235626,147235626,412191372,412191372,206891066,206891066,209778076,209778076,340924907,340924907,350494329,350494329,234688012,234688012,264849640,264849640,413852983,413852983,451873573,451873573,179147981,179147981,27762842,27762842,-293956407,-293956407,-278751297,-278751297,-546538022,-546538022,-566024078,-566024078,-563674075,-563674075,-698258018,-698258018,-717480354,-717480354
f = 348499672,0,1 | route T | claimed 2779.2408508605884535 | coeffs -524662234,-524662234,-334493600,-334493600,-264684673,-264684673,-252811462,-252811462,-166167401,-166167401,-205621698,-205621698,-106902687,-106902687,-411065127,-411065127,-58056559,-58056559,-81700954,-81700954,19600021,19600021,-68617291,-68617291,-140572354,-140572354,-7161953,-7161953,-332593695,-332593695,-186012473,-186012473,-139445422,-139445422,-230229410,-230229410,-50984337,-50984337,-163452796,-163452796,-79329708,-79329708,-209231441,-209231441,-354623214,-354623214,-430128988,-430128988,-101622884,-101622884,20778326,20778326,34968755,34968755,325794296,325794296,127151015,127151015,378756700,378756700,238382944,238382944,439238806,439238806
# status f = 348499672,0,1 : PASS_RHO (rho 0.97201, T 2779.2, 0s)
f = 406514065,0,1 | route RHO | claimed 0.93324320263937729539 | coeffs 588938206,588938206,468965003,468965003,68724247,68724247,227825343,227825343,245362660,245362660,334699705,334699705,393222172,393222172,106884574,106884574,-119577500,-119577500,-165156676,-165156676,-250077575,-250077575,-252315139,-252315139,-208271029,-208271029,124148526,124148526,100729343,100729343,360101562,360101562,223569755,223569755,-30532974,-30532974,-32043224,-32043224,-45058687,-45058687,-167841538,-167841538,-198850262,-198850262,-198535875,-198535875,-405068932,-405068932,-151318191,-151318191,-371778299,-371778299,-483744250,-483744250,-366248932,-366248932,-320708488,-320708488,-619378942,-619378942,-539131538,-539131538,-488343108,-488343108
f = 406514065,0,1 | route T | claimed 2528.5930647457542028 | coeffs -69746563,-69746563,48452585,48452585,175512805,175512805,353929865,353929865,229444951,229444951,219321881,219321881,54644322,54644322,409463119,409463119,538774915,538774915,623031285,623031285,858718084,858718084,622352120,622352120,649255552,649255552,365323157,365323157,434018103,434018103,444567728,444567728,482207388,482207388,420409707,420409707,209136087,209136087,482112496,482112496,713512289,713512289,735437365,735437365,477899804,477899804,241609444,241609444,-29620047,-29620047,-3376775,-3376775,94838155,94838155,-37174777,-37174777,69736870,69736870,94813430,94813430,24109593,24109593,-70696390,-70696390
# status f = 406514065,0,1 : PASS_RHO (rho 0.93324, T 2528.6, 0s)
f = 433874159,0,1 | route RHO | claimed 0.93535431275550184124 | coeffs 547651440,433969364,433969364,239450918,239450918,187161600,187161600,-58286418,-58286418,-5453977,-5453977,-82525031,-82525031,-195227258,-195227258,-379269838,-379269838,-133332350,-133332350,-395616788,-395616788,-288938909,-288938909,-151192097,-151192097,129940862,129940862,-62277635,-62277635,77333193,77333193,-55615704,-55615704,-327870887,-327870887,-204780712,-204780712,-544038887,-544038887,-502396276,-502396276,-433476106,-433476106,-261995710,-261995710,-417033003,-417033003,-271553094,-271553094,-247683475,-247683475,-246671412,-246671412,-362932062,-362932062,-396032136,-396032136,-356243631,-356243631,-280173865,-280173865,-191616945,-191616945,-547651440
f = 433874159,0,1 | route T | claimed 2409.0492453635554737 | coeffs 258300728,208300434,208300434,422540259,422540259,358397321,358397321,340996760,340996760,145954878,145954878,315921857,315921857,367465628,367465628,447796805,447796805,452509545,452509545,714193087,714193087,537475799,537475799,460245883,460245883,507699095,507699095,340615299,340615299,-67285295,-67285295,-8449527,-8449527,-7426968,-7426968,-227382406,-227382406,-104162268,-104162268,-288692809,-288692809,86549576,86549576,240995054,240995054,122321025,122321025,118336241,118336241,144054608,144054608,283177745,283177745,50246613,50246613,37743375,37743375,-74485421,-74485421,-61920394,-61920394,-164502759,-164502759,-258300728
# status f = 433874159,0,1 : PASS_RHO (rho 0.93535, T 2409.0, 0s)
f = 468107216,0,1 | route RHO | claimed 0.95621707352494205095 | coeffs -147643407,-147643407,-195096619,-195096619,-25129640,-25129640,-127712005,-127712005,-123727221,-123727221,-122704662,-122704662,-384388204,-384388204,-448531142,-448531142,-461034380,-461034380,-836276765,-836276765,-1003360561,-1003360561,-1054904332,-1054904332,-961106363,-961106363,-935387996,-935387996,-715432558,-715432558,-892149846,-892149846,-874749285,-874749285,-762520489,-762520489,-608075011,-608075011,-200174417,-200174417,-119843240,-119843240,-69842946,-69842946,-208966083,-208966083,-85745945,-85745945,-8516029,-8516029,-203557911,-203557911,-190992884,-190992884,-72318855,-72318855,-13483087,-13483087,-18195827,-18195827,196043998,196043998,-36887134,-36887134
f = 468107216,0,1 | route T | claimed 3158.2739980374178275 | coeffs -422243469,-422243469,-279205617,-279205617,-335367226,-335367226,-444918956,-444918956,-618443672,-618443672,-832284314,-832284314,-850817909,-850817909,-642851829,-642851829,-749427019,-749427019,-880959176,-880959176,-860932527,-860932527,-615242107,-615242107,-517326428,-517326428,-835041475,-835041475,-678673931,-678673931,-417371319,-417371319,-266196309,-266196309,-219185691,-219185691,-150281398,-150281398,-78457293,-78457293,-30276,-30276,34548313,34548313,268751514,268751514,43523929,43523929,83537280,83537280,318976853,318976853,240697001,240697001,201167015,201167015,389622234,389622234,117503493,117503493,357082174,357082174,219321246,219321246
# status f = 468107216,0,1 : PASS_RHO (rho 0.95622, T 3158.3, 0s)
f = 532987121,0,1 | route RHO | claimed 0.96296249449355698443 | coeffs -248335217,-291081049,-291081049,-292735556,-292735556,-50131252,-50131252,-308334142,-308334142,-234033322,-234033322,133852256,133852256,55237725,55237725,12005973,12005973,15464569,15464569,-9465602,-9465602,-118940334,-118940334,-96616604,-96616604,101186147,101186147,-43174929,-43174929,167794428,167794428,-239478801,-239478801,-66375144,-66375144,-135652167,-135652167,-88068992,-88068992,-102009808,-102009808,50978693,50978693,82186955,82186955,371318821,371318821,190410339,190410339,65797957,65797957,-274627182,-274627182,-133327992,-133327992,-145684154,-145684154,-184433983,-184433983,26498524,26498524,179432288,179432288,248335217
f = 532987121,0,1 | route T | claimed 2190.2921664244992687 | coeffs -170526131,-170526131,-58560180,-58560180,-312662909,-312662909,-86200835,-86200835,-136989265,-136989265,-136674878,-136674878,-469094433,-469094433,-451557116,-451557116,-334061798,-334061798,-332551548,-332551548,-378130724,-378130724,-478725822,-478725822,-272192765,-272192765,-295611948,-295611948,-384948993,-384948993,-430489437,-430489437,-443504900,-443504900,-358584001,-358584001,-478557204,-478557204,-224806463,-224806463,-484178682,-484178682,-425656215,-425656215,-724326669,-724326669,-601543818,-601543818,-603781382,-603781382,-203540626,-203540626,16919482,16919482,-119612325,-119612325,166725273,166725273,86477869,86477869,55469145,55469145,11425035,11425035
# status f = 532987121,0,1 : PASS_RHO (rho 0.96296, T 2190.3, 1s)
f = 567220178,0,1 | route RHO | claimed 0.98626238881585768289 | coeffs -210309776,-210309776,-469681995,-469681995,-389434591,-389434591,-57015036,-57015036,-102555480,-102555480,-100317916,-100317916,-212283867,-212283867,-257863043,-257863043,-511613784,-511613784,-225276186,-225276186,-224961799,-224961799,-135624754,-135624754,-12841903,-12841903,-171942999,-171942999,-173453249,-173453249,-293426452,-293426452,-156894645,-156894645,-106106215,-106106215,-129525398,-129525398,169145056,169145056,125100946,125100946,242596264,242596264,157675365,157675365,378135473,378135473,604597547,604597547,398064490,398064490,456586957,456586957,487595681,487595681,470058364,470058364,457042901,457042901,56802145,56802145,310904874,310904874
f = 567220178,0,1 | route T | claimed 2458.1162189885392091 | coeffs -210309776,-210309776,-469681995,-469681995,-389434591,-389434591,-57015036,-57015036,-102555480,-102555480,-100317916,-100317916,-212283867,-212283867,-257863043,-257863043,-511613784,-511613784,-225276186,-225276186,-224961799,-224961799,-135624754,-135624754,-12841903,-12841903,-171942999,-171942999,-173453249,-173453249,-293426452,-293426452,-156894645,-156894645,-106106215,-106106215,-129525398,-129525398,169145056,169145056,125100946,125100946,242596264,242596264,157675365,157675365,378135473,378135473,604597547,604597547,398064490,398064490,456586957,456586957,487595681,487595681,470058364,470058364,457042901,457042901,56802145,56802145,310904874,310904874
# status f = 567220178,0,1 : PASS_RHO (rho 0.98626, T 2458.1, 0s)
f = 594580272,0,1 | route RHO | claimed 0.93635217751917677162 | coeffs 261018917,261018917,99141417,99141417,54966302,54966302,271190789,271190789,376505432,376505432,440529433,440529433,551730548,551730548,652574532,652574532,368714913,368714913,336264071,336264071,338877775,338877775,-42161420,-42161420,543909,543909,92383399,92383399,424302720,424302720,386663706,386663706,408052872,408052872,396053939,396053939,415763583,415763583,668121075,668121075,358130747,358130747,406112471,406112471,472932290,472932290,300614018,300614018,393629052,393629052,355020822,355020822,172026333,172026333,189123920,189123920,93951682,93951682,-91886521,-91886521,-438977280,-438977280,-166527415,-166527415
f = 594580272,0,1 | route T | claimed 1958.3043976306237998 | coeffs -51025828,-46051470,-46051470,17198735,17198735,55124122,55124122,128925122,128925122,-169533341,-169533341,-208581691,-208581691,35868136,35868136,-174377724,-174377724,-12428872,-12428872,448702837,448702837,245606573,245606573,-119025552,-119025552,35948056,35948056,134048117,134048117,42683238,42683238,307753853,307753853,399984833,399984833,271987493,271987493,427405545,427405545,499904158,499904158,436942086,436942086,541082883,541082883,490734183,490734183,395974278,395974278,520361745,520361745,552936521,552936521,213125678,213125678,335659039,335659039,178197685,178197685,77737667,77737667,51668666,51668666,51025828
# status f = 594580272,0,1 : PASS_RHO (rho 0.93635, T 1958.3, 0s)
f = 652594665,0,1 | route RHO | claimed 0.94907287734253006295 | coeffs 282003727,458721015,458721015,399885247,399885247,24642862,24642862,-114480275,-114480275,-11897910,-11897910,-29298471,-29298471,-24585731,-24585731,-191669527,-191669527,-68449389,-68449389,-72434173,-72434173,-184662969,-184662969,-398902794,-398902794,-450446565,-450446565,-373216649,-373216649,-374239208,-374239208,-528684686,-528684686,-295753554,-295753554,-201955585,-201955585,-396997467,-396997467,-135313925,-135313925,-543214519,-543214519,-727745060,-727745060,-702026693,-702026693,-689461666,-689461666,-625318728,-625318728,-705649905,-705649905,-753103117,-753103117,-533147679,-533147679,-414473650,-414473650,-401970412,-401970412,-451970706,-451970706,-282003727
f = 652594665,0,1 | route T | claimed 2421.7807991377276799 | coeffs -150198643,261731092,261731092,375499229,375499229,343670429,343670429,256947323,256947323,182730577,182730577,469164343,469164343,386116105,386116105,261832174,261832174,712840813,712840813,813442545,813442545,680786775,680786775,642368070,642368070,600024954,600024954,488138949,488138949,478325621,478325621,317400701,317400701,279227056,279227056,304888868,304888868,126672364,126672364,159450814,159450814,341807245,341807245,448819571,448819571,280212588,280212588,-46839090,-46839090,-101338942,-101338942,56676568,56676568,85381219,85381219,167654501,167654501,88503703,88503703,153831251,153831251,267588250,267588250,150198643
# status f = 652594665,0,1 : PASS_RHO (rho 0.94907, T 2421.8, 0s)
f = 669968098,0,1 | route RHO | claimed 0.93541575720954710851 | coeffs -128844804,-128844804,-141348042,-141348042,-146060782,-146060782,-300506260,-300506260,-364649198,-364649198,-305813430,-305813430,-418042226,-418042226,-679725768,-679725768,-561051739,-561051739,-578452300,-578452300,-577429741,-577429741,-564864714,-564864714,-388147426,-388147426,-384162642,-384162642,-579204524,-579204524,-799159962,-799159962,-901742327,-901742327,-824512411,-824512411,-850230778,-850230778,-680263799,-680263799,-557043661,-557043661,-650841630,-650841630,-698294842,-698294842,-837417979,-837417979,-785874208,-785874208,-970404749,-970404749,-920404455,-920404455,-753320659,-753320659,-520389527,-520389527,-440058350,-440058350,-64815965,-64815965,-279055790,-279055790
f = 669968098,0,1 | route T | claimed 2925.0591328877057788 | coeffs 257617850,549164036,549164036,343059379,343059379,319234550,319234550,98690893,98690893,82160561,82160561,123715554,123715554,-339812022,-339812022,-335426843,-335426843,-436101595,-436101595,-631865360,-631865360,-638141894,-638141894,-740055356,-740055356,-413777725,-413777725,-303588604,-303588604,-172376161,-172376161,-93364622,-93364622,-206422652,-206422652,-269489727,-269489727,-59587534,-59587534,17370047,17370047,48979350,48979350,287138513,287138513,32871420,32871420,-90583012,-90583012,-120786985,-120786985,-364666784,-364666784,-403568178,-403568178,-276679564,-276679564,-544958343,-544958343,-419166668,-419166668,-460413290,-460413290,-257617850
# status f = 669968098,0,1 : PASS_RHO (rho 0.93542, T 2925.1, 0s)
f = 701877009,0,1 | route RHO | claimed 0.93635217751917677162 | coeffs -652574532,-652574532,-551730548,-551730548,-440529433,-440529433,-376505432,-376505432,-271190789,-271190789,-54966302,-54966302,-99141417,-99141417,-261018917,-261018917,-166527415,-166527415,-438977280,-438977280,-91886521,-91886521,93951682,93951682,189123920,189123920,172026333,172026333,355020822,355020822,393629052,393629052,300614018,300614018,472932290,472932290,406112471,406112471,358130747,358130747,668121075,668121075,415763583,415763583,396053939,396053939,408052872,408052872,386663706,386663706,424302720,424302720,92383399,92383399,543909,543909,-42161420,-42161420,338877775,338877775,336264071,336264071,368714913,368714913
f = 701877009,0,1 | route T | claimed 3263.2190256442319729 | coeffs -210175016,-210175016,-155016129,-155016129,-125103098,-125103098,37864742,37864742,-33078758,-33078758,62361427,62361427,200101110,200101110,289648835,289648835,33701031,33701031,140769136,140769136,123851217,123851217,35237280,35237280,292926633,292926633,445062183,445062183,754819938,754819938,657103818,657103818,303961716,303961716,154681197,154681197,392682540,392682540,468348688,468348688,572623635,572623635,758567575,758567575,443882949,443882949,572260515,572260515,733464099,733464099,779324466,779324466,694632136,694632136,682645642,682645642,804993156,804993156,632074637,632074637,586809455,586809455,258252291,258252291
# status f = 701877009,0,1 : PASS_RHO (rho 0.93635, T 3263.2, 0s)
f = 703932580,0,1 | route RHO | claimed 0.96296249449355698443 | coeffs 12005973,12005973,55237725,55237725,133852256,133852256,-234033322,-234033322,-308334142,-308334142,-50131252,-50131252,-292735556,-292735556,-291081049,-291081049,-248335217,-248335217,-179432288,-179432288,-26498524,-26498524,184433983,184433983,145684154,145684154,133327992,133327992,274627182,274627182,-65797957,-65797957,-190410339,-190410339,-371318821,-371318821,-82186955,-82186955,-50978693,-50978693,102009808,102009808,88068992,88068992,135652167,135652167,66375144,66375144,239478801,239478801,-167794428,-167794428,43174929,43174929,-101186147,-101186147,96616604,96616604,118940334,118940334,9465602,9465602,-15464569,-15464569
f = 703932580,0,1 | route T | claimed 2982.8584918077697256 | coeffs 309163449,309163449,279108704,279108704,495202152,495202152,289741058,289741058,474971599,474971599,563998902,563998902,619324871,619324871,250718200,250718200,328259952,328259952,318287409,318287409,-1508787,-1508787,-25164818,-25164818,120201484,120201484,85640406,85640406,229095443,229095443,264228688,264228688,-159973268,-159973268,334143646,334143646,208506620,208506620,95016137,95016137,-62654511,-62654511,42018840,42018840,-125540237,-125540237,-11665005,-11665005,50367768,50367768,111928834,111928834,98675604,98675604,272001811,272001811,245658151,245658151,140671240,140671240,60177960,60177960,-167400768,-167400768
# status f = 703932580,0,1 : PASS_RHO (rho 0.96296, T 2982.9, 1s)
f = 715439115,0,1 | route RHO | claimed 0.9342721952581998525 | coeffs 576699595,679281960,679281960,494751419,494751419,490038679,490038679,477473652,477473652,600693790,600693790,520362613,520362613,632591409,632591409,412635971,412635971,361092200,361092200,373595438,373595438,374617997,374617997,204651018,204651018,437582150,437582150,496417918,496417918,691459800,691459800,552336663,552336663,144436069,144436069,161836630,161836630,136118263,136118263,-30965533,-30965533,33177405,33177405,37162189,37162189,84615401,84615401,-129624424,-129624424,-10950395,-10950395,-88180311,-88180311,-38180017,-38180017,-192625495,-192625495,-369342783,-369342783,-463140752,-463140752,-838383137,-838383137,-576699595
f = 715439115,0,1 | route T | claimed 2362.7158144590687771 | coeffs 56165121,360327561,360327561,688833665,688833665,665189270,665189270,650998841,650998841,739216153,739216153,540572872,540572872,673983273,673983273,814357029,814357029,667775807,667775807,753199235,753199235,662415247,662415247,732224174,732224174,844692633,844692633,758048572,758048572,628146839,628146839,726865850,726865850,802371624,802371624,449363056,449363056,571764266,571764266,673065241,673065241,382239700,382239700,454194763,454194763,705800448,705800448,380368706,380368706,179512844,179512844,132945793,132945793,-57222841,-57222841,122022232,122022232,133895443,133895443,49772355,49772355,89226652,89226652,-56165121
# status f = 715439115,0,1 : PASS_RHO (rho 0.93427, T 2362.7, 0s)
f = 766747840,0,1 | route RHO | claimed 0.94862222570041300916 | coeffs -769853902,-769853902,-802632352,-802632352,-831337003,-831337003,-717568866,-717568866,-266560227,-266560227,-427485147,-427485147,-596092130,-596092130,-530764582,-530764582,-456547836,-456547836,-418129131,-418129131,-239912627,-239912627,-397928137,-397928137,14001598,14001598,-110282333,-110282333,-120095661,-120095661,-13083335,-13083335,-92234133,-92234133,-5511027,-5511027,127144743,127144743,101482931,101482931,155982783,155982783,273372390,273372390,190324152,190324152,78438147,78438147,260794578,260794578,343067860,343067860,374896660,374896660,274294928,274294928,312468573,312468573,639520251,639520251,525763252,525763252,812197018,812197018
f = 766747840,0,1 | route T | claimed 2567.518105695033488 | coeffs 585835781,742367814,742367814,898667979,898667979,919573218,919573218,1049578844,1049578844,1026594695,1026594695,904092160,904092160,864161218,864161218,934049190,934049190,1002132043,1002132043,843792209,843792209,1096199045,1096199045,987791468,987791468,1169451373,1169451373,804088689,804088689,1003878394,1003878394,873317966,873317966,726851343,726851343,877957204,877957204,678765639,678765639,531919440,531919440,367412618,367412618,665921334,665921334,401950505,401950505,339606970,339606970,199887290,199887290,-69113202,-69113202,-239603796,-239603796,-450677669,-450677669,-227674727,-227674727,-351271800,-351271800,-374161038,-374161038,-585835781
# status f = 766747840,0,1 : PASS_RHO (rho 0.94862, T 2567.5, 0s)
f = 768272154,0,1 | route RHO | claimed 0.94578130253802283931 | coeffs 182487540,182487540,56463415,56463415,-3976524,-3976524,131361527,131361527,-28465675,-28465675,-18890910,-18890910,188799264,188799264,43543709,43543709,156843869,156843869,61299160,61299160,201045188,201045188,-166624363,-166624363,53312593,53312593,-126178945,-126178945,-263495548,-263495548,-218332544,-218332544,-491408967,-491408967,-471454656,-471454656,-649930684,-649930684,-416802354,-416802354,-308054678,-308054678,-140483342,-140483342,-273349497,-273349497,-236692301,-236692301,-71930612,-71930612,-211469414,-211469414,-324687225,-324687225,63711832,63711832,229541947,229541947,252115089,252115089,82691884,82691884,-1500909,-1500909
f = 768272154,0,1 | route T | claimed 2155.5674859430117386 | coeffs 751537892,751537892,864158152,864158152,447201558,447201558,437722453,437722453,322518511,322518511,210129977,210129977,243770176,243770176,264597976,264597976,148843618,148843618,367841227,367841227,242457591,242457591,154469877,154469877,-32987090,-32987090,-76569678,-76569678,-384612087,-384612087,-397740310,-397740310,-378951306,-378951306,-407828724,-407828724,-460113144,-460113144,-261725871,-261725871,-92752633,-92752633,-92681281,-92681281,116619895,116619895,-109001248,-109001248,-182371987,-182371987,-291851617,-291851617,-538096311,-538096311,-510096273,-510096273,-250778791,-250778791,-310558929,-310558929,-746619047,-746619047,-659165696,-659165696
# status f = 768272154,0,1 : PASS_RHO (rho 0.94578, T 2155.6, 0s)
f = 800026258,0,1 | route RHO | claimed 0.98626238881585768289 | coeffs -125100946,-125100946,-169145056,-169145056,129525398,129525398,106106215,106106215,156894645,156894645,293426452,293426452,173453249,173453249,171942999,171942999,12841903,12841903,135624754,135624754,224961799,224961799,225276186,225276186,511613784,511613784,257863043,257863043,212283867,212283867,100317916,100317916,102555480,102555480,57015036,57015036,389434591,389434591,469681995,469681995,210309776,210309776,310904874,310904874,56802145,56802145,457042901,457042901,470058364,470058364,487595681,487595681,456586957,456586957,398064490,398064490,604597547,604597547,378135473,378135473,157675365,157675365,242596264,242596264
f = 800026258,0,1 | route T | claimed 2728.3881736509545487 | coeffs -125100946,-125100946,-169145056,-169145056,129525398,129525398,106106215,106106215,156894645,156894645,293426452,293426452,173453249,173453249,171942999,171942999,12841903,12841903,135624754,135624754,224961799,224961799,225276186,225276186,511613784,511613784,257863043,257863043,212283867,212283867,100317916,100317916,102555480,102555480,57015036,57015036,389434591,389434591,469681995,469681995,210309776,210309776,310904874,310904874,56802145,56802145,457042901,457042901,470058364,470058364,487595681,487595681,456586957,456586957,398064490,398064490,604597547,604597547,378135473,378135473,157675365,157675365,242596264,242596264
# status f = 800026258,0,1 : PASS_RHO (rho 0.98626, T 2728.4, 0s)
f = 838846976,0,1 | route RHO | claimed 0.96453123522467987655 | coeffs 503395055,446399159,446399159,230483242,230483242,529254762,529254762,366752748,366752748,397176218,397176218,411533940,411533940,385885776,385885776,252040624,252040624,517243150,517243150,628761809,628761809,171688328,171688328,450701372,450701372,635216322,635216322,343894848,343894848,350086103,350086103,278150613,278150613,62716099,62716099,59956210,59956210,156528801,156528801,207336958,207336958,146325538,146325538,208218904,208218904,-117853826,-117853826,181264056,181264056,148955784,148955784,33399038,33399038,-77413018,-77413018,-109227981,-109227981,-417841583,-417841583,-368884789,-368884789,-470696986,-470696986,-503395055
f = 838846976,0,1 | route T | claimed 2112.4180074749234114 | coeffs -505427013,-505427013,-549551592,-549551592,-366988603,-366988603,-115270415,-115270415,-152965082,-152965082,-289633619,-289633619,-64760296,-64760296,-109561849,-109561849,-166482710,-166482710,-99753810,-99753810,-32905720,-32905720,123486640,123486640,160034046,160034046,277398406,277398406,286282938,286282938,501882948,501882948,490893593,490893593,372901671,372901671,346856400,346856400,593242434,593242434,367306904,367306904,367252167,367252167,481093981,481093981,567426985,567426985,543448748,543448748,511644281,511644281,555617039,555617039,891198778,891198778,723498023,723498023,814827138,814827138,1170356554,1170356554,907893321,907893321
# status f = 838846976,0,1 : PASS_RHO (rho 0.96453, T 2112.4, 0s)
f = 849039393,0,1 | route RHO | claimed 0.94862222570041300916 | coeffs -266560227,-717568866,-717568866,-831337003,-831337003,-802632352,-802632352,-769853902,-769853902,-812197018,-812197018,-525763252,-525763252,-639520251,-639520251,-312468573,-312468573,-274294928,-274294928,-374896660,-374896660,-343067860,-343067860,-260794578,-260794578,-78438147,-78438147,-190324152,-190324152,-273372390,-273372390,-155982783,-155982783,-101482931,-101482931,-127144743,-127144743,5511027,5511027,92234133,92234133,13083335,13083335,120095661,120095661,110282333,110282333,-14001598,-14001598,397928137,397928137,239912627,239912627,418129131,418129131,456547836,456547836,530764582,530764582,596092130,596092130,427485147,427485147,266560227
f = 849039393,0,1 | route T | claimed 3336.3278317389008555 | coeffs -358371971,-358371971,-552890417,-552890417,-464333497,-464333497,-431233423,-431233423,-407363804,-407363804,-578844200,-578844200,-918102375,-918102375,-785153478,-785153478,-504020519,-504020519,-241736081,-241736081,-354438308,-354438308,-108990290,-108990290,-222672366,-222672366,-146602600,-146602600,-30341950,-30341950,115137959,115137959,46217789,46217789,169307964,169307964,29697136,29697136,167443948,167443948,-78493540,-78493540,-155564594,-155564594,-103275276,-103275276,252759219,252759219,292547724,292547724,291535661,291535661,136498368,136498368,94855757,94855757,-177399426,-177399426,14819071,14819071,121496950,121496950,305539530,305539530
# status f = 849039393,0,1 : PASS_RHO (rho 0.94862, T 3336.3, 0s)
f = 916431686,0,1 | route RHO | claimed 0.94179001659518903742 | coeffs 148305119,96761348,96761348,155597116,155597116,129878749,129878749,-84361076,-84361076,-261078364,-261078364,-76547823,-76547823,-188776619,-188776619,-18809640,-18809640,389090954,389090954,385106170,385106170,335105876,335105876,73422334,73422334,196642472,196642472,209145710,209145710,404187592,404187592,237103796,237103796,355777825,355777825,261979856,261979856,266692596,266692596,486648034,486648034,253716902,253716902,236316341,236316341,188863129,188863129,343308607,343308607,445890972,445890972,365559795,365559795,366582354,366582354,227459217,227459217,291602155,291602155,214372239,214372239,-160870146,-160870146,-148305119
f = 916431686,0,1 | route T | claimed 3078.256016854466755 | coeffs -78463366,-131254920,-131254920,120848675,120848675,25196790,25196790,199552838,199552838,186260755,186260755,101910142,101910142,102689187,102689187,278328562,278328562,456044725,456044725,598823565,598823565,743116604,743116604,652496626,652496626,650109824,650109824,654551973,654551973,558018627,558018627,117559613,117559613,309769626,309769626,156629682,156629682,156428699,156428699,471945461,471945461,286333653,286333653,343138619,343138619,401308290,401308290,717953442,717953442,362824730,362824730,356045155,356045155,88208588,88208588,-15991726,-15991726,61679563,61679563,113663916,113663916,-70842469,-70842469,78463366
# status f = 916431686,0,1 : PASS_RHO (rho 0.94179, T 3078.3, 0s)
f = 975141803,0,1 | route RHO | claimed 0.96255712420013377368 | coeffs 28311495,28311495,-16490058,-16490058,20057348,20057348,-97934574,-97934574,15907240,15907240,351488979,351488979,-50977329,-50977329,85691208,85691208,18843118,18843118,-196756892,-196756892,29178638,29178638,60983105,60983105,-294546311,-294546311,-42828123,-42828123,-99748984,-99748984,17615376,17615376,-8429895,-8429895,77903109,77903109,-89797646,-89797646,-45673067,-45673067,-270546390,-270546390,-426938750,-426938750,-415949395,-415949395,-415894658,-415894658,-459867416,-459867416,-197404183,-197404183,-235098850,-235098850,-168369950,-168369950,-159485418,-159485418,86900616,86900616,62922379,62922379,154251494,154251494
f = 975141803,0,1 | route T | claimed 2709.9269679862305381 | coeffs -39196374,-39196374,88493266,88493266,346355933,346355933,169616629,169616629,288497446,288497446,467932782,467932782,288782404,288782404,542759418,542759418,549754986,549754986,597121142,597121142,517751642,517751642,358007627,358007627,92819631,92819631,379272057,379272057,397051079,397051079,138386926,138386926,247895673,247895673,332469937,332469937,519873706,519873706,405193642,405193642,220294022,220294022,315441846,315441846,633277747,633277747,407803528,407803528,178970877,178970877,264073361,264073361,147695842,147695842,429648958,429648958,441461963,441461963,449370608,449370608,247809742,247809742,236972895,236972895
# status f = 975141803,0,1 : PASS_RHO (rho 0.96256, T 2709.9, 0s)
f = 993267010,0,1 | route RHO | claimed 0.94907287734253006295 | coeffs -543214519,-543214519,-135313925,-135313925,-396997467,-396997467,-201955585,-201955585,-295753554,-295753554,-528684686,-528684686,-374239208,-374239208,-373216649,-373216649,-450446565,-450446565,-398902794,-398902794,-184662969,-184662969,-72434173,-72434173,-68449389,-68449389,-191669527,-191669527,-24585731,-24585731,-29298471,-29298471,-11897910,-11897910,-114480275,-114480275,24642862,24642862,399885247,399885247,458721015,458721015,282003727,282003727,451970706,451970706,401970412,401970412,414473650,414473650,533147679,533147679,753103117,753103117,705649905,705649905,625318728,625318728,689461666,689461666,702026693,702026693,727745060,727745060
f = 993267010,0,1 | route T | claimed 2377.2782138933443946 | coeffs 104698534,104698534,-110719055,-110719055,89717415,89717415,26665073,26665073,-110317851,-110317851,-290643276,-290643276,-128775141,-128775141,-327484620,-327484620,-380601052,-380601052,-317547668,-317547668,-441150851,-441150851,-406561030,-406561030,-443677986,-443677986,-389845359,-389845359,-571505880,-571505880,-310530093,-310530093,-264895264,-264895264,-334087082,-334087082,47035101,47035101,-183089391,-183089391,-124621661,-124621661,-216071708,-216071708,136060109,136060109,10175658,10175658,-35061393,-35061393,-562497,-562497,268693008,268693008,86686808,86686808,18776876,18776876,-96351462,-96351462,71066275,71066275,177550300,177550300
# status f = 993267010,0,1 : PASS_RHO (rho 0.94907, T 2377.3, 0s)
# summary n = 7 l = 1001094337 : EXCLUSION_CANDIDATE ; PASS 32 / 32 ; OPEN_NEAR 0 ; OPEN_FAR 0 ; 15s
