# FAMILY WITNESS FILE (generator family_gen.sage r10). n = 7 ; l = 1001023553 ; m = 64 ; deg = 2 ; ncomp = 32 ; bar_T = 4224 ; L_n = 16.3328709449664096755483535644
# line: f = c0,...,c_deg (monic, over F_l) | route RHO|T | claimed (rho or T, float) | coeffs a_0..a_{m-1}
f = 95700106,0,1 | route RHO | claimed 0.95615922842520875895 | coeffs 185834626,-11397746,-11397746,149443509,149443509,375995796,375995796,285743495,285743495,146209785,146209785,47112351,47112351,292195700,292195700,131624867,131624867,262638864,262638864,254411933,254411933,255525160,255525160,87857844,87857844,-21185778,-21185778,361567759,361567759,388471525,388471525,315826395,315826395,511057780,511057780,388070581,388070581,185483796,185483796,222851171,222851171,-27245940,-27245940,-141249915,-141249915,-67816424,-67816424,-316703794,-316703794,-367540711,-367540711,-95497757,-95497757,-300996329,-300996329,-206327490,-206327490,-131676101,-131676101,-202881506,-202881506,-249850221,-249850221,-185834626
f = 95700106,0,1 | route T | claimed 2612.981991728347694 | coeffs 0,-46262968,0,54432986,0,277180562,0,-66932422,0,-232408081,0,6921126,0,124276905,0,115277712,0,131965865,0,21179029,0,48675077,0,260956143,0,33319704,0,27283813,0,15289127,0,-3470682,0,177030767,0,440550070,0,114657671,0,-237461217,0,-232592646,0,105117317,0,-16768445,0,236791692,0,-114482473,0,-35188741,0,193274119,0,-153047767,0,-255391796,0,-215664122,0,13219126,0,73770124
# status f = 95700106,0,1 : PASS_RHO (rho 0.95616, T 2613.0, 1s)
f = 118529270,0,1 | route RHO | claimed 0.96699368700706654745 | coeffs -4359054,-220041483,-220041483,-235676758,-235676758,-157540996,-157540996,-273196506,-273196506,-56192298,-56192298,18491341,18491341,-162567826,-162567826,-100617986,-100617986,-55101411,-55101411,-60617716,-60617716,-181413238,-181413238,-67249180,-67249180,-97899912,-97899912,-128855774,-128855774,22854963,22854963,-91794324,-91794324,-321897544,-321897544,-297573356,-297573356,-247148112,-247148112,-104727097,-104727097,41437640,41437640,205915858,205915858,144200943,144200943,318277461,318277461,296468102,296468102,362051274,362051274,718396689,718396689,421784858,421784858,379500269,379500269,314731265,314731265,-184700289,-184700289,4359054
f = 118529270,0,1 | route T | claimed 2577.6634156746252123 | coeffs 848271468,739845290,739845290,786711217,786711217,780953746,780953746,1034348487,1034348487,1143613560,1143613560,1071957727,1071957727,971125743,971125743,816182187,816182187,971141538,971141538,974777581,974777581,969773032,969773032,1069282269,1069282269,996954590,996954590,1013702072,1013702072,1111722787,1111722787,1000713759,1000713759,1101178903,1101178903,975072450,975072450,934602398,934602398,869323623,869323623,958866209,958866209,775586070,775586070,828994989,828994989,520702859,520702859,222665244,222665244,167733139,167733139,-2480888,-2480888,-483311353,-483311353,-672695522,-672695522,-877301865,-877301865,-1042056263,-1042056263,-848271468
# status f = 118529270,0,1 : PASS_RHO (rho 0.96699, T 2577.7, 0s)
f = 183984358,0,1 | route RHO | claimed 0.91375583813296169938 | coeffs -55205243,-55205243,105636012,105636012,132539778,132539778,227208617,227208617,96194620,96194620,210198595,210198595,436750882,436750882,364105752,364105752,438757141,438757141,446984072,446984072,373550581,373550581,283298280,283298280,478529665,478529665,407324260,407324260,406211033,406211033,655098403,655098403,515564693,515564693,392577494,392577494,345608779,345608779,513276095,513276095,564113012,564113012,465015578,465015578,262428793,262428793,326444388,326444388,435488010,435488010,163445056,163445056,408528405,408528405,445895780,445895780,643128152,643128152,260374615,260374615,465873187,465873187,305302354,305302354
f = 183984358,0,1 | route T | claimed 1720.579466663185175 | coeffs 106794926,106794926,360189667,360189667,355185118,355185118,229078665,229078665,-68958950,-68958950,124825845,124825845,225657829,225657829,208910347,208910347,119367761,119367761,600198226,600198226,594440755,594440755,598076798,598076798,698541942,698541942,390249812,390249812,225495414,225495414,297151247,297151247,369478926,369478926,434757701,434757701,604971728,604971728,651837655,651837655,806797006,806797006,695787978,695787978,749196897,749196897,544590554,544590554,435325481,435325481,335816244,335816244,376286296,376286296,431218401,431218401,322792223,322792223,167848667,167848667,265869382,265869382,82589243,82589243
# status f = 183984358,0,1 : PASS_RHO (rho 0.91376, T 1720.6, 1s)
f = 199252233,0,1 | route RHO | claimed 0.95477851082567900081 | coeffs -123757855,-95930184,-95930184,-80383184,-80383184,-25067775,-25067775,-111752615,-111752615,-170060415,-170060415,-101270832,-101270832,-136926113,-136926113,-236125556,-236125556,76082274,76082274,66376281,66376281,198458786,198458786,-44250172,-44250172,-74540588,-74540588,-192340689,-192340689,-86646004,-86646004,-542070088,-542070088,-470275994,-470275994,-568177799,-568177799,-599777359,-599777359,-390357289,-390357289,-356193460,-356193460,-372508022,-372508022,-585006638,-585006638,-256928258,-256928258,-336311316,-336311316,-345514937,-345514937,-396442968,-396442968,-235983107,-235983107,-85092719,-85092719,266451217,266451217,55204480,55204480,123757855
f = 199252233,0,1 | route T | claimed 3111.4827678449386887 | coeffs -59817967,-13413148,-13413148,103936525,103936525,-297011247,-297011247,-240131594,-240131594,-175268517,-175268517,-89229686,-89229686,-207143800,-207143800,-8378535,-8378535,-354394222,-354394222,-435336153,-435336153,-327083373,-327083373,-366708119,-366708119,-179334425,-179334425,-204865606,-204865606,-184617892,-184617892,68887821,68887821,-10788115,-10788115,72657826,72657826,253427576,253427576,302450382,302450382,357309706,357309706,155745857,155745857,142167348,142167348,90976150,90976150,169678051,169678051,-65236143,-65236143,-70709411,-70709411,-226567142,-226567142,-185493161,-185493161,-271320426,-271320426,-384330483,-384330483,59817967
# status f = 199252233,0,1 : PASS_RHO (rho 0.95478, T 3111.5, 1s)
f = 253433836,0,1 | route RHO | claimed 0.93966363532913755775 | coeffs 446149091,545658328,545658328,654084506,654084506,837364645,837364645,832360096,832360096,1026144891,1026144891,936602305,936602305,940238348,940238348,775483950,775483950,840762725,840762725,995722076,995722076,791115733,791115733,831585785,831585785,676642229,676642229,487258060,487258060,613364513,613364513,512532529,512532529,31702064,31702064,-68763080,-68763080,-140418913,-140418913,-310632940,-310632940,-199623912,-199623912,-90358839,-90358839,-145290944,-145290944,-243311659,-243311659,10083082,10083082,-287954533,-287954533,-304702015,-304702015,-310459486,-310459486,-618751616,-618751616,-546423937,-546423937,-499558010,-499558010,-446149091
f = 253433836,0,1 | route T | claimed 1877.5973337716182286 | coeffs 68763080,140418913,140418913,310632940,310632940,199623912,199623912,90358839,90358839,145290944,145290944,243311659,243311659,-10083082,-10083082,287954533,287954533,304702015,304702015,310459486,310459486,618751616,618751616,546423937,546423937,499558010,499558010,446149091,446149091,545658328,545658328,654084506,654084506,837364645,837364645,832360096,832360096,1026144891,1026144891,936602305,936602305,940238348,940238348,775483950,775483950,840762725,840762725,995722076,995722076,791115733,791115733,831585785,831585785,676642229,676642229,487258060,487258060,613364513,613364513,512532529,512532529,31702064,31702064,-68763080
# status f = 253433836,0,1 : PASS_RHO (rho 0.93966, T 1877.6, 1s)
f = 257434841,0,1 | route RHO | claimed 0.9032086314612640509 | coeffs -184775973,-184775973,-581284122,-581284122,-415991736,-415991736,-530580951,-530580951,-470122563,-470122563,-248900662,-248900662,-503286240,-503286240,-288048863,-288048863,-45283850,-45283850,-250084904,-250084904,-92238360,-92238360,139631691,139631691,131528669,131528669,-213527075,-213527075,-201379096,-201379096,-248217450,-248217450,-181693420,-181693420,-41272354,-41272354,-3060882,-3060882,40545486,40545486,20659784,20659784,-60680675,-60680675,-114212734,-114212734,37375747,37375747,239223993,239223993,89080041,89080041,212897409,212897409,130826620,130826620,-11109166,-11109166,212609761,212609761,229059204,229059204,123311362,123311362
f = 257434841,0,1 | route T | claimed 2123.4712701797779937 | coeffs -501328407,-501328407,-573656086,-573656086,-320261345,-320261345,-150047318,-150047318,-23940865,-23940865,-178900216,-178900216,14884579,14884579,68293498,68293498,85040980,85040980,194306053,194306053,675136518,675136518,715606570,715606570,711970527,711970527,820396705,820396705,512104575,512104575,610125290,610125290,538469457,538469457,727853626,727853626,793132401,793132401,798136950,798136950,751271023,751271023,453233408,453233408,342224380,342224380,241392396,241392396,445998739,445998739,356456153,356456153,256946916,256946916,262704387,262704387,207772282,207772282,308237426,308237426,153293870,153293870,318048268,318048268
# status f = 257434841,0,1 : PASS_RHO (rho 0.90321, T 2123.5, 0s)
f = 291956988,0,1 | route RHO | claimed 0.93240668622713927624 | coeffs -197504053,-197504053,29048234,29048234,100253639,100253639,151090556,151090556,113723181,113723181,86819415,86819415,95046346,95046346,234580056,234580056,298595651,298595651,93097079,93097079,-20906896,-20906896,174324489,174324489,6657173,6657173,251740522,251740522,412581777,412581777,337930388,337930388,586817758,586817758,789404543,789404543,406651006,406651006,275637009,275637009,365889310,365889310,318920595,318920595,590963549,590963549,340866438,340866438,268221308,268221308,269334535,269334535,170237101,170237101,-26995271,-26995271,-121664110,-121664110,-195097601,-195097601,-72110402,-72110402,36933220,36933220
f = 291956988,0,1 | route T | claimed 2872.1144647074110532 | coeffs 315850720,206585647,206585647,389865786,389865786,289033802,289033802,-19258328,-19258328,-174217679,-174217679,-119285574,-119285574,-124290123,-124290123,-605120588,-605120588,-532792909,-532792909,-328186566,-328186566,-230165851,-230165851,-36381056,-36381056,-136846200,-136846200,-89980273,-89980273,-130450325,-130450325,-383845066,-383845066,-473387652,-473387652,-545043485,-545043485,-491634566,-491634566,-336691010,-336691010,-38653395,-38653395,-35017352,-35017352,-205231379,-205231379,-304740616,-304740616,-115356447,-115356447,-98608965,-98608965,-263363363,-263363363,-152354335,-152354335,-260780513,-260780513,-386886966,-386886966,-381129495,-381129495,-315850720
# status f = 291956988,0,1 : PASS_RHO (rho 0.93241, T 2872.1, 0s)
f = 294403759,0,1 | route RHO | claimed 0.93240668622713927624 | coeffs 95046346,95046346,86819415,86819415,113723181,113723181,151090556,151090556,100253639,100253639,29048234,29048234,-197504053,-197504053,-36933220,-36933220,72110402,72110402,195097601,195097601,121664110,121664110,26995271,26995271,-170237101,-170237101,-269334535,-269334535,-268221308,-268221308,-340866438,-340866438,-590963549,-590963549,-318920595,-318920595,-365889310,-365889310,-275637009,-275637009,-406651006,-406651006,-789404543,-789404543,-586817758,-586817758,-337930388,-337930388,-412581777,-412581777,-251740522,-251740522,-6657173,-6657173,-174324489,-174324489,20906896,20906896,-93097079,-93097079,-298595651,-298595651,-234580056,-234580056
f = 294403759,0,1 | route T | claimed 2030.321768019531412 | coeffs -532792909,-605120588,-605120588,-124290123,-124290123,-119285574,-119285574,-174217679,-174217679,-19258328,-19258328,289033802,289033802,389865786,389865786,206585647,206585647,315850720,315850720,381129495,381129495,386886966,386886966,260780513,260780513,152354335,152354335,263363363,263363363,98608965,98608965,115356447,115356447,304740616,304740616,205231379,205231379,35017352,35017352,38653395,38653395,336691010,336691010,491634566,491634566,545043485,545043485,473387652,473387652,383845066,383845066,130450325,130450325,89980273,89980273,136846200,136846200,36381056,36381056,230165851,230165851,328186566,328186566,532792909
# status f = 294403759,0,1 : PASS_RHO (rho 0.93241, T 2030.3, 0s)
f = 306048575,0,1 | route RHO | claimed 0.95615922842520875895 | coeffs -47112351,-47112351,-146209785,-146209785,-285743495,-285743495,-375995796,-375995796,-149443509,-149443509,11397746,11397746,-185834626,-185834626,-249850221,-249850221,-202881506,-202881506,-131676101,-131676101,-206327490,-206327490,-300996329,-300996329,-95497757,-95497757,-367540711,-367540711,-316703794,-316703794,-67816424,-67816424,-141249915,-141249915,-27245940,-27245940,222851171,222851171,185483796,185483796,388070581,388070581,511057780,511057780,315826395,315826395,388471525,388471525,361567759,361567759,-21185778,-21185778,87857844,87857844,255525160,255525160,254411933,254411933,262638864,262638864,131624867,131624867,292195700,292195700
f = 306048575,0,1 | route T | claimed 2565.7956050154743452 | coeffs -7612141,-7612141,-177826168,-177826168,130465962,130465962,220008548,220008548,346115001,346115001,444135716,444135716,344626479,344626479,499585830,499585830,571241663,571241663,565484192,565484192,759268987,759268987,948653156,948653156,893721051,893721051,840312132,840312132,775033357,775033357,674568213,674568213,691315695,691315695,696320244,696320244,541376688,541376688,432111615,432111615,478977542,478977542,314223144,314223144,795053609,795053609,497015994,497015994,680296133,680296133,639826081,639826081,750835109,750835109,678507430,678507430,674871387,674871387,574039403,574039403,320644662,320644662,212218484,212218484
# status f = 306048575,0,1 : PASS_RHO (rho 0.95616, T 2565.8, 0s)
f = 306480289,0,1 | route RHO | claimed 0.94850530871473852631 | coeffs -160703528,-160703528,-51659906,-51659906,19545499,19545499,46449265,46449265,110464860,110464860,-84766525,-84766525,76074730,76074730,-126512055,-126512055,-36259754,-36259754,213837357,213837357,114739923,114739923,188173414,188173414,348744247,348744247,399581164,399581164,391354233,391354233,185855661,185855661,353522977,353522977,278871588,278871588,661625125,661625125,614656410,614656410,687301540,687301540,490069168,490069168,367081969,367081969,140529682,140529682,103162307,103162307,-36371403,-36371403,-150375378,-150375378,-395458727,-395458727,-146571357,-146571357,-15557360,-15557360,256485594,256485594,255372367,255372367
f = 306480289,0,1 | route T | claimed 2730.0882974025851548 | coeffs -726461582,-718037526,-718037526,-936899420,-936899420,-944894003,-944894003,-702464621,-702464621,-1079000145,-1079000145,-840433253,-840433253,-975722338,-975722338,-1143855229,-1143855229,-1167746677,-1167746677,-1003656319,-1003656319,-1025665517,-1025665517,-886639507,-886639507,-527857601,-527857601,-848516741,-848516741,-749648600,-749648600,-474178009,-474178009,-524687815,-524687815,-385719917,-385719917,-262581774,-262581774,-199525362,-199525362,-334214718,-334214718,-133184081,-133184081,-113563934,-113563934,119687526,119687526,359030202,359030202,253054853,253054853,606931393,606931393,406181331,406181331,323500163,323500163,390133618,390133618,523149749,523149749,726461582
# status f = 306480289,0,1 : PASS_RHO (rho 0.94851, T 2730.1, 1s)
f = 345294479,0,1 | route RHO | claimed 0.94966227784738670343 | coeffs 35188741,35188741,131965865,131965865,236791692,236791692,-124276905,-124276905,-105117317,-105117317,-232408081,-232408081,-237461217,-237461217,-277180562,-277180562,-440550070,-440550070,-46262968,-46262968,-3470682,-3470682,13219126,13219126,-27283813,-27283813,255391796,255391796,260956143,260956143,193274119,193274119,-21179029,-21179029,114482473,114482473,115277712,115277712,-16768445,-16768445,-6921126,-6921126,232592646,232592646,-66932422,-66932422,114657671,114657671,-54432986,-54432986,-177030767,-177030767,-73770124,-73770124,15289127,15289127,-215664122,-215664122,-33319704,-33319704,153047767,153047767,48675077,48675077
f = 345294479,0,1 | route T | claimed 2974.4080934657434596 | coeffs 208530014,208530014,224844576,224844576,275772607,275772607,207219232,207219232,148911432,148911432,139205439,139205439,244900124,244900124,454320194,454320194,374937136,374937136,726481072,726481072,671165663,671165663,770365106,770365106,800655522,800655522,898557327,898557327,1111055943,1111055943,950596082,950596082,978423753,978423753,1047213336,1047213336,1179295841,1179295841,723871757,723871757,758035586,758035586,748831965,748831965,537585228,537585228,624270068,624270068,312062238,312062238,429862339,429862339,461461899,461461899,133383519,133383519,-17506869,-17506869,-1959869,-1959869,-37615150,-37615150,-280324108,-280324108
# status f = 345294479,0,1 : PASS_RHO (rho 0.94966, T 2974.4, 0s)
f = 348552194,0,1 | route RHO | claimed 0.97569538837080530901 | coeffs 277776304,277776304,79577209,79577209,235854205,235854205,79262975,79262975,236889094,236889094,240585218,240585218,232330799,232330799,372843348,372843348,206882542,206882542,72117033,72117033,-261008277,-261008277,-377399836,-377399836,-207861675,-207861675,-145458260,-145458260,-12853153,-12853153,-46054252,-46054252,-121739884,-121739884,188678079,188678079,-219979040,-219979040,-101292141,-101292141,-22713522,-22713522,-62539876,-62539876,135017322,135017322,150000087,150000087,70555564,70555564,222678104,222678104,390912874,390912874,148456001,148456001,-87640257,-87640257,-132832479,-132832479,-354884309,-354884309,-400514750,-400514750
f = 348552194,0,1 | route T | claimed 2459.0022614883789664 | coeffs 334725639,323336139,323336139,425902288,425902288,429906440,429906440,398472172,398472172,475116779,475116779,281277670,281277670,81565596,81565596,134836768,134836768,95114324,95114324,127296160,127296160,120967732,120967732,272349071,272349071,3287974,3287974,438347330,438347330,660428918,660428918,434159667,434159667,260599069,260599069,235032391,235032391,-81783024,-81783024,170339753,170339753,234844003,234844003,157330471,157330471,55244374,55244374,280908244,280908244,-100147591,-100147591,50532095,50532095,-123393026,-123393026,-174782632,-174782632,13754371,13754371,48801172,48801172,-303084767,-303084767,-334725639
# status f = 348552194,0,1 : PASS_RHO (rho 0.97570, T 2459.0, 0s)
f = 356943542,0,1 | route RHO | claimed 0.92773576091493724362 | coeffs 764941758,764941758,569710373,569710373,470612939,470612939,265114367,265114367,337759497,337759497,198225787,198225787,470268741,470268741,443364975,443364975,353112674,353112674,302275757,302275757,-80477780,-80477780,146074507,146074507,-102812863,-102812863,6230759,6230759,167072014,167072014,240505505,240505505,408172821,408172821,210940449,210940449,96936474,96936474,95823247,95823247,31807652,31807652,-218289459,-218289459,-210062528,-210062528,-163093813,-163093813,-125726438,-125726438,-256740435,-256740435,-185535030,-185535030,-388121815,-388121815,-227550982,-227550982,-302202371,-302202371,-425189570,-425189570,-670272919,-670272919
f = 356943542,0,1 | route T | claimed 2462.7106871405180183 | coeffs 503655130,431327451,431327451,331818214,331818214,326813665,326813665,323177622,323177622,478136973,478136973,633080529,633080529,532248545,532248545,603904378,603904378,713169451,713169451,459774710,459774710,454017239,454017239,407151312,407151312,298725134,298725134,492509929,492509929,657264327,657264327,452657984,452657984,642042153,642042153,161211688,161211688,331425715,331425715,276493610,276493610,574531225,574531225,266239095,266239095,212830176,212830176,29550037,29550037,-59992549,-59992549,-125271324,-125271324,-84801272,-84801272,-210907725,-210907725,-311372869,-311372869,-422381897,-422381897,-520402612,-520402612,-503655130
# status f = 356943542,0,1 : PASS_RHO (rho 0.92774, T 2462.7, 0s)
f = 422806085,0,1 | route RHO | claimed 0.93966363532913755775 | coeffs -31702064,-512532529,-512532529,-613364513,-613364513,-487258060,-487258060,-676642229,-676642229,-831585785,-831585785,-791115733,-791115733,-995722076,-995722076,-840762725,-840762725,-775483950,-775483950,-940238348,-940238348,-936602305,-936602305,-1026144891,-1026144891,-832360096,-832360096,-837364645,-837364645,-654084506,-654084506,-545658328,-545658328,-446149091,-446149091,-499558010,-499558010,-546423937,-546423937,-618751616,-618751616,-310459486,-310459486,-304702015,-304702015,-287954533,-287954533,10083082,10083082,-243311659,-243311659,-145290944,-145290944,-90358839,-90358839,-199623912,-199623912,-310632940,-310632940,-140418913,-140418913,-68763080,-68763080,31702064
f = 422806085,0,1 | route T | claimed 2647.5749039242953263 | coeffs 512532529,512532529,613364513,613364513,487258060,487258060,676642229,676642229,831585785,831585785,791115733,791115733,995722076,995722076,840762725,840762725,775483950,775483950,940238348,940238348,936602305,936602305,1026144891,1026144891,832360096,832360096,837364645,837364645,654084506,654084506,545658328,545658328,446149091,446149091,499558010,499558010,546423937,546423937,618751616,618751616,310459486,310459486,304702015,304702015,287954533,287954533,-10083082,-10083082,243311659,243311659,145290944,145290944,90358839,90358839,199623912,199623912,310632940,310632940,140418913,140418913,68763080,68763080,-31702064,-31702064
# status f = 422806085,0,1 : PASS_RHO (rho 0.93966, T 2647.6, 0s)
f = 438307433,0,1 | route RHO | claimed 0.97131673289795963749 | coeffs 666412602,748483391,748483391,590636847,590636847,440492895,440492895,683257908,683257908,531669427,531669427,786055005,786055005,704714546,704714546,765172934,765172934,721566566,721566566,556274180,556274180,696695246,696695246,635230635,635230635,682068989,682068989,698518432,698518432,353462688,353462688,495398474,495398474,263528423,263528423,387345791,387345791,182544737,182544737,-19303509,-19303509,-234540886,-234540886,-288072945,-288072945,-66851044,-66851044,-46965342,-46965342,67623873,67623873,105835345,105835345,-290672804,-290672804,-357196834,-357196834,-462944676,-462944676,-450796697,-450796697,-674515624,-674515624,-666412602
f = 438307433,0,1 | route T | claimed 2429.6390316639088262 | coeffs -112379164,9965739,9965739,285704817,285704817,61623129,61623129,-35593565,-35593565,-159601731,-159601731,91618243,91618243,-79596670,-79596670,-90672756,-90672756,28319335,28319335,88903119,88903119,358026528,358026528,94156393,94156393,329139424,329139424,202145734,202145734,389122700,389122700,362983442,362983442,213864319,213864319,165811034,165811034,408697193,408697193,435711882,435711882,504638050,504638050,525399584,525399584,261780480,261780480,48424742,48424742,154773031,154773031,39123998,39123998,445498105,445498105,425439821,425439821,389479410,389479410,317143836,317143836,317468662,317468662,112379164
# status f = 438307433,0,1 : PASS_RHO (rho 0.97132, T 2429.6, 0s)
f = 468732243,0,1 | route RHO | claimed 0.97569538837080530901 | coeffs -121739884,-121739884,-46054252,-46054252,-12853153,-12853153,-145458260,-145458260,-207861675,-207861675,-377399836,-377399836,-261008277,-261008277,72117033,72117033,206882542,206882542,372843348,372843348,232330799,232330799,240585218,240585218,236889094,236889094,79262975,79262975,235854205,235854205,79577209,79577209,277776304,277776304,400514750,400514750,354884309,354884309,132832479,132832479,87640257,87640257,-148456001,-148456001,-390912874,-390912874,-222678104,-222678104,-70555564,-70555564,-150000087,-150000087,-135017322,-135017322,62539876,62539876,22713522,22713522,101292141,101292141,219979040,219979040,-188678079,-188678079
f = 468732243,0,1 | route T | claimed 3235.7570186716396174 | coeffs -233601872,36165098,36165098,-127148157,-127148157,-117702604,-117702604,26112920,26112920,4762697,4762697,-78566115,-78566115,41229087,41229087,186572757,186572757,150580192,150580192,11987422,11987422,41011542,41011542,441523843,441523843,527640549,527640549,434180260,434180260,263972886,263972886,534518366,534518366,461260093,461260093,225884736,225884736,285377364,285377364,254501431,254501431,358207323,358207323,624673943,624673943,460474684,460474684,338841854,338841854,540172754,540172754,324080023,324080023,52071544,52071544,228465893,228465893,266180550,266180550,207871097,207871097,676905361,676905361,233601872
# status f = 468732243,0,1 : PASS_RHO (rho 0.97570, T 3235.8, 0s)
f = 532291310,0,1 | route RHO | claimed 0.95980088006762769844 | coeffs -139399334,-139399334,-224153910,-224153910,-376506243,-376506243,-412720419,-412720419,-292948491,-292948491,-347181805,-347181805,-347348685,-347348685,-261889234,-261889234,-597521706,-597521706,-734201026,-734201026,-514919861,-514919861,-468321191,-468321191,-421622144,-421622144,-525546862,-525546862,-552887204,-552887204,-730036576,-730036576,-527502893,-527502893,-325944872,-325944872,-532640566,-532640566,-471810886,-471810886,-554083333,-554083333,-820775291,-820775291,-729250636,-729250636,-522688066,-522688066,-801039593,-801039593,-631783735,-631783735,-233225717,-233225717,-446508756,-446508756,-228877648,-228877648,-94642757,-94642757,-218050728,-218050728,-54552341,-54552341
f = 532291310,0,1 | route T | claimed 2478.6894393766458968 | coeffs -74273459,-74273459,-263657628,-263657628,44634502,44634502,4164450,4164450,-12583032,-12583032,142376319,142376319,-111018422,-111018422,53735976,53735976,-1196129,-1196129,-90738715,-90738715,-201747743,-201747743,-196743194,-196743194,-268399027,-268399027,-159972849,-159972849,320857616,320857616,374266535,374266535,500372988,500372988,428045309,428045309,582988865,582988865,577231394,577231394,372625051,372625051,670662666,670662666,605383891,605383891,507363176,507363176,510999219,510999219,401734146,401734146,207949351,207949351,37735324,37735324,221015463,221015463,321480607,321480607,221971370,221971370,121139386,121139386
# status f = 532291310,0,1 : PASS_RHO (rho 0.95980, T 2478.7, 0s)
f = 562716120,0,1 | route RHO | claimed 0.91375583813296169938 | coeffs -96194620,-96194620,-227208617,-227208617,-132539778,-132539778,-105636012,-105636012,55205243,55205243,305302354,305302354,465873187,465873187,260374615,260374615,643128152,643128152,445895780,445895780,408528405,408528405,163445056,163445056,435488010,435488010,326444388,326444388,262428793,262428793,465015578,465015578,564113012,564113012,513276095,513276095,345608779,345608779,392577494,392577494,515564693,515564693,655098403,655098403,406211033,406211033,407324260,407324260,478529665,478529665,283298280,283298280,373550581,373550581,446984072,446984072,438757141,438757141,364105752,364105752,436750882,436750882,210198595,210198595
f = 562716120,0,1 | route T | claimed 1902.9124956549820702 | coeffs 82589243,265869382,265869382,167848667,167848667,322792223,322792223,431218401,431218401,376286296,376286296,335816244,335816244,435325481,435325481,544590554,544590554,749196897,749196897,695787978,695787978,806797006,806797006,651837655,651837655,604971728,604971728,434757701,434757701,369478926,369478926,297151247,297151247,225495414,225495414,390249812,390249812,698541942,698541942,598076798,598076798,594440755,594440755,600198226,600198226,119367761,119367761,208910347,208910347,225657829,225657829,124825845,124825845,-68958950,-68958950,229078665,229078665,355185118,355185118,360189667,360189667,106794926,106794926,-82589243
# status f = 562716120,0,1 : PASS_RHO (rho 0.91376, T 1902.9, 0s)
f = 578217468,0,1 | route RHO | claimed 0.94275196784225554807 | coeffs -53435360,-53435360,-145527967,-145527967,-136382965,-136382965,-14155792,-14155792,-368864048,-368864048,-58080796,-58080796,-3052292,-3052292,-106265173,-106265173,-111854519,-111854519,-98962982,-98962982,-108657533,-108657533,-133048674,-133048674,103861110,103861110,187265195,187265195,242353643,242353643,443565618,443565618,504183825,504183825,771839089,771839089,477270620,477270620,215700035,215700035,279976837,279976837,232556529,232556529,62230007,62230007,246318013,246318013,622361004,622361004,408143717,408143717,405973326,405973326,319314314,319314314,102918839,102918839,10963766,10963766,149193732,149193732,84162818,84162818
f = 578217468,0,1 | route T | claimed 2428.2311843018196734 | coeffs -108657533,-133048674,-133048674,103861110,103861110,187265195,187265195,242353643,242353643,443565618,443565618,504183825,504183825,771839089,771839089,477270620,477270620,215700035,215700035,279976837,279976837,232556529,232556529,62230007,62230007,246318013,246318013,622361004,622361004,408143717,408143717,405973326,405973326,319314314,319314314,102918839,102918839,10963766,10963766,149193732,149193732,84162818,84162818,53435360,53435360,145527967,145527967,136382965,136382965,14155792,14155792,368864048,368864048,58080796,58080796,3052292,3052292,106265173,106265173,111854519,111854519,98962982,98962982,108657533
# status f = 578217468,0,1 : PASS_RHO (rho 0.94275, T 2428.2, 0s)
f = 644080011,0,1 | route RHO | claimed 0.96699368700706654745 | coeffs -220041483,-220041483,-4359054,-4359054,184700289,184700289,-314731265,-314731265,-379500269,-379500269,-421784858,-421784858,-718396689,-718396689,-362051274,-362051274,-296468102,-296468102,-318277461,-318277461,-144200943,-144200943,-205915858,-205915858,-41437640,-41437640,104727097,104727097,247148112,247148112,297573356,297573356,321897544,321897544,91794324,91794324,-22854963,-22854963,128855774,128855774,97899912,97899912,67249180,67249180,181413238,181413238,60617716,60617716,55101411,55101411,100617986,100617986,162567826,162567826,-18491341,-18491341,56192298,56192298,273196506,273196506,157540996,157540996,235676758,235676758
f = 644080011,0,1 | route T | claimed 2108.2538451900773003 | coeffs -2480888,-2480888,167733139,167733139,222665244,222665244,520702859,520702859,828994989,828994989,775586070,775586070,958866209,958866209,869323623,869323623,934602398,934602398,975072450,975072450,1101178903,1101178903,1000713759,1000713759,1111722787,1111722787,1013702072,1013702072,996954590,996954590,1069282269,1069282269,969773032,969773032,974777581,974777581,971141538,971141538,816182187,816182187,971125743,971125743,1071957727,1071957727,1143613560,1143613560,1034348487,1034348487,780953746,780953746,786711217,786711217,739845290,739845290,848271468,848271468,1042056263,1042056263,877301865,877301865,672695522,672695522,483311353,483311353
# status f = 644080011,0,1 : PASS_RHO (rho 0.96699, T 2108.3, 1s)
f = 652471359,0,1 | route RHO | claimed 0.95980088006762769844 | coeffs 552887204,525546862,525546862,421622144,421622144,468321191,468321191,514919861,514919861,734201026,734201026,597521706,597521706,261889234,261889234,347348685,347348685,347181805,347181805,292948491,292948491,412720419,412720419,376506243,376506243,224153910,224153910,139399334,139399334,-54552341,-54552341,-218050728,-218050728,-94642757,-94642757,-228877648,-228877648,-446508756,-446508756,-233225717,-233225717,-631783735,-631783735,-801039593,-801039593,-522688066,-522688066,-729250636,-729250636,-820775291,-820775291,-554083333,-554083333,-471810886,-471810886,-532640566,-532640566,-325944872,-325944872,-527502893,-527502893,-730036576,-730036576,-552887204
f = 652471359,0,1 | route T | claimed 2542.663592895336287 | coeffs -310929776,-361478804,-361478804,-412190812,-412190812,-330396212,-330396212,-664292304,-664292304,-501852458,-501852458,-583100147,-583100147,-554211111,-554211111,-899133844,-899133844,-1038187640,-1038187640,-791705412,-791705412,-628453257,-628453257,-614882257,-614882257,-677459790,-677459790,-814241714,-814241714,-776331073,-776331073,-864272120,-864272120,-539465773,-539465773,-715419754,-715419754,-366742068,-366742068,-366124897,-366124897,-217608920,-217608920,-190424947,-190424947,-334055236,-334055236,-487494139,-487494139,-191994355,-191994355,-277448740,-277448740,-107606538,-107606538,-71309494,-71309494,267628704,267628704,170827123,170827123,211349671,211349671,310929776
# status f = 652471359,0,1 : PASS_RHO (rho 0.95980, T 2542.7, 0s)
f = 655729074,0,1 | route RHO | claimed 0.94850530871473852631 | coeffs 76074730,-84766525,-84766525,110464860,110464860,46449265,46449265,19545499,19545499,-51659906,-51659906,-160703528,-160703528,-255372367,-255372367,-256485594,-256485594,15557360,15557360,146571357,146571357,395458727,395458727,150375378,150375378,36371403,36371403,-103162307,-103162307,-140529682,-140529682,-367081969,-367081969,-490069168,-490069168,-687301540,-687301540,-614656410,-614656410,-661625125,-661625125,-278871588,-278871588,-353522977,-353522977,-185855661,-185855661,-391354233,-391354233,-399581164,-399581164,-348744247,-348744247,-188173414,-188173414,-114739923,-114739923,-213837357,-213837357,36259754,36259754,126512055,126512055,-76074730
f = 655729074,0,1 | route T | claimed 2802.4466414439014092 | coeffs 51659906,51659906,160703528,160703528,255372367,255372367,256485594,256485594,-15557360,-15557360,-146571357,-146571357,-395458727,-395458727,-150375378,-150375378,-36371403,-36371403,103162307,103162307,140529682,140529682,367081969,367081969,490069168,490069168,687301540,687301540,614656410,614656410,661625125,661625125,278871588,278871588,353522977,353522977,185855661,185855661,391354233,391354233,399581164,399581164,348744247,348744247,188173414,188173414,114739923,114739923,213837357,213837357,-36259754,-36259754,-126512055,-126512055,76074730,76074730,-84766525,-84766525,110464860,110464860,46449265,46449265,19545499,19545499
# status f = 655729074,0,1 : PASS_RHO (rho 0.94851, T 2802.4, 0s)
f = 694543264,0,1 | route RHO | claimed 0.94966227784738670343 | coeffs -48675077,-153047767,-153047767,33319704,33319704,215664122,215664122,-15289127,-15289127,73770124,73770124,177030767,177030767,54432986,54432986,-114657671,-114657671,66932422,66932422,-232592646,-232592646,6921126,6921126,16768445,16768445,-115277712,-115277712,-114482473,-114482473,21179029,21179029,-193274119,-193274119,-260956143,-260956143,-255391796,-255391796,27283813,27283813,-13219126,-13219126,3470682,3470682,46262968,46262968,440550070,440550070,277180562,277180562,237461217,237461217,232408081,232408081,105117317,105117317,124276905,124276905,-236791692,-236791692,-131965865,-131965865,-35188741,-35188741,48675077
f = 694543264,0,1 | route T | claimed 2033.7934692302584206 | coeffs 300115294,370573456,370573456,400137572,400137572,447678072,447678072,194053483,194053483,341495542,341495542,147415497,147415497,140078567,140078567,142696554,142696554,7086537,7086537,-87433903,-87433903,60875115,60875115,-195899641,-195899641,8338892,8338892,-191045031,-191045031,-25541830,-25541830,-64618985,-64618985,4272323,4272323,-133325064,-133325064,-11309152,-11309152,-127363427,-127363427,-503468780,-503468780,-534473229,-534473229,-81029212,-81029212,-103825495,-103825495,-30440184,-30440184,86559896,86559896,149050245,149050245,-145529449,-145529449,-202591031,-202591031,-469399612,-469399612,-490273250,-490273250,-300115294
# status f = 694543264,0,1 : PASS_RHO (rho 0.94966, T 2033.8, 0s)
f = 694974978,0,1 | route RHO | claimed 0.96362281830876349443 | coeffs -18285238,-18285238,68399602,68399602,-10983456,-10983456,-128783557,-128783557,-73468148,-73468148,-401546528,-401546528,-371256112,-371256112,-386803112,-386803112,-599301728,-599301728,-842010686,-842010686,-814183015,-814183015,-797868453,-797868453,-929950958,-929950958,-861397583,-861397583,-827233754,-827233754,-836939747,-836939747,-625693010,-625693010,-835113080,-835113080,-1147320910,-1147320910,-795776974,-795776974,-827376534,-827376534,-926575977,-926575977,-1077466365,-1077466365,-979564560,-979564560,-943909279,-943909279,-783449418,-783449418,-711655324,-711655324,-642865741,-642865741,-591937710,-591937710,-136513626,-136513626,-78205826,-78205826,-87409447,-87409447
f = 694974978,0,1 | route T | claimed 2075.9163802946868074 | coeffs 128783557,128783557,73468148,73468148,401546528,401546528,371256112,371256112,386803112,386803112,599301728,599301728,842010686,842010686,814183015,814183015,797868453,797868453,929950958,929950958,861397583,861397583,827233754,827233754,836939747,836939747,625693010,625693010,835113080,835113080,1147320910,1147320910,795776974,795776974,827376534,827376534,926575977,926575977,1077466365,1077466365,979564560,979564560,943909279,943909279,783449418,783449418,711655324,711655324,642865741,642865741,591937710,591937710,136513626,136513626,78205826,78205826,87409447,87409447,-18285238,-18285238,68399602,68399602,-10983456,-10983456
# status f = 694974978,0,1 : PASS_RHO (rho 0.96362, T 2075.9, 0s)
f = 706619794,0,1 | route RHO | claimed 0.96619804993117107731 | coeffs 208162547,208162547,-89875068,-89875068,65068488,65068488,11659569,11659569,-59996264,-59996264,29546322,29546322,-223848419,-223848419,-183378367,-183378367,-136512440,-136512440,-36047296,-36047296,157737499,157737499,59716784,59716784,264323127,264323127,191995448,191995448,-288835017,-288835017,-283830468,-283830468,-228898363,-228898363,-73939012,-73939012,-382231142,-382231142,-281399158,-281399158,-98119019,-98119019,11146054,11146054,-54132721,-54132721,-48375250,-48375250,77731203,77731203,-30694975,-30694975,-141704003,-141704003,-306458401,-306458401,-323205883,-323205883,-133821714,-133821714,-34312477,-34312477,-204526504,-204526504
f = 706619794,0,1 | route T | claimed 2113.4816963524092306 | coeffs -570431845,-509889891,-509889891,-434232208,-434232208,-114772663,-114772663,-153251890,-153251890,-246320190,-246320190,-309270769,-309270769,-243261664,-243261664,-325926966,-325926966,-11302987,-11302987,217179280,217179280,372584418,372584418,614811443,614811443,723007910,723007910,677326811,677326811,686947286,686947286,610878757,610878757,580012695,580012695,467373883,467373883,1011595466,1011595466,866864033,866864033,988958520,988958520,1055144506,1055144506,812397915,812397915,884901648,884901648,1003898021,1003898021,911442198,911442198,947264293,947264293,1012880352,1012880352,738907757,738907757,569191922,569191922,477023569,477023569,570431845
# status f = 706619794,0,1 : PASS_RHO (rho 0.96620, T 2113.5, 1s)
f = 709066565,0,1 | route RHO | claimed 0.96619804993117107731 | coeffs 323205883,323205883,306458401,306458401,141704003,141704003,30694975,30694975,-77731203,-77731203,48375250,48375250,54132721,54132721,-11146054,-11146054,98119019,98119019,281399158,281399158,382231142,382231142,73939012,73939012,228898363,228898363,283830468,283830468,288835017,288835017,-191995448,-191995448,-264323127,-264323127,-59716784,-59716784,-157737499,-157737499,36047296,36047296,136512440,136512440,183378367,183378367,223848419,223848419,-29546322,-29546322,59996264,59996264,-11659569,-11659569,-65068488,-65068488,89875068,89875068,-208162547,-208162547,-204526504,-204526504,-34312477,-34312477,-133821714,-133821714
f = 709066565,0,1 | route T | claimed 2357.3284732780583449 | coeffs -19548088,-19548088,-32827054,-32827054,-175445108,-175445108,-99822567,-99822567,-397759136,-397759136,-489839233,-489839233,-328742432,-328742432,-478266450,-478266450,-263135746,-263135746,-66941841,-66941841,-140545085,-140545085,-83950286,-83950286,-235766650,-235766650,-235885255,-235885255,-290145704,-290145704,-432560757,-432560757,-208642216,-208642216,-166533459,-166533459,193666204,193666204,163763109,163763109,310818850,310818850,93393534,93393534,245742277,245742277,362886121,362886121,600608545,600608545,307186219,307186219,402181556,402181556,281600775,281600775,492310757,492310757,282549402,282549402,281853968,281853968,244389099,244389099
# status f = 709066565,0,1 : PASS_RHO (rho 0.96620, T 2357.3, 1s)
f = 743588712,0,1 | route RHO | claimed 0.95477851082567900081 | coeffs 66376281,66376281,76082274,76082274,-236125556,-236125556,-136926113,-136926113,-101270832,-101270832,-170060415,-170060415,-111752615,-111752615,-25067775,-25067775,-80383184,-80383184,-95930184,-95930184,-123757855,-123757855,-55204480,-55204480,-266451217,-266451217,85092719,85092719,235983107,235983107,396442968,396442968,345514937,345514937,336311316,336311316,256928258,256928258,585006638,585006638,372508022,372508022,356193460,356193460,390357289,390357289,599777359,599777359,568177799,568177799,470275994,470275994,542070088,542070088,86646004,86646004,192340689,192340689,74540588,74540588,44250172,44250172,-198458786,-198458786
f = 743588712,0,1 | route T | claimed 2239.0150468559030749 | coeffs -109757919,-109757919,-264717270,-264717270,-458502065,-458502065,-405093146,-405093146,-421840628,-421840628,-312575555,-312575555,-793406020,-793406020,-752935968,-752935968,-749299925,-749299925,-640873747,-640873747,-332581617,-332581617,-234560902,-234560902,-162905069,-162905069,26479100,26479100,-38799675,-38799675,-33795126,-33795126,13070801,13070801,-284966814,-284966814,-173957786,-173957786,-274789770,-274789770,-479396113,-479396113,-568938699,-568938699,-469429462,-469429462,-463671991,-463671991,-408739886,-408739886,-308274742,-308274742,-153331186,-153331186,11423212,11423212,-171856927,-171856927,-99529248,-99529248,153865493,153865493,-16348534,-16348534
# status f = 743588712,0,1 : PASS_RHO (rho 0.95478, T 2239.0, 1s)
f = 747589717,0,1 | route RHO | claimed 0.94275196784225554807 | coeffs -242353643,-187265195,-187265195,-103861110,-103861110,133048674,133048674,108657533,108657533,98962982,98962982,111854519,111854519,106265173,106265173,3052292,3052292,58080796,58080796,368864048,368864048,14155792,14155792,136382965,136382965,145527967,145527967,53435360,53435360,84162818,84162818,149193732,149193732,10963766,10963766,102918839,102918839,319314314,319314314,405973326,405973326,408143717,408143717,622361004,622361004,246318013,246318013,62230007,62230007,232556529,232556529,279976837,279976837,215700035,215700035,477270620,477270620,771839089,771839089,504183825,504183825,443565618,443565618,242353643
f = 747589717,0,1 | route T | claimed 2327.5403016383851958 | coeffs 174893890,457314380,457314380,586167265,586167265,505663356,505663356,519688758,519688758,340782942,340782942,602434601,602434601,426989428,426989428,494986937,494986937,250295910,250295910,387548325,387548325,401240693,401240693,398705732,398705732,381888700,381888700,292327349,292327349,445187359,445187359,91090135,91090135,98394576,98394576,330908249,330908249,360639179,360639179,144019784,144019784,124403206,124403206,256167060,256167060,106295615,106295615,-94952612,-94952612,-43590944,-43590944,-53007177,-53007177,181100028,181100028,318349680,318349680,313315544,313315544,347235695,347235695,168747484,168747484,-174893890
# status f = 747589717,0,1 : PASS_RHO (rho 0.94275, T 2327.5, 0s)
f = 801771320,0,1 | route RHO | claimed 0.9032086314612640509 | coeffs -20659784,-20659784,-40545486,-40545486,3060882,3060882,41272354,41272354,181693420,181693420,248217450,248217450,201379096,201379096,213527075,213527075,-131528669,-131528669,-139631691,-139631691,92238360,92238360,250084904,250084904,45283850,45283850,288048863,288048863,503286240,503286240,248900662,248900662,470122563,470122563,530580951,530580951,415991736,415991736,581284122,581284122,184775973,184775973,123311362,123311362,229059204,229059204,212609761,212609761,-11109166,-11109166,130826620,130826620,212897409,212897409,89080041,89080041,239223993,239223993,37375747,37375747,-114212734,-114212734,-60680675,-60680675
f = 801771320,0,1 | route T | claimed 2366.7152110398561169 | coeffs -85040980,-68293498,-68293498,-14884579,-14884579,178900216,178900216,23940865,23940865,150047318,150047318,320261345,320261345,573656086,573656086,501328407,501328407,318048268,318048268,153293870,153293870,308237426,308237426,207772282,207772282,262704387,262704387,256946916,256946916,356456153,356456153,445998739,445998739,241392396,241392396,342224380,342224380,453233408,453233408,751271023,751271023,798136950,798136950,793132401,793132401,727853626,727853626,538469457,538469457,610125290,610125290,512104575,512104575,820396705,820396705,711970527,711970527,715606570,715606570,675136518,675136518,194306053,194306053,85040980
# status f = 801771320,0,1 : PASS_RHO (rho 0.90321, T 2366.7, 0s)
f = 817039195,0,1 | route RHO | claimed 0.97131673289795963749 | coeffs -66851044,-288072945,-288072945,-234540886,-234540886,-19303509,-19303509,182544737,182544737,387345791,387345791,263528423,263528423,495398474,495398474,353462688,353462688,698518432,698518432,682068989,682068989,635230635,635230635,696695246,696695246,556274180,556274180,721566566,721566566,765172934,765172934,704714546,704714546,786055005,786055005,531669427,531669427,683257908,683257908,440492895,440492895,590636847,590636847,748483391,748483391,666412602,666412602,674515624,674515624,450796697,450796697,462944676,462944676,357196834,357196834,290672804,290672804,-105835345,-105835345,-67623873,-67623873,46965342,46965342,66851044
f = 817039195,0,1 | route T | claimed 3004.2954193000940751 | coeffs -101216715,14566767,14566767,168724171,168724171,200304830,200304830,193718335,193718335,25772896,25772896,-192462715,-192462715,129289749,129289749,68742525,68742525,-184963622,-184963622,-188986029,-188986029,-33008942,-33008942,-54825977,-54825977,-236191245,-236191245,-47471687,-47471687,-219577183,-219577183,45753880,45753880,-77440760,-77440760,-67582082,-67582082,-529994367,-529994367,-216243015,-216243015,-290586376,-290586376,-194667800,-194667800,17364653,17364653,-127453227,-127453227,-234348237,-234348237,-168197317,-168197317,-103216148,-103216148,270307346,270307346,281108157,281108157,160051949,160051949,-85226833,-85226833,101216715
# status f = 817039195,0,1 : PASS_RHO (rho 0.97132, T 3004.3, 1s)
f = 882494283,0,1 | route RHO | claimed 0.92773576091493724362 | coeffs -198225787,-198225787,-337759497,-337759497,-265114367,-265114367,-470612939,-470612939,-569710373,-569710373,-764941758,-764941758,-670272919,-670272919,-425189570,-425189570,-302202371,-302202371,-227550982,-227550982,-388121815,-388121815,-185535030,-185535030,-256740435,-256740435,-125726438,-125726438,-163093813,-163093813,-210062528,-210062528,-218289459,-218289459,31807652,31807652,95823247,95823247,96936474,96936474,210940449,210940449,408172821,408172821,240505505,240505505,167072014,167072014,6230759,6230759,-102812863,-102812863,146074507,146074507,-80477780,-80477780,302275757,302275757,353112674,353112674,443364975,443364975,470268741,470268741
f = 882494283,0,1 | route T | claimed 2255.5983615259843263 | coeffs -422381897,-422381897,-311372869,-311372869,-210907725,-210907725,-84801272,-84801272,-125271324,-125271324,-59992549,-59992549,29550037,29550037,212830176,212830176,266239095,266239095,574531225,574531225,276493610,276493610,331425715,331425715,161211688,161211688,642042153,642042153,452657984,452657984,657264327,657264327,492509929,492509929,298725134,298725134,407151312,407151312,454017239,454017239,459774710,459774710,713169451,713169451,603904378,603904378,532248545,532248545,633080529,633080529,478136973,478136973,323177622,323177622,326813665,326813665,331818214,331818214,431327451,431327451,503655130,503655130,520402612,520402612
# status f = 882494283,0,1 : PASS_RHO (rho 0.92774, T 2255.6, 0s)
f = 905323447,0,1 | route RHO | claimed 0.96362281830876349443 | coeffs 861397583,861397583,929950958,929950958,797868453,797868453,814183015,814183015,842010686,842010686,599301728,599301728,386803112,386803112,371256112,371256112,401546528,401546528,73468148,73468148,128783557,128783557,10983456,10983456,-68399602,-68399602,18285238,18285238,-87409447,-87409447,-78205826,-78205826,-136513626,-136513626,-591937710,-591937710,-642865741,-642865741,-711655324,-711655324,-783449418,-783449418,-943909279,-943909279,-979564560,-979564560,-1077466365,-1077466365,-926575977,-926575977,-827376534,-827376534,-795776974,-795776974,-1147320910,-1147320910,-835113080,-835113080,-625693010,-625693010,-836939747,-836939747,-827233754,-827233754
f = 905323447,0,1 | route T | claimed 2622.7071145235410675 | coeffs -128783557,-128783557,-10983456,-10983456,68399602,68399602,-18285238,-18285238,87409447,87409447,78205826,78205826,136513626,136513626,591937710,591937710,642865741,642865741,711655324,711655324,783449418,783449418,943909279,943909279,979564560,979564560,1077466365,1077466365,926575977,926575977,827376534,827376534,795776974,795776974,1147320910,1147320910,835113080,835113080,625693010,625693010,836939747,836939747,827233754,827233754,861397583,861397583,929950958,929950958,797868453,797868453,814183015,814183015,842010686,842010686,599301728,599301728,386803112,386803112,371256112,371256112,401546528,401546528,73468148,73468148
# status f = 905323447,0,1 : PASS_RHO (rho 0.96362, T 2622.7, 1s)
# summary n = 7 l = 1001023553 : EXCLUSION_CANDIDATE ; PASS 32 / 32 ; OPEN_NEAR 0 ; OPEN_FAR 0 ; 16s
