# FAMILY WITNESS FILE (generator family_gen.sage r10). n = 7 ; l = 1001199937 ; m = 64 ; deg = 2 ; ncomp = 32 ; bar_T = 4224 ; L_n = 16.3328709449664096755483535644
# line: f = c0,...,c_deg (monic, over F_l) | route RHO|T | claimed (rho or T, float) | coeffs a_0..a_{m-1}
f = 52286053,0,1 | route RHO | claimed 0.92859026648542605019 | coeffs 67067518,208874918,208874918,329545121,329545121,199247579,199247579,166885453,166885453,247783058,247783058,487648554,487648554,284869577,284869577,60127518,60127518,202733551,202733551,-65333643,-65333643,61695845,61695845,-38511903,-38511903,128661511,128661511,-115353012,-115353012,77342820,77342820,4587828,4587828,89933977,89933977,-72038989,-72038989,67056068,67056068,110324495,110324495,217722926,217722926,49547547,49547547,102002362,102002362,-27967069,-27967069,25163994,25163994,89545664,89545664,-224671330,-224671330,-275273058,-275273058,-2719217,-2719217,37965863,37965863,29783513,29783513,-67067518
f = 52286053,0,1 | route T | claimed 2665.3929565510557057 | coeffs 67067518,208874918,208874918,329545121,329545121,199247579,199247579,166885453,166885453,247783058,247783058,487648554,487648554,284869577,284869577,60127518,60127518,202733551,202733551,-65333643,-65333643,61695845,61695845,-38511903,-38511903,128661511,128661511,-115353012,-115353012,77342820,77342820,4587828,4587828,89933977,89933977,-72038989,-72038989,67056068,67056068,110324495,110324495,217722926,217722926,49547547,49547547,102002362,102002362,-27967069,-27967069,25163994,25163994,89545664,89545664,-224671330,-224671330,-275273058,-275273058,-2719217,-2719217,37965863,37965863,29783513,29783513,-67067518
# status f = 52286053,0,1 : PASS_RHO (rho 0.92859, T 2665.4, 1s)
f = 65476282,0,1 | route RHO | claimed 0.96622635344691816701 | coeffs -47685602,-190291635,-190291635,-310961838,-310961838,-625178832,-625178832,-581910405,-581910405,-414736991,-414736991,-174871495,-174871495,-166689145,-166689145,-36719714,-36719714,-122065863,-122065863,146001331,146001331,276298873,276298873,225697145,225697145,333095576,333095576,89081053,89081053,-113697924,-113697924,-16846893,-16846893,-69977956,-69977956,91995010,91995010,-35034478,-35034478,-2672352,-2672352,269881489,269881489,101706110,101706110,294401942,294401942,69659883,69659883,211467283,211467283,147085613,147085613,7990556,7990556,108198304,108198304,27300699,27300699,67985779,67985779,120440594,120440594,47685602
f = 65476282,0,1 | route T | claimed 2588.3488659163261986 | coeffs 857994820,889366972,889366972,792023710,792023710,696908965,696908965,504856339,504856339,500779661,500779661,500437723,500437723,278102506,278102506,209509676,209509676,269534257,269534257,123105879,123105879,-36402613,-36402613,-360730725,-360730725,-581930425,-581930425,-596343718,-596343718,-408848032,-408848032,-441734519,-441734519,-667396743,-667396743,-474222836,-474222836,-266249464,-266249464,-255004595,-255004595,-558197766,-558197766,-352495961,-352495961,-421288529,-421288529,-347875793,-347875793,-310267164,-310267164,-564553131,-564553131,-411445566,-411445566,-349230074,-349230074,-510345779,-510345779,-864073454,-864073454,-854548894,-854548894,-857994820
# status f = 65476282,0,1 : PASS_RHO (rho 0.96623, T 2588.3, 0s)
f = 98745020,0,1 | route RHO | claimed 0.94893594509860371946 | coeffs 601857084,634219210,634219210,642401560,642401560,706783230,706783230,599384799,599384799,526629807,526629807,399600319,399600319,639465815,639465815,497658415,497658415,548260143,548260143,600714958,600714958,762687924,762687924,929861338,929861338,1154603397,1154603397,1024305855,1024305855,1064990935,1064990935,1011859872,1011859872,1055128299,1055128299,862432467,862432467,594365273,594365273,513467668,513467668,610318699,610318699,296101705,296101705,464277084,464277084,549623233,549623233,649830981,649830981,447052004,447052004,326381801,326381801,53827960,53827960,-76141471,-76141471,-215236528,-215236528,-459251051,-459251051,-601857084
f = 98745020,0,1 | route T | claimed 1807.4009336853378207 | coeffs 601857084,634219210,634219210,642401560,642401560,706783230,706783230,599384799,599384799,526629807,526629807,399600319,399600319,639465815,639465815,497658415,497658415,548260143,548260143,600714958,600714958,762687924,762687924,929861338,929861338,1154603397,1154603397,1024305855,1024305855,1064990935,1064990935,1011859872,1011859872,1055128299,1055128299,862432467,862432467,594365273,594365273,513467668,513467668,610318699,610318699,296101705,296101705,464277084,464277084,549623233,549623233,649830981,649830981,447052004,447052004,326381801,326381801,53827960,53827960,-76141471,-76141471,-215236528,-215236528,-459251051,-459251051,-601857084
# status f = 98745020,0,1 : PASS_RHO (rho 0.94894, T 1807.4, 0s)
f = 110538552,0,1 | route RHO | claimed 0.95768316249376920093 | coeffs 47157489,-35291891,-35291891,306500218,306500218,178315281,178315281,333111325,333111325,-10101721,-10101721,27057416,27057416,183730185,183730185,52794785,52794785,304266898,304266898,164481694,164481694,144447471,144447471,125009129,125009129,124732206,124732206,-146146257,-146146257,-47410951,-47410951,97632611,97632611,59960062,59960062,220504376,220504376,447267646,447267646,662765919,662765919,639229322,639229322,644735206,644735206,725532900,725532900,582698925,582698925,717685497,717685497,500751883,500751883,252707139,252707139,404711680,404711680,367456454,367456454,82915346,82915346,110423727,110423727,-47157489
f = 110538552,0,1 | route T | claimed 2434.7244388099198 | coeffs -218923014,-218923014,-319130762,-319130762,-461736795,-461736795,-221871299,-221871299,-91573757,-91573757,5277274,5277274,277831115,277831115,213449445,213449445,265904260,265904260,222635833,222635833,307981982,307981982,551996505,551996505,679025993,679025993,903768052,903768052,984665657,984665657,863995454,863995454,872177804,872177804,821576076,821576076,768445013,768445013,600269634,600269634,461174577,461174577,388419585,388419585,221246171,221246171,-46821023,-46821023,155957954,155957954,123595828,123595828,-18211572,-18211572,-58896652,-58896652,-373113646,-373113646,-243144215,-243144215,-135745784,-135745784,26227182,26227182
# status f = 110538552,0,1 : PASS_RHO (rho 0.95768, T 2434.7, 0s)
f = 171649969,0,1 | route RHO | claimed 0.92680455589798995404 | coeffs 38178061,38178061,158848264,158848264,285877752,285877752,329146179,329146179,601700020,601700020,361834524,361834524,169138692,169138692,299108123,299108123,440915523,440915523,172848329,172848329,311943386,311943386,261341658,261341658,180444053,180444053,424458576,424458576,372003761,372003761,468854792,468854792,611460825,611460825,449487859,449487859,135270865,135270865,167632991,167632991,459577,459577,168634956,168634956,176817306,176817306,-47924753,-47924753,37421396,37421396,101803066,101803066,232100608,232100608,332308356,332308356,224909925,224909925,184224845,184224845,-18554132,-18554132,-91309124,-91309124
f = 171649969,0,1 | route T | claimed 2710.2961008620359165 | coeffs 91309124,91309124,38178061,38178061,158848264,158848264,285877752,285877752,329146179,329146179,601700020,601700020,361834524,361834524,169138692,169138692,299108123,299108123,440915523,440915523,172848329,172848329,311943386,311943386,261341658,261341658,180444053,180444053,424458576,424458576,372003761,372003761,468854792,468854792,611460825,611460825,449487859,449487859,135270865,135270865,167632991,167632991,459577,459577,168634956,168634956,176817306,176817306,-47924753,-47924753,37421396,37421396,101803066,101803066,232100608,232100608,332308356,332308356,224909925,224909925,184224845,184224845,-18554132,-18554132
# status f = 171649969,0,1 : PASS_RHO (rho 0.92680, T 2710.3, 0s)
f = 223585580,0,1 | route RHO | claimed 0.96622635344691816701 | coeffs -211467283,-69659883,-69659883,-294401942,-294401942,-101706110,-101706110,-269881489,-269881489,2672352,2672352,35034478,35034478,-91995010,-91995010,69977956,69977956,16846893,16846893,113697924,113697924,-89081053,-89081053,-333095576,-333095576,-225697145,-225697145,-276298873,-276298873,-146001331,-146001331,122065863,122065863,36719714,36719714,166689145,166689145,174871495,174871495,414736991,414736991,581910405,581910405,625178832,625178832,310961838,310961838,190291635,190291635,47685602,47685602,120440594,120440594,67985779,67985779,27300699,27300699,108198304,108198304,7990556,7990556,147085613,147085613,211467283
f = 223585580,0,1 | route T | claimed 2460.8153129460010043 | coeffs 310961838,190291635,190291635,47685602,47685602,120440594,120440594,67985779,67985779,27300699,27300699,108198304,108198304,7990556,7990556,147085613,147085613,211467283,211467283,69659883,69659883,294401942,294401942,101706110,101706110,269881489,269881489,-2672352,-2672352,-35034478,-35034478,91995010,91995010,-69977956,-69977956,-16846893,-16846893,-113697924,-113697924,89081053,89081053,333095576,333095576,225697145,225697145,276298873,276298873,146001331,146001331,-122065863,-122065863,-36719714,-36719714,-166689145,-166689145,-174871495,-174871495,-414736991,-414736991,-581910405,-581910405,-625178832,-625178832,-310961838
# status f = 223585580,0,1 : PASS_RHO (rho 0.96623, T 2460.8, 1s)
f = 282814028,0,1 | route RHO | claimed 0.94893594509860371946 | coeffs -326381801,-447052004,-447052004,-649830981,-649830981,-549623233,-549623233,-464277084,-464277084,-296101705,-296101705,-610318699,-610318699,-513467668,-513467668,-594365273,-594365273,-862432467,-862432467,-1055128299,-1055128299,-1011859872,-1011859872,-1064990935,-1064990935,-1024305855,-1024305855,-1154603397,-1154603397,-929861338,-929861338,-762687924,-762687924,-600714958,-600714958,-548260143,-548260143,-497658415,-497658415,-639465815,-639465815,-399600319,-399600319,-526629807,-526629807,-599384799,-599384799,-706783230,-706783230,-642401560,-642401560,-634219210,-634219210,-601857084,-601857084,-459251051,-459251051,-215236528,-215236528,-76141471,-76141471,53827960,53827960,326381801
f = 282814028,0,1 | route T | claimed 2402.5887689040603626 | coeffs 349461026,241840203,241840203,89291555,89291555,-104317427,-104317427,-113562157,-113562157,-139775606,-139775606,154875109,154875109,82379349,82379349,-215254443,-215254443,-179396850,-179396850,-322134155,-322134155,-645467577,-645467577,-574383237,-574383237,-616651193,-616651193,-691040949,-691040949,-461606547,-461606547,-478970763,-478970763,-604874218,-604874218,-567331461,-567331461,-831022772,-831022772,-810460741,-810460741,-542558156,-542558156,-511842339,-511842339,-387875816,-387875816,-263904854,-263904854,56494734,56494734,275846376,275846376,344186387,344186387,344161843,344161843,36885246,36885246,-140360667,-140360667,-224943382,-224943382,-349461026
# status f = 282814028,0,1 : PASS_RHO (rho 0.94894, T 2402.6, 1s)
f = 291458089,0,1 | route RHO | claimed 0.98464263144447142335 | coeffs -269114277,3439564,3439564,76194556,76194556,-54102986,-54102986,-222278365,-222278365,-364884398,-364884398,-314282670,-314282670,-121586838,-121586838,-242257041,-242257041,-349655472,-349655472,-574397531,-574397531,-888614525,-888614525,-644600002,-644600002,-502792602,-502792602,-459524175,-459524175,-256745198,-256745198,-321126868,-321126868,-153953454,-153953454,-250804485,-250804485,-389899542,-389899542,-150034046,-150034046,-96902983,-96902983,3304765,3304765,11487115,11487115,-150485851,-150485851,-231383456,-231383456,-101414025,-101414025,25615463,25615463,66300543,66300543,-19045606,-19045606,-51407732,-51407732,1047083,1047083,269114277
f = 291458089,0,1 | route T | claimed 1983.3011928367290135 | coeffs -3439564,-3439564,-76194556,-76194556,54102986,54102986,222278365,222278365,364884398,364884398,314282670,314282670,121586838,121586838,242257041,242257041,349655472,349655472,574397531,574397531,888614525,888614525,644600002,644600002,502792602,502792602,459524175,459524175,256745198,256745198,321126868,321126868,153953454,153953454,250804485,250804485,389899542,389899542,150034046,150034046,96902983,96902983,-3304765,-3304765,-11487115,-11487115,150485851,150485851,231383456,231383456,101414025,101414025,-25615463,-25615463,-66300543,-66300543,19045606,19045606,51407732,51407732,-1047083,-1047083,-269114277,-269114277
# status f = 291458089,0,1 : PASS_RHO (rho 0.98464, T 1983.3, 1s)
f = 345962458,0,1 | route RHO | claimed 0.92680455589798995404 | coeffs 176817306,168634956,168634956,459577,459577,167632991,167632991,135270865,135270865,449487859,449487859,611460825,611460825,468854792,468854792,372003761,372003761,424458576,424458576,180444053,180444053,261341658,261341658,311943386,311943386,172848329,172848329,440915523,440915523,299108123,299108123,169138692,169138692,361834524,361834524,601700020,601700020,329146179,329146179,285877752,285877752,158848264,158848264,38178061,38178061,91309124,91309124,18554132,18554132,-184224845,-184224845,-224909925,-224909925,-332308356,-332308356,-232100608,-232100608,-101803066,-101803066,-37421396,-37421396,47924753,47924753,-176817306
f = 345962458,0,1 | route T | claimed 2191.7978012465837727 | coeffs -608374534,-608374534,-304264772,-304264772,-366047897,-366047897,-40956029,-40956029,-460621311,-460621311,-319745579,-319745579,-71194929,-71194929,-28417256,-28417256,48399489,48399489,67571877,67571877,449835157,449835157,367175917,367175917,502340890,502340890,525489862,525489862,458876240,458876240,703246844,703246844,583491726,583491726,578056606,578056606,632272546,632272546,639580993,639580993,448854417,448854417,597965923,597965923,776971079,776971079,650098463,650098463,727796907,727796907,525828758,525828758,689721590,689721590,566994953,566994953,397888094,397888094,451846539,451846539,495503839,495503839,583938180,583938180
# status f = 345962458,0,1 : PASS_RHO (rho 0.92680, T 2191.8, 0s)
f = 367900002,0,1 | route RHO | claimed 0.92486179975614074883 | coeffs 187919686,-4776146,-4776146,92074885,92074885,177421034,177421034,56750831,56750831,-82344226,-82344226,-114706352,-114706352,-7307921,-7307921,-247173417,-247173417,-299628232,-299628232,-524370291,-524370291,-471239228,-471239228,-203172034,-203172034,111044960,111044960,10837212,10837212,283391053,283391053,527405576,527405576,535587926,535587926,462832934,462832934,321025534,321025534,482998500,482998500,352700958,352700958,395969385,395969385,315071780,315071780,483247159,483247159,280468182,280468182,150498751,150498751,7892718,7892718,-56488952,-56488952,70540536,70540536,19938808,19938808,-147234606,-147234606,-187919686
f = 367900002,0,1 | route T | claimed 2222.0620588494717041 | coeffs 918326,918326,-103066656,-103066656,-223512956,-223512956,-138433315,-138433315,69464762,69464762,42800739,42800739,356533884,356533884,291049260,291049260,198555319,198555319,370658994,370658994,409533720,409533720,206619580,206619580,544382626,544382626,833832312,833832312,866307574,866307574,905871305,905871305,990445575,990445575,875376657,875376657,753311423,753311423,767091396,767091396,391389233,391389233,561457444,561457444,503255743,503255743,492472477,492472477,458093971,458093971,550196783,550196783,459488635,459488635,780825944,780825944,457085877,457085877,241719007,241719007,158007688,158007688,222095813,222095813
# status f = 367900002,0,1 : PASS_RHO (rho 0.92486, T 2222.1, 0s)
f = 411997926,0,1 | route RHO | claimed 0.97146678609376987035 | coeffs -172916541,-172916541,-42618999,-42618999,-286633522,-286633522,-339764585,-339764585,-307402459,-307402459,-114706627,-114706627,-179088297,-179088297,-259985902,-259985902,-332740894,-332740894,-18523900,-18523900,-258389396,-258389396,-173043247,-173043247,-122441519,-122441519,80337458,80337458,-81635508,-81635508,-354189349,-354189349,-129447290,-129447290,9647767,9647767,-31037313,-31037313,-173643346,-173643346,-130374919,-130374919,-122192569,-122192569,145874625,145874625,253273056,253273056,350124087,350124087,223094599,223094599,54919220,54919220,196726620,196726620,296934368,296934368,349389183,349389183,470059386,470059386,302885972,302885972
f = 411997926,0,1 | route T | claimed 2110.3847246457216266 | coeffs -122192569,-122192569,145874625,145874625,253273056,253273056,350124087,350124087,223094599,223094599,54919220,54919220,196726620,196726620,296934368,296934368,349389183,349389183,470059386,470059386,302885972,302885972,172916541,172916541,42618999,42618999,286633522,286633522,339764585,339764585,307402459,307402459,114706627,114706627,179088297,179088297,259985902,259985902,332740894,332740894,18523900,18523900,258389396,258389396,173043247,173043247,122441519,122441519,-80337458,-80337458,81635508,81635508,354189349,354189349,129447290,129447290,-9647767,-9647767,31037313,31037313,173643346,173643346,130374919,130374919
# status f = 411997926,0,1 : PASS_RHO (rho 0.97147, T 2110.4, 0s)
f = 444104448,0,1 | route RHO | claimed 0.92859026648542605019 | coeffs -275273058,-224671330,-224671330,89545664,89545664,25163994,25163994,-27967069,-27967069,102002362,102002362,49547547,49547547,217722926,217722926,110324495,110324495,67056068,67056068,-72038989,-72038989,89933977,89933977,4587828,4587828,77342820,77342820,-115353012,-115353012,128661511,128661511,-38511903,-38511903,61695845,61695845,-65333643,-65333643,202733551,202733551,60127518,60127518,284869577,284869577,487648554,487648554,247783058,247783058,166885453,166885453,199247579,199247579,329545121,329545121,208874918,208874918,67067518,67067518,-29783513,-29783513,-37965863,-37965863,2719217,2719217,275273058
f = 444104448,0,1 | route T | claimed 2605.7413721284650687 | coeffs -343900087,-246556825,-246556825,-208948196,-208948196,-241834683,-241834683,-464169900,-464169900,-110442225,-110442225,192750946,192750946,517079058,517079058,612193803,612193803,357907836,357907836,132245612,132245612,63652782,63652782,54128222,54128222,-151573583,-151573583,69626117,69626117,261678743,261678743,414786308,414786308,607960215,607960215,667984796,667984796,671430722,671430722,740223290,740223290,754636583,754636583,758713261,758713261,820928753,820928753,1028902125,1028902125,882473747,882473747,913845899,913845899,840433163,840433163,652937477,652937477,653279415,653279415,492163710,492163710,503408579,503408579,343900087
# status f = 444104448,0,1 : PASS_RHO (rho 0.92859, T 2605.7, 0s)
f = 447175564,0,1 | route RHO | claimed 0.97146678609376987035 | coeffs -122441519,-173043247,-173043247,-258389396,-258389396,-18523900,-18523900,-332740894,-332740894,-259985902,-259985902,-179088297,-179088297,-114706627,-114706627,-307402459,-307402459,-339764585,-339764585,-286633522,-286633522,-42618999,-42618999,-172916541,-172916541,-302885972,-302885972,-470059386,-470059386,-349389183,-349389183,-296934368,-296934368,-196726620,-196726620,-54919220,-54919220,-223094599,-223094599,-350124087,-350124087,-253273056,-253273056,-145874625,-145874625,122192569,122192569,130374919,130374919,173643346,173643346,31037313,31037313,-9647767,-9647767,129447290,129447290,354189349,354189349,81635508,81635508,-80337458,-80337458,122441519
f = 447175564,0,1 | route T | claimed 2461.5835468347455178 | coeffs 179088297,114706627,114706627,307402459,307402459,339764585,339764585,286633522,286633522,42618999,42618999,172916541,172916541,302885972,302885972,470059386,470059386,349389183,349389183,296934368,296934368,196726620,196726620,54919220,54919220,223094599,223094599,350124087,350124087,253273056,253273056,145874625,145874625,-122192569,-122192569,-130374919,-130374919,-173643346,-173643346,-31037313,-31037313,9647767,9647767,-129447290,-129447290,-354189349,-354189349,-81635508,-81635508,80337458,80337458,-122441519,-122441519,-173043247,-173043247,-258389396,-258389396,-18523900,-18523900,-332740894,-332740894,-259985902,-259985902,-179088297
# status f = 447175564,0,1 : PASS_RHO (rho 0.97147, T 2461.6, 1s)
f = 480663574,0,1 | route RHO | claimed 0.90689384771625594218 | coeffs 51999306,51999306,105130369,105130369,54528641,54528641,46346291,46346291,-74323912,-74323912,-155221517,-155221517,69520542,69520542,-57508946,-57508946,186505577,186505577,101159428,101159428,57891001,57891001,5436186,5436186,-58945484,-58945484,-331499325,-331499325,-234648294,-234648294,-364945836,-364945836,-125080340,-125080340,17525693,17525693,-82682055,-82682055,110013777,110013777,-51959189,-51959189,55439242,55439242,-74530189,-74530189,-388747183,-388747183,-348062103,-348062103,-489869503,-489869503,-457507377,-457507377,-254728400,-254728400,13338794,13338794,-153834620,-153834620,-81079628,-81079628,-220174685,-220174685
f = 480663574,0,1 | route T | claimed 1835.5490273963320482 | coeffs -5436186,-5436186,58945484,58945484,331499325,331499325,234648294,234648294,364945836,364945836,125080340,125080340,-17525693,-17525693,82682055,82682055,-110013777,-110013777,51959189,51959189,-55439242,-55439242,74530189,74530189,388747183,388747183,348062103,348062103,489869503,489869503,457507377,457507377,254728400,254728400,-13338794,-13338794,153834620,153834620,81079628,81079628,220174685,220174685,51999306,51999306,105130369,105130369,54528641,54528641,46346291,46346291,-74323912,-74323912,-155221517,-155221517,69520542,69520542,-57508946,-57508946,186505577,186505577,101159428,101159428,57891001,57891001
# status f = 480663574,0,1 : PASS_RHO (rho 0.90689, T 1835.5, 0s)
f = 481822574,0,1 | route RHO | claimed 0.96315451445666449127 | coeffs -178881491,-85355483,-85355483,234016273,234016273,38590935,38590935,250258977,250258977,13893670,13893670,116424705,116424705,320772192,320772192,721795460,721795460,537899253,537899253,553624049,553624049,534701438,534701438,413899261,413899261,284633979,284633979,427022252,427022252,409176167,409176167,536048519,536048519,551278234,551278234,526404375,526404375,324728782,324728782,620303395,620303395,287881783,287881783,478304265,478304265,432414776,432414776,285997731,285997731,474520505,474520505,485653505,485653505,359247591,359247591,219548763,219548763,207334181,207334181,213138400,213138400,153614057,153614057,178881491
f = 481822574,0,1 | route T | claimed 2447.3373094721555356 | coeffs -21249355,-317319594,-317319594,-256362920,-256362920,-258307343,-258307343,-133709437,-133709437,60118128,60118128,-339233768,-339233768,-347702674,-347702674,-706894974,-706894974,-746553184,-746553184,-880154051,-880154051,-788305398,-788305398,-784818969,-784818969,-812035551,-812035551,-838330455,-838330455,-920045226,-920045226,-1025265310,-1025265310,-685142203,-685142203,-652172703,-652172703,-703392357,-703392357,-345762666,-345762666,-162503959,-162503959,-338261820,-338261820,-235258265,-235258265,-269426922,-269426922,-339465965,-339465965,-242242417,-242242417,-297877796,-297877796,-161203229,-161203229,-296548565,-296548565,-168473173,-168473173,-188587094,-188587094,21249355
# status f = 481822574,0,1 : PASS_RHO (rho 0.96315, T 2447.3, 1s)
f = 497937742,0,1 | route RHO | claimed 0.91255104981097528976 | coeffs 333811599,269429929,269429929,66650952,66650952,109919379,109919379,-31888021,-31888021,212126502,212126502,526343496,526343496,301601437,301601437,408999868,408999868,288329665,288329665,95633833,95633833,146235561,146235561,288841594,288841594,120666215,120666215,250963757,250963757,323718749,323718749,51164908,51164908,-216902286,-216902286,-164447471,-164447471,-132085345,-132085345,-217431494,-217431494,-258116574,-258116574,-131087086,-131087086,-261056517,-261056517,-341954122,-341954122,-179981156,-179981156,-171798806,-171798806,-272006554,-272006554,-218875491,-218875491,-458740987,-458740987,-597836044,-597836044,-500985013,-500985013,-333811599
f = 497937742,0,1 | route T | claimed 1835.8526120719504642 | coeffs 216902286,164447471,164447471,132085345,132085345,217431494,217431494,258116574,258116574,131087086,131087086,261056517,261056517,341954122,341954122,179981156,179981156,171798806,171798806,272006554,272006554,218875491,218875491,458740987,458740987,597836044,597836044,500985013,500985013,333811599,333811599,269429929,269429929,66650952,66650952,109919379,109919379,-31888021,-31888021,212126502,212126502,526343496,526343496,301601437,301601437,408999868,408999868,288329665,288329665,95633833,95633833,146235561,146235561,288841594,288841594,120666215,120666215,250963757,250963757,323718749,323718749,51164908,51164908,-216902286
# status f = 497937742,0,1 : PASS_RHO (rho 0.91255, T 1835.9, 0s)
f = 503262195,0,1 | route RHO | claimed 0.98464263144447142335 | coeffs 76194556,76194556,3439564,3439564,-269114277,-269114277,-1047083,-1047083,51407732,51407732,19045606,19045606,-66300543,-66300543,-25615463,-25615463,101414025,101414025,231383456,231383456,150485851,150485851,-11487115,-11487115,-3304765,-3304765,96902983,96902983,150034046,150034046,389899542,389899542,250804485,250804485,153953454,153953454,321126868,321126868,256745198,256745198,459524175,459524175,502792602,502792602,644600002,644600002,888614525,888614525,574397531,574397531,349655472,349655472,242257041,242257041,121586838,121586838,314282670,314282670,364884398,364884398,222278365,222278365,54102986,54102986
f = 503262195,0,1 | route T | claimed 3068.5562984124277899 | coeffs -547201233,-547201233,-394186097,-394186097,-468296288,-468296288,-417241288,-417241288,-16677505,-16677505,80850929,80850929,-45008826,-45008826,282748746,282748746,408523160,408523160,595504046,595504046,585615241,585615241,513168120,513168120,290449448,290449448,468814936,468814936,432385687,432385687,548937910,548937910,477105438,477105438,536168415,536168415,547091149,547091149,813274471,813274471,538919850,538919850,669922513,669922513,685461931,685461931,719219086,719219086,618541039,618541039,732233791,732233791,765654509,765654509,428235575,428235575,576906320,576906320,853200398,853200398,767310703,767310703,819207930,819207930
# status f = 503262195,0,1 : PASS_RHO (rho 0.98464, T 3068.6, 1s)
f = 519377363,0,1 | route RHO | claimed 0.92486179975614074883 | coeffs 283391053,283391053,10837212,10837212,111044960,111044960,-203172034,-203172034,-471239228,-471239228,-524370291,-524370291,-299628232,-299628232,-247173417,-247173417,-7307921,-7307921,-114706352,-114706352,-82344226,-82344226,56750831,56750831,177421034,177421034,92074885,92074885,-4776146,-4776146,187919686,187919686,147234606,147234606,-19938808,-19938808,-70540536,-70540536,56488952,56488952,-7892718,-7892718,-150498751,-150498751,-280468182,-280468182,-483247159,-483247159,-315071780,-315071780,-395969385,-395969385,-352700958,-352700958,-482998500,-482998500,-321025534,-321025534,-462832934,-462832934,-535587926,-535587926,-527405576,-527405576
f = 519377363,0,1 | route T | claimed 2447.2011383494499489 | coeffs -260991573,-260991573,-195782368,-195782368,-298488760,-298488760,-573831028,-573831028,-669794547,-669794547,-815419551,-815419551,-656162116,-656162116,-289974156,-289974156,-76772683,-76772683,23726963,23726963,141168730,141168730,159817487,159817487,176502708,176502708,314170698,314170698,153231542,153231542,429638693,429638693,604320483,604320483,760887136,760887136,388948099,388948099,606685735,606685735,450201253,450201253,341973726,341973726,222787561,222787561,78210285,78210285,76317453,76317453,371122011,371122011,400610465,400610465,392378157,392378157,669420041,669420041,443038371,443038371,330719648,330719648,306426736,306426736
# status f = 519377363,0,1 : PASS_RHO (rho 0.92486, T 2447.2, 1s)
f = 520536363,0,1 | route RHO | claimed 0.95768316249376920093 | coeffs -124732206,-125009129,-125009129,-144447471,-144447471,-164481694,-164481694,-304266898,-304266898,-52794785,-52794785,-183730185,-183730185,-27057416,-27057416,10101721,10101721,-333111325,-333111325,-178315281,-178315281,-306500218,-306500218,35291891,35291891,-47157489,-47157489,110423727,110423727,82915346,82915346,367456454,367456454,404711680,404711680,252707139,252707139,500751883,500751883,717685497,717685497,582698925,582698925,725532900,725532900,644735206,644735206,639229322,639229322,662765919,662765919,447267646,447267646,220504376,220504376,59960062,59960062,97632611,97632611,-47410951,-47410951,-146146257,-146146257,124732206
f = 520536363,0,1 | route T | claimed 2379.4504859683959706 | coeffs 146146257,146146257,-124732206,-124732206,-125009129,-125009129,-144447471,-144447471,-164481694,-164481694,-304266898,-304266898,-52794785,-52794785,-183730185,-183730185,-27057416,-27057416,10101721,10101721,-333111325,-333111325,-178315281,-178315281,-306500218,-306500218,35291891,35291891,-47157489,-47157489,110423727,110423727,82915346,82915346,367456454,367456454,404711680,404711680,252707139,252707139,500751883,500751883,717685497,717685497,582698925,582698925,725532900,725532900,644735206,644735206,639229322,639229322,662765919,662765919,447267646,447267646,220504376,220504376,59960062,59960062,97632611,97632611,-47410951,-47410951
# status f = 520536363,0,1 : PASS_RHO (rho 0.95768, T 2379.5, 1s)
f = 554024373,0,1 | route RHO | claimed 0.88100857512265767268 | coeffs -1133367057,-971394091,-971394091,-768615114,-768615114,-819216842,-819216842,-733870693,-733870693,-494005197,-494005197,-179788203,-179788203,-107033211,-107033211,-187930816,-187930816,-123549146,-123549146,69146686,69146686,36784560,36784560,-16346503,-16346503,227668020,227668020,357965562,357965562,227996131,227996131,395169545,395169545,515839748,515839748,463384933,463384933,563592681,563592681,421785281,421785281,253609902,253609902,380639390,380639390,477490421,477490421,370091990,370091990,638159184,638159184,629976834,629976834,673245261,673245261,815851294,815851294,775166214,775166214,636071157,636071157,860813216,860813216,1133367057
f = 554024373,0,1 | route T | claimed 2345.722798403519181 | coeffs 288125126,288125126,189263768,189263768,399563143,399563143,312620488,312620488,233319389,233319389,137136662,137136662,111798227,111798227,32019544,32019544,139564769,139564769,211652397,211652397,77166479,77166479,114045092,114045092,297470956,297470956,-9299228,-9299228,114718599,114718599,220877951,220877951,-194262215,-194262215,-67967631,-67967631,-14777912,-14777912,-71324348,-71324348,19631057,19631057,364918225,364918225,-115580781,-115580781,311335621,311335621,134423683,134423683,2583347,2583347,3510976,3510976,184056979,184056979,133458784,133458784,62769093,62769093,69774864,69774864,-111371238,-111371238
# status f = 554024373,0,1 : PASS_RHO (rho 0.88101, T 2345.7, 0s)
f = 557095489,0,1 | route RHO | claimed 0.99095582983106288495 | coeffs 120670203,0,-141807400,0,96851031,0,-8182350,0,-40685080,0,272553841,0,50601728,0,-314216994,0,-64381670,0,53131063,0,129969431,0,52454815,0,168175379,0,107398431,0,-43268427,0,139095057,0,161972966,0,85346149,0,72754992,0,192695832,0,244014523,0,167173414,0,100207748,0,127029488,0,268067194,0,142606033,0,224742059,0,-202778977,0,-239865496,0,80897605,0,32362126,0,-130297542,0
f = 557095489,0,1 | route T | claimed 3134.57551557678755 | coeffs -128532360,-336055965,-336055965,-125404948,-125404948,-284981717,-284981717,156496206,156496206,121698924,121698924,154705362,154705362,180308180,180308180,84240692,84240692,363026718,363026718,230148609,230148609,157256097,157256097,204499239,204499239,150031176,150031176,350401896,350401896,249604450,249604450,94952820,94952820,-18178786,-18178786,201518788,201518788,-99924614,-99924614,90032132,90032132,-17932675,-17932675,-48481590,-48481590,103827731,103827731,-95663389,-95663389,-302953175,-302953175,-272106458,-272106458,-194680497,-194680497,-174721466,-174721466,50039841,50039841,43272323,43272323,323780220,323780220,128532360
# status f = 557095489,0,1 : PASS_RHO (rho 0.99096, T 3134.6, 0s)
f = 589202011,0,1 | route RHO | claimed 0.88100857512265767268 | coeffs -768615114,-971394091,-971394091,-1133367057,-1133367057,-860813216,-860813216,-636071157,-636071157,-775166214,-775166214,-815851294,-815851294,-673245261,-673245261,-629976834,-629976834,-638159184,-638159184,-370091990,-370091990,-477490421,-477490421,-380639390,-380639390,-253609902,-253609902,-421785281,-421785281,-563592681,-563592681,-463384933,-463384933,-515839748,-515839748,-395169545,-395169545,-227996131,-227996131,-357965562,-357965562,-227668020,-227668020,16346503,16346503,-36784560,-36784560,-69146686,-69146686,123549146,123549146,187930816,187930816,107033211,107033211,179788203,179788203,494005197,494005197,733870693,733870693,819216842,819216842,768615114
f = 589202011,0,1 | route T | claimed 1727.2589704717021881 | coeffs 494005197,733870693,733870693,819216842,819216842,768615114,768615114,971394091,971394091,1133367057,1133367057,860813216,860813216,636071157,636071157,775166214,775166214,815851294,815851294,673245261,673245261,629976834,629976834,638159184,638159184,370091990,370091990,477490421,477490421,380639390,380639390,253609902,253609902,421785281,421785281,563592681,563592681,463384933,463384933,515839748,515839748,395169545,395169545,227996131,227996131,357965562,357965562,227668020,227668020,-16346503,-16346503,36784560,36784560,69146686,69146686,-123549146,-123549146,-187930816,-187930816,-107033211,-107033211,-179788203,-179788203,-494005197
# status f = 589202011,0,1 : PASS_RHO (rho 0.88101, T 1727.3, 0s)
f = 633299935,0,1 | route RHO | claimed 0.96315451445666449127 | coeffs 178881491,178881491,153614057,153614057,213138400,213138400,207334181,207334181,219548763,219548763,359247591,359247591,485653505,485653505,474520505,474520505,285997731,285997731,432414776,432414776,478304265,478304265,287881783,287881783,620303395,620303395,324728782,324728782,526404375,526404375,551278234,551278234,536048519,536048519,409176167,409176167,427022252,427022252,284633979,284633979,413899261,413899261,534701438,534701438,553624049,553624049,537899253,537899253,721795460,721795460,320772192,320772192,116424705,116424705,13893670,13893670,250258977,250258977,38590935,38590935,234016273,234016273,-85355483,-85355483
f = 633299935,0,1 | route T | claimed 2817.9028802192759011 | coeffs 178881491,178881491,153614057,153614057,213138400,213138400,207334181,207334181,219548763,219548763,359247591,359247591,485653505,485653505,474520505,474520505,285997731,285997731,432414776,432414776,478304265,478304265,287881783,287881783,620303395,620303395,324728782,324728782,526404375,526404375,551278234,551278234,536048519,536048519,409176167,409176167,427022252,427022252,284633979,284633979,413899261,413899261,534701438,534701438,553624049,553624049,537899253,537899253,721795460,721795460,320772192,320772192,116424705,116424705,13893670,13893670,250258977,250258977,38590935,38590935,234016273,234016273,-85355483,-85355483
# status f = 633299935,0,1 : PASS_RHO (rho 0.96315, T 2817.9, 1s)
f = 655237479,0,1 | route RHO | claimed 0.93964989402728478249 | coeffs 198509065,198509065,113162916,113162916,-111579143,-111579143,-119761493,-119761493,48413886,48413886,215587300,215587300,247949426,247949426,562166420,562166420,400193454,400193454,257587421,257587421,354438452,354438452,406893267,406893267,650907790,650907790,731805395,731805395,681203667,681203667,542108610,542108610,274041416,274041416,132234016,132234016,262203447,262203447,454899279,454899279,215033783,215033783,-57520058,-57520058,-14251631,-14251631,-141281119,-141281119,-20610916,-20610916,32520147,32520147,105275139,105275139,-97503838,-97503838,-56818758,-56818758,-164217189,-164217189,-264424937,-264424937,-134127395,-134127395
f = 655237479,0,1 | route T | claimed 2570.3352006382032209 | coeffs -139016634,-139016634,-95701272,-95701272,-487328784,-487328784,-270839804,-270839804,-174703414,-174703414,-210263551,-210263551,-110833907,-110833907,305385449,305385449,258765495,258765495,363942520,363942520,185520493,185520493,170919240,170919240,349600120,349600120,221622807,221622807,198988148,198988148,137235911,137235911,382720100,382720100,243631917,243631917,483925843,483925843,614925830,614925830,704605455,704605455,457215608,457215608,495896207,495896207,653736296,653736296,812372362,812372362,647780499,647780499,682023588,682023588,279997032,279997032,231136448,231136448,213671994,213671994,53336728,53336728,153850757,153850757
# status f = 655237479,0,1 : PASS_RHO (rho 0.93965, T 2570.3, 0s)
f = 709741848,0,1 | route RHO | claimed 0.91255104981097528976 | coeffs 597836044,597836044,458740987,458740987,218875491,218875491,272006554,272006554,171798806,171798806,179981156,179981156,341954122,341954122,261056517,261056517,131087086,131087086,258116574,258116574,217431494,217431494,132085345,132085345,164447471,164447471,216902286,216902286,-51164908,-51164908,-323718749,-323718749,-250963757,-250963757,-120666215,-120666215,-288841594,-288841594,-146235561,-146235561,-95633833,-95633833,-288329665,-288329665,-408999868,-408999868,-301601437,-301601437,-526343496,-526343496,-212126502,-212126502,31888021,31888021,-109919379,-109919379,-66650952,-66650952,-269429929,-269429929,-333811599,-333811599,-500985013,-500985013
f = 709741848,0,1 | route T | claimed 1609.2809988410430222 | coeffs -164447471,-164447471,-216902286,-216902286,51164908,51164908,323718749,323718749,250963757,250963757,120666215,120666215,288841594,288841594,146235561,146235561,95633833,95633833,288329665,288329665,408999868,408999868,301601437,301601437,526343496,526343496,212126502,212126502,-31888021,-31888021,109919379,109919379,66650952,66650952,269429929,269429929,333811599,333811599,500985013,500985013,597836044,597836044,458740987,458740987,218875491,218875491,272006554,272006554,171798806,171798806,179981156,179981156,341954122,341954122,261056517,261056517,131087086,131087086,258116574,258116574,217431494,217431494,132085345,132085345
# status f = 709741848,0,1 : PASS_RHO (rho 0.91255, T 1609.3, 0s)
f = 718385909,0,1 | route RHO | claimed 0.89928961795916863288 | coeffs 989494451,989494451,846888418,846888418,1090902941,1090902941,951807884,951807884,1081777315,1081777315,809223474,809223474,929893677,929893677,727114700,727114700,626906952,626906952,712253101,712253101,544077722,544077722,229860728,229860728,133009697,133009697,52112092,52112092,320179286,320179286,127483454,127483454,84215027,84215027,31083964,31083964,-9601116,-9601116,-139898658,-139898658,-364640717,-364640717,-197467303,-197467303,-359440269,-359440269,-306985454,-306985454,-357587182,-357587182,-499394582,-499394582,-739260078,-739260078,-866289566,-866289566,-793534574,-793534574,-900933005,-900933005,-965314675,-965314675,-957132325,-957132325
f = 718385909,0,1 | route T | claimed 1770.8518377435846084 | coeffs -31083964,-31083964,9601116,9601116,139898658,139898658,364640717,364640717,197467303,197467303,359440269,359440269,306985454,306985454,357587182,357587182,499394582,499394582,739260078,739260078,866289566,866289566,793534574,793534574,900933005,900933005,965314675,965314675,957132325,957132325,989494451,989494451,846888418,846888418,1090902941,1090902941,951807884,951807884,1081777315,1081777315,809223474,809223474,929893677,929893677,727114700,727114700,626906952,626906952,712253101,712253101,544077722,544077722,229860728,229860728,133009697,133009697,52112092,52112092,320179286,320179286,127483454,127483454,84215027,84215027
# status f = 718385909,0,1 : PASS_RHO (rho 0.89929, T 1770.9, 1s)
f = 777614357,0,1 | route RHO | claimed 0.88025868152839636171 | coeffs -115452340,-51070670,-51070670,90736730,90736730,315478789,315478789,508174621,508174621,676350000,676350000,948903841,948903841,916541715,916541715,789512227,789512227,627539261,627539261,574408198,574408198,477557167,477557167,274778190,274778190,518792713,518792713,626191144,626191144,676792872,676792872,807090414,807090414,539023220,539023220,453677071,453677071,323707640,323707640,331889990,331889990,92024494,92024494,259197908,259197908,215929481,215929481,-98287513,-98287513,22382690,22382690,-120223343,-120223343,-192978335,-192978335,-245433150,-245433150,-204748070,-204748070,-123850465,-123850465,-23642717,-23642717,115452340
f = 777614357,0,1 | route T | claimed 2145.8438479625415011 | coeffs -115452340,-51070670,-51070670,90736730,90736730,315478789,315478789,508174621,508174621,676350000,676350000,948903841,948903841,916541715,916541715,789512227,789512227,627539261,627539261,574408198,574408198,477557167,477557167,274778190,274778190,518792713,518792713,626191144,626191144,676792872,676792872,807090414,807090414,539023220,539023220,453677071,453677071,323707640,323707640,331889990,331889990,92024494,92024494,259197908,259197908,215929481,215929481,-98287513,-98287513,22382690,22382690,-120223343,-120223343,-192978335,-192978335,-245433150,-245433150,-204748070,-204748070,-123850465,-123850465,-23642717,-23642717,115452340
# status f = 777614357,0,1 : PASS_RHO (rho 0.88026, T 2145.8, 0s)
f = 829549968,0,1 | route RHO | claimed 0.93964989402728478249 | coeffs -111579143,-111579143,113162916,113162916,198509065,198509065,134127395,134127395,264424937,264424937,164217189,164217189,56818758,56818758,97503838,97503838,-105275139,-105275139,-32520147,-32520147,20610916,20610916,141281119,141281119,14251631,14251631,57520058,57520058,-215033783,-215033783,-454899279,-454899279,-262203447,-262203447,-132234016,-132234016,-274041416,-274041416,-542108610,-542108610,-681203667,-681203667,-731805395,-731805395,-650907790,-650907790,-406893267,-406893267,-354438452,-354438452,-257587421,-257587421,-400193454,-400193454,-562166420,-562166420,-247949426,-247949426,-215587300,-215587300,-48413886,-48413886,119761493,119761493
f = 829549968,0,1 | route T | claimed 2417.0672266287298754 | coeffs 742436832,742436832,554941146,554941146,551495220,551495220,325832996,325832996,228489734,228489734,20516362,20516362,212568988,212568988,-90624183,-90624183,-90966121,-90966121,-22173553,-22173553,46419277,46419277,84027906,84027906,-62400472,-62400472,-215508037,-215508037,108820075,108820075,-52295630,-52295630,-66708923,-66708923,-76233483,-76233483,-43346996,-43346996,-74719148,-74719148,118454759,118454759,23340014,23340014,12095145,12095145,16171823,16171823,221873628,221873628,-461589,-461589,-73874325,-73874325,-133898906,-133898906,-388184873,-388184873,-547693365,-547693365,-609908857,-609908857,-388709157,-388709157
# status f = 829549968,0,1 : PASS_RHO (rho 0.93965, T 2417.1, 0s)
f = 890661385,0,1 | route RHO | claimed 0.90689384771625594218 | coeffs -69520542,-69520542,155221517,155221517,74323912,74323912,-46346291,-46346291,-54528641,-54528641,-105130369,-105130369,-51999306,-51999306,-220174685,-220174685,-81079628,-81079628,-153834620,-153834620,13338794,13338794,-254728400,-254728400,-457507377,-457507377,-489869503,-489869503,-348062103,-348062103,-388747183,-388747183,-74530189,-74530189,55439242,55439242,-51959189,-51959189,110013777,110013777,-82682055,-82682055,17525693,17525693,-125080340,-125080340,-364945836,-364945836,-234648294,-234648294,-331499325,-331499325,-58945484,-58945484,5436186,5436186,57891001,57891001,101159428,101159428,186505577,186505577,-57508946,-57508946
f = 890661385,0,1 | route T | claimed 1907.6629598156031417 | coeffs -234648294,-234648294,-331499325,-331499325,-58945484,-58945484,5436186,5436186,57891001,57891001,101159428,101159428,186505577,186505577,-57508946,-57508946,69520542,69520542,-155221517,-155221517,-74323912,-74323912,46346291,46346291,54528641,54528641,105130369,105130369,51999306,51999306,220174685,220174685,81079628,81079628,153834620,153834620,-13338794,-13338794,254728400,254728400,457507377,457507377,489869503,489869503,348062103,348062103,388747183,388747183,74530189,74530189,-55439242,-55439242,51959189,51959189,-110013777,-110013777,82682055,82682055,-17525693,-17525693,125080340,125080340,364945836,364945836
# status f = 890661385,0,1 : PASS_RHO (rho 0.90689, T 1907.7, 1s)
f = 902454917,0,1 | route RHO | claimed 0.89928961795916863288 | coeffs 866289566,866289566,739260078,739260078,499394582,499394582,357587182,357587182,306985454,306985454,359440269,359440269,197467303,197467303,364640717,364640717,139898658,139898658,9601116,9601116,-31083964,-31083964,-84215027,-84215027,-127483454,-127483454,-320179286,-320179286,-52112092,-52112092,-133009697,-133009697,-229860728,-229860728,-544077722,-544077722,-712253101,-712253101,-626906952,-626906952,-727114700,-727114700,-929893677,-929893677,-809223474,-809223474,-1081777315,-1081777315,-951807884,-951807884,-1090902941,-1090902941,-846888418,-846888418,-989494451,-989494451,-957132325,-957132325,-965314675,-965314675,-900933005,-900933005,-793534574,-793534574
f = 902454917,0,1 | route T | claimed 1767.2219406548669524 | coeffs 31083964,31083964,84215027,84215027,127483454,127483454,320179286,320179286,52112092,52112092,133009697,133009697,229860728,229860728,544077722,544077722,712253101,712253101,626906952,626906952,727114700,727114700,929893677,929893677,809223474,809223474,1081777315,1081777315,951807884,951807884,1090902941,1090902941,846888418,846888418,989494451,989494451,957132325,957132325,965314675,965314675,900933005,900933005,793534574,793534574,866289566,866289566,739260078,739260078,499394582,499394582,357587182,357587182,306985454,306985454,359440269,359440269,197467303,197467303,364640717,364640717,139898658,139898658,9601116,9601116
# status f = 902454917,0,1 : PASS_RHO (rho 0.89929, T 1767.2, 0s)
f = 935723655,0,1 | route RHO | claimed 0.88025868152839636171 | coeffs -508174621,-315478789,-315478789,-90736730,-90736730,51070670,51070670,115452340,115452340,-23642717,-23642717,-123850465,-123850465,-204748070,-204748070,-245433150,-245433150,-192978335,-192978335,-120223343,-120223343,22382690,22382690,-98287513,-98287513,215929481,215929481,259197908,259197908,92024494,92024494,331889990,331889990,323707640,323707640,453677071,453677071,539023220,539023220,807090414,807090414,676792872,676792872,626191144,626191144,518792713,518792713,274778190,274778190,477557167,477557167,574408198,574408198,627539261,627539261,789512227,789512227,916541715,916541715,948903841,948903841,676350000,676350000,508174621
f = 935723655,0,1 | route T | claimed 2313.9827366134393551 | coeffs -98287513,-98287513,215929481,215929481,259197908,259197908,92024494,92024494,331889990,331889990,323707640,323707640,453677071,453677071,539023220,539023220,807090414,807090414,676792872,676792872,626191144,626191144,518792713,518792713,274778190,274778190,477557167,477557167,574408198,574408198,627539261,627539261,789512227,789512227,916541715,916541715,948903841,948903841,676350000,676350000,508174621,508174621,315478789,315478789,90736730,90736730,-51070670,-51070670,-115452340,-115452340,23642717,23642717,123850465,123850465,204748070,204748070,245433150,245433150,192978335,192978335,120223343,120223343,-22382690,-22382690
# status f = 935723655,0,1 : PASS_RHO (rho 0.88026, T 2314.0, 0s)
f = 948913884,0,1 | route RHO | claimed 0.96516571600955613016 | coeffs -831973383,-952643586,-952643586,-1082941128,-1082941128,-1050579002,-1050579002,-969681397,-969681397,-1209546893,-1209546893,-1412325870,-1412325870,-1187583811,-1187583811,-1044977778,-1044977778,-776910584,-776910584,-649881096,-649881096,-549673348,-549673348,-382499934,-382499934,-138485411,-138485411,54210421,54210421,126965413,126965413,212311562,212311562,374284528,374284528,513379585,513379585,470111158,470111158,577509589,577509589,745684968,745684968,798139783,798139783,928109214,928109214,981240277,981240277,916858607,916858607,602641613,602641613,653243341,653243341,925797182,925797182,885112102,885112102,876929752,876929752,973780783,973780783,831973383
f = 948913884,0,1 | route T | claimed 2556.9845794659389067 | coeffs 0,141807400,0,-120670203,0,-130297542,0,32362126,0,80897605,0,-239865496,0,-202778977,0,224742059,0,142606033,0,268067194,0,127029488,0,100207748,0,167173414,0,244014523,0,192695832,0,72754992,0,85346149,0,161972966,0,139095057,0,-43268427,0,107398431,0,168175379,0,52454815,0,129969431,0,53131063,0,-64381670,0,-314216994,0,50601728,0,272553841,0,-40685080,0,-8182350,0,96851031
# status f = 948913884,0,1 : PASS_RHO (rho 0.96517, T 2557.0, 0s)
# summary n = 7 l = 1001199937 : EXCLUSION_CANDIDATE ; PASS 32 / 32 ; OPEN_NEAR 0 ; OPEN_FAR 0 ; 15s
