# FAMILY WITNESS FILE (generator family_gen.sage r10). n = 7 ; l = 1000380481 ; m = 64 ; deg = 2 ; ncomp = 32 ; bar_T = 4224 ; L_n = 16.3328709449664096755483535644
# line: f = c0,...,c_deg (monic, over F_l) | route RHO|T | claimed (rho or T, float) | coeffs a_0..a_{m-1}
f = 61378190,0,1 | route RHO | claimed 0.83003986758349784593 | coeffs 212823626,212823626,337544257,337544257,571246595,571246595,516302732,516302732,385539744,385539744,224196369,224196369,63762670,63762670,83634469,83634469,249991973,249991973,10523745,10523745,-93882968,-93882968,26185089,26185089,-35932142,-35932142,162578325,162578325,350243320,350243320,235643485,235643485,238160240,238160240,488522780,488522780,341136699,341136699,257145764,257145764,260394816,260394816,229478790,229478790,277020007,277020007,308410795,308410795,352274942,352274942,322500064,322500064,185915612,185915612,-116682034,-116682034,-140792203,-140792203,-307803771,-307803771,-205256660,-205256660,-276846101,-276846101
f = 61378190,0,1 | route T | claimed 1324.6167773036423335 | coeffs 140792203,140792203,307803771,307803771,205256660,205256660,276846101,276846101,212823626,212823626,337544257,337544257,571246595,571246595,516302732,516302732,385539744,385539744,224196369,224196369,63762670,63762670,83634469,83634469,249991973,249991973,10523745,10523745,-93882968,-93882968,26185089,26185089,-35932142,-35932142,162578325,162578325,350243320,350243320,235643485,235643485,238160240,238160240,488522780,488522780,341136699,341136699,257145764,257145764,260394816,260394816,229478790,229478790,277020007,277020007,308410795,308410795,352274942,352274942,322500064,322500064,185915612,185915612,-116682034,-116682034
# status f = 61378190,0,1 : PASS_RHO (rho 0.83004, T 1324.6, 1s)
f = 114917757,0,1 | route RHO | claimed 0.82510348646375587993 | coeffs 681887194,915589532,915589532,717079065,717079065,760943212,760943212,705999349,705999349,518334354,518334354,488559476,488559476,357796488,357796488,472396323,472396323,335811871,335811871,174468496,174468496,171951741,171951741,-130645905,-130645905,-291079604,-291079604,-541442144,-541442144,-565552313,-565552313,-545680514,-545680514,-398294433,-398294433,-565306001,-565306001,-398948497,-398948497,-314957562,-314957562,-212410451,-212410451,-451878679,-451878679,-455127731,-455127731,-526717172,-526717172,-631123885,-631123885,-600207859,-600207859,-536185384,-536185384,-416117327,-416117327,-463658544,-463658544,-588379175,-588379175,-650496406,-650496406,-681887194
f = 114917757,0,1 | route T | claimed 1131.1964367997227486 | coeffs 291079604,291079604,541442144,541442144,565552313,565552313,545680514,545680514,398294433,398294433,565306001,565306001,398948497,398948497,314957562,314957562,212410451,212410451,451878679,451878679,455127731,455127731,526717172,526717172,631123885,631123885,600207859,600207859,536185384,536185384,416117327,416117327,463658544,463658544,588379175,588379175,650496406,650496406,681887194,681887194,915589532,915589532,717079065,717079065,760943212,760943212,705999349,705999349,518334354,518334354,488559476,488559476,357796488,357796488,472396323,472396323,335811871,335811871,174468496,174468496,171951741,171951741,-130645905,-130645905
# status f = 114917757,0,1 : PASS_RHO (rho 0.82510, T 1131.2, 0s)
f = 145357370,0,1 | route RHO | claimed 0.83003986758349784593 | coeffs -352274942,-308410795,-308410795,-277020007,-277020007,-229478790,-229478790,-260394816,-260394816,-257145764,-257145764,-341136699,-341136699,-488522780,-488522780,-238160240,-238160240,-235643485,-235643485,-350243320,-350243320,-162578325,-162578325,35932142,35932142,-26185089,-26185089,93882968,93882968,-10523745,-10523745,-249991973,-249991973,-83634469,-83634469,-63762670,-63762670,-224196369,-224196369,-385539744,-385539744,-516302732,-516302732,-571246595,-571246595,-337544257,-337544257,-212823626,-212823626,-276846101,-276846101,-205256660,-205256660,-307803771,-307803771,-140792203,-140792203,-116682034,-116682034,185915612,185915612,322500064,322500064,352274942
f = 145357370,0,1 | route T | claimed 1861.1144454479649976 | coeffs 185915612,322500064,322500064,352274942,352274942,308410795,308410795,277020007,277020007,229478790,229478790,260394816,260394816,257145764,257145764,341136699,341136699,488522780,488522780,238160240,238160240,235643485,235643485,350243320,350243320,162578325,162578325,-35932142,-35932142,26185089,26185089,-93882968,-93882968,10523745,10523745,249991973,249991973,83634469,83634469,63762670,63762670,224196369,224196369,385539744,385539744,516302732,516302732,571246595,571246595,337544257,337544257,212823626,212823626,276846101,276846101,205256660,205256660,307803771,307803771,140792203,140792203,116682034,116682034,-185915612
# status f = 145357370,0,1 : PASS_RHO (rho 0.83004, T 1861.1, 0s)
f = 192341818,0,1 | route RHO | claimed 0.84669670759296907265 | coeffs 317213287,419760398,419760398,364816535,364816535,198459031,198459031,396969498,396969498,544355579,544355579,575746367,575746367,599856536,599856536,475135905,475135905,314702206,314702206,194634149,194634149,197150904,197150904,228066930,228066930,91482478,91482478,163071919,163071919,293834907,293834907,54366679,54366679,-133298316,-133298316,-217289251,-217289251,-261153398,-261153398,-428164966,-428164966,-194462628,-194462628,-214334427,-214334427,-276451658,-276451658,-526814198,-526814198,-479272981,-479272981,-176675335,-176675335,-112652860,-112652860,-273996235,-273996235,-169589522,-169589522,-284189357,-284189357,-287438409,-287438409,-317213287
f = 192341818,0,1 | route T | claimed 1477.803624708590612 | coeffs -197150904,-228066930,-228066930,-91482478,-91482478,-163071919,-163071919,-293834907,-293834907,-54366679,-54366679,133298316,133298316,217289251,217289251,261153398,261153398,428164966,428164966,194462628,194462628,214334427,214334427,276451658,276451658,526814198,526814198,479272981,479272981,176675335,176675335,112652860,112652860,273996235,273996235,169589522,169589522,284189357,284189357,287438409,287438409,317213287,317213287,419760398,419760398,364816535,364816535,198459031,198459031,396969498,396969498,544355579,544355579,575746367,575746367,599856536,599856536,475135905,475135905,314702206,314702206,194634149,194634149,197150904
# status f = 192341818,0,1 : PASS_RHO (rho 0.84670, T 1477.8, 0s)
f = 197167211,0,1 | route RHO | claimed 0.8238980760888159926 | coeffs -131045999,-131045999,30297376,30297376,-13566771,-13566771,106501286,106501286,209048397,209048397,-41314143,-41314143,-172077131,-172077131,-140686343,-140686343,-36279630,-36279630,130731938,130731938,133248693,133248693,188192556,188192556,140651339,140651339,-98816889,-98816889,-122927058,-122927058,-8327223,-8327223,225375115,225375115,194459089,194459089,28101585,28101585,330699231,330699231,518364226,518364226,393643595,393643595,390394543,390394543,410266342,410266342,273681890,273681890,75171423,75171423,11148948,11148948,-72841987,-72841987,87591712,87591712,117366590,117366590,55249359,55249359,-16340082,-16340082
f = 197167211,0,1 | route T | claimed 1329.0754469194584016 | coeffs -41314143,-172077131,-172077131,-140686343,-140686343,-36279630,-36279630,130731938,130731938,133248693,133248693,188192556,188192556,140651339,140651339,-98816889,-98816889,-122927058,-122927058,-8327223,-8327223,225375115,225375115,194459089,194459089,28101585,28101585,330699231,330699231,518364226,518364226,393643595,393643595,390394543,390394543,410266342,410266342,273681890,273681890,75171423,75171423,11148948,11148948,-72841987,-72841987,87591712,87591712,117366590,117366590,55249359,55249359,-16340082,-16340082,131045999,131045999,-30297376,-30297376,13566771,13566771,-106501286,-106501286,-209048397,-209048397,41314143
# status f = 197167211,0,1 : PASS_RHO (rho 0.82390, T 1329.1, 0s)
f = 220276017,0,1 | route RHO | claimed 0.82477287435718041117 | coeffs -267991230,-267991230,-297766108,-297766108,-345307325,-345307325,-429298260,-429298260,-431815015,-431815015,-233304548,-233304548,-128897835,-128897835,-109026036,-109026036,21736952,21736952,146457583,146457583,249004694,249004694,551602340,551602340,595466487,595466487,626382513,626382513,478996432,478996432,593596267,593596267,531479036,531479036,770947264,770947264,610513565,610513565,665457428,665457428,601434953,601434953,434423385,434423385,571007837,571007837,602398625,602398625,599149573,599149573,849512113,849512113,661847118,661847118,781915175,781915175,615557671,615557671,454214296,454214296,220511958,220511958,292101399,292101399
f = 220276017,0,1 | route T | claimed 1441.8038080763013703 | coeffs -109026036,21736952,21736952,146457583,146457583,249004694,249004694,551602340,551602340,595466487,595466487,626382513,626382513,478996432,478996432,593596267,593596267,531479036,531479036,770947264,770947264,610513565,610513565,665457428,665457428,601434953,601434953,434423385,434423385,571007837,571007837,602398625,602398625,599149573,599149573,849512113,849512113,661847118,661847118,781915175,781915175,615557671,615557671,454214296,454214296,220511958,220511958,292101399,292101399,267991230,267991230,297766108,297766108,345307325,345307325,429298260,429298260,431815015,431815015,233304548,233304548,128897835,128897835,109026036
# status f = 220276017,0,1 : PASS_RHO (rho 0.82477, T 1441.8, 0s)
f = 225658410,0,1 | route RHO | claimed 0.81788913558799013484 | coeffs 299011248,299011248,329927274,329927274,169493575,169493575,200884363,200884363,34526859,34526859,64301737,64301737,-40104976,-40104976,-342702622,-342702622,-280585391,-280585391,-113573823,-113573823,74091172,74091172,2501731,2501731,-15024,-15024,124705607,124705607,-22680474,-22680474,32263389,32263389,29014337,29014337,-132329038,-132329038,-84787821,-84787821,-104659620,-104659620,-148523767,-148523767,-387991995,-387991995,-524576447,-524576447,-644644504,-644644504,-620534335,-620534335,-422023868,-422023868,-319476757,-319476757,-204876922,-204876922,-268899397,-268899397,-18536857,-18536857,-252239195,-252239195,-168248260,-168248260
f = 225658410,0,1 | route T | claimed 1324.5517092418377102 | coeffs -200884363,-34526859,-34526859,-64301737,-64301737,40104976,40104976,342702622,342702622,280585391,280585391,113573823,113573823,-74091172,-74091172,-2501731,-2501731,15024,15024,-124705607,-124705607,22680474,22680474,-32263389,-32263389,-29014337,-29014337,132329038,132329038,84787821,84787821,104659620,104659620,148523767,148523767,387991995,387991995,524576447,524576447,644644504,644644504,620534335,620534335,422023868,422023868,319476757,319476757,204876922,204876922,268899397,268899397,18536857,18536857,252239195,252239195,168248260,168248260,299011248,299011248,329927274,329927274,169493575,169493575,200884363
# status f = 225658410,0,1 : PASS_RHO (rho 0.81789, T 1324.6, 0s)
f = 227729360,0,1 | route RHO | claimed 0.82035824574886870433 | coeffs -2670575,-2670575,231031763,231031763,110963706,110963706,114212758,114212758,281224326,281224326,441658025,441658025,327058190,327058190,283194043,283194043,158473412,158473412,54066699,54066699,138057634,138057634,113947465,113947465,-47395910,-47395910,-235060905,-235060905,-203670117,-203670117,-267692592,-267692592,-28224364,-28224364,-175610445,-175610445,126987201,126987201,257750189,257750189,456260656,456260656,408719439,408719439,337129998,337129998,503487502,503487502,253124962,253124962,116540510,116540510,61596647,61596647,123713878,123713878,92797852,92797852,-9749259,-9749259,-29621058,-29621058,-27104303,-27104303
f = 227729360,0,1 | route T | claimed 1339.9647363780602037 | coeffs 231031763,110963706,110963706,114212758,114212758,281224326,281224326,441658025,441658025,327058190,327058190,283194043,283194043,158473412,158473412,54066699,54066699,138057634,138057634,113947465,113947465,-47395910,-47395910,-235060905,-235060905,-203670117,-203670117,-267692592,-267692592,-28224364,-28224364,-175610445,-175610445,126987201,126987201,257750189,257750189,456260656,456260656,408719439,408719439,337129998,337129998,503487502,503487502,253124962,253124962,116540510,116540510,61596647,61596647,123713878,123713878,92797852,92797852,-9749259,-9749259,-29621058,-29621058,-27104303,-27104303,2670575,2670575,-231031763
# status f = 227729360,0,1 : PASS_RHO (rho 0.82036, T 1340.0, 0s)
f = 235087559,0,1 | route RHO | claimed 0.85134927863518201267 | coeffs -909197891,-865333744,-865333744,-793744303,-793744303,-633310604,-633310604,-434800137,-434800137,-438049189,-438049189,-740646835,-740646835,-506944497,-506944497,-267476269,-267476269,-264959514,-264959514,-296350302,-296350302,-193803191,-193803191,-355146566,-355146566,-293029335,-293029335,-377020270,-377020270,-240435818,-240435818,-365156449,-365156449,-198798945,-198798945,-84199110,-84199110,-36657893,-36657893,130353675,130353675,261116663,261116663,381184720,381184720,528570801,528570801,498795923,498795923,434773448,434773448,414901649,414901649,602566644,602566644,633482670,633482670,609372501,609372501,554428638,554428638,658835351,658835351,909197891
f = 235087559,0,1 | route T | claimed 1920.9329410049101388 | coeffs 130353675,130353675,261116663,261116663,381184720,381184720,528570801,528570801,498795923,498795923,434773448,434773448,414901649,414901649,602566644,602566644,633482670,633482670,609372501,609372501,554428638,554428638,658835351,658835351,909197891,909197891,865333744,865333744,793744303,793744303,633310604,633310604,434800137,434800137,438049189,438049189,740646835,740646835,506944497,506944497,267476269,267476269,264959514,264959514,296350302,296350302,193803191,193803191,355146566,355146566,293029335,293029335,377020270,377020270,240435818,240435818,365156449,365156449,198798945,198798945,84199110,84199110,36657893,36657893
# status f = 235087559,0,1 : PASS_RHO (rho 0.85135, T 1920.9, 0s)
f = 239286310,0,1 | route RHO | claimed 0.84669670759296907265 | coeffs -419760398,-419760398,-317213287,-317213287,-287438409,-287438409,-284189357,-284189357,-169589522,-169589522,-273996235,-273996235,-112652860,-112652860,-176675335,-176675335,-479272981,-479272981,-526814198,-526814198,-276451658,-276451658,-214334427,-214334427,-194462628,-194462628,-428164966,-428164966,-261153398,-261153398,-217289251,-217289251,-133298316,-133298316,54366679,54366679,293834907,293834907,163071919,163071919,91482478,91482478,228066930,228066930,197150904,197150904,194634149,194634149,314702206,314702206,475135905,475135905,599856536,599856536,575746367,575746367,544355579,544355579,396969498,396969498,198459031,198459031,364816535,364816535
f = 239286310,0,1 | route T | claimed 1249.3589657142283113 | coeffs 163071919,163071919,91482478,91482478,228066930,228066930,197150904,197150904,194634149,194634149,314702206,314702206,475135905,475135905,599856536,599856536,575746367,575746367,544355579,544355579,396969498,396969498,198459031,198459031,364816535,364816535,419760398,419760398,317213287,317213287,287438409,287438409,284189357,284189357,169589522,169589522,273996235,273996235,112652860,112652860,176675335,176675335,479272981,479272981,526814198,526814198,276451658,276451658,214334427,214334427,194462628,194462628,428164966,428164966,261153398,261153398,217289251,217289251,133298316,133298316,-54366679,-54366679,-293834907,-293834907
# status f = 239286310,0,1 : PASS_RHO (rho 0.84670, T 1249.4, 0s)
f = 259230704,0,1 | route RHO | claimed 0.85134927863518201267 | coeffs 414901649,414901649,434773448,434773448,498795923,498795923,528570801,528570801,381184720,381184720,261116663,261116663,130353675,130353675,-36657893,-36657893,-84199110,-84199110,-198798945,-198798945,-365156449,-365156449,-240435818,-240435818,-377020270,-377020270,-293029335,-293029335,-355146566,-355146566,-193803191,-193803191,-296350302,-296350302,-264959514,-264959514,-267476269,-267476269,-506944497,-506944497,-740646835,-740646835,-438049189,-438049189,-434800137,-434800137,-633310604,-633310604,-793744303,-793744303,-865333744,-865333744,-909197891,-909197891,-658835351,-658835351,-554428638,-554428638,-609372501,-609372501,-633482670,-633482670,-602566644,-602566644
f = 259230704,0,1 | route T | claimed 1417.8597923125054229 | coeffs 84199110,84199110,198798945,198798945,365156449,365156449,240435818,240435818,377020270,377020270,293029335,293029335,355146566,355146566,193803191,193803191,296350302,296350302,264959514,264959514,267476269,267476269,506944497,506944497,740646835,740646835,438049189,438049189,434800137,434800137,633310604,633310604,793744303,793744303,865333744,865333744,909197891,909197891,658835351,658835351,554428638,554428638,609372501,609372501,633482670,633482670,602566644,602566644,414901649,414901649,434773448,434773448,498795923,498795923,528570801,528570801,381184720,381184720,261116663,261116663,130353675,130353675,-36657893,-36657893
# status f = 259230704,0,1 : PASS_RHO (rho 0.85135, T 1417.9, 0s)
f = 281551564,0,1 | route RHO | claimed 0.82322117870155211805 | coeffs 912635176,912635176,915151931,915151931,831160996,831160996,878702213,878702213,848927335,848927335,824817166,824817166,753227725,753227725,519525387,519525387,680868762,680868762,514511258,514511258,394443201,394443201,206778206,206778206,-43584334,-43584334,-46833386,-46833386,-78224174,-78224174,58360278,58360278,225371846,225371846,161349371,161349371,106405508,106405508,-54028191,-54028191,-293496419,-293496419,-355613650,-355613650,-470213485,-470213485,-617599566,-617599566,-648515592,-648515592,-604651445,-604651445,-907249091,-907249091,-804701980,-804701980,-929422611,-929422611,-798659623,-798659623,-818531422,-818531422,-714124709,-714124709
f = 281551564,0,1 | route T | claimed 1084.9470685834070148 | coeffs 54028191,293496419,293496419,355613650,355613650,470213485,470213485,617599566,617599566,648515592,648515592,604651445,604651445,907249091,907249091,804701980,804701980,929422611,929422611,798659623,798659623,818531422,818531422,714124709,714124709,912635176,912635176,915151931,915151931,831160996,831160996,878702213,878702213,848927335,848927335,824817166,824817166,753227725,753227725,519525387,519525387,680868762,680868762,514511258,514511258,394443201,394443201,206778206,206778206,-43584334,-43584334,-46833386,-46833386,-78224174,-78224174,58360278,58360278,225371846,225371846,161349371,161349371,106405508,106405508,-54028191
# status f = 281551564,0,1 : PASS_RHO (rho 0.82322, T 1084.9, 0s)
f = 388388914,0,1 | route RHO | claimed 0.82035824574886870433 | coeffs -54066699,-158473412,-158473412,-283194043,-283194043,-327058190,-327058190,-441658025,-441658025,-281224326,-281224326,-114212758,-114212758,-110963706,-110963706,-231031763,-231031763,2670575,2670575,-27104303,-27104303,-29621058,-29621058,-9749259,-9749259,92797852,92797852,123713878,123713878,61596647,61596647,116540510,116540510,253124962,253124962,503487502,503487502,337129998,337129998,408719439,408719439,456260656,456260656,257750189,257750189,126987201,126987201,-175610445,-175610445,-28224364,-28224364,-267692592,-267692592,-203670117,-203670117,-235060905,-235060905,-47395910,-47395910,113947465,113947465,138057634,138057634,54066699
f = 388388914,0,1 | route T | claimed 1713.875007737104281 | coeffs -141720272,-81199832,-81199832,-247742473,-247742473,-81002457,-81002457,-234780662,-234780662,-333644995,-333644995,-62232903,-62232903,-53351909,-53351909,83019065,83019065,51460528,51460528,82108216,82108216,219312780,219312780,471006884,471006884,418911541,418911541,366781934,366781934,265691567,265691567,29939478,29939478,6483825,6483825,270832076,270832076,444161438,444161438,470952850,470952850,867233481,867233481,736595012,736595012,586933952,586933952,293443897,293443897,413764455,413764455,158980637,158980637,191187189,191187189,246354297,246354297,278009969,278009969,169174553,169174553,157788080,157788080,141720272
# status f = 388388914,0,1 : PASS_RHO (rho 0.82036, T 1713.9, 0s)
f = 407578117,0,1 | route RHO | claimed 0.81788913558799013484 | coeffs -329927274,-299011248,-299011248,-168248260,-168248260,-252239195,-252239195,-18536857,-18536857,-268899397,-268899397,-204876922,-204876922,-319476757,-319476757,-422023868,-422023868,-620534335,-620534335,-644644504,-644644504,-524576447,-524576447,-387991995,-387991995,-148523767,-148523767,-104659620,-104659620,-84787821,-84787821,-132329038,-132329038,29014337,29014337,32263389,32263389,-22680474,-22680474,124705607,124705607,-15024,-15024,2501731,2501731,74091172,74091172,-113573823,-113573823,-280585391,-280585391,-342702622,-342702622,-40104976,-40104976,64301737,64301737,34526859,34526859,200884363,200884363,169493575,169493575,329927274
f = 407578117,0,1 | route T | claimed 1383.1623757354912693 | coeffs 64301737,64301737,34526859,34526859,200884363,200884363,169493575,169493575,329927274,329927274,299011248,299011248,168248260,168248260,252239195,252239195,18536857,18536857,268899397,268899397,204876922,204876922,319476757,319476757,422023868,422023868,620534335,620534335,644644504,644644504,524576447,524576447,387991995,387991995,148523767,148523767,104659620,104659620,84787821,84787821,132329038,132329038,-29014337,-29014337,-32263389,-32263389,22680474,22680474,-124705607,-124705607,15024,15024,-2501731,-2501731,-74091172,-74091172,113573823,113573823,280585391,280585391,342702622,342702622,40104976,40104976
# status f = 407578117,0,1 : PASS_RHO (rho 0.81789, T 1383.2, 0s)
f = 422087602,0,1 | route RHO | claimed 0.82492032632064291079 | coeffs 326127017,159115449,159115449,263522162,263522162,232131374,232131374,101368386,101368386,351730926,351730926,454278037,454278037,334209980,334209980,290345833,290345833,129002458,129002458,-18383623,-18383623,-89973064,-89973064,-27855833,-27855833,1919045,1919045,-158514654,-158514654,-242505589,-242505589,-178483114,-178483114,-376993581,-376993581,-240409129,-240409129,-220537330,-220537330,-217288278,-217288278,-342008909,-342008909,-529673904,-529673904,-227076258,-227076258,-60718754,-60718754,-91634780,-91634780,-325337118,-325337118,-210737283,-210737283,-186627114,-186627114,-426095342,-426095342,-378554125,-378554125,-323610262,-323610262,-326127017
f = 422087602,0,1 | route T | claimed 1654.8956213107716285 | coeffs -1919045,-1919045,158514654,158514654,242505589,242505589,178483114,178483114,376993581,376993581,240409129,240409129,220537330,220537330,217288278,217288278,342008909,342008909,529673904,529673904,227076258,227076258,60718754,60718754,91634780,91634780,325337118,325337118,210737283,210737283,186627114,186627114,426095342,426095342,378554125,378554125,323610262,323610262,326127017,326127017,159115449,159115449,263522162,263522162,232131374,232131374,101368386,101368386,351730926,351730926,454278037,454278037,334209980,334209980,290345833,290345833,129002458,129002458,-18383623,-18383623,-89973064,-89973064,-27855833,-27855833
# status f = 422087602,0,1 : PASS_RHO (rho 0.82492, T 1654.9, 0s)
f = 460082962,0,1 | route RHO | claimed 0.82510348646375587993 | coeffs -760943212,-717079065,-717079065,-915589532,-915589532,-681887194,-681887194,-650496406,-650496406,-588379175,-588379175,-463658544,-463658544,-416117327,-416117327,-536185384,-536185384,-600207859,-600207859,-631123885,-631123885,-526717172,-526717172,-455127731,-455127731,-451878679,-451878679,-212410451,-212410451,-314957562,-314957562,-398948497,-398948497,-565306001,-565306001,-398294433,-398294433,-545680514,-545680514,-565552313,-565552313,-541442144,-541442144,-291079604,-291079604,-130645905,-130645905,171951741,171951741,174468496,174468496,335811871,335811871,472396323,472396323,357796488,357796488,488559476,488559476,518334354,518334354,705999349,705999349,760943212
f = 460082962,0,1 | route T | claimed 1275.2618791610299054 | coeffs -291079604,-130645905,-130645905,171951741,171951741,174468496,174468496,335811871,335811871,472396323,472396323,357796488,357796488,488559476,488559476,518334354,518334354,705999349,705999349,760943212,760943212,717079065,717079065,915589532,915589532,681887194,681887194,650496406,650496406,588379175,588379175,463658544,463658544,416117327,416117327,536185384,536185384,600207859,600207859,631123885,631123885,526717172,526717172,455127731,455127731,451878679,451878679,212410451,212410451,314957562,314957562,398948497,398948497,565306001,565306001,398294433,398294433,545680514,545680514,565552313,565552313,541442144,541442144,291079604
# status f = 460082962,0,1 : PASS_RHO (rho 0.82510, T 1275.3, 0s)
f = 540297519,0,1 | route RHO | claimed 0.83485746255316749619 | coeffs -548988791,-548988791,-611106022,-611106022,-486385391,-486385391,-533926608,-533926608,-653994665,-653994665,-589972190,-589972190,-620888216,-620888216,-725294929,-725294929,-653705488,-653705488,-656954540,-656954540,-417486312,-417486312,-314939201,-314939201,-398930136,-398930136,-232572632,-232572632,-65561064,-65561064,81825017,81825017,61953218,61953218,37843049,37843049,288205589,288205589,127771890,127771890,430369536,430369536,427852781,427852781,589196156,589196156,452611704,452611704,338011869,338011869,207248881,207248881,237023759,237023759,49358764,49358764,104302627,104302627,148166774,148166774,346677241,346677241,580379579,580379579
f = 540297519,0,1 | route T | claimed 1373.2972631322095736 | coeffs -65561064,-65561064,81825017,81825017,61953218,61953218,37843049,37843049,288205589,288205589,127771890,127771890,430369536,430369536,427852781,427852781,589196156,589196156,452611704,452611704,338011869,338011869,207248881,207248881,237023759,237023759,49358764,49358764,104302627,104302627,148166774,148166774,346677241,346677241,580379579,580379579,548988791,548988791,611106022,611106022,486385391,486385391,533926608,533926608,653994665,653994665,589972190,589972190,620888216,620888216,725294929,725294929,653705488,653705488,656954540,656954540,417486312,417486312,314939201,314939201,398930136,398930136,232572632,232572632
# status f = 540297519,0,1 : PASS_RHO (rho 0.83486, T 1373.3, 0s)
f = 578292879,0,1 | route RHO | claimed 0.8238980760888159926 | coeffs 41314143,41314143,-209048397,-209048397,-106501286,-106501286,13566771,13566771,-30297376,-30297376,131045999,131045999,-16340082,-16340082,55249359,55249359,117366590,117366590,87591712,87591712,-72841987,-72841987,11148948,11148948,75171423,75171423,273681890,273681890,410266342,410266342,390394543,390394543,393643595,393643595,518364226,518364226,330699231,330699231,28101585,28101585,194459089,194459089,225375115,225375115,-8327223,-8327223,-122927058,-122927058,-98816889,-98816889,140651339,140651339,188192556,188192556,133248693,133248693,130731938,130731938,-36279630,-36279630,-140686343,-140686343,-172077131,-172077131
f = 578292879,0,1 | route T | claimed 1378.676429321626924 | coeffs 41314143,41314143,-209048397,-209048397,-106501286,-106501286,13566771,13566771,-30297376,-30297376,131045999,131045999,-16340082,-16340082,55249359,55249359,117366590,117366590,87591712,87591712,-72841987,-72841987,11148948,11148948,75171423,75171423,273681890,273681890,410266342,410266342,390394543,390394543,393643595,393643595,518364226,518364226,330699231,330699231,28101585,28101585,194459089,194459089,225375115,225375115,-8327223,-8327223,-122927058,-122927058,-98816889,-98816889,140651339,140651339,188192556,188192556,133248693,133248693,130731938,130731938,-36279630,-36279630,-140686343,-140686343,-172077131,-172077131
# status f = 578292879,0,1 : PASS_RHO (rho 0.82390, T 1378.7, 0s)
f = 592802364,0,1 | route RHO | claimed 0.84316984017636604219 | coeffs 280040580,232499363,232499363,71155988,71155988,74405040,74405040,129348903,129348903,276734984,276734984,401455615,401455615,403972370,403972370,332382929,332382929,144717934,144717934,311729502,311729502,249612271,249612271,-52985375,-52985375,51421338,51421338,81196216,81196216,247553720,247553720,278944508,278944508,439378207,439378207,470294233,470294233,339531245,339531245,255540310,255540310,21837972,21837972,-228524568,-228524568,-292547043,-292547043,-407146878,-407146878,-304599767,-304599767,-503110234,-503110234,-479000065,-479000065,-358932008,-358932008,-495516460,-495516460,-256048232,-256048232,-299912379,-299912379,-280040580
f = 592802364,0,1 | route T | claimed 1907.4626122207297477 | coeffs 228524568,292547043,292547043,407146878,407146878,304599767,304599767,503110234,503110234,479000065,479000065,358932008,358932008,495516460,495516460,256048232,256048232,299912379,299912379,280040580,280040580,232499363,232499363,71155988,71155988,74405040,74405040,129348903,129348903,276734984,276734984,401455615,401455615,403972370,403972370,332382929,332382929,144717934,144717934,311729502,311729502,249612271,249612271,-52985375,-52985375,51421338,51421338,81196216,81196216,247553720,247553720,278944508,278944508,439378207,439378207,470294233,470294233,339531245,339531245,255540310,255540310,21837972,21837972,-228524568
# status f = 592802364,0,1 : PASS_RHO (rho 0.84317, T 1907.5, 0s)
f = 611991567,0,1 | route RHO | claimed 0.84012239504688419179 | coeffs -458677815,-458677815,-455428763,-455428763,-335360706,-335360706,-101658368,-101658368,-71883490,-71883490,-74400245,-74400245,-94272044,-94272044,8275067,8275067,-22640959,-22640959,-84758190,-84758190,-139702053,-139702053,-3117601,-3117601,-253480141,-253480141,-419837645,-419837645,-491427086,-491427086,-443885869,-443885869,-245375402,-245375402,-376138390,-376138390,-73540744,-73540744,73845337,73845337,313313565,313313565,377336040,377336040,408726828,408726828,596391823,596391823,435048448,435048448,459158617,459158617,543149552,543149552,647556265,647556265,522835634,522835634,566699781,566699781,452099946,452099946,291666247,291666247
f = 611991567,0,1 | route T | claimed 1671.9968900773182891 | coeffs -443885869,-245375402,-245375402,-376138390,-376138390,-73540744,-73540744,73845337,73845337,313313565,313313565,377336040,377336040,408726828,408726828,596391823,596391823,435048448,435048448,459158617,459158617,543149552,543149552,647556265,647556265,522835634,522835634,566699781,566699781,452099946,452099946,291666247,291666247,458677815,458677815,455428763,455428763,335360706,335360706,101658368,101658368,71883490,71883490,74400245,74400245,94272044,94272044,-8275067,-8275067,22640959,22640959,84758190,84758190,139702053,139702053,3117601,3117601,253480141,253480141,419837645,419837645,491427086,491427086,443885869
# status f = 611991567,0,1 : PASS_RHO (rho 0.84012, T 1672.0, 0s)
f = 718828917,0,1 | route RHO | claimed 0.82477287435718041117 | coeffs -849512113,-849512113,-599149573,-599149573,-602398625,-602398625,-571007837,-571007837,-434423385,-434423385,-601434953,-601434953,-665457428,-665457428,-610513565,-610513565,-770947264,-770947264,-531479036,-531479036,-593596267,-593596267,-478996432,-478996432,-626382513,-626382513,-595466487,-595466487,-551602340,-551602340,-249004694,-249004694,-146457583,-146457583,-21736952,-21736952,109026036,109026036,128897835,128897835,233304548,233304548,431815015,431815015,429298260,429298260,345307325,345307325,297766108,297766108,267991230,267991230,292101399,292101399,220511958,220511958,454214296,454214296,615557671,615557671,781915175,781915175,661847118,661847118
f = 718828917,0,1 | route T | claimed 1408.1464920386822272 | coeffs -146457583,-21736952,-21736952,109026036,109026036,128897835,128897835,233304548,233304548,431815015,431815015,429298260,429298260,345307325,345307325,297766108,297766108,267991230,267991230,292101399,292101399,220511958,220511958,454214296,454214296,615557671,615557671,781915175,781915175,661847118,661847118,849512113,849512113,599149573,599149573,602398625,602398625,571007837,571007837,434423385,434423385,601434953,601434953,665457428,665457428,610513565,610513565,770947264,770947264,531479036,531479036,593596267,593596267,478996432,478996432,626382513,626382513,595466487,595466487,551602340,551602340,249004694,249004694,146457583
# status f = 718828917,0,1 : PASS_RHO (rho 0.82477, T 1408.1, 0s)
f = 741149777,0,1 | route RHO | claimed 0.81535641294998505806 | coeffs -616317608,-640427777,-640427777,-671343803,-671343803,-483678808,-483678808,-463807009,-463807009,-527829484,-527829484,-498054606,-498054606,-350668525,-350668525,-470736582,-470736582,-339973594,-339973594,-506985162,-506985162,-459443945,-459443945,-574043780,-574043780,-407686276,-407686276,-282965645,-282965645,-146381193,-146381193,-62390258,-62390258,-273027,-273027,161070348,161070348,263617459,263617459,295008247,295008247,297525002,297525002,58056774,58056774,291759112,291759112,594356758,594356758,591107706,591107706,392597239,392597239,553030938,553030938,481441497,481441497,525305644,525305644,775668184,775668184,671261471,671261471,616317608
f = 741149777,0,1 | route T | claimed 1382.8320287951077098 | coeffs 161070348,161070348,263617459,263617459,295008247,295008247,297525002,297525002,58056774,58056774,291759112,291759112,594356758,594356758,591107706,591107706,392597239,392597239,553030938,553030938,481441497,481441497,525305644,525305644,775668184,775668184,671261471,671261471,616317608,616317608,640427777,640427777,671343803,671343803,483678808,483678808,463807009,463807009,527829484,527829484,498054606,498054606,350668525,350668525,470736582,470736582,339973594,339973594,506985162,506985162,459443945,459443945,574043780,574043780,407686276,407686276,282965645,282965645,146381193,146381193,62390258,62390258,273027,273027
# status f = 741149777,0,1 : PASS_RHO (rho 0.81536, T 1382.8, 0s)
f = 761094171,0,1 | route RHO | claimed 0.83124052729704315313 | coeffs 481209589,481209589,505319758,505319758,473928970,473928970,621315051,621315051,422804584,422804584,256447080,256447080,311390943,311390943,413938054,413938054,384163176,384163176,387412228,387412228,272812393,272812393,168405680,168405680,7062305,7062305,-56960170,-56960170,245637476,245637476,198096259,198096259,-52266281,-52266281,9850950,9850950,-10020849,-10020849,-243723187,-243723187,-410734755,-410734755,-366870608,-366870608,-450861543,-450861543,-263196548,-263196548,-502664776,-502664776,-633427764,-633427764,-561838323,-561838323,-425253871,-425253871,-394337845,-394337845,-396854600,-396854600,-516922657,-516922657,-356488958,-356488958
f = 761094171,0,1 | route T | claimed 1268.2714034031573789 | coeffs 52266281,52266281,-9850950,-9850950,10020849,10020849,243723187,243723187,410734755,410734755,366870608,366870608,450861543,450861543,263196548,263196548,502664776,502664776,633427764,633427764,561838323,561838323,425253871,425253871,394337845,394337845,396854600,396854600,516922657,516922657,356488958,356488958,481209589,481209589,505319758,505319758,473928970,473928970,621315051,621315051,422804584,422804584,256447080,256447080,311390943,311390943,413938054,413938054,384163176,384163176,387412228,387412228,272812393,272812393,168405680,168405680,7062305,7062305,-56960170,-56960170,245637476,245637476,198096259,198096259
# status f = 761094171,0,1 : PASS_RHO (rho 0.83124, T 1268.3, 0s)
f = 765292922,0,1 | route RHO | claimed 0.81535641294998505806 | coeffs -775668184,-525305644,-525305644,-481441497,-481441497,-553030938,-553030938,-392597239,-392597239,-591107706,-591107706,-594356758,-594356758,-291759112,-291759112,-58056774,-58056774,-297525002,-297525002,-295008247,-295008247,-263617459,-263617459,-161070348,-161070348,273027,273027,62390258,62390258,146381193,146381193,282965645,282965645,407686276,407686276,574043780,574043780,459443945,459443945,506985162,506985162,339973594,339973594,470736582,470736582,350668525,350668525,498054606,498054606,527829484,527829484,463807009,463807009,483678808,483678808,671343803,671343803,640427777,640427777,616317608,616317608,671261471,671261471,775668184
f = 765292922,0,1 | route T | claimed 1490.2012116515505687 | coeffs -161070348,273027,273027,62390258,62390258,146381193,146381193,282965645,282965645,407686276,407686276,574043780,574043780,459443945,459443945,506985162,506985162,339973594,339973594,470736582,470736582,350668525,350668525,498054606,498054606,527829484,527829484,463807009,463807009,483678808,483678808,671343803,671343803,640427777,640427777,616317608,616317608,671261471,671261471,775668184,775668184,525305644,525305644,481441497,481441497,553030938,553030938,392597239,392597239,591107706,591107706,594356758,594356758,291759112,291759112,58056774,58056774,297525002,297525002,295008247,295008247,263617459,263617459,161070348
# status f = 765292922,0,1 : PASS_RHO (rho 0.81536, T 1490.2, 0s)
f = 772651121,0,1 | route RHO | claimed 0.84012239504688419179 | coeffs -245375402,-245375402,-443885869,-443885869,-491427086,-491427086,-419837645,-419837645,-253480141,-253480141,-3117601,-3117601,-139702053,-139702053,-84758190,-84758190,-22640959,-22640959,8275067,8275067,-94272044,-94272044,-74400245,-74400245,-71883490,-71883490,-101658368,-101658368,-335360706,-335360706,-455428763,-455428763,-458677815,-458677815,-291666247,-291666247,-452099946,-452099946,-566699781,-566699781,-522835634,-522835634,-647556265,-647556265,-543149552,-543149552,-459158617,-459158617,-435048448,-435048448,-596391823,-596391823,-408726828,-408726828,-377336040,-377336040,-313313565,-313313565,-73845337,-73845337,73540744,73540744,376138390,376138390
f = 772651121,0,1 | route T | claimed 1989.9479247478011123 | coeffs 376138390,245375402,245375402,443885869,443885869,491427086,491427086,419837645,419837645,253480141,253480141,3117601,3117601,139702053,139702053,84758190,84758190,22640959,22640959,-8275067,-8275067,94272044,94272044,74400245,74400245,71883490,71883490,101658368,101658368,335360706,335360706,455428763,455428763,458677815,458677815,291666247,291666247,452099946,452099946,566699781,566699781,522835634,522835634,647556265,647556265,543149552,543149552,459158617,459158617,435048448,435048448,596391823,596391823,408726828,408726828,377336040,377336040,313313565,313313565,73845337,73845337,-73540744,-73540744,-376138390
# status f = 772651121,0,1 : PASS_RHO (rho 0.84012, T 1989.9, 0s)
f = 774722071,0,1 | route RHO | claimed 0.84316984017636604219 | coeffs -311729502,-144717934,-144717934,-332382929,-332382929,-403972370,-403972370,-401455615,-401455615,-276734984,-276734984,-129348903,-129348903,-74405040,-74405040,-71155988,-71155988,-232499363,-232499363,-280040580,-280040580,-299912379,-299912379,-256048232,-256048232,-495516460,-495516460,-358932008,-358932008,-479000065,-479000065,-503110234,-503110234,-304599767,-304599767,-407146878,-407146878,-292547043,-292547043,-228524568,-228524568,21837972,21837972,255540310,255540310,339531245,339531245,470294233,470294233,439378207,439378207,278944508,278944508,247553720,247553720,81196216,81196216,51421338,51421338,-52985375,-52985375,249612271,249612271,311729502
f = 774722071,0,1 | route T | claimed 1835.2755942011496075 | coeffs 21837972,21837972,255540310,255540310,339531245,339531245,470294233,470294233,439378207,439378207,278944508,278944508,247553720,247553720,81196216,81196216,51421338,51421338,-52985375,-52985375,249612271,249612271,311729502,311729502,144717934,144717934,332382929,332382929,403972370,403972370,401455615,401455615,276734984,276734984,129348903,129348903,74405040,74405040,71155988,71155988,232499363,232499363,280040580,280040580,299912379,299912379,256048232,256048232,495516460,495516460,358932008,358932008,479000065,479000065,503110234,503110234,304599767,304599767,407146878,407146878,292547043,292547043,228524568,228524568
# status f = 774722071,0,1 : PASS_RHO (rho 0.84317, T 1835.3, 0s)
f = 780104464,0,1 | route RHO | claimed 0.82322117870155211805 | coeffs -617599566,-470213485,-470213485,-355613650,-355613650,-293496419,-293496419,-54028191,-54028191,106405508,106405508,161349371,161349371,225371846,225371846,58360278,58360278,-78224174,-78224174,-46833386,-46833386,-43584334,-43584334,206778206,206778206,394443201,394443201,514511258,514511258,680868762,680868762,519525387,519525387,753227725,753227725,824817166,824817166,848927335,848927335,878702213,878702213,831160996,831160996,915151931,915151931,912635176,912635176,714124709,714124709,818531422,818531422,798659623,798659623,929422611,929422611,804701980,804701980,907249091,907249091,604651445,604651445,648515592,648515592,617599566
f = 780104464,0,1 | route T | claimed 1411.402724262779628 | coeffs -293496419,-293496419,-54028191,-54028191,106405508,106405508,161349371,161349371,225371846,225371846,58360278,58360278,-78224174,-78224174,-46833386,-46833386,-43584334,-43584334,206778206,206778206,394443201,394443201,514511258,514511258,680868762,680868762,519525387,519525387,753227725,753227725,824817166,824817166,848927335,848927335,878702213,878702213,831160996,831160996,915151931,915151931,912635176,912635176,714124709,714124709,818531422,818531422,798659623,798659623,929422611,929422611,804701980,804701980,907249091,907249091,604651445,604651445,648515592,648515592,617599566,617599566,470213485,470213485,355613650,355613650
# status f = 780104464,0,1 : PASS_RHO (rho 0.82322, T 1411.4, 0s)
f = 803213270,0,1 | route RHO | claimed 0.82492032632064291079 | coeffs 325337118,91634780,91634780,60718754,60718754,227076258,227076258,529673904,529673904,342008909,342008909,217288278,217288278,220537330,220537330,240409129,240409129,376993581,376993581,178483114,178483114,242505589,242505589,158514654,158514654,-1919045,-1919045,27855833,27855833,89973064,89973064,18383623,18383623,-129002458,-129002458,-290345833,-290345833,-334209980,-334209980,-454278037,-454278037,-351730926,-351730926,-101368386,-101368386,-232131374,-232131374,-263522162,-263522162,-159115449,-159115449,-326127017,-326127017,-323610262,-323610262,-378554125,-378554125,-426095342,-426095342,-186627114,-186627114,-210737283,-210737283,-325337118
f = 803213270,0,1 | route T | claimed 1118.2907263407587564 | coeffs -27855833,-89973064,-89973064,-18383623,-18383623,129002458,129002458,290345833,290345833,334209980,334209980,454278037,454278037,351730926,351730926,101368386,101368386,232131374,232131374,263522162,263522162,159115449,159115449,326127017,326127017,323610262,323610262,378554125,378554125,426095342,426095342,186627114,186627114,210737283,210737283,325337118,325337118,91634780,91634780,60718754,60718754,227076258,227076258,529673904,529673904,342008909,342008909,217288278,217288278,220537330,220537330,240409129,240409129,376993581,376993581,178483114,178483114,242505589,242505589,158514654,158514654,-1919045,-1919045,27855833
# status f = 803213270,0,1 : PASS_RHO (rho 0.82492, T 1118.3, 0s)
f = 808038663,0,1 | route RHO | claimed 0.83124052729704315313 | coeffs 256447080,256447080,422804584,422804584,621315051,621315051,473928970,473928970,505319758,505319758,481209589,481209589,356488958,356488958,516922657,516922657,396854600,396854600,394337845,394337845,425253871,425253871,561838323,561838323,633427764,633427764,502664776,502664776,263196548,263196548,450861543,450861543,366870608,366870608,410734755,410734755,243723187,243723187,10020849,10020849,-9850950,-9850950,52266281,52266281,-198096259,-198096259,-245637476,-245637476,56960170,56960170,-7062305,-7062305,-168405680,-168405680,-272812393,-272812393,-387412228,-387412228,-384163176,-384163176,-413938054,-413938054,-311390943,-311390943
f = 808038663,0,1 | route T | claimed 1422.2511388086352042 | coeffs -52266281,198096259,198096259,245637476,245637476,-56960170,-56960170,7062305,7062305,168405680,168405680,272812393,272812393,387412228,387412228,384163176,384163176,413938054,413938054,311390943,311390943,256447080,256447080,422804584,422804584,621315051,621315051,473928970,473928970,505319758,505319758,481209589,481209589,356488958,356488958,516922657,516922657,396854600,396854600,394337845,394337845,425253871,425253871,561838323,561838323,633427764,633427764,502664776,502664776,263196548,263196548,450861543,450861543,366870608,366870608,410734755,410734755,243723187,243723187,10020849,10020849,-9850950,-9850950,52266281
# status f = 808038663,0,1 : PASS_RHO (rho 0.83124, T 1422.3, 0s)
f = 855023111,0,1 | route RHO | claimed 0.84446486425543597881 | coeffs 278360611,278360611,322224758,322224758,290833970,290833970,338375187,338375187,369291213,369291213,372540265,372540265,456531200,456531200,309145119,309145119,58782579,58782579,61299334,61299334,175899169,175899169,363564164,363564164,165053697,165053697,102936466,102936466,-17131591,-17131591,-121538304,-121538304,117929924,117929924,284287428,284287428,264415629,264415629,103981930,103981930,265325305,265325305,134562317,134562317,189506180,189506180,423208518,423208518,298487887,298487887,234465412,234465412,162875971,162875971,60328860,60328860,-106682708,-106682708,-82572539,-82572539,-385170185,-385170185,-248585733,-248585733
f = 855023111,0,1 | route T | claimed 2036.1614848915934766 | coeffs 278360611,278360611,322224758,322224758,290833970,290833970,338375187,338375187,369291213,369291213,372540265,372540265,456531200,456531200,309145119,309145119,58782579,58782579,61299334,61299334,175899169,175899169,363564164,363564164,165053697,165053697,102936466,102936466,-17131591,-17131591,-121538304,-121538304,117929924,117929924,284287428,284287428,264415629,264415629,103981930,103981930,265325305,265325305,134562317,134562317,189506180,189506180,423208518,423208518,298487887,298487887,234465412,234465412,162875971,162875971,60328860,60328860,-106682708,-106682708,-82572539,-82572539,-385170185,-385170185,-248585733,-248585733
# status f = 855023111,0,1 : PASS_RHO (rho 0.84446, T 2036.2, 0s)
f = 885462724,0,1 | route RHO | claimed 0.83485746255316749619 | coeffs 288205589,288205589,37843049,37843049,61953218,61953218,81825017,81825017,-65561064,-65561064,-232572632,-232572632,-398930136,-398930136,-314939201,-314939201,-417486312,-417486312,-656954540,-656954540,-653705488,-653705488,-725294929,-725294929,-620888216,-620888216,-589972190,-589972190,-653994665,-653994665,-533926608,-533926608,-486385391,-486385391,-611106022,-611106022,-548988791,-548988791,-580379579,-580379579,-346677241,-346677241,-148166774,-148166774,-104302627,-104302627,-49358764,-49358764,-237023759,-237023759,-207248881,-207248881,-338011869,-338011869,-452611704,-452611704,-589196156,-589196156,-427852781,-427852781,-430369536,-430369536,-127771890,-127771890
f = 885462724,0,1 | route T | claimed 1236.6143468885903965 | coeffs -81825017,65561064,65561064,232572632,232572632,398930136,398930136,314939201,314939201,417486312,417486312,656954540,656954540,653705488,653705488,725294929,725294929,620888216,620888216,589972190,589972190,653994665,653994665,533926608,533926608,486385391,486385391,611106022,611106022,548988791,548988791,580379579,580379579,346677241,346677241,148166774,148166774,104302627,104302627,49358764,49358764,237023759,237023759,207248881,207248881,338011869,338011869,452611704,452611704,589196156,589196156,427852781,427852781,430369536,430369536,127771890,127771890,288205589,288205589,37843049,37843049,61953218,61953218,81825017
# status f = 885462724,0,1 : PASS_RHO (rho 0.83486, T 1236.6, 0s)
f = 939002291,0,1 | route RHO | claimed 0.84446486425543597881 | coeffs 265325305,103981930,103981930,264415629,264415629,284287428,284287428,117929924,117929924,-121538304,-121538304,-17131591,-17131591,102936466,102936466,165053697,165053697,363564164,363564164,175899169,175899169,61299334,61299334,58782579,58782579,309145119,309145119,456531200,456531200,372540265,372540265,369291213,369291213,338375187,338375187,290833970,290833970,322224758,322224758,278360611,278360611,248585733,248585733,385170185,385170185,82572539,82572539,106682708,106682708,-60328860,-60328860,-162875971,-162875971,-234465412,-234465412,-298487887,-298487887,-423208518,-423208518,-189506180,-189506180,-134562317,-134562317,-265325305
f = 939002291,0,1 | route T | claimed 1681.4541360213419497 | coeffs -82572539,-82572539,-106682708,-106682708,60328860,60328860,162875971,162875971,234465412,234465412,298487887,298487887,423208518,423208518,189506180,189506180,134562317,134562317,265325305,265325305,103981930,103981930,264415629,264415629,284287428,284287428,117929924,117929924,-121538304,-121538304,-17131591,-17131591,102936466,102936466,165053697,165053697,363564164,363564164,175899169,175899169,61299334,61299334,58782579,58782579,309145119,309145119,456531200,456531200,372540265,372540265,369291213,369291213,338375187,338375187,290833970,290833970,322224758,322224758,278360611,278360611,248585733,248585733,385170185,385170185
# status f = 939002291,0,1 : PASS_RHO (rho 0.84446, T 1681.5, 0s)
# summary n = 7 l = 1000380481 : EXCLUSION_CANDIDATE ; PASS 32 / 32 ; OPEN_NEAR 0 ; OPEN_FAR 0 ; 12s
