# FAMILY WITNESS FILE (generator family_gen.sage r10). n = 7 ; l = 1000176449 ; m = 64 ; deg = 2 ; ncomp = 32 ; bar_T = 4224 ; L_n = 16.3328709449664096755483535644
# line: f = c0,...,c_deg (monic, over F_l) | route RHO|T | claimed (rho or T, float) | coeffs a_0..a_{m-1}
f = 8352993,0,1 | route RHO | claimed 0.96980757765697400097 | coeffs -4879713,-4879713,-266526831,-266526831,-498483754,-498483754,-335700173,-335700173,-156359652,-156359652,-85641763,-85641763,-301815011,-301815011,-430551081,-430551081,-222629139,-222629139,-158639131,-158639131,-345924940,-345924940,-410078753,-410078753,-391547746,-391547746,-694865969,-694865969,-611230253,-611230253,-366318181,-366318181,-231006305,-231006305,-140837938,-140837938,-122187570,-122187570,137312514,137312514,-112219477,-112219477,-232199292,-232199292,-353846843,-353846843,-226103965,-226103965,23792105,23792105,-125331808,-125331808,-171875776,-171875776,-118958573,-118958573,-176764947,-176764947,-78339257,-78339257,-84276871,-84276871,-17704912,-17704912
f = 8352993,0,1 | route T | claimed 2433.1202570943059478 | coeffs -136093430,-136093430,13566410,13566410,363624132,363624132,197567360,197567360,105960935,105960935,21962937,21962937,27453445,27453445,195714444,195714444,222032150,222032150,121576414,121576414,136693795,136693795,167025280,167025280,199574204,199574204,625437308,625437308,568153429,568153429,657377440,657377440,682387130,682387130,697747805,697747805,949557193,949557193,855573426,855573426,567967567,567967567,576238791,576238791,580638229,580638229,500475809,500475809,269387329,269387329,20291964,20291964,68418087,68418087,-11156541,-11156541,174386114,174386114,254252158,254252158,330384882,330384882,81503573,81503573
# status f = 8352993,0,1 : PASS_RHO (rho 0.96981, T 2433.1, 1s)
f = 15441763,0,1 | route RHO | claimed 0.9552186854054817209 | coeffs -25533186,-35354790,-35354790,-71525694,-71525694,-124324704,-124324704,-257310052,-257310052,-309825165,-309825165,-545210735,-545210735,-286108644,-286108644,-29963181,-29963181,116732269,116732269,148303655,148303655,42494540,42494540,-139989741,-139989741,66449936,66449936,-92122773,-92122773,-4699056,-4699056,-200972809,-200972809,-47241529,-47241529,66143499,66143499,-215412184,-215412184,20768211,20768211,-102235511,-102235511,213996036,213996036,219844890,219844890,175242372,175242372,-113363934,-113363934,-129259594,-129259594,21043093,21043093,-114079966,-114079966,86905871,86905871,192887391,192887391,150760474,150760474,25533186
f = 15441763,0,1 | route T | claimed 2560.8401895664560893 | coeffs 206519886,206519886,406129674,406129674,440572155,440572155,501920402,501920402,675940817,675940817,681259142,681259142,342870459,342870459,190514364,190514364,137709856,137709856,367937534,367937534,288397399,288397399,289199138,289199138,274523030,274523030,482852192,482852192,680018598,680018598,537202570,537202570,310249137,310249137,-36737346,-36737346,-6807481,-6807481,153095153,153095153,131003871,131003871,169176197,169176197,155703918,155703918,108033788,108033788,34102116,34102116,165257436,165257436,70919495,70919495,-284163226,-284163226,-403710736,-403710736,-531674394,-531674394,-446923449,-446923449,-467767563,-467767563
# status f = 15441763,0,1 : PASS_RHO (rho 0.95522, T 2560.8, 1s)
f = 143562486,0,1 | route RHO | claimed 0.92141218140313218952 | coeffs 282285423,526919630,526919630,588448901,588448901,495326443,495326443,534268722,534268722,611079445,611079445,671421596,671421596,956380914,956380914,917215249,917215249,718591874,718591874,681377714,681377714,805526500,805526500,557109530,557109530,550369089,550369089,655317446,655317446,717518335,717518335,946501249,946501249,818490298,818490298,496987830,496987830,597642214,597642214,610601422,610601422,412689298,412689298,170708573,170708573,527097731,527097731,259476464,259476464,69829052,69829052,36004084,36004084,-185481991,-185481991,-178105370,-178105370,-38120051,-38120051,-114473695,-114473695,-352189574,-352189574,-282285423
f = 143562486,0,1 | route T | claimed 2252.682048958532072 | coeffs 347514379,277174837,277174837,197977032,197977032,225446874,225446874,145132145,145132145,314178037,314178037,251824858,251824858,240657778,240657778,-161424250,-161424250,-139858835,-139858835,-71557128,-71557128,-191656266,-191656266,-493167834,-493167834,-381915832,-381915832,-158753230,-158753230,9633618,9633618,104185746,104185746,-72017770,-72017770,-23622022,-23622022,-20092135,-20092135,62018094,62018094,77985241,77985241,34364195,34364195,-182679114,-182679114,-97595312,-97595312,-247321712,-247321712,-228688111,-228688111,-258579235,-258579235,20329309,20329309,-275445587,-275445587,-526563346,-526563346,-322636729,-322636729,-347514379
# status f = 143562486,0,1 : PASS_RHO (rho 0.92141, T 2252.7, 0s)
f = 150851350,0,1 | route RHO | claimed 0.95410681336815028029 | coeffs -204952904,-204151165,-204151165,-288902110,-288902110,58084373,58084373,-115936042,-115936042,-163606172,-163606172,-243146307,-243146307,-115182649,-115182649,111770784,111770784,50422537,50422537,36950258,36950258,267177936,267177936,386725446,386725446,529541474,529541474,495098993,495098993,533271319,533271319,480466811,480466811,835549532,835549532,638383126,638383126,438773338,438773338,416682056,416682056,264325961,264325961,358663902,358663902,150334740,150334740,411582417,411582417,571485051,571485051,233096368,233096368,101941048,101941048,116617156,116617156,95773042,95773042,125702907,125702907,131021232,131021232,204952904
f = 150851350,0,1 | route T | claimed 2919.2487814370951302 | coeffs -179027468,-412389791,-412389791,32489640,32489640,135511988,135511988,-14570807,-14570807,24192696,24192696,-17249465,-17249465,187571121,187571121,159831731,159831731,254622150,254622150,27855840,27855840,159391360,159391360,185708859,185708859,-295959801,-295959801,-252481121,-252481121,-394553837,-394553837,-391022479,-391022479,-279104883,-279104883,-150022252,-150022252,-177391311,-177391311,-3035237,-3035237,223836538,223836538,117101890,117101890,369112925,369112925,332846094,332846094,141826242,141826242,5623135,5623135,377149439,377149439,230475526,230475526,241332254,241332254,147349143,147349143,200609379,200609379,179027468
# status f = 150851350,0,1 : PASS_RHO (rho 0.95411, T 2919.2, 0s)
f = 154489995,0,1 | route RHO | claimed 0.91517831472143843317 | coeffs 458099587,458099587,436008305,436008305,89021822,89021822,286188228,286188228,286989967,286989967,234185459,234185459,239503784,239503784,273946265,273946265,294790379,294790379,414337889,414337889,283182569,283182569,296654848,296654848,136752214,136752214,363705647,363705647,155376485,155376485,234916620,234916620,387272715,387272715,213252300,213252300,13642512,13642512,98393457,98393457,-256689264,-256689264,-330620936,-330620936,-292448610,-292448610,-262518745,-262518745,-405334773,-405334773,-420010881,-420010881,-189783203,-189783203,-528171886,-528171886,-466823639,-466823639,-728071316,-728071316,-600107658,-600107658,-505769717,-505769717
f = 154489995,0,1 | route T | claimed 2296.3485145885516766 | coeffs -60032270,-60032270,89627570,89627570,320716050,320716050,231492039,231492039,226001531,226001531,305867575,305867575,18261716,18261716,48593201,48593201,398650923,398650923,647746288,647746288,622736598,622736598,454475599,454475599,530608323,530608323,538879547,538879547,571428471,571428471,405371699,405371699,357245576,357245576,341884901,341884901,315567195,315567195,66685886,66685886,71085324,71085324,496948428,496948428,405342003,405342003,484916631,484916631,233107243,233107243,333562979,333562979,388152836,388152836,307990416,307990416,250706537,250706537,166708539,166708539,-18834116,-18834116,75149651,75149651
# status f = 154489995,0,1 : PASS_RHO (rho 0.91518, T 2296.3, 0s)
f = 203778103,0,1 | route RHO | claimed 0.9276966059182253504 | coeffs -163061013,-163061013,-359334766,-359334766,-506030216,-506030216,-542201120,-542201120,-391898433,-391898433,-628078828,-628078828,-421639151,-421639151,-186253581,-186253581,-144126664,-144126664,-188729182,-188729182,-342460462,-342460462,-310889076,-310889076,-258090066,-258090066,-122967007,-122967007,-245970729,-245970729,-87398020,-87398020,171704071,171704071,46476783,46476783,335083089,335083089,448468117,448468117,554277232,554277232,421291884,421291884,622277721,622277721,306046174,306046174,393469891,393469891,137324428,137324428,127502824,127502824,111607164,111607164,393162847,393162847,210678566,210678566,263193679,263193679,157212159,157212159
f = 203778103,0,1 | route T | claimed 2088.1445631646863919 | coeffs 197025684,197025684,500343907,500343907,250447837,250447837,413231418,413231418,496867134,496867134,347743221,347743221,168402700,168402700,-76509372,-76509372,-29965404,-29965404,40752485,40752485,176064361,176064361,228981564,228981564,445154812,445154812,354986445,354986445,412792819,412792819,284056749,284056749,302707117,302707117,401132807,401132807,193210865,193210865,-66289219,-66289219,-60351605,-60351605,3638403,3638403,-245893588,-245893588,-179321629,-179321629,7964180,7964180,127943995,127943995,105359370,105359370,41205557,41205557,-80441994,-80441994,181205124,181205124,162674117,162674117,34931239,34931239
# status f = 203778103,0,1 : PASS_RHO (rho 0.92770, T 2088.1, 0s)
f = 208285598,0,1 | route RHO | claimed 0.92141218140313218952 | coeffs -185481991,36004084,36004084,69829052,69829052,259476464,259476464,527097731,527097731,170708573,170708573,412689298,412689298,610601422,610601422,597642214,597642214,496987830,496987830,818490298,818490298,946501249,946501249,717518335,717518335,655317446,655317446,550369089,550369089,557109530,557109530,805526500,805526500,681377714,681377714,718591874,718591874,917215249,917215249,956380914,956380914,671421596,671421596,611079445,611079445,534268722,534268722,495326443,495326443,588448901,588448901,526919630,526919630,282285423,282285423,352189574,352189574,114473695,114473695,38120051,38120051,178105370,178105370,185481991
f = 208285598,0,1 | route T | claimed 1697.2749188006265391 | coeffs -185481991,36004084,36004084,69829052,69829052,259476464,259476464,527097731,527097731,170708573,170708573,412689298,412689298,610601422,610601422,597642214,597642214,496987830,496987830,818490298,818490298,946501249,946501249,717518335,717518335,655317446,655317446,550369089,550369089,557109530,557109530,805526500,805526500,681377714,681377714,718591874,718591874,917215249,917215249,956380914,956380914,671421596,671421596,611079445,611079445,534268722,534268722,495326443,495326443,588448901,588448901,526919630,526919630,282285423,282285423,352189574,352189574,114473695,114473695,38120051,38120051,178105370,178105370,185481991
# status f = 208285598,0,1 : PASS_RHO (rho 0.92141, T 1697.3, 0s)
f = 254481962,0,1 | route RHO | claimed 0.93273047144188046233 | coeffs -838648043,-838648043,-744664276,-744664276,-799254133,-799254133,-373391029,-373391029,-325264906,-325264906,-493525905,-493525905,-205920046,-205920046,-56260206,-56260206,-113544085,-113544085,-193118713,-193118713,-219436419,-219436419,-227707643,-227707643,122350079,122350079,211574090,211574090,397116745,397116745,497572481,497572481,493173043,493173043,327116271,327116271,352125961,352125961,431992005,431992005,416874624,416874624,497037044,497037044,405430619,405430619,420791294,420791294,496924018,496924018,466592533,466592533,697681013,697681013,613683015,613683015,865492403,865492403,616611094,616611094,584062170,584062170,833157535,833157535
f = 254481962,0,1 | route T | claimed 1963.1119783227923595 | coeffs -56260206,-56260206,-113544085,-113544085,-193118713,-193118713,-219436419,-219436419,-227707643,-227707643,122350079,122350079,211574090,211574090,397116745,397116745,497572481,497572481,493173043,493173043,327116271,327116271,352125961,352125961,431992005,431992005,416874624,416874624,497037044,497037044,405430619,405430619,420791294,420791294,496924018,496924018,466592533,466592533,697681013,697681013,613683015,613683015,865492403,865492403,616611094,616611094,584062170,584062170,833157535,833157535,838648043,838648043,744664276,744664276,799254133,799254133,373391029,373391029,325264906,325264906,493525905,493525905,205920046,205920046
# status f = 254481962,0,1 : PASS_RHO (rho 0.93273, T 1963.1, 0s)
f = 290498705,0,1 | route RHO | claimed 0.91517831472143843317 | coeffs 98393457,13642512,13642512,213252300,213252300,387272715,387272715,234916620,234916620,155376485,155376485,363705647,363705647,136752214,136752214,296654848,296654848,283182569,283182569,414337889,414337889,294790379,294790379,273946265,273946265,239503784,239503784,234185459,234185459,286989967,286989967,286188228,286188228,89021822,89021822,436008305,436008305,458099587,458099587,505769717,505769717,600107658,600107658,728071316,728071316,466823639,466823639,528171886,528171886,189783203,189783203,420010881,420010881,405334773,405334773,262518745,262518745,292448610,292448610,330620936,330620936,256689264,256689264,-98393457
f = 290498705,0,1 | route T | claimed 2652.6678855733345488 | coeffs -18834116,166708539,166708539,250706537,250706537,307990416,307990416,388152836,388152836,333562979,333562979,233107243,233107243,484916631,484916631,405342003,405342003,496948428,496948428,71085324,71085324,66685886,66685886,315567195,315567195,341884901,341884901,357245576,357245576,405371699,405371699,571428471,571428471,538879547,538879547,530608323,530608323,454475599,454475599,622736598,622736598,647746288,647746288,398650923,398650923,48593201,48593201,18261716,18261716,305867575,305867575,226001531,226001531,231492039,231492039,320716050,320716050,89627570,89627570,-60032270,-60032270,-75149651,-75149651,18834116
# status f = 290498705,0,1 : PASS_RHO (rho 0.91518, T 2652.7, 0s)
f = 292886328,0,1 | route RHO | claimed 0.91506820757336143037 | coeffs 117411283,117411283,133378430,133378430,201680137,201680137,-2246480,-2246480,-84356709,-84356709,-105922124,-105922124,-357039883,-357039883,-353509996,-353509996,-755592024,-755592024,-459817128,-459817128,-508212876,-508212876,-497045796,-497045796,-218137252,-218137252,-394340768,-394340768,-456693947,-456693947,-426802823,-426802823,-521354951,-521354951,-690400843,-690400843,-671767242,-671767242,-503380394,-503380394,-583695123,-583695123,-433968723,-433968723,-657131325,-657131325,-684601167,-684601167,-599517365,-599517365,-488265363,-488265363,-567463168,-567463168,-350419859,-350419859,-48908291,-48908291,21431251,21431251,-22189795,-22189795,-142288933,-142288933
f = 292886328,0,1 | route T | claimed 2112.7913241117590525 | coeffs 2246480,2246480,84356709,84356709,105922124,105922124,357039883,357039883,353509996,353509996,755592024,755592024,459817128,459817128,508212876,508212876,497045796,497045796,218137252,218137252,394340768,394340768,456693947,456693947,426802823,426802823,521354951,521354951,690400843,690400843,671767242,671767242,503380394,503380394,583695123,583695123,433968723,433968723,657131325,657131325,684601167,684601167,599517365,599517365,488265363,488265363,567463168,567463168,350419859,350419859,48908291,48908291,-21431251,-21431251,22189795,22189795,142288933,142288933,117411283,117411283,133378430,133378430,201680137,201680137
# status f = 292886328,0,1 : PASS_RHO (rho 0.91507, T 2112.8, 0s)
f = 295825384,0,1 | route RHO | claimed 0.93273047144188046233 | coeffs 352125961,352125961,327116271,327116271,493173043,493173043,497572481,497572481,397116745,397116745,211574090,211574090,122350079,122350079,-227707643,-227707643,-219436419,-219436419,-193118713,-193118713,-113544085,-113544085,-56260206,-56260206,-205920046,-205920046,-493525905,-493525905,-325264906,-325264906,-373391029,-373391029,-799254133,-799254133,-744664276,-744664276,-838648043,-838648043,-833157535,-833157535,-584062170,-584062170,-616611094,-616611094,-865492403,-865492403,-613683015,-613683015,-697681013,-697681013,-466592533,-466592533,-496924018,-496924018,-420791294,-420791294,-405430619,-405430619,-497037044,-497037044,-416874624,-416874624,-431992005,-431992005
f = 295825384,0,1 | route T | claimed 2077.7324472537097853 | coeffs -190554444,-196492058,-196492058,-106323691,-106323691,73016830,73016830,-54726048,-54726048,132559761,132559761,230985451,230985451,366297327,366297327,529080908,529080908,650728459,650728459,586738451,586738451,528932077,528932077,773844149,773844149,541887226,541887226,661867041,661867041,453945099,453945099,506862302,506862302,590498018,590498018,328850900,328850900,578382891,578382891,707118961,707118961,660574993,660574993,357256770,357256770,334672145,334672145,75172061,75172061,291345309,291345309,142221396,142221396,160752403,160752403,94180444,94180444,75530076,75530076,4812187,4812187,254708257,254708257,190554444
# status f = 295825384,0,1 : PASS_RHO (rho 0.93273, T 2077.7, 0s)
f = 343288004,0,1 | route RHO | claimed 0.94824788096305327503 | coeffs 638163966,638163966,336652398,336652398,347819478,347819478,268621673,268621673,-27153223,-27153223,-112237025,-112237025,-108707138,-108707138,-331869740,-331869740,-310304325,-310304325,-229989596,-229989596,-433916213,-433916213,-415282612,-415282612,-431249759,-431249759,-336697631,-336697631,-216598493,-216598493,-278951672,-278951672,-208612130,-208612130,-487520674,-487520674,-704563983,-704563983,-752959731,-752959731,-641707729,-641707729,-239625701,-239625701,-212155859,-212155859,-463273618,-463273618,-313547218,-313547218,-231436989,-231436989,-399823837,-399823837,-331522130,-331522130,-500568022,-500568022,-475690372,-475690372,-505581496,-505581496,-461960450,-461960450
f = 343288004,0,1 | route T | claimed 2289.0537494439333871 | coeffs -101198740,-101198740,-158482619,-158482619,7574153,7574153,238662633,238662633,664525737,664525737,314468015,314468015,394630435,394630435,427179359,427179359,277519519,277519519,273120081,273120081,303451566,303451566,358041423,358041423,349770199,349770199,364887580,364887580,116006271,116006271,403612130,403612130,303156394,303156394,379289118,379289118,473272885,473272885,499590591,499590591,579456635,579456635,327647247,327647247,495908246,495908246,681450901,681450901,666090226,666090226,671580734,671580734,592006106,592006106,566996416,566996416,482998418,482998418,531124541,531124541,441900530,441900530,350294105,350294105
# status f = 343288004,0,1 : PASS_RHO (rho 0.94825, T 2289.1, 0s)
f = 380866910,0,1 | route RHO | claimed 0.94158778746249777284 | coeffs 113277526,118768034,118768034,284824806,284824806,230234949,230234949,310100993,310100993,261974870,261974870,181812450,181812450,469418309,469418309,484778984,484778984,542062863,542062863,572394348,572394348,546076642,546076642,462078644,462078644,112020922,112020922,360902231,360902231,546444886,546444886,795540251,795540251,799939689,799939689,893923456,893923456,918933146,918933146,493070042,493070042,508187423,508187423,339926424,339926424,248319999,248319999,98660159,98660159,22527435,22527435,-57047193,-57047193,174041287,174041287,182312511,182312511,-69496877,-69496877,19727134,19727134,-12821790,-12821790,-113277526
f = 380866910,0,1 | route T | claimed 2466.8646669214298949 | coeffs 57047193,57047193,-174041287,-174041287,-182312511,-182312511,69496877,69496877,-19727134,-19727134,12821790,12821790,113277526,113277526,118768034,118768034,284824806,284824806,230234949,230234949,310100993,310100993,261974870,261974870,181812450,181812450,469418309,469418309,484778984,484778984,542062863,542062863,572394348,572394348,546076642,546076642,462078644,462078644,112020922,112020922,360902231,360902231,546444886,546444886,795540251,795540251,799939689,799939689,893923456,893923456,918933146,918933146,493070042,493070042,508187423,508187423,339926424,339926424,248319999,248319999,98660159,98660159,22527435,22527435
# status f = 380866910,0,1 : PASS_RHO (rho 0.94159, T 2466.9, 0s)
f = 385996712,0,1 | route RHO | claimed 0.91506820757336143037 | coeffs 684601167,657131325,657131325,433968723,433968723,583695123,583695123,503380394,503380394,671767242,671767242,690400843,690400843,521354951,521354951,426802823,426802823,456693947,456693947,394340768,394340768,218137252,218137252,497045796,497045796,508212876,508212876,459817128,459817128,755592024,755592024,353509996,353509996,357039883,357039883,105922124,105922124,84356709,84356709,2246480,2246480,-201680137,-201680137,-133378430,-133378430,-117411283,-117411283,-142288933,-142288933,-22189795,-22189795,21431251,21431251,-48908291,-48908291,-350419859,-350419859,-567463168,-567463168,-488265363,-488265363,-599517365,-599517365,-684601167
f = 385996712,0,1 | route T | claimed 2086.9518490743622572 | coeffs -2246480,201680137,201680137,133378430,133378430,117411283,117411283,142288933,142288933,22189795,22189795,-21431251,-21431251,48908291,48908291,350419859,350419859,567463168,567463168,488265363,488265363,599517365,599517365,684601167,684601167,657131325,657131325,433968723,433968723,583695123,583695123,503380394,503380394,671767242,671767242,690400843,690400843,521354951,521354951,426802823,426802823,456693947,456693947,394340768,394340768,218137252,218137252,497045796,497045796,508212876,508212876,459817128,459817128,755592024,755592024,353509996,353509996,357039883,357039883,105922124,105922124,84356709,84356709,2246480
# status f = 385996712,0,1 : PASS_RHO (rho 0.91507, T 2087.0, 0s)
f = 402640841,0,1 | route RHO | claimed 0.94208933045721001122 | coeffs -36668083,20615796,20615796,12344572,12344572,-173198083,-173198083,-339254855,-339254855,-324137474,-324137474,-308776799,-308776799,-539865279,-539865279,-788746588,-788746588,-794237096,-794237096,-1220100200,-1220100200,-932494341,-932494341,-852919713,-852919713,-502861991,-502861991,-603317727,-603317727,-578308037,-578308037,-658470457,-658470457,-582337733,-582337733,-498339735,-498339735,-530888659,-530888659,-436904892,-436904892,-485031015,-485031015,-335371175,-335371175,-309053469,-309053469,-219829458,-219829458,-215430020,-215430020,-135563976,-135563976,-43957551,-43957551,-74289036,-74289036,-326098424,-326098424,-77003059,-77003059,-131592916,-131592916,36668083
f = 402640841,0,1 | route T | claimed 2125.6671188478513255 | coeffs 121754486,344917088,344917088,127873779,127873779,102996129,102996129,81430714,81430714,33034966,33034966,62926090,62926090,-17388639,-17388639,93863363,93863363,50242317,50242317,254168934,254168934,656250962,656250962,832454478,832454478,813820877,813820877,841290719,841290719,539779151,539779151,555746298,555746298,304628539,304628539,315795619,315795619,221243491,221243491,370969891,370969891,291772086,291772086,171672948,171672948,253783177,253783177,-41991719,-41991719,20361460,20361460,-148025388,-148025388,-233109190,-233109190,-303448732,-303448732,-235147025,-235147025,-231617138,-231617138,47291406,47291406,-121754486
# status f = 402640841,0,1 : PASS_RHO (rho 0.94209, T 2125.7, 0s)
f = 482566323,0,1 | route RHO | claimed 0.96980757765697400097 | coeffs -232199292,-232199292,-112219477,-112219477,137312514,137312514,-122187570,-122187570,-140837938,-140837938,-231006305,-231006305,-366318181,-366318181,-611230253,-611230253,-694865969,-694865969,-391547746,-391547746,-410078753,-410078753,-345924940,-345924940,-158639131,-158639131,-222629139,-222629139,-430551081,-430551081,-301815011,-301815011,-85641763,-85641763,-156359652,-156359652,-335700173,-335700173,-498483754,-498483754,-266526831,-266526831,-4879713,-4879713,17704912,17704912,84276871,84276871,78339257,78339257,176764947,176764947,118958573,118958573,171875776,171875776,125331808,125331808,-23792105,-23792105,226103965,226103965,353846843,353846843
f = 482566323,0,1 | route T | claimed 2489.2677542885575228 | coeffs 903948447,1024047585,1024047585,745139041,745139041,856391043,856391043,605273284,605273284,436886436,436886436,461764086,461764086,285560570,285560570,364758375,364758375,361228488,361228488,280913759,280913759,296880906,296880906,359234085,359234085,576277394,576277394,174195366,174195366,24468966,24468966,-43832741,-43832741,-13941617,-13941617,-315453185,-315453185,-611228081,-611228081,-834390683,-834390683,-1038317300,-1038317300,-943765172,-943765172,-873425630,-873425630,-921821378,-921821378,-894351536,-894351536,-812241307,-812241307,-981287199,-981287199,-937666153,-937666153,-948833233,-948833233,-863749431,-863749431,-885314846,-885314846,-903948447
# status f = 482566323,0,1 : PASS_RHO (rho 0.96981, T 2489.3, 0s)
f = 517610126,0,1 | route RHO | claimed 0.94672454140273244188 | coeffs 102323682,213575684,213575684,464693443,464693443,296306595,296306595,271428945,271428945,95225429,95225429,16027624,16027624,12497737,12497737,92812466,92812466,108779613,108779613,46426434,46426434,263469743,263469743,665551771,665551771,515825371,515825371,584127078,584127078,614018202,614018202,915529770,915529770,619754874,619754874,842917476,842917476,638990859,638990859,544438731,544438731,614778273,614778273,663174021,663174021,690643863,690643863,608533634,608533634,439487742,439487742,395866696,395866696,384699616,384699616,299615814,299615814,278050399,278050399,296684000,296684000,176584862,176584862,-102323682
f = 517610126,0,1 | route T | claimed 1953.1887384402382014 | coeffs 94990611,-71066161,-71066161,-421123883,-421123883,-271464043,-271464043,-216874186,-216874186,32007123,32007123,108139847,108139847,28273803,28273803,213816458,213816458,293391086,293391086,341517209,341517209,590612574,590612574,359524094,359524094,439686514,439686514,444085952,444085952,435814728,435814728,148208869,148208869,242192636,242192636,494002024,494002024,478641349,478641349,503651039,503651039,414427028,414427028,357143149,357143149,-68719955,-68719955,-36171031,-36171031,-66502516,-66502516,-51385135,-51385135,49070601,49070601,75388307,75388307,-92872692,-92872692,-87382184,-87382184,-3384186,-3384186,-94990611
# status f = 517610126,0,1 : PASS_RHO (rho 0.94672, T 1953.2, 0s)
f = 597535608,0,1 | route RHO | claimed 0.95410681336815028029 | coeffs -638383126,-835549532,-835549532,-480466811,-480466811,-533271319,-533271319,-495098993,-495098993,-529541474,-529541474,-386725446,-386725446,-267177936,-267177936,-36950258,-36950258,-50422537,-50422537,-111770784,-111770784,115182649,115182649,243146307,243146307,163606172,163606172,115936042,115936042,-58084373,-58084373,288902110,288902110,204151165,204151165,204952904,204952904,131021232,131021232,125702907,125702907,95773042,95773042,116617156,116617156,101941048,101941048,233096368,233096368,571485051,571485051,411582417,411582417,150334740,150334740,358663902,358663902,264325961,264325961,416682056,416682056,438773338,438773338,638383126
f = 597535608,0,1 | route T | claimed 1942.5770145896761613 | coeffs -207654358,-41597586,-41597586,-26480205,-26480205,-41840880,-41840880,-272929360,-272929360,-24048051,-24048051,-29538559,-29538559,396324545,396324545,683930404,683930404,604355776,604355776,954413498,954413498,1054869234,1054869234,1079878924,1079878924,1160041344,1160041344,1236174068,1236174068,1152176070,1152176070,1119627146,1119627146,1025643379,1025643379,977517256,977517256,827857416,827857416,854175122,854175122,764951111,764951111,769350549,769350549,689484505,689484505,781090930,781090930,811422415,811422415,559613027,559613027,310517662,310517662,255927805,255927805,87666806,87666806,30382927,30382927,22111703,22111703,207654358
# status f = 597535608,0,1 : PASS_RHO (rho 0.95411, T 1942.6, 0s)
f = 614179737,0,1 | route RHO | claimed 0.91796110007432871536 | coeffs -147044883,-147044883,32295638,32295638,96285646,96285646,179921362,179921362,439421446,439421446,689317516,689317516,787743206,787743206,1019700129,1019700129,1148436199,1148436199,1129905192,1129905192,1039736825,1039736825,1161384376,1161384376,1108467173,1108467173,1085882548,1085882548,1156600437,1156600437,969314628,969314628,1214226700,1214226700,964694709,964694709,815570796,815570796,809633182,809633182,646849601,646849601,438927659,438927659,742245882,742245882,723595514,723595514,595852636,595852636,653659010,653659010,392011892,392011892,175838644,175838644,111684831,111684831,246996707,246996707,127016892,127016892,80472924,80472924
f = 614179737,0,1 | route T | claimed 2367.5736576088047644 | coeffs -331259298,-112462597,-112462597,-87285062,-87285062,-245935477,-245935477,-203326937,-203326937,19193790,19193790,-76981423,-76981423,352949477,352949477,253614745,253614745,18827397,18827397,354386230,354386230,326463510,326463510,175487610,175487610,190496634,190496634,594780768,594780768,554850426,554850426,526725862,526725862,457132173,457132173,366462537,366462537,552132117,552132117,441397245,441397245,112901821,112901821,96944154,96944154,144633520,144633520,309268117,309268117,153730449,153730449,398369525,398369525,458701253,458701253,371037808,371037808,468909703,468909703,331586196,331586196,176379718,176379718,331259298
# status f = 614179737,0,1 : PASS_RHO (rho 0.91796, T 2367.6, 0s)
f = 619309539,0,1 | route RHO | claimed 0.9552186854054817209 | coeffs 175242372,175242372,219844890,219844890,213996036,213996036,-102235511,-102235511,20768211,20768211,-215412184,-215412184,66143499,66143499,-47241529,-47241529,-200972809,-200972809,-4699056,-4699056,-92122773,-92122773,66449936,66449936,-139989741,-139989741,42494540,42494540,148303655,148303655,116732269,116732269,-29963181,-29963181,-286108644,-286108644,-545210735,-545210735,-309825165,-309825165,-257310052,-257310052,-124324704,-124324704,-71525694,-71525694,-35354790,-35354790,-25533186,-25533186,-150760474,-150760474,-192887391,-192887391,-86905871,-86905871,114079966,114079966,-21043093,-21043093,129259594,129259594,113363934,113363934
f = 619309539,0,1 | route T | claimed 2711.5580008881811172 | coeffs -242140440,-242140440,-352569064,-352569064,-542362440,-542362440,-246824475,-246824475,-354477692,-354477692,-160553959,-160553959,-198015034,-198015034,-207712796,-207712796,-83928466,-83928466,-157277417,-157277417,142986983,142986983,422065289,422065289,628354560,628354560,569961479,569961479,613006965,613006965,684628016,684628016,499521343,499521343,605578661,605578661,558257954,558257954,789575281,789575281,603561113,603561113,560105177,560105177,441950163,441950163,287134045,287134045,339352891,339352891,550059234,550059234,145627772,145627772,178196461,178196461,-74888025,-74888025,123430724,123430724,263463336,263463336,333956461,333956461
# status f = 619309539,0,1 : PASS_RHO (rho 0.95522, T 2711.6, 0s)
f = 656888445,0,1 | route RHO | claimed 0.9276966059182253504 | coeffs -157212159,-263193679,-263193679,-210678566,-210678566,-393162847,-393162847,-111607164,-111607164,-127502824,-127502824,-137324428,-137324428,-393469891,-393469891,-306046174,-306046174,-622277721,-622277721,-421291884,-421291884,-554277232,-554277232,-448468117,-448468117,-335083089,-335083089,-46476783,-46476783,-171704071,-171704071,87398020,87398020,245970729,245970729,122967007,122967007,258090066,258090066,310889076,310889076,342460462,342460462,188729182,188729182,144126664,144126664,186253581,186253581,421639151,421639151,628078828,628078828,391898433,391898433,542201120,542201120,506030216,506030216,359334766,359334766,163061013,163061013,157212159
f = 656888445,0,1 | route T | claimed 2604.1932723635071087 | coeffs 493294614,329298001,329298001,330367813,330367813,530323911,530323911,638167031,638167031,193742532,193742532,421930133,421930133,328890647,328890647,511352520,511352520,684039176,684039176,613336007,613336007,482286430,482286430,437005834,437005834,550700088,550700088,468268014,468268014,693150924,693150924,459098666,459098666,395315601,395315601,377028045,377028045,407768559,407768559,-95959421,-95959421,25664792,25664792,24171424,24171424,35566690,35566690,7843796,7843796,116065300,116065300,-99101994,-99101994,-385739664,-385739664,-397454678,-397454678,-223800294,-223800294,-280643464,-280643464,-447163104,-447163104,-493294614
# status f = 656888445,0,1 : PASS_RHO (rho 0.92770, T 2604.2, 0s)
f = 704351065,0,1 | route RHO | claimed 0.95031890058747925678 | coeffs 387439191,387439191,334634683,334634683,203479363,203479363,283019498,283019498,-72063223,-72063223,-86739331,-86739331,41224327,41224327,-155942079,-155942079,-176786193,-176786193,-403739626,-403739626,-204129838,-204129838,-234059703,-234059703,-295407950,-295407950,-317499232,-317499232,-312180907,-312180907,-298708628,-298708628,-146352533,-146352533,-220284205,-220284205,9943473,9943473,104281414,104281414,103479675,103479675,-16067835,-16067835,192261327,192261327,107510382,107510382,250326410,250326410,511574087,511574087,164587604,164587604,199030085,199030085,39127451,39127451,-134892964,-134892964,-96720638,-96720638,-435109321,-435109321
f = 704351065,0,1 | route T | claimed 2546.7898537959413647 | coeffs 117306698,117306698,159129248,159129248,108638405,108638405,113743597,113743597,191861751,191861751,162102753,162102753,-964715,-964715,-254975739,-254975739,-145015647,-145015647,132309430,132309430,283727733,283727733,164007598,164007598,173639488,173639488,13278878,13278878,-230874275,-230874275,-338484673,-338484673,-366448323,-366448323,-450435562,-450435562,-193035797,-193035797,17360724,17360724,-307379700,-307379700,-272361139,-272361139,-326783437,-326783437,-200246663,-200246663,-577117129,-577117129,-522508037,-522508037,-331526606,-331526606,-208105979,-208105979,112643077,112643077,111055348,111055348,1348723,1348723,124113441,124113441
# status f = 704351065,0,1 : PASS_RHO (rho 0.95032, T 2546.8, 1s)
f = 707290121,0,1 | route RHO | claimed 0.91796110007432871536 | coeffs -964694709,-964694709,-1214226700,-1214226700,-969314628,-969314628,-1156600437,-1156600437,-1085882548,-1085882548,-1108467173,-1108467173,-1161384376,-1161384376,-1039736825,-1039736825,-1129905192,-1129905192,-1148436199,-1148436199,-1019700129,-1019700129,-787743206,-787743206,-689317516,-689317516,-439421446,-439421446,-179921362,-179921362,-96285646,-96285646,-32295638,-32295638,147044883,147044883,80472924,80472924,127016892,127016892,246996707,246996707,111684831,111684831,175838644,175838644,392011892,392011892,653659010,653659010,595852636,595852636,723595514,723595514,742245882,742245882,438927659,438927659,646849601,646849601,809633182,809633182,815570796,815570796
f = 707290121,0,1 | route T | claimed 2439.9337141573157759 | coeffs 118885914,166556044,166556044,427803721,427803721,658031399,658031399,628101534,628101534,273018813,273018813,447039228,447039228,238710066,238710066,225237787,225237787,246081901,246081901,298886409,298886409,-48100074,-48100074,46237867,46237867,-15110380,-15110380,-29786488,-29786488,-67958814,-67958814,16792131,16792131,-135563964,-135563964,91389469,91389469,222544789,222544789,256987270,256987270,256185531,256185531,234094249,234094249,362057907,362057907,700446590,700446590,557630562,557630562,631562234,631562234,431952446,431952446,352412311,352412311,192509677,192509677,72962167,72962167,78280492,78280492,-118885914
# status f = 707290121,0,1 : PASS_RHO (rho 0.91796, T 2439.9, 0s)
f = 709677744,0,1 | route RHO | claimed 0.87966060069697129339 | coeffs 1112859,1112859,250644850,250644850,349070540,349070540,132897292,132897292,-112014780,-112014780,137881290,137881290,-123765828,-123765828,63519981,63519981,323020065,323020065,380826439,380826439,310108550,310108550,393744266,393744266,266001388,266001388,288586013,288586013,352576021,352576021,333925653,333925653,386842856,386842856,566183377,566183377,869501600,869501600,747854049,747854049,681282090,681282090,473360148,473360148,563528515,563528515,610072483,610072483,447288902,447288902,465819909,465819909,585799724,585799724,579862110,579862110,451126040,451126040,315814164,315814164,166690251,166690251,-65266672,-65266672
f = 709677744,0,1 | route T | claimed 2100.0987005350032713 | coeffs 323020065,323020065,380826439,380826439,310108550,310108550,393744266,393744266,266001388,266001388,288586013,288586013,352576021,352576021,333925653,333925653,386842856,386842856,566183377,566183377,869501600,869501600,747854049,747854049,681282090,681282090,473360148,473360148,563528515,563528515,610072483,610072483,447288902,447288902,465819909,465819909,585799724,585799724,579862110,579862110,451126040,451126040,315814164,315814164,166690251,166690251,-65266672,-65266672,-1112859,-1112859,-250644850,-250644850,-349070540,-349070540,-132897292,-132897292,112014780,112014780,-137881290,-137881290,123765828,123765828,-63519981,-63519981
# status f = 709677744,0,1 : PASS_RHO (rho 0.87966, T 2100.1, 0s)
f = 745694487,0,1 | route RHO | claimed 0.95031890058747925678 | coeffs 72063223,72063223,-283019498,-283019498,-203479363,-203479363,-334634683,-334634683,-387439191,-387439191,-435109321,-435109321,-96720638,-96720638,-134892964,-134892964,39127451,39127451,199030085,199030085,164587604,164587604,511574087,511574087,250326410,250326410,107510382,107510382,192261327,192261327,-16067835,-16067835,103479675,103479675,104281414,104281414,9943473,9943473,-220284205,-220284205,-146352533,-146352533,-298708628,-298708628,-312180907,-312180907,-317499232,-317499232,-295407950,-295407950,-234059703,-234059703,-204129838,-204129838,-403739626,-403739626,-176786193,-176786193,-155942079,-155942079,41224327,41224327,-86739331,-86739331
f = 745694487,0,1 | route T | claimed 2427.4695495475227868 | coeffs -86739331,-86739331,-72063223,-72063223,283019498,283019498,203479363,203479363,334634683,334634683,387439191,387439191,435109321,435109321,96720638,96720638,134892964,134892964,-39127451,-39127451,-199030085,-199030085,-164587604,-164587604,-511574087,-511574087,-250326410,-250326410,-107510382,-107510382,-192261327,-192261327,16067835,16067835,-103479675,-103479675,-104281414,-104281414,-9943473,-9943473,220284205,220284205,146352533,146352533,298708628,298708628,312180907,312180907,317499232,317499232,295407950,295407950,234059703,234059703,204129838,204129838,403739626,403739626,176786193,176786193,155942079,155942079,-41224327,-41224327
# status f = 745694487,0,1 : PASS_RHO (rho 0.95032, T 2427.5, 0s)
f = 791890851,0,1 | route RHO | claimed 0.93400246889889409192 | coeffs -275760084,-26228093,-26228093,44489796,44489796,-77157755,-77157755,51578315,51578315,-198317755,-198317755,-134327747,-134327747,-180871715,-180871715,-116717902,-116717902,-58911528,-58911528,-362229751,-362229751,-368167365,-368167365,-613079437,-613079437,-635664062,-635664062,-545495695,-545495695,-313538772,-313538772,-573038856,-573038856,-393698335,-393698335,-513678150,-513678150,-297504902,-297504902,-425247780,-425247780,-217325838,-217325838,-366449751,-366449751,-179163942,-179163942,-232081145,-232081145,-213550138,-213550138,-115124448,-115124448,-198760164,-198760164,-265332123,-265332123,-130020247,-130020247,131626871,131626871,112976503,112976503,275760084
f = 791890851,0,1 | route T | claimed 2173.9641115175717541 | coeffs 85410074,373015933,373015933,289017935,289017935,293417373,293417373,125156374,125156374,356244854,356244854,255789118,255789118,303915241,303915241,273583756,273583756,88041101,88041101,513904205,513904205,590036929,590036929,500812918,500812918,446223061,446223061,461583736,461583736,111526014,111526014,205509781,205509781,113903356,113903356,122174580,122174580,116684072,116684072,196846492,196846492,223164198,223164198,-25931167,-25931167,-41048548,-41048548,38526080,38526080,71075004,71075004,150941048,150941048,208224927,208224927,457106236,457106236,482115926,482115926,332456086,332456086,80646698,80646698,-85410074
# status f = 791890851,0,1 : PASS_RHO (rho 0.93400, T 2174.0, 0s)
f = 796398346,0,1 | route RHO | claimed 0.94824788096305327503 | coeffs -108707138,-108707138,-112237025,-112237025,-27153223,-27153223,268621673,268621673,347819478,347819478,336652398,336652398,638163966,638163966,461960450,461960450,505581496,505581496,475690372,475690372,500568022,500568022,331522130,331522130,399823837,399823837,231436989,231436989,313547218,313547218,463273618,463273618,212155859,212155859,239625701,239625701,641707729,641707729,752959731,752959731,704563983,704563983,487520674,487520674,208612130,208612130,278951672,278951672,216598493,216598493,336697631,336697631,431249759,431249759,415282612,415282612,433916213,433916213,229989596,229989596,310304325,310304325,331869740,331869740
f = 796398346,0,1 | route T | claimed 2603.2281591251116002 | coeffs -108707138,-108707138,-112237025,-112237025,-27153223,-27153223,268621673,268621673,347819478,347819478,336652398,336652398,638163966,638163966,461960450,461960450,505581496,505581496,475690372,475690372,500568022,500568022,331522130,331522130,399823837,399823837,231436989,231436989,313547218,313547218,463273618,463273618,212155859,212155859,239625701,239625701,641707729,641707729,752959731,752959731,704563983,704563983,487520674,487520674,208612130,208612130,278951672,278951672,216598493,216598493,336697631,336697631,431249759,431249759,415282612,415282612,433916213,433916213,229989596,229989596,310304325,310304325,331869740,331869740
# status f = 796398346,0,1 : PASS_RHO (rho 0.94825, T 2603.2, 0s)
f = 845686454,0,1 | route RHO | claimed 0.87966060069697129339 | coeffs 380826439,323020065,323020065,63519981,63519981,-123765828,-123765828,137881290,137881290,-112014780,-112014780,132897292,132897292,349070540,349070540,250644850,250644850,1112859,1112859,65266672,65266672,-166690251,-166690251,-315814164,-315814164,-451126040,-451126040,-579862110,-579862110,-585799724,-585799724,-465819909,-465819909,-447288902,-447288902,-610072483,-610072483,-563528515,-563528515,-473360148,-473360148,-681282090,-681282090,-747854049,-747854049,-869501600,-869501600,-566183377,-566183377,-386842856,-386842856,-333925653,-333925653,-352576021,-352576021,-288586013,-288586013,-266001388,-266001388,-393744266,-393744266,-310108550,-310108550,-380826439
f = 845686454,0,1 | route T | claimed 2336.0864943113535562 | coeffs 392829884,384558660,384558660,417107584,417107584,583164356,583164356,535038233,535038233,550398908,550398908,524081202,524081202,772962511,772962511,777361949,777361949,351498845,351498845,259892420,259892420,180317792,180317792,-71491596,-71491596,-171947332,-171947332,-117357475,-117357475,-37195055,-37195055,-94478934,-94478934,-10480936,-10480936,-196023591,-196023591,-290007358,-290007358,-305124739,-305124739,-155464899,-155464899,-386553379,-386553379,-475777390,-475777390,-470286882,-470286882,-390420838,-390420838,-102814979,-102814979,-72483494,-72483494,-422541216,-422541216,-173445851,-173445851,-148436161,-148436161,-316697160,-316697160,-392829884
# status f = 845686454,0,1 : PASS_RHO (rho 0.87966, T 2336.1, 0s)
f = 849325099,0,1 | route RHO | claimed 0.94208933045721001122 | coeffs -131592916,-131592916,-77003059,-77003059,-326098424,-326098424,-74289036,-74289036,-43957551,-43957551,-135563976,-135563976,-215430020,-215430020,-219829458,-219829458,-309053469,-309053469,-335371175,-335371175,-485031015,-485031015,-436904892,-436904892,-530888659,-530888659,-498339735,-498339735,-582337733,-582337733,-658470457,-658470457,-578308037,-578308037,-603317727,-603317727,-502861991,-502861991,-852919713,-852919713,-932494341,-932494341,-1220100200,-1220100200,-794237096,-794237096,-788746588,-788746588,-539865279,-539865279,-308776799,-308776799,-324137474,-324137474,-339254855,-339254855,-173198083,-173198083,12344572,12344572,20615796,20615796,-36668083,-36668083
f = 849325099,0,1 | route T | claimed 2243.5758103810890184 | coeffs -502861991,-502861991,-852919713,-852919713,-932494341,-932494341,-1220100200,-1220100200,-794237096,-794237096,-788746588,-788746588,-539865279,-539865279,-308776799,-308776799,-324137474,-324137474,-339254855,-339254855,-173198083,-173198083,12344572,12344572,20615796,20615796,-36668083,-36668083,131592916,131592916,77003059,77003059,326098424,326098424,74289036,74289036,43957551,43957551,135563976,135563976,215430020,215430020,219829458,219829458,309053469,309053469,335371175,335371175,485031015,485031015,436904892,436904892,530888659,530888659,498339735,498339735,582337733,582337733,658470457,658470457,578308037,578308037,603317727,603317727
# status f = 849325099,0,1 : PASS_RHO (rho 0.94209, T 2243.6, 0s)
f = 856613963,0,1 | route RHO | claimed 0.93400246889889409192 | coeffs 115124448,213550138,213550138,232081145,232081145,179163942,179163942,366449751,366449751,217325838,217325838,425247780,425247780,297504902,297504902,513678150,513678150,393698335,393698335,573038856,573038856,313538772,313538772,545495695,545495695,635664062,635664062,613079437,613079437,368167365,368167365,362229751,362229751,58911528,58911528,116717902,116717902,180871715,180871715,134327747,134327747,198317755,198317755,-51578315,-51578315,77157755,77157755,-44489796,-44489796,26228093,26228093,275760084,275760084,112976503,112976503,131626871,131626871,-130020247,-130020247,-265332123,-265332123,-198760164,-198760164,-115124448
f = 856613963,0,1 | route T | claimed 1951.8554436924438594 | coeffs -289017935,-289017935,-373015933,-373015933,-85410074,-85410074,80646698,80646698,332456086,332456086,482115926,482115926,457106236,457106236,208224927,208224927,150941048,150941048,71075004,71075004,38526080,38526080,-41048548,-41048548,-25931167,-25931167,223164198,223164198,196846492,196846492,116684072,116684072,122174580,122174580,113903356,113903356,205509781,205509781,111526014,111526014,461583736,461583736,446223061,446223061,500812918,500812918,590036929,590036929,513904205,513904205,88041101,88041101,273583756,273583756,303915241,303915241,255789118,255789118,356244854,356244854,125156374,125156374,293417373,293417373
# status f = 856613963,0,1 : PASS_RHO (rho 0.93400, T 1951.9, 0s)
f = 984734686,0,1 | route RHO | claimed 0.94158778746249777284 | coeffs 19727134,-69496877,-69496877,182312511,182312511,174041287,174041287,-57047193,-57047193,22527435,22527435,98660159,98660159,248319999,248319999,339926424,339926424,508187423,508187423,493070042,493070042,918933146,918933146,893923456,893923456,799939689,799939689,795540251,795540251,546444886,546444886,360902231,360902231,112020922,112020922,462078644,462078644,546076642,546076642,572394348,572394348,542062863,542062863,484778984,484778984,469418309,469418309,181812450,181812450,261974870,261974870,310100993,310100993,230234949,230234949,284824806,284824806,118768034,118768034,113277526,113277526,12821790,12821790,-19727134
f = 984734686,0,1 | route T | claimed 2615.0831241760381431 | coeffs -156587996,-238698225,-238698225,-168358683,-168358683,54803919,54803919,84695043,84695043,486777071,486777071,502744218,502744218,423546413,423546413,255159565,255159565,534068109,534068109,555633524,555633524,599254570,599254570,571784728,571784728,666336856,666336856,962111752,962111752,893810045,893810045,676766736,676766736,596452007,596452007,772655523,772655523,521537764,521537764,401438626,401438626,316354824,316354824,147308932,147308932,195704680,195704680,-8221937,-8221937,293289631,293289631,143563231,143563231,81210052,81210052,77680165,77680165,52802515,52802515,164054517,164054517,145420916,145420916,156587996
# status f = 984734686,0,1 : PASS_RHO (rho 0.94159, T 2615.1, 0s)
f = 991823456,0,1 | route RHO | claimed 0.94672454140273244188 | coeffs -638990859,-842917476,-842917476,-619754874,-619754874,-915529770,-915529770,-614018202,-614018202,-584127078,-584127078,-515825371,-515825371,-665551771,-665551771,-263469743,-263469743,-46426434,-46426434,-108779613,-108779613,-92812466,-92812466,-12497737,-12497737,-16027624,-16027624,-95225429,-95225429,-271428945,-271428945,-296306595,-296306595,-464693443,-464693443,-213575684,-213575684,-102323682,-102323682,176584862,176584862,296684000,296684000,278050399,278050399,299615814,299615814,384699616,384699616,395866696,395866696,439487742,439487742,608533634,608533634,690643863,690643863,663174021,663174021,614778273,614778273,544438731,544438731,638990859
f = 991823456,0,1 | route T | claimed 2769.4076596846801939 | coeffs -393057977,-393057977,-354885651,-354885651,-93637974,-93637974,-94439713,-94439713,-80967434,-80967434,118642354,118642354,103966246,103966246,56296116,56296116,21853635,21853635,-186475527,-186475527,-112543855,-112543855,-51195608,-51195608,145970798,145970798,277126118,277126118,103105703,103105703,245921731,245921731,340259672,340259672,345577997,345577997,118624564,118624564,-236458157,-236458157,101930526,101930526,448917009,448917009,568464519,568464519,416108424,416108424,446038289,446038289,318074631,318074631,370879139,370879139,210976505,210976505,126225560,126225560,356453238,356453238,334361956,334361956,313517842,313517842
# status f = 991823456,0,1 : PASS_RHO (rho 0.94672, T 2769.4, 0s)
# summary n = 7 l = 1000176449 : EXCLUSION_CANDIDATE ; PASS 32 / 32 ; OPEN_NEAR 0 ; OPEN_FAR 0 ; 15s
