# FAMILY WITNESS FILE (generator family_gen.sage r10). n = 7 ; l = 1000798273 ; m = 64 ; deg = 2 ; ncomp = 32 ; bar_T = 4224 ; L_n = 16.3328709449664096755483535644
# line: f = c0,...,c_deg (monic, over F_l) | route RHO|T | claimed (rho or T, float) | coeffs a_0..a_{m-1}
f = 9600666,0,1 | route RHO | claimed 0.90504828698188011019 | coeffs -41691102,-41691102,71305062,71305062,-102853042,-102853042,-77830216,-77830216,8925467,8925467,178511783,178511783,285871207,285871207,102192628,102192628,-65894461,-65894461,-19344186,-19344186,-48191972,-48191972,4050872,4050872,-99062566,-99062566,-11718316,-11718316,239944340,239944340,540324961,540324961,470929909,470929909,640868060,640868060,537803708,537803708,724809293,724809293,552719250,552719250,550590947,550590947,195474706,195474706,523034456,523034456,396606509,396606509,230749163,230749163,266104305,266104305,289146500,289146500,213814653,213814653,67361851,67361851,-28336791,-28336791,-81775493,-81775493
f = 9600666,0,1 | route T | claimed 1872.7668034127162705 | coeffs -41691102,-41691102,71305062,71305062,-102853042,-102853042,-77830216,-77830216,8925467,8925467,178511783,178511783,285871207,285871207,102192628,102192628,-65894461,-65894461,-19344186,-19344186,-48191972,-48191972,4050872,4050872,-99062566,-99062566,-11718316,-11718316,239944340,239944340,540324961,540324961,470929909,470929909,640868060,640868060,537803708,537803708,724809293,724809293,552719250,552719250,550590947,550590947,195474706,195474706,523034456,523034456,396606509,396606509,230749163,230749163,266104305,266104305,289146500,289146500,213814653,213814653,67361851,67361851,-28336791,-28336791,-81775493,-81775493
# status f = 9600666,0,1 : PASS_RHO (rho 0.90505, T 1872.8, 1s)
f = 85076400,0,1 | route RHO | claimed 0.94067969946422881609 | coeffs 76734620,-71073566,-71073566,-52264654,-52264654,-264876893,-264876893,-176012207,-176012207,-275235392,-275235392,-374187155,-374187155,-364552016,-364552016,-464463825,-464463825,-620043875,-620043875,-655560893,-655560893,-531797633,-531797633,-481461280,-481461280,-174266721,-174266721,-72799472,-72799472,-131272269,-131272269,-204697703,-204697703,-261845584,-261845584,-551904641,-551904641,-164270748,-164270748,-298879099,-298879099,-252534189,-252534189,-196259020,-196259020,-538545184,-538545184,-361829617,-361829617,-431849890,-431849890,-464820706,-464820706,-263737285,-263737285,47234728,47234728,3685935,3685935,-33181431,-33181431,11958246,11958246,-76734620
f = 85076400,0,1 | route T | claimed 2417.8648459571653936 | coeffs 104752888,409846539,409846539,300487958,300487958,372412533,372412533,180857366,180857366,4220068,4220068,311810037,311810037,235191296,235191296,325500847,325500847,611160228,611160228,544957429,544957429,439329654,439329654,600690208,600690208,236946728,236946728,225174268,225174268,163032041,163032041,49724614,49724614,52104388,52104388,159809308,159809308,309677073,309677073,193373521,193373521,433600869,433600869,468551190,468551190,188092038,188092038,146879429,146879429,229680134,229680134,21846720,21846720,281776866,281776866,54679703,54679703,63625501,63625501,-44021025,-44021025,67388230,67388230,-104752888
# status f = 85076400,0,1 : PASS_RHO (rho 0.94068, T 2417.9, 1s)
f = 103859374,0,1 | route RHO | claimed 0.94126779770351304417 | coeffs -153706217,-153706217,-261065641,-261065641,-407518443,-407518443,-579608486,-579608486,-527365642,-527365642,-701523746,-701523746,-535666400,-535666400,-466271348,-466271348,-282592769,-282592769,-378291411,-378291411,-380419714,-380419714,-483533152,-483533152,-458510326,-458510326,-493865468,-493865468,-663803619,-663803619,-495716530,-495716530,-549155232,-549155232,-904271473,-904271473,-816927223,-816927223,-730171540,-730171540,-753213735,-753213735,-650149383,-650149383,-696699658,-696699658,-573233063,-573233063,-245673313,-245673313,5989343,5989343,175575659,175575659,250907506,250907506,63901921,63901921,92749707,92749707,-20246457,-20246457,-146674404,-146674404
f = 103859374,0,1 | route T | claimed 3218.3780564803913578 | coeffs -579955662,-474515196,-474515196,-432193856,-432193856,-359981557,-359981557,-184524384,-184524384,-116272182,-116272182,274371359,274371359,175081325,175081325,411014398,411014398,644810713,644810713,808138514,808138514,1055196036,1055196036,1069997434,1069997434,1146214049,1146214049,1241379620,1241379620,1061243295,1061243295,1128252387,1128252387,1177270675,1177270675,1345008232,1345008232,1259059174,1259059174,1020957732,1020957732,950245909,950245909,958157419,958157419,1057629234,1057629234,732743651,732743651,602130068,602130068,853125381,853125381,813080824,813080824,986821849,986821849,1079319841,1079319841,1010029261,1010029261,686468536,686468536,579955662
# status f = 103859374,0,1 : PASS_RHO (rho 0.94127, T 3218.4, 0s)
f = 112955524,0,1 | route RHO | claimed 0.95617740600596961174 | coeffs -355616729,-171938150,-171938150,-207293292,-207293292,-119949042,-119949042,3517553,3517553,-183488032,-183488032,-76128608,-76128608,-241985954,-241985954,-138872516,-138872516,-85433814,-85433814,-188498166,-188498166,-358084482,-358084482,-231656535,-231656535,-179413691,-179413691,-275112333,-275112333,-445050484,-445050484,-358294801,-358294801,-30735051,-30735051,-1887265,-1887265,144565537,144565537,75170485,75170485,50147659,50147659,405263900,405263900,451814175,451814175,376482328,376482328,76101707,76101707,-98056397,-98056397,-100184700,-100184700,67902389,67902389,44860194,44860194,296522850,296522850,183526686,183526686,355616729
f = 112955524,0,1 | route T | claimed 2285.4689897935858532 | coeffs 844669322,844669322,710031261,710031261,763086473,763086473,758579335,758579335,551792698,551792698,699509565,699509565,681595371,681595371,763338756,763338756,751714549,751714549,855554045,855554045,966231090,966231090,956991209,956991209,916338574,916338574,803637215,803637215,936263242,936263242,731976014,731976014,477937442,477937442,418585345,418585345,361942836,361942836,-79090441,-79090441,-124436272,-124436272,-218813862,-218813862,-369803819,-369803819,-420918257,-420918257,-246134511,-246134511,-172908138,-172908138,-163948433,-163948433,-53529491,-53529491,-274564106,-274564106,-372924916,-372924916,-179010351,-179010351,-656209444,-656209444
# status f = 112955524,0,1 : PASS_RHO (rho 0.95618, T 2285.5, 0s)
f = 210836029,0,1 | route RHO | claimed 0.94067969946422881609 | coeffs -531797633,-531797633,-655560893,-655560893,-620043875,-620043875,-464463825,-464463825,-364552016,-364552016,-374187155,-374187155,-275235392,-275235392,-176012207,-176012207,-264876893,-264876893,-52264654,-52264654,-71073566,-71073566,76734620,76734620,-11958246,-11958246,33181431,33181431,-3685935,-3685935,-47234728,-47234728,263737285,263737285,464820706,464820706,431849890,431849890,361829617,361829617,538545184,538545184,196259020,196259020,252534189,252534189,298879099,298879099,164270748,164270748,551904641,551904641,261845584,261845584,204697703,204697703,131272269,131272269,72799472,72799472,174266721,174266721,481461280,481461280
f = 210836029,0,1 | route T | claimed 3343.8117751595790524 | coeffs 467471618,467471618,272993640,272993640,240575943,240575943,332060530,332060530,160584813,160584813,504669913,504669913,525582869,525582869,669518409,669518409,563122159,563122159,434629089,434629089,712811905,712811905,677720300,677720300,784331822,784331822,954439992,954439992,784314623,784314623,1016368466,1016368466,626397600,626397600,578884858,578884858,406507661,406507661,248811679,248811679,439143614,439143614,533725934,533725934,602871199,602871199,578826273,578826273,632002121,632002121,431282394,431282394,368237951,368237951,421421883,421421883,11498107,11498107,-288808499,-288808499,-166972997,-166972997,-309564963,-309564963
# status f = 210836029,0,1 : PASS_RHO (rho 0.94068, T 3343.8, 0s)
f = 266322975,0,1 | route RHO | claimed 0.91706267586670502581 | coeffs 142427320,-25659769,-25659769,143926547,143926547,-30231557,-30231557,23207145,23207145,98538992,98538992,264396338,264396338,619512579,619512579,432506994,432506994,501902046,501902046,414557796,414557796,443405582,443405582,627084161,627084161,540328478,540328478,427332314,427332314,331633672,331633672,354675867,354675867,228247920,228247920,226119617,226119617,123055265,123055265,423435886,423435886,320322448,320322448,366872723,366872723,474232147,474232147,499254973,499254973,375788378,375788378,522241180,522241180,486886038,486886038,159326288,159326288,331416331,331416331,161478180,161478180,-90184476,-90184476,-142427320
f = 266322975,0,1 | route T | claimed 2296.8289369949955017 | coeffs -152161894,-152161894,-406200466,-406200466,70998627,70998627,-61627400,-61627400,-159988210,-159988210,-200640845,-200640845,-311059787,-311059787,-421736832,-421736832,-348510459,-348510459,-360134666,-360134666,-309020228,-309020228,-291106034,-291106034,-385483624,-385483624,-592270261,-592270261,-151236984,-151236984,-204292196,-204292196,-263644293,-263644293,-75184415,-75184415,129102813,129102813,323017378,323017378,210316019,210316019,431350634,431350634,440590515,440590515,449550220,449550220,553389716,553389716,378605970,378605970,296862585,296862585,145872628,145872628,293589495,293589495,338935326,338935326,343442464,343442464,286799955,286799955
# status f = 266322975,0,1 : PASS_RHO (rho 0.91706, T 2296.8, 0s)
f = 293174735,0,1 | route RHO | claimed 0.888292878115990285 | coeffs -395117357,-395117357,-722677107,-722677107,-896835211,-896835211,-809490961,-809490961,-935918908,-935918908,-960941734,-960941734,-1212604390,-1212604390,-1046747044,-1046747044,-959991361,-959991361,-659610740,-659610740,-624255598,-624255598,-793841914,-793841914,-724446862,-724446862,-747489057,-747489057,-640129633,-640129633,-470191482,-470191482,-545523329,-545523329,-361844750,-361844750,-258780398,-258780398,-112327596,-112327596,-280414685,-280414685,-93409100,-93409100,-189107742,-189107742,-235658017,-235658017,-63567974,-63567974,-10129272,-10129272,-38977058,-38977058,-41105361,-41105361,82361234,82361234,30118390,30118390,385234631,385234631,498230795,498230795
f = 293174735,0,1 | route T | claimed 2713.7301268960294573 | coeffs -235128466,-41213901,-41213901,40529484,40529484,294568056,294568056,367794429,367794429,420849641,420849641,430089522,430089522,384743691,384743691,483104501,483104501,501018695,501018695,296731467,296731467,121947721,121947721,256585782,256585782,367262827,367262827,808296104,808296104,587261489,587261489,734978356,734978356,602352329,602352329,551237891,551237891,739697769,739697769,635858273,635858273,579215764,579215764,468796822,468796822,675583459,675583459,562882100,562882100,713872057,713872057,236672964,236672964,225048757,225048757,284400854,284400854,293360559,293360559,288853421,288853421,329506056,329506056,235128466
# status f = 293174735,0,1 : PASS_RHO (rho 0.88829, T 2713.7, 0s)
f = 323244346,0,1 | route RHO | claimed 0.95617740600596961174 | coeffs 100184700,98056397,98056397,-76101707,-76101707,-376482328,-376482328,-451814175,-451814175,-405263900,-405263900,-50147659,-50147659,-75170485,-75170485,-144565537,-144565537,1887265,1887265,30735051,30735051,358294801,358294801,445050484,445050484,275112333,275112333,179413691,179413691,231656535,231656535,358084482,358084482,188498166,188498166,85433814,85433814,138872516,138872516,241985954,241985954,76128608,76128608,183488032,183488032,-3517553,-3517553,119949042,119949042,207293292,207293292,171938150,171938150,355616729,355616729,183526686,183526686,296522850,296522850,44860194,44860194,67902389,67902389,-100184700
f = 323244346,0,1 | route T | claimed 2198.691277229856767 | coeffs 233156074,249093204,249093204,273244107,273244107,303945881,303945881,484899442,484899442,632064951,632064951,681349389,681349389,562760834,562760834,409903050,409903050,406725859,406725859,424272508,424272508,399865362,399865362,344646487,344646487,226547541,226547541,145105621,145105621,187215980,187215980,555650356,555650356,542647651,542647651,389009283,389009283,331928535,331928535,304279548,304279548,16235841,16235841,-120402739,-120402739,-502086575,-502086575,-534300668,-534300668,-185775897,-185775897,-137418520,-137418520,-120670920,-120670920,-138831895,-138831895,51755347,51755347,-317065631,-317065631,-304417560,-304417560,-233156074
# status f = 323244346,0,1 : PASS_RHO (rho 0.95618, T 2198.7, 0s)
f = 346498264,0,1 | route RHO | claimed 0.92684222016775360729 | coeffs 150397070,196660884,196660884,395784582,395784582,371167680,371167680,328500874,328500874,499161126,499161126,487481367,487481367,674072810,674072810,538555261,538555261,384709998,384709998,505782140,505782140,557191478,557191478,521846358,521846358,333192287,333192287,710379308,710379308,668804965,668804965,696971853,696971853,347307902,347307902,521296584,521296584,337903445,337903445,620071458,620071458,461898963,461898963,564184794,564184794,680703133,680703133,535344866,535344866,275255233,275255233,417143015,417143015,435302092,435302092,245024845,245024845,268444327,268444327,32859918,32859918,-13716181,-13716181,-150397070
f = 346498264,0,1 | route T | claimed 1832.2619812098212776 | coeffs 117942935,117942935,187337987,187337987,233888262,233888262,408046366,408046366,385004171,385004171,212914128,212914128,125569878,125569878,232929302,232929302,179490600,179490600,305918547,305918547,475856698,475856698,504704484,504704484,529727310,529727310,454395463,454395463,456523766,456523766,708186422,708186422,891865001,891865001,768398406,768398406,602541060,602541060,705605412,705605412,757848256,757848256,671092573,671092573,817545375,817545375,462429134,462429134,162048513,162048513,-6038576,-6038576,-119034740,-119034740,-154389882,-154389882,32615703,32615703,135729141,135729141,305315457,305315457,209616815,209616815
# status f = 346498264,0,1 : PASS_RHO (rho 0.92684, T 1832.3, 0s)
f = 357517365,0,1 | route RHO | claimed 0.96583792576208445538 | coeffs 587188351,643463520,643463520,799043570,799043570,488071557,488071557,429598760,429598760,410789848,410789848,364444938,364444938,264533129,264533129,465616550,465616550,364149301,364149301,216341115,216341115,81732764,81732764,72097625,72097625,105068441,105068441,412263000,412263000,323570134,323570134,-64063759,-64063759,-163015522,-163015522,-233035795,-233035795,-283372148,-283372148,-328511825,-328511825,-618570882,-618570882,-519347697,-519347697,-696063264,-696063264,-572300004,-572300004,-609167370,-609167370,-552019489,-552019489,-463154803,-463154803,-805440967,-805440967,-769923949,-769923949,-726375156,-726375156,-799800590,-799800590,-587188351
f = 357517365,0,1 | route T | claimed 2353.593635616257144 | coeffs -412263000,-323570134,-323570134,64063759,64063759,163015522,163015522,233035795,233035795,283372148,283372148,328511825,328511825,618570882,618570882,519347697,519347697,696063264,696063264,572300004,572300004,609167370,609167370,552019489,552019489,463154803,463154803,805440967,805440967,769923949,769923949,726375156,726375156,799800590,799800590,587188351,587188351,643463520,643463520,799043570,799043570,488071557,488071557,429598760,429598760,410789848,410789848,364444938,364444938,264533129,264533129,465616550,465616550,364149301,364149301,216341115,216341115,81732764,81732764,72097625,72097625,105068441,105068441,412263000
# status f = 357517365,0,1 : PASS_RHO (rho 0.96584, T 2353.6, 1s)
f = 396806693,0,1 | route RHO | claimed 0.93900078816431246212 | coeffs -535061485,-535061485,-616503405,-616503405,-629506110,-629506110,-657155097,-657155097,-1038838933,-1038838933,-990481556,-990481556,-799894314,-799894314,-728632828,-728632828,-759334602,-759334602,-808619040,-808619040,-805441849,-805441849,-750222974,-750222974,-792333333,-792333333,-638694965,-638694965,-350651258,-350651258,-318437165,-318437165,-335184765,-335184765,33636213,33636213,49573343,49573343,230526904,230526904,111938349,111938349,129484998,129484998,11386052,11386052,379820428,379820428,322739680,322739680,186101100,186101100,534625871,534625871,516464896,516464896,529112967,529112967,504962064,504962064,357796555,357796555,510654339,510654339
f = 396806693,0,1 | route T | claimed 3181.8766735775308951 | coeffs -290211483,-290211483,-524321994,-524321994,-804947212,-804947212,-595857148,-595857148,-624791040,-624791040,-236258197,-236258197,-174598074,-174598074,-196130534,-196130534,-73380517,-73380517,124817405,124817405,167355779,167355779,173704047,173704047,483699642,483699642,545823015,545823015,812476904,812476904,749304124,749304124,813853331,813853331,899126975,899126975,615741645,615741645,646845944,646845944,660126883,660126883,387325283,387325283,363153215,363153215,429974690,429974690,424037529,424037529,354471000,354471000,591884559,591884559,374994925,374994925,581022623,581022623,424690541,424690541,399694417,399694417,245153646,245153646
# status f = 396806693,0,1 : PASS_RHO (rho 0.93900, T 3181.9, 0s)
f = 408608904,0,1 | route RHO | claimed 0.94126779770351304417 | coeffs 175575659,175575659,5989343,5989343,-245673313,-245673313,-573233063,-573233063,-696699658,-696699658,-650149383,-650149383,-753213735,-753213735,-730171540,-730171540,-816927223,-816927223,-904271473,-904271473,-549155232,-549155232,-495716530,-495716530,-663803619,-663803619,-493865468,-493865468,-458510326,-458510326,-483533152,-483533152,-380419714,-380419714,-378291411,-378291411,-282592769,-282592769,-466271348,-466271348,-535666400,-535666400,-701523746,-701523746,-527365642,-527365642,-579608486,-579608486,-407518443,-407518443,-261065641,-261065641,-153706217,-153706217,146674404,146674404,20246457,20246457,-92749707,-92749707,-63901921,-63901921,-250907506,-250907506
f = 408608904,0,1 | route T | claimed 2255.4772921252929063 | coeffs -250907506,-175575659,-175575659,-5989343,-5989343,245673313,245673313,573233063,573233063,696699658,696699658,650149383,650149383,753213735,753213735,730171540,730171540,816927223,816927223,904271473,904271473,549155232,549155232,495716530,495716530,663803619,663803619,493865468,493865468,458510326,458510326,483533152,483533152,380419714,380419714,378291411,378291411,282592769,282592769,466271348,466271348,535666400,535666400,701523746,701523746,527365642,527365642,579608486,579608486,407518443,407518443,261065641,261065641,153706217,153706217,-146674404,-146674404,-20246457,-20246457,92749707,92749707,63901921,63901921,250907506
# status f = 408608904,0,1 : PASS_RHO (rho 0.94127, T 2255.5, 0s)
f = 415938532,0,1 | route RHO | claimed 0.888292878115990285 | coeffs -30118390,-30118390,-82361234,-82361234,41105361,41105361,38977058,38977058,10129272,10129272,63567974,63567974,235658017,235658017,189107742,189107742,93409100,93409100,280414685,280414685,112327596,112327596,258780398,258780398,361844750,361844750,545523329,545523329,470191482,470191482,640129633,640129633,747489057,747489057,724446862,724446862,793841914,793841914,624255598,624255598,659610740,659610740,959991361,959991361,1046747044,1046747044,1212604390,1212604390,960941734,960941734,935918908,935918908,809490961,809490961,896835211,896835211,722677107,722677107,395117357,395117357,498230795,498230795,385234631,385234631
f = 415938532,0,1 | route T | claimed 2076.654534252974599 | coeffs -30118390,-30118390,-82361234,-82361234,41105361,41105361,38977058,38977058,10129272,10129272,63567974,63567974,235658017,235658017,189107742,189107742,93409100,93409100,280414685,280414685,112327596,112327596,258780398,258780398,361844750,361844750,545523329,545523329,470191482,470191482,640129633,640129633,747489057,747489057,724446862,724446862,793841914,793841914,624255598,624255598,659610740,659610740,959991361,959991361,1046747044,1046747044,1212604390,1212604390,960941734,960941734,935918908,935918908,809490961,809490961,896835211,896835211,722677107,722677107,395117357,395117357,498230795,498230795,385234631,385234631
# status f = 415938532,0,1 : PASS_RHO (rho 0.88829, T 2076.7, 0s)
f = 428697354,0,1 | route RHO | claimed 0.97787022786206845998 | coeffs -120066440,79057258,79057258,102476740,102476740,247835007,247835007,64441868,64441868,-312745153,-312745153,-466590416,-466590416,-423923610,-423923610,-377347511,-377347511,-235459729,-235459729,-77287234,-77287234,-49120346,-49120346,-100529684,-100529684,-112209443,-112209443,-158473257,-158473257,31803990,31803990,148322329,148322329,-25666353,-25666353,-214320424,-214320424,-78802875,-78802875,-103419777,-103419777,-339004186,-339004186,-78914553,-78914553,203253460,203253460,244827803,244827803,365899945,365899945,195239693,195239693,331920582,331920582,350079659,350079659,247793828,247793828,-101870123,-101870123,-66525003,-66525003,120066440
f = 428697354,0,1 | route T | claimed 2389.86248257909065 | coeffs 72596030,190757913,190757913,408520259,408520259,230295648,230295648,662553500,662553500,729903371,729903371,683866093,683866093,492518408,492518408,535342434,535342434,481902259,481902259,326924996,326924996,231255503,231255503,200446281,200446281,308086738,308086738,106525060,106525060,-106314166,-106314166,223924783,223924783,297753767,297753767,550861984,550861984,408128441,408128441,328407989,328407989,308462958,308462958,216279892,216279892,178498420,178498420,30638324,30638324,132437487,132437487,-5554451,-5554451,10913029,10913029,107273619,107273619,338345532,338345532,303438978,303438978,154654374,154654374,-72596030
# status f = 428697354,0,1 : PASS_RHO (rho 0.97787, T 2389.9, 1s)
f = 431808878,0,1 | route RHO | claimed 0.91731209047111620323 | coeffs -905559433,-905559433,-853316589,-853316589,-928648436,-928648436,-1015992686,-1015992686,-920294044,-920294044,-619913423,-619913423,-496446828,-496446828,-666384979,-666384979,-840543083,-840543083,-653537498,-653537498,-740293181,-740293181,-738164878,-738164878,-630805454,-630805454,-303245704,-303245704,-135158615,-135158615,30698731,30698731,1850945,1850945,24893140,24893140,128006578,128006578,274459380,274459380,526122036,526122036,472683334,472683334,542078386,542078386,655074550,655074550,552010198,552010198,526987372,526987372,699077415,699077415,868663731,868663731,513547490,513547490,697226069,697226069,823654016,823654016,870204291,870204291
f = 431808878,0,1 | route T | claimed 1889.9543815774337848 | coeffs 274459380,274459380,526122036,526122036,472683334,472683334,542078386,542078386,655074550,655074550,552010198,552010198,526987372,526987372,699077415,699077415,868663731,868663731,513547490,513547490,697226069,697226069,823654016,823654016,870204291,870204291,905559433,905559433,853316589,853316589,928648436,928648436,1015992686,1015992686,920294044,920294044,619913423,619913423,496446828,496446828,666384979,666384979,840543083,840543083,653537498,653537498,740293181,740293181,738164878,738164878,630805454,630805454,303245704,303245704,135158615,135158615,-30698731,-30698731,-1850945,-1850945,-24893140,-24893140,-128006578,-128006578
# status f = 431808878,0,1 : PASS_RHO (rho 0.91731, T 1890.0, 0s)
f = 461765080,0,1 | route RHO | claimed 0.94745141026304979386 | coeffs 70189305,70189305,-11554080,-11554080,209480535,209480535,150128438,150128438,168042632,168042632,57623690,57623690,-196414882,-196414882,-344131749,-344131749,-353091454,-353091454,-557378682,-557378682,-350592045,-350592045,-423818418,-423818418,-291192391,-291192391,-286685253,-286685253,-461468999,-461468999,-574170358,-574170358,-627225570,-627225570,-576111132,-576111132,-616763767,-616763767,-482125706,-482125706,-331135749,-331135749,-340375630,-340375630,-528835508,-528835508,-434457918,-434457918,-323780873,-323780873,-800979966,-800979966,-755634135,-755634135,-651794639,-651794639,-457880074,-457880074,-16846797,-16846797,-28471004,-28471004,-126831814,-126831814
f = 461765080,0,1 | route T | claimed 2047.6011040574437953 | coeffs 196023234,154448891,154448891,52163060,52163060,75582542,75582542,32915736,32915736,-18493602,-18493602,155495080,155495080,415584713,415584713,278903824,278903824,465495267,465495267,88308246,88308246,-69864249,-69864249,120412998,120412998,145029900,145029900,266102042,266102042,615765993,615765993,470407726,470407726,516983825,516983825,528663584,528663584,340009513,340009513,57841500,57841500,76000577,76000577,275124275,275124275,428969538,428969538,457136426,457136426,340618087,340618087,105033678,105033678,275693930,275693930,311039050,311039050,127645911,127645911,-14241871,-14241871,-60505685,-60505685,-196023234
# status f = 461765080,0,1 : PASS_RHO (rho 0.94745, T 2047.6, 0s)
f = 539033193,0,1 | route RHO | claimed 0.91731209047111620323 | coeffs 1015992686,928648436,928648436,853316589,853316589,905559433,905559433,870204291,870204291,823654016,823654016,697226069,697226069,513547490,513547490,868663731,868663731,699077415,699077415,526987372,526987372,552010198,552010198,655074550,655074550,542078386,542078386,472683334,472683334,526122036,526122036,274459380,274459380,128006578,128006578,24893140,24893140,1850945,1850945,30698731,30698731,-135158615,-135158615,-303245704,-303245704,-630805454,-630805454,-738164878,-738164878,-740293181,-740293181,-653537498,-653537498,-840543083,-840543083,-666384979,-666384979,-496446828,-496446828,-619913423,-619913423,-920294044,-920294044,-1015992686
f = 539033193,0,1 | route T | claimed 2705.6723276986559186 | coeffs 849161102,849161102,824989034,824989034,888161814,888161814,1010911831,1010911831,1245022342,1245022342,1007608783,1007608783,1038713082,1038713082,728717487,728717487,1117250330,1117250330,1092254206,1092254206,1025432731,1025432731,1089981938,1089981938,891784016,891784016,611158798,611158798,394269164,394269164,380988225,380988225,443111598,443111598,381451475,381451475,535992246,535992246,530055085,530055085,444781441,444781441,487319815,487319815,278229751,278229751,72202053,72202053,-200599547,-200599547,-467253436,-467253436,-488785896,-488785896,-443728059,-443728059,-374161530,-374161530,-657546860,-657546860,-663895128,-663895128,-692829020,-692829020
# status f = 539033193,0,1 : PASS_RHO (rho 0.91731, T 2705.7, 0s)
f = 568989395,0,1 | route RHO | claimed 0.94745141026304979386 | coeffs 291192391,291192391,423818418,423818418,350592045,350592045,557378682,557378682,353091454,353091454,344131749,344131749,196414882,196414882,-57623690,-57623690,-168042632,-168042632,-150128438,-150128438,-209480535,-209480535,11554080,11554080,-70189305,-70189305,-126831814,-126831814,-28471004,-28471004,-16846797,-16846797,-457880074,-457880074,-651794639,-651794639,-755634135,-755634135,-800979966,-800979966,-323780873,-323780873,-434457918,-434457918,-528835508,-528835508,-340375630,-340375630,-331135749,-331135749,-482125706,-482125706,-616763767,-616763767,-576111132,-576111132,-627225570,-627225570,-574170358,-574170358,-461468999,-461468999,-286685253,-286685253
f = 568989395,0,1 | route T | claimed 2576.9981857826159363 | coeffs 247258375,247258375,34419149,34419149,189396412,189396412,256746283,256746283,29495879,29495879,13028399,13028399,-79154667,-79154667,-152983651,-152983651,-183792873,-183792873,7554812,7554812,225317158,225317158,456389071,456389071,604249167,604249167,461515624,461515624,663077302,663077302,609637127,609637127,177379275,177379275,326163879,326163879,188171941,188171941,208116972,208116972,538355921,538355921,634025414,634025414,587988136,587988136,469826253,469826253,373465663,373465663,335684191,335684191,82575974,82575974,190216431,190216431,147392405,147392405,-30832206,-30832206,-65738760,-65738760,-167537923,-167537923
# status f = 568989395,0,1 : PASS_RHO (rho 0.94745, T 2577.0, 0s)
f = 572100919,0,1 | route RHO | claimed 0.91706267586670502581 | coeffs 143926547,-25659769,-25659769,142427320,142427320,90184476,90184476,-161478180,-161478180,-331416331,-331416331,-159326288,-159326288,-486886038,-486886038,-522241180,-522241180,-375788378,-375788378,-499254973,-499254973,-474232147,-474232147,-366872723,-366872723,-320322448,-320322448,-423435886,-423435886,-123055265,-123055265,-226119617,-226119617,-228247920,-228247920,-354675867,-354675867,-331633672,-331633672,-427332314,-427332314,-540328478,-540328478,-627084161,-627084161,-443405582,-443405582,-414557796,-414557796,-501902046,-501902046,-432506994,-432506994,-619512579,-619512579,-264396338,-264396338,-98538992,-98538992,-23207145,-23207145,30231557,30231557,-143926547
f = 572100919,0,1 | route T | claimed 2481.9519022953230425 | coeffs 915495885,1058229428,1058229428,978508976,978508976,998454007,998454007,906270941,906270941,944052413,944052413,796192317,796192317,694393154,694393154,556401216,556401216,539933736,539933736,636294326,636294326,405222413,405222413,370315859,370315859,519100463,519100463,291850059,291850059,410011942,410011942,192249596,192249596,14024985,14024985,-418232867,-418232867,-350882996,-350882996,-304845718,-304845718,-496193403,-496193403,-539017429,-539017429,-592457604,-592457604,-437480341,-437480341,-533149834,-533149834,-502340612,-502340612,-394700155,-394700155,-193138477,-193138477,-405977703,-405977703,-736216652,-736216652,-662387668,-662387668,-915495885
# status f = 572100919,0,1 : PASS_RHO (rho 0.91706, T 2482.0, 1s)
f = 584859741,0,1 | route RHO | claimed 0.97054144486678201229 | coeffs -31981077,-31981077,-102001350,-102001350,-66484332,-66484332,-267567753,-267567753,-217231400,-217231400,-260780193,-260780193,-362247442,-362247442,-407387119,-407387119,-480812553,-480812553,-333004367,-333004367,-42945310,-42945310,-255557549,-255557549,-390165900,-390165900,-290942715,-290942715,-347217884,-347217884,-337582745,-337582745,-160867178,-160867178,-5287128,-5287128,27683688,27683688,151446948,151446948,462418961,462418961,155224402,155224402,192091768,192091768,133618971,133618971,44926105,44926105,102073986,102073986,120882898,120882898,508516791,508516791,419652105,419652105,373307195,373307195,274355432,274355432,-67930732,-67930732
f = 584859741,0,1 | route T | claimed 3184.1335327534869894 | coeffs 431899730,431899730,519243980,519243980,693402084,693402084,365842334,365842334,262728896,262728896,149732732,149732732,504848973,504848973,557091817,557091817,680558412,680558412,682686715,682686715,653838929,653838929,600400227,600400227,772490270,772490270,819040545,819040545,723341903,723341903,536336318,536336318,368249229,368249229,221796427,221796427,324860779,324860779,141182200,141182200,65850353,65850353,-104087798,-104087798,3271626,3271626,26313821,26313821,95708873,95708873,265295189,265295189,300650331,300650331,269710,269710,87025393,87025393,-78831953,-78831953,-330494609,-330494609,-305471783,-305471783
# status f = 584859741,0,1 : PASS_RHO (rho 0.97054, T 3184.1, 1s)
f = 592189369,0,1 | route RHO | claimed 0.93549083632602073422 | coeffs -416414138,-116033517,-116033517,10394430,10394430,-102601734,-102601734,-131449520,-131449520,-318455105,-318455105,-393786952,-393786952,-224200636,-224200636,-475863292,-475863292,-148303542,-148303542,-271770137,-271770137,-318320412,-318320412,-421384764,-421384764,-444426959,-444426959,-531182642,-531182642,-443838392,-443838392,-88722151,-88722151,-142160853,-142160853,-310247942,-310247942,-480186093,-480186093,-444830951,-444830951,-419808125,-419808125,-316694687,-316694687,-318822990,-318822990,-223124348,-223124348,-39445769,-39445769,-108840821,-108840821,57016525,57016525,231174629,231174629,283417473,283417473,455507516,455507516,309054714,309054714,416414138
f = 592189369,0,1 | route T | claimed 2329.0970394703798296 | coeffs 102601734,131449520,131449520,318455105,318455105,393786952,393786952,224200636,224200636,475863292,475863292,148303542,148303542,271770137,271770137,318320412,318320412,421384764,421384764,444426959,444426959,531182642,531182642,443838392,443838392,88722151,88722151,142160853,142160853,310247942,310247942,480186093,480186093,444830951,444830951,419808125,419808125,316694687,316694687,318822990,318822990,223124348,223124348,39445769,39445769,108840821,108840821,-57016525,-57016525,-231174629,-231174629,-283417473,-283417473,-455507516,-455507516,-309054714,-309054714,-416414138,-416414138,-116033517,-116033517,10394430,10394430,-102601734
# status f = 592189369,0,1 : PASS_RHO (rho 0.93549, T 2329.1, 0s)
f = 603991580,0,1 | route RHO | claimed 0.92684222016775360729 | coeffs 275255233,535344866,535344866,680703133,680703133,564184794,564184794,461898963,461898963,620071458,620071458,337903445,337903445,521296584,521296584,347307902,347307902,696971853,696971853,668804965,668804965,710379308,710379308,333192287,333192287,521846358,521846358,557191478,557191478,505782140,505782140,384709998,384709998,538555261,538555261,674072810,674072810,487481367,487481367,499161126,499161126,328500874,328500874,371167680,371167680,395784582,395784582,196660884,196660884,150397070,150397070,13716181,13716181,-32859918,-32859918,-268444327,-268444327,-245024845,-245024845,-435302092,-435302092,-417143015,-417143015,-275255233
f = 603991580,0,1 | route T | claimed 2079.5840275911378334 | coeffs 275255233,535344866,535344866,680703133,680703133,564184794,564184794,461898963,461898963,620071458,620071458,337903445,337903445,521296584,521296584,347307902,347307902,696971853,696971853,668804965,668804965,710379308,710379308,333192287,333192287,521846358,521846358,557191478,557191478,505782140,505782140,384709998,384709998,538555261,538555261,674072810,674072810,487481367,487481367,499161126,499161126,328500874,328500874,371167680,371167680,395784582,395784582,196660884,196660884,150397070,150397070,13716181,13716181,-32859918,-32859918,-268444327,-268444327,-245024845,-245024845,-435302092,-435302092,-417143015,-417143015,-275255233
# status f = 603991580,0,1 : PASS_RHO (rho 0.92684, T 2079.6, 0s)
f = 643280908,0,1 | route RHO | claimed 0.90504828698188011019 | coeffs -102192628,-285871207,-285871207,-178511783,-178511783,-8925467,-8925467,77830216,77830216,102853042,102853042,-71305062,-71305062,41691102,41691102,-81775493,-81775493,-28336791,-28336791,67361851,67361851,213814653,213814653,289146500,289146500,266104305,266104305,230749163,230749163,396606509,396606509,523034456,523034456,195474706,195474706,550590947,550590947,552719250,552719250,724809293,724809293,537803708,537803708,640868060,640868060,470929909,470929909,540324961,540324961,239944340,239944340,-11718316,-11718316,-99062566,-99062566,4050872,4050872,-48191972,-48191972,-19344186,-19344186,-65894461,-65894461,102192628
f = 643280908,0,1 | route T | claimed 2301.9248254998770449 | coeffs -52754766,-99330865,-99330865,-201616696,-201616696,-390270767,-390270767,-347603961,-347603961,-365763038,-365763038,-191774356,-191774356,-37929093,-37929093,98751796,98751796,215270135,215270135,-161916886,-161916886,8743366,8743366,-181533881,-181533881,1859258,1859258,122931400,122931400,76667586,76667586,222025853,222025853,180451510,180451510,192131269,192131269,168711787,168711787,450879800,450879800,399470462,399470462,598594160,598594160,338504527,338504527,310337639,310337639,496929082,496929082,261344673,261344673,419517168,419517168,384172048,384172048,408788950,408788950,266901168,266901168,-82762783,-82762783,52754766
# status f = 643280908,0,1 : PASS_RHO (rho 0.90505, T 2301.9, 0s)
f = 654300009,0,1 | route RHO | claimed 0.93900078816431246212 | coeffs 49573343,33636213,33636213,-335184765,-335184765,-318437165,-318437165,-350651258,-350651258,-638694965,-638694965,-792333333,-792333333,-750222974,-750222974,-805441849,-805441849,-808619040,-808619040,-759334602,-759334602,-728632828,-728632828,-799894314,-799894314,-990481556,-990481556,-1038838933,-1038838933,-657155097,-657155097,-629506110,-629506110,-616503405,-616503405,-535061485,-535061485,-510654339,-510654339,-357796555,-357796555,-504962064,-504962064,-529112967,-529112967,-516464896,-516464896,-534625871,-534625871,-186101100,-186101100,-322739680,-322739680,-379820428,-379820428,-11386052,-11386052,-129484998,-129484998,-111938349,-111938349,-230526904,-230526904,-49573343
f = 654300009,0,1 | route T | claimed 2294.9133937294178977 | coeffs -657155097,-657155097,-629506110,-629506110,-616503405,-616503405,-535061485,-535061485,-510654339,-510654339,-357796555,-357796555,-504962064,-504962064,-529112967,-529112967,-516464896,-516464896,-534625871,-534625871,-186101100,-186101100,-322739680,-322739680,-379820428,-379820428,-11386052,-11386052,-129484998,-129484998,-111938349,-111938349,-230526904,-230526904,-49573343,-49573343,-33636213,-33636213,335184765,335184765,318437165,318437165,350651258,350651258,638694965,638694965,792333333,792333333,750222974,750222974,805441849,805441849,808619040,808619040,759334602,759334602,728632828,728632828,799894314,799894314,990481556,990481556,1038838933,1038838933
# status f = 654300009,0,1 : PASS_RHO (rho 0.93900, T 2294.9, 0s)
f = 677553927,0,1 | route RHO | claimed 0.94422751004422843384 | coeffs -14380940,72374743,72374743,242312894,242312894,146614252,146614252,94371408,94371408,220799355,220799355,390385671,390385671,287321319,287321319,233882617,233882617,336996055,336996055,502853401,502853401,610212825,610212825,797218410,797218410,920685005,920685005,833340755,833340755,797985613,797985613,614307034,614307034,442216991,442216991,329220827,329220827,77558171,77558171,54515976,54515976,-113571113,-113571113,-115699416,-115699416,58458688,58458688,-241921933,-241921933,-166590086,-166590086,-120039811,-120039811,-475156052,-475156052,-500178878,-500178878,-430783826,-430783826,-284331024,-284331024,-313178810,-313178810,14380940
f = 677553927,0,1 | route T | claimed 3045.8235264236754886 | coeffs 450088375,450088375,442224932,442224932,593784303,593784303,653538758,653538758,707052302,707052302,678254041,678254041,665793821,665793821,620210085,620210085,811734465,811734465,660272272,660272272,636970825,636970825,881641941,881641941,760036295,760036295,649946720,649946720,805979231,805979231,719857447,719857447,831185587,831185587,842355193,842355193,1188522011,1188522011,768674025,768674025,731121267,731121267,680255459,680255459,562040610,562040610,201593471,201593471,99699095,99699095,-113541833,-113541833,-416248961,-416248961,-546070896,-546070896,-618998452,-618998452,-335954796,-335954796,-361528191,-361528191,-497342075,-497342075
# status f = 677553927,0,1 : PASS_RHO (rho 0.94423, T 3045.8, 0s)
f = 707623538,0,1 | route RHO | claimed 0.97054144486678201229 | coeffs -390165900,-390165900,-255557549,-255557549,-42945310,-42945310,-333004367,-333004367,-480812553,-480812553,-407387119,-407387119,-362247442,-362247442,-260780193,-260780193,-217231400,-217231400,-267567753,-267567753,-66484332,-66484332,-102001350,-102001350,-31981077,-31981077,67930732,67930732,-274355432,-274355432,-373307195,-373307195,-419652105,-419652105,-508516791,-508516791,-120882898,-120882898,-102073986,-102073986,-44926105,-44926105,-133618971,-133618971,-192091768,-192091768,-155224402,-155224402,-462418961,-462418961,-151446948,-151446948,-27683688,-27683688,5287128,5287128,160867178,160867178,337582745,337582745,347217884,347217884,290942715,290942715
f = 707623538,0,1 | route T | claimed 2235.3477991645586439 | coeffs 719536801,719536801,688727579,688727579,621377708,621377708,656284262,656284262,618502790,618502790,288263841,288263841,234823666,234823666,17061320,17061320,593840,593840,-79126612,-79126612,-186767069,-186767069,-232804347,-232804347,-381588951,-381588951,-233728855,-233728855,-159899871,-159899871,-4922608,-4922608,-183147219,-183147219,-86786629,-86786629,-66841598,-66841598,-268403276,-268403276,-77055591,-77055591,150194813,150194813,251993976,251993976,-1114241,-1114241,-96783734,-96783734,-529041586,-529041586,-760113499,-760113499,-852296565,-852296565,-639457339,-639457339,-596633313,-596633313,-714795196,-714795196,-576803258,-576803258
# status f = 707623538,0,1 : PASS_RHO (rho 0.97054, T 2235.3, 1s)
f = 734475298,0,1 | route RHO | claimed 0.97787022786206845998 | coeffs 66525003,66525003,101870123,101870123,-247793828,-247793828,-350079659,-350079659,-331920582,-331920582,-195239693,-195239693,-365899945,-365899945,-244827803,-244827803,-203253460,-203253460,78914553,78914553,339004186,339004186,103419777,103419777,78802875,78802875,214320424,214320424,25666353,25666353,-148322329,-148322329,-31803990,-31803990,158473257,158473257,112209443,112209443,100529684,100529684,49120346,49120346,77287234,77287234,235459729,235459729,377347511,377347511,423923610,423923610,466590416,466590416,312745153,312745153,-64441868,-64441868,-247835007,-247835007,-102476740,-102476740,-79057258,-79057258,120066440,120066440
f = 734475298,0,1 | route T | claimed 2640.2026797703830732 | coeffs 1001560050,1001560050,701821118,701821118,644414557,644414557,586193948,586193948,392210685,392210685,439554847,439554847,541426443,541426443,326140436,326140436,1551116,1551116,70784053,70784053,-4799926,-4799926,267235602,267235602,287976660,287976660,-104191360,-104191360,-327117269,-327117269,-302119170,-302119170,-234487833,-234487833,-286290154,-286290154,136059988,136059988,131658984,131658984,1932438,1932438,-270927842,-270927842,-311036043,-311036043,-449800134,-449800134,-433602197,-433602197,-369305493,-369305493,-336986116,-336986116,-304713434,-304713434,-216552268,-216552268,-575673856,-575673856,-708492979,-708492979,-894217107,-894217107
# status f = 734475298,0,1 : PASS_RHO (rho 0.97787, T 2640.2, 1s)
f = 789962244,0,1 | route RHO | claimed 0.92002513695832787371 | coeffs 160736784,160736784,328823873,328823873,353846699,353846699,258148057,258148057,424005403,424005403,251915360,251915360,-48465261,-48465261,-77313047,-77313047,-246899363,-246899363,-370365958,-370365958,-347323763,-347323763,7792478,7792478,177730629,177730629,280844067,280844067,97165488,97165488,271323592,271323592,417776394,417776394,291348447,291348447,104342862,104342862,356005518,356005518,309455243,309455243,396210926,396210926,342772224,342772224,307417082,307417082,305288779,305288779,374683831,374683831,426926675,426926675,319567251,319567251,432563415,432563415,357231568,357231568,29671818,29671818,-73392534,-73392534
f = 789962244,0,1 | route T | claimed 2662.0029138986274469 | coeffs -425985782,-425985782,-379409683,-379409683,-205421001,-205421001,-376081253,-376081253,-230722986,-230722986,-179313648,-179313648,-414898057,-414898057,-65234106,-65234106,-107900912,-107900912,8617427,8617427,-112454715,-112454715,-135874197,-135874197,-107707309,-107707309,-83090407,-83090407,-185376238,-185376238,-339221501,-339221501,-529498748,-529498748,-487924405,-487924405,-288800707,-288800707,-446973202,-446973202,-311455653,-311455653,-329614730,-329614730,47572291,47572291,1308477,1308477,-280859536,-280859536,-94268093,-94268093,47619689,47619689,236273760,236273760,372954649,372954649,189561510,189561510,201241269,201241269,461330902,461330902
# status f = 789962244,0,1 : PASS_RHO (rho 0.92003, T 2662.0, 0s)
f = 887842749,0,1 | route RHO | claimed 0.94422751004422843384 | coeffs -833340755,-920685005,-920685005,-797218410,-797218410,-610212825,-610212825,-502853401,-502853401,-336996055,-336996055,-233882617,-233882617,-287321319,-287321319,-390385671,-390385671,-220799355,-220799355,-94371408,-94371408,-146614252,-146614252,-242312894,-242312894,-72374743,-72374743,14380940,14380940,-313178810,-313178810,-284331024,-284331024,-430783826,-430783826,-500178878,-500178878,-475156052,-475156052,-120039811,-120039811,-166590086,-166590086,-241921933,-241921933,58458688,58458688,-115699416,-115699416,-113571113,-113571113,54515976,54515976,77558171,77558171,329220827,329220827,442216991,442216991,614307034,614307034,797985613,797985613,833340755
f = 887842749,0,1 | route T | claimed 2732.5558275006492118 | coeffs -42640684,95351254,95351254,191020747,191020747,287381337,287381337,395021794,395021794,429928348,429928348,642767574,642767574,415517170,415517170,489346154,489346154,707108500,707108500,849842043,849842043,417584191,417584191,397639160,397639160,351601882,351601882,389383354,389383354,346559328,346559328,448358491,448358491,293381228,293381228,276913748,276913748,307722970,307722970,538794883,538794883,337233205,337233205,486017809,486017809,155778860,155778860,37616977,37616977,290725194,290725194,112500583,112500583,192221035,192221035,124871164,124871164,32688098,32688098,-158659587,-158659587,-10799491,-10799491,42640684
# status f = 887842749,0,1 : PASS_RHO (rho 0.94423, T 2732.6, 0s)
f = 896938899,0,1 | route RHO | claimed 0.93549083632602073422 | coeffs 10394430,10394430,-116033517,-116033517,-416414138,-416414138,-309054714,-309054714,-455507516,-455507516,-283417473,-283417473,-231174629,-231174629,-57016525,-57016525,108840821,108840821,39445769,39445769,223124348,223124348,318822990,318822990,316694687,316694687,419808125,419808125,444830951,444830951,480186093,480186093,310247942,310247942,142160853,142160853,88722151,88722151,443838392,443838392,531182642,531182642,444426959,444426959,421384764,421384764,318320412,318320412,271770137,271770137,148303542,148303542,475863292,475863292,224200636,224200636,393786952,393786952,318455105,318455105,131449520,131449520,102601734,102601734
f = 896938899,0,1 | route T | claimed 2961.8663126654317904 | coeffs 231441941,231441941,-2354374,-2354374,160973427,160973427,-86084095,-86084095,-71282697,-71282697,-147499312,-147499312,-52333741,-52333741,127802584,127802584,194811676,194811676,145793388,145793388,313530945,313530945,399480003,399480003,161378561,161378561,232090384,232090384,240001894,240001894,140530079,140530079,-184355504,-184355504,-53741921,-53741921,197253392,197253392,237297949,237297949,411038974,411038974,318540982,318540982,249250402,249250402,572811127,572811127,466298253,466298253,571738719,571738719,529417379,529417379,601629678,601629678,426172505,426172505,494424707,494424707,103781166,103781166,4491132,4491132
# status f = 896938899,0,1 : PASS_RHO (rho 0.93549, T 2961.9, 1s)
f = 915721873,0,1 | route RHO | claimed 0.92002513695832787371 | coeffs 370365958,246899363,246899363,77313047,77313047,48465261,48465261,-251915360,-251915360,-424005403,-424005403,-258148057,-258148057,-353846699,-353846699,-328823873,-328823873,-160736784,-160736784,-73392534,-73392534,29671818,29671818,357231568,357231568,432563415,432563415,319567251,319567251,426926675,426926675,374683831,374683831,305288779,305288779,307417082,307417082,342772224,342772224,396210926,396210926,309455243,309455243,356005518,356005518,104342862,104342862,291348447,291348447,417776394,417776394,271323592,271323592,97165488,97165488,280844067,280844067,177730629,177730629,7792478,7792478,-347323763,-347323763,-370365958
f = 915721873,0,1 | route T | claimed 2830.1839530061996326 | coeffs 357231568,432563415,432563415,319567251,319567251,426926675,426926675,374683831,374683831,305288779,305288779,307417082,307417082,342772224,342772224,396210926,396210926,309455243,309455243,356005518,356005518,104342862,104342862,291348447,291348447,417776394,417776394,271323592,271323592,97165488,97165488,280844067,280844067,177730629,177730629,7792478,7792478,-347323763,-347323763,-370365958,-370365958,-246899363,-246899363,-77313047,-77313047,-48465261,-48465261,251915360,251915360,424005403,424005403,258148057,258148057,353846699,353846699,328823873,328823873,160736784,160736784,73392534,73392534,-29671818,-29671818,-357231568
# status f = 915721873,0,1 : PASS_RHO (rho 0.92003, T 2830.2, 1s)
f = 991197607,0,1 | route RHO | claimed 0.96583792576208445538 | coeffs -323570134,-412263000,-412263000,-105068441,-105068441,-72097625,-72097625,-81732764,-81732764,-216341115,-216341115,-364149301,-364149301,-465616550,-465616550,-264533129,-264533129,-364444938,-364444938,-410789848,-410789848,-429598760,-429598760,-488071557,-488071557,-799043570,-799043570,-643463520,-643463520,-587188351,-587188351,-799800590,-799800590,-726375156,-726375156,-769923949,-769923949,-805440967,-805440967,-463154803,-463154803,-552019489,-552019489,-609167370,-609167370,-572300004,-572300004,-696063264,-696063264,-519347697,-519347697,-618570882,-618570882,-328511825,-328511825,-283372148,-283372148,-233035795,-233035795,-163015522,-163015522,-64063759,-64063759,323570134
f = 991197607,0,1 | route T | claimed 2111.7649814016128165 | coeffs 1112492099,1238920046,1238920046,1073062700,1073062700,1037707558,1037707558,1060749753,1060749753,1136081600,1136081600,989628798,989628798,1085327440,1085327440,1031888738,1031888738,908422143,908422143,795425979,795425979,621267875,621267875,596245049,596245049,683000732,683000732,513414416,513414416,620773840,620773840,804452419,804452419,636365330,636365330,589815055,589815055,560967269,560967269,508724425,508724425,405610987,405610987,318266737,318266737,569929393,569929393,269548772,269548772,200153720,200153720,30215569,30215569,-72848783,-72848783,-259854368,-259854368,-431944411,-431944411,-429816108,-429816108,-784932349,-784932349,-1112492099
# status f = 991197607,0,1 : PASS_RHO (rho 0.96584, T 2111.8, 1s)
# summary n = 7 l = 1000798273 : EXCLUSION_CANDIDATE ; PASS 32 / 32 ; OPEN_NEAR 0 ; OPEN_FAR 0 ; 15s
