# FAMILY WITNESS FILE (generator family_gen.sage r10). n = 7 ; l = 1000497857 ; m = 64 ; deg = 2 ; ncomp = 32 ; bar_T = 4224 ; L_n = 16.3328709449664096755483535644
# line: f = c0,...,c_deg (monic, over F_l) | route RHO|T | claimed (rho or T, float) | coeffs a_0..a_{m-1}
f = 32224660,0,1 | route RHO | claimed 0.9394468388518602035 | coeffs 159889648,159889648,-278284349,-278284349,-72524572,-72524572,304926527,304926527,159762509,159762509,139669324,139669324,32343879,32343879,20930635,20930635,52908033,52908033,-56816802,-56816802,-111103345,-111103345,-44767664,-44767664,20255073,20255073,102430607,102430607,157015425,157015425,26496780,26496780,-118022426,-118022426,-139763741,-139763741,-225808861,-225808861,-566711958,-566711958,-447922057,-447922057,-390285542,-390285542,-546885369,-546885369,-369073084,-369073084,-505996508,-505996508,-557635219,-557635219,-558207828,-558207828,-577023813,-577023813,-374107511,-374107511,-415985555,-415985555,-289339724,-289339724,-332603202,-332603202
f = 32224660,0,1 | route T | claimed 2090.3316790927009999 | coeffs -289339724,-289339724,-332603202,-332603202,-159889648,-159889648,278284349,278284349,72524572,72524572,-304926527,-304926527,-159762509,-159762509,-139669324,-139669324,-32343879,-32343879,-20930635,-20930635,-52908033,-52908033,56816802,56816802,111103345,111103345,44767664,44767664,-20255073,-20255073,-102430607,-102430607,-157015425,-157015425,-26496780,-26496780,118022426,118022426,139763741,139763741,225808861,225808861,566711958,566711958,447922057,447922057,390285542,390285542,546885369,546885369,369073084,369073084,505996508,505996508,557635219,557635219,558207828,558207828,577023813,577023813,374107511,374107511,415985555,415985555
# status f = 32224660,0,1 : PASS_RHO (rho 0.93945, T 2090.3, 1s)
f = 39191199,0,1 | route RHO | claimed 0.94181356127846027091 | coeffs 173041189,-15054139,-15054139,90158642,90158642,122286581,122286581,48758977,48758977,157207331,157207331,270224668,270224668,-56818888,-56818888,149865783,149865783,32560878,32560878,145148293,145148293,359753544,359753544,536574190,536574190,388735250,388735250,239430464,239430464,424288938,424288938,207846409,207846409,284142343,284142343,113450579,113450579,135460582,135460582,405614871,405614871,408731400,408731400,74082764,74082764,80847325,80847325,240192374,240192374,238492367,238492367,-99803443,-99803443,103411759,103411759,113006079,113006079,284969269,284969269,221029196,221029196,40728942,40728942,-173041189
f = 39191199,0,1 | route T | claimed 2190.9086404024120338 | coeffs -517855516,-711680564,-711680564,-429334329,-429334329,-282634080,-282634080,-331001378,-331001378,-122090132,-122090132,-42225280,-42225280,-18176107,-18176107,49961073,49961073,352358743,352358743,466901360,466901360,276148044,276148044,526509655,526509655,350024520,350024520,353729087,353729087,319308495,319308495,48183097,48183097,-30791238,-30791238,199894276,199894276,278331464,278331464,13188265,13188265,162816637,162816637,242591885,242591885,196923374,196923374,409268681,409268681,549871366,549871366,483409907,483409907,318990507,318990507,286345053,286345053,115587964,115587964,596064113,596064113,587841276,587841276,517855516
# status f = 39191199,0,1 : PASS_RHO (rho 0.94181, T 2190.9, 1s)
f = 50637539,0,1 | route RHO | claimed 0.96147823760935691264 | coeffs -285674096,-82757794,-82757794,26967041,26967041,183566868,183566868,561017967,561017967,416498761,416498761,374620717,374620717,428907260,428907260,251094975,251094975,105930957,105930957,84189642,84189642,210835473,210835473,144499792,144499792,281423216,281423216,261330031,261330031,175284911,175284911,132021433,132021433,66998696,66998696,118637407,118637407,11311962,11311962,-329591135,-329591135,-156877581,-156877581,-239053115,-239053115,-238480506,-238480506,-249893750,-249893750,-131103849,-131103849,307070148,307070148,252485330,252485330,271301315,271301315,303278713,303278713,360915228,360915228,155155451,155155451,285674096
f = 50637539,0,1 | route T | claimed 2397.7714322222365998 | coeffs -362784987,-384544029,-384544029,-423824784,-423824784,-228561716,-228561716,-297302622,-297302622,-241323270,-241323270,-160968581,-160968581,-91062925,-91062925,12952811,12952811,-31197411,-31197411,134323346,134323346,234087212,234087212,148611595,148611595,117520168,117520168,453998181,453998181,566995891,566995891,500590010,500590010,507011864,507011864,217765395,217765395,450858510,450858510,509729384,509729384,378303315,378303315,776169480,776169480,939672993,939672993,693359923,693359923,745421815,745421815,965728121,965728121,503281322,503281322,685529055,685529055,589332158,589332158,466348203,466348203,422697093,422697093,362784987
# status f = 50637539,0,1 : PASS_RHO (rho 0.96148, T 2397.8, 1s)
f = 81406601,0,1 | route RHO | claimed 0.96634368247654636785 | coeffs -94985069,-94985069,207789862,207789862,240583998,240583998,351723549,351723549,466265536,466265536,504354386,504354386,677238662,677238662,657645277,657645277,762747412,762747412,270300178,270300178,412684151,412684151,416281139,416281139,302431847,302431847,440762874,440762874,316305562,316305562,297159480,297159480,208437584,208437584,335596844,335596844,-139952983,-139952983,96094662,96094662,80364630,80364630,-142257355,-142257355,7558949,7558949,56403913,56403913,19804711,19804711,139474278,139474278,4914822,4914822,-140443601,-140443601,-170639814,-170639814,81373776,81373776,197597801,197597801,106646879,106646879
f = 81406601,0,1 | route T | claimed 3015.4009528395340148 | coeffs 70269442,70269442,-293853427,-293853427,-303251969,-303251969,-297304897,-297304897,-567099493,-567099493,-726807184,-726807184,-629753363,-629753363,-436900143,-436900143,-140935631,-140935631,-19135119,-19135119,63000617,63000617,-152454047,-152454047,85414046,85414046,-86053046,-86053046,-249920235,-249920235,-137758413,-137758413,-147939154,-147939154,-256446835,-256446835,-173569780,-173569780,-270949350,-270949350,-258178341,-258178341,-152827491,-152827491,-133400272,-133400272,-229611529,-229611529,185546925,185546925,47384773,47384773,263960310,263960310,56760041,56760041,25074867,25074867,-308945229,-308945229,-133297500,-133297500,-94903708,-94903708
# status f = 81406601,0,1 : PASS_RHO (rho 0.96634, T 3015.4, 0s)
f = 88890237,0,1 | route RHO | claimed 0.9240880107965787614 | coeffs -773157878,-773157878,-1150608977,-1150608977,-1085586240,-1085586240,-1143222755,-1143222755,-1016576924,-1016576924,-1027990168,-1027990168,-883470962,-883470962,-935109673,-935109673,-729349896,-729349896,-795685577,-795685577,-676895676,-676895676,-635017632,-635017632,-527692187,-527692187,-658210832,-658210832,-521287408,-521287408,-83113411,-83113411,-137399954,-137399954,203503143,203503143,406419445,406419445,386326260,386326260,331741442,331741442,509553727,509553727,336840173,336840173,446565008,446565008,360519888,360519888,379335873,379335873,524499891,524499891,606675425,606675425,763275252,763275252,720011774,720011774,751989172,751989172,773730487,773730487
f = 88890237,0,1 | route T | claimed 2079.4131244632095088 | coeffs 406419445,386326260,386326260,331741442,331741442,509553727,509553727,336840173,336840173,446565008,446565008,360519888,360519888,379335873,379335873,524499891,524499891,606675425,606675425,763275252,763275252,720011774,720011774,751989172,751989172,773730487,773730487,773157878,773157878,1150608977,1150608977,1085586240,1085586240,1143222755,1143222755,1016576924,1016576924,1027990168,1027990168,883470962,883470962,935109673,935109673,729349896,729349896,795685577,795685577,676895676,676895676,635017632,635017632,527692187,527692187,658210832,658210832,521287408,521287408,83113411,83113411,137399954,137399954,-203503143,-203503143,-406419445
# status f = 88890237,0,1 : PASS_RHO (rho 0.92409, T 2079.4, 0s)
f = 105324924,0,1 | route RHO | claimed 0.93980381981107526454 | coeffs -97690817,-97690817,28955014,28955014,50696329,50696329,-94467689,-94467689,83344596,83344596,137631139,137631139,179509183,179509183,34989977,34989977,-342461122,-342461122,-185861295,-185861295,-295586130,-295586130,-92669828,-92669828,37848817,37848817,243608594,243608594,301245109,301245109,269267711,269267711,288083696,288083696,342668514,342668514,780842511,780842511,662052610,662052610,650639366,650639366,650066757,650066757,567891223,567891223,395177669,395177669,54274572,54274572,161600017,161600017,213238728,213238728,278261465,278261465,234997987,234997987,321043107,321043107,300949922,300949922,164026498,164026498
f = 105324924,0,1 | route T | claimed 2458.626984356823206 | coeffs -355855166,-355855166,-112027283,-112027283,-81207246,-81207246,150171679,150171679,270015201,270015201,507184782,507184782,284632185,284632185,289938558,289938558,251215829,251215829,275337634,275337634,302580652,302580652,227372473,227372473,203892926,203892926,357833328,357833328,522505618,522505618,665326278,665326278,652731802,652731802,735071890,735071890,370727097,370727097,359587621,359587621,398485372,398485372,647697119,647697119,640733922,640733922,937837107,937837107,735778406,735778406,799860615,799860615,432305459,432305459,433346114,433346114,419365969,419365969,549384590,549384590,369610530,369610530,289473792,289473792
# status f = 105324924,0,1 : PASS_RHO (rho 0.93980, T 2458.6, 0s)
f = 205271851,0,1 | route RHO | claimed 0.94790807498946441362 | coeffs 426465118,426465118,58909962,58909962,-23430126,-23430126,-62152855,-62152855,-142289593,-142289593,-135326396,-135326396,18614006,18614006,-101229516,-101229516,-102270171,-102270171,-466614964,-466614964,-490736769,-490736769,-557118143,-557118143,-260014958,-260014958,-424687248,-424687248,-187517667,-187517667,-201497812,-201497812,-190358336,-190358336,-163115318,-163115318,-406943201,-406943201,-204884500,-204884500,-62063840,-62063840,160488757,160488757,30470136,30470136,69367887,69367887,144576066,144576066,175396103,175396103,239478312,239478312,252072788,252072788,257379161,257379161,77605101,77605101,-171606646,-171606646,-195086193,-195086193
f = 205271851,0,1 | route T | claimed 3062.7416613889356459 | coeffs -156691281,-156691281,-88507559,-88507559,235497092,235497092,334994567,334994567,248229959,248229959,456923011,456923011,288779322,288779322,591684675,591684675,783384383,783384383,806917832,806917832,644484407,644484407,596588599,596588599,623592079,623592079,397176328,397176328,292034954,292034954,245215289,245215289,292682409,292682409,235917932,235917932,216841461,216841461,-129151646,-129151646,134385776,134385776,239193855,239193855,103264669,103264669,25656643,25656643,108861315,108861315,-30316601,-30316601,185816575,185816575,240470939,240470939,-24125868,-24125868,329371628,329371628,228200774,228200774,-28246603,-28246603
# status f = 205271851,0,1 : PASS_RHO (rho 0.94791, T 3062.7, 1s)
f = 234380433,0,1 | route RHO | claimed 0.97229657390345124998 | coeffs 163243609,293762254,293762254,325739652,325739652,763913649,763913649,764486258,764486258,423583161,423583161,358560424,358560424,338467239,338467239,465113070,465113070,287300785,287300785,142781579,142781579,252506414,252506414,458266191,458266191,439450206,439450206,320660305,320660305,402835839,402835839,510161284,510161284,553424762,553424762,416501338,416501338,438242653,438242653,383956110,383956110,6505011,6505011,-196411291,-196411291,-138774776,-138774776,-193359594,-193359594,-204772838,-204772838,-32059284,-32059284,19579427,19579427,-66465693,-66465693,-132801374,-132801374,-277965392,-277965392,-319843436,-319843436,-163243609
f = 234380433,0,1 | route T | claimed 2373.0094807893907544 | coeffs 132801374,277965392,277965392,319843436,319843436,163243609,163243609,293762254,293762254,325739652,325739652,763913649,763913649,764486258,764486258,423583161,423583161,358560424,358560424,338467239,338467239,465113070,465113070,287300785,287300785,142781579,142781579,252506414,252506414,458266191,458266191,439450206,439450206,320660305,320660305,402835839,402835839,510161284,510161284,553424762,553424762,416501338,416501338,438242653,438242653,383956110,383956110,6505011,6505011,-196411291,-196411291,-138774776,-138774776,-193359594,-193359594,-204772838,-204772838,-32059284,-32059284,19579427,19579427,-66465693,-66465693,-132801374
# status f = 234380433,0,1 : PASS_RHO (rho 0.97230, T 2373.0, 1s)
f = 258902043,0,1 | route RHO | claimed 0.94790807498946441362 | coeffs 62152855,62152855,23430126,23430126,-58909962,-58909962,-426465118,-426465118,-195086193,-195086193,-171606646,-171606646,77605101,77605101,257379161,257379161,252072788,252072788,239478312,239478312,175396103,175396103,144576066,144576066,69367887,69367887,30470136,30470136,160488757,160488757,-62063840,-62063840,-204884500,-204884500,-406943201,-406943201,-163115318,-163115318,-190358336,-190358336,-201497812,-201497812,-187517667,-187517667,-424687248,-424687248,-260014958,-260014958,-557118143,-557118143,-490736769,-490736769,-466614964,-466614964,-102270171,-102270171,-101229516,-101229516,18614006,18614006,-135326396,-135326396,-142289593,-142289593
f = 258902043,0,1 | route T | claimed 1621.7151830480269244 | coeffs -144576066,-144576066,-69367887,-69367887,-30470136,-30470136,-160488757,-160488757,62063840,62063840,204884500,204884500,406943201,406943201,163115318,163115318,190358336,190358336,201497812,201497812,187517667,187517667,424687248,424687248,260014958,260014958,557118143,557118143,490736769,490736769,466614964,466614964,102270171,102270171,101229516,101229516,-18614006,-18614006,135326396,135326396,142289593,142289593,62152855,62152855,23430126,23430126,-58909962,-58909962,-426465118,-426465118,-195086193,-195086193,-171606646,-171606646,77605101,77605101,257379161,257379161,252072788,252072788,239478312,239478312,175396103,175396103
# status f = 258902043,0,1 : PASS_RHO (rho 0.94791, T 1621.7, 0s)
f = 298397973,0,1 | route RHO | claimed 0.97229657390345124998 | coeffs 66465693,-19579427,-19579427,32059284,32059284,204772838,204772838,193359594,193359594,138774776,138774776,196411291,196411291,-6505011,-6505011,-383956110,-383956110,-438242653,-438242653,-416501338,-416501338,-553424762,-553424762,-510161284,-510161284,-402835839,-402835839,-320660305,-320660305,-439450206,-439450206,-458266191,-458266191,-252506414,-252506414,-142781579,-142781579,-287300785,-287300785,-465113070,-465113070,-338467239,-338467239,-358560424,-358560424,-423583161,-423583161,-764486258,-764486258,-763913649,-763913649,-325739652,-325739652,-293762254,-293762254,-163243609,-163243609,-319843436,-319843436,-277965392,-277965392,-132801374,-132801374,-66465693
f = 298397973,0,1 | route T | claimed 2945.8559201294144336 | coeffs -814915265,-796253805,-796253805,-387529800,-387529800,-227545285,-227545285,-152639363,-152639363,-317083267,-317083267,34980487,34980487,80228463,80228463,138754146,138754146,58601200,58601200,20276380,20276380,107630314,107630314,310894197,310894197,41068948,41068948,51171092,51171092,378169659,378169659,456112444,456112444,215678800,215678800,58427352,58427352,314068382,314068382,391318472,391318472,516172802,516172802,333562362,333562362,498514170,498514170,624025272,624025272,534954862,534954862,527522531,527522531,653734872,653734872,649666650,649666650,807425067,807425067,1066033065,1066033065,935747432,935747432,814915265
# status f = 298397973,0,1 : PASS_RHO (rho 0.97230, T 2945.9, 0s)
f = 332694572,0,1 | route RHO | claimed 0.94181356127846027091 | coeffs 145148293,32560878,32560878,149865783,149865783,-56818888,-56818888,270224668,270224668,157207331,157207331,48758977,48758977,122286581,122286581,90158642,90158642,-15054139,-15054139,173041189,173041189,-40728942,-40728942,-221029196,-221029196,-284969269,-284969269,-113006079,-113006079,-103411759,-103411759,99803443,99803443,-238492367,-238492367,-240192374,-240192374,-80847325,-80847325,-74082764,-74082764,-408731400,-408731400,-405614871,-405614871,-135460582,-135460582,-113450579,-113450579,-284142343,-284142343,-207846409,-207846409,-424288938,-424288938,-239430464,-239430464,-388735250,-388735250,-536574190,-536574190,-359753544,-359753544,-145148293
f = 332694572,0,1 | route T | claimed 2369.0327197047745478 | coeffs -99803443,238492367,238492367,240192374,240192374,80847325,80847325,74082764,74082764,408731400,408731400,405614871,405614871,135460582,135460582,113450579,113450579,284142343,284142343,207846409,207846409,424288938,424288938,239430464,239430464,388735250,388735250,536574190,536574190,359753544,359753544,145148293,145148293,32560878,32560878,149865783,149865783,-56818888,-56818888,270224668,270224668,157207331,157207331,48758977,48758977,122286581,122286581,90158642,90158642,-15054139,-15054139,173041189,173041189,-40728942,-40728942,-221029196,-221029196,-284969269,-284969269,-113006079,-113006079,-103411759,-103411759,99803443
# status f = 332694572,0,1 : PASS_RHO (rho 0.94181, T 2369.0, 1s)
f = 334810625,0,1 | route RHO | claimed 0.97969857820563595311 | coeffs -53101657,-54142312,-54142312,-77621859,-77621859,52396762,52396762,-112275528,-112275528,-32138790,-32138790,-44733266,-44733266,-288561149,-288561149,75783644,75783644,307162569,307162569,346060320,346060320,108890739,108890739,115853936,115853936,121160309,121160309,-80898392,-80898392,-105020197,-105020197,262534959,262534959,187326780,187326780,173346635,173346635,19406233,19406233,199180293,199180293,342000953,342000953,408382327,408382327,326042239,326042239,356862276,356862276,345722800,345722800,225879278,225879278,-23332469,-23332469,-245885066,-245885066,51218119,51218119,89940848,89940848,25858639,25858639,53101657
f = 334810625,0,1 | route T | claimed 2923.7588057711335007 | coeffs -53101657,-54142312,-54142312,-77621859,-77621859,52396762,52396762,-112275528,-112275528,-32138790,-32138790,-44733266,-44733266,-288561149,-288561149,75783644,75783644,307162569,307162569,346060320,346060320,108890739,108890739,115853936,115853936,121160309,121160309,-80898392,-80898392,-105020197,-105020197,262534959,262534959,187326780,187326780,173346635,173346635,19406233,19406233,199180293,199180293,342000953,342000953,408382327,408382327,326042239,326042239,356862276,356862276,345722800,345722800,225879278,225879278,-23332469,-23332469,-245885066,-245885066,51218119,51218119,89940848,89940848,25858639,25858639,53101657
# status f = 334810625,0,1 : PASS_RHO (rho 0.97970, T 2923.8, 0s)
f = 338117914,0,1 | route RHO | claimed 0.93748581757181130002 | coeffs 254297113,277776660,277776660,195436572,195436572,202399769,202399769,201359114,201359114,134977740,134977740,372147321,372147321,399390339,399390339,542210999,542210999,581108750,581108750,645190959,645190959,465416899,465416899,234037974,234037974,272760703,272760703,118820301,118820301,483165094,483165094,186061909,186061909,200042054,200042054,443869937,443869937,221317340,221317340,146109161,146109161,133514685,133514685,382726432,382726432,15171276,15171276,-64965462,-64965462,-184808984,-184808984,-208930789,-208930789,-373603079,-373603079,-362463603,-362463603,-160404902,-160404902,-290423523,-290423523,-259603486,-259603486,-254297113
f = 338117914,0,1 | route T | claimed 2620.1889983863904084 | coeffs 362463603,160404902,160404902,290423523,290423523,259603486,259603486,254297113,254297113,277776660,277776660,195436572,195436572,202399769,202399769,201359114,201359114,134977740,134977740,372147321,372147321,399390339,399390339,542210999,542210999,581108750,581108750,645190959,645190959,465416899,465416899,234037974,234037974,272760703,272760703,118820301,118820301,483165094,483165094,186061909,186061909,200042054,200042054,443869937,443869937,221317340,221317340,146109161,146109161,133514685,133514685,382726432,382726432,15171276,15171276,-64965462,-64965462,-184808984,-184808984,-208930789,-208930789,-373603079,-373603079,-362463603
# status f = 338117914,0,1 : PASS_RHO (rho 0.93749, T 2620.2, 1s)
f = 385433805,0,1 | route RHO | claimed 0.90990266383680510765 | coeffs 178751172,-198699927,-198699927,-371413481,-371413481,-413291525,-413291525,-412718916,-412718916,-234906631,-234906631,-353696532,-353696532,-375437847,-375437847,-430022665,-430022665,-363686984,-363686984,-395664382,-395664382,-415757567,-415757567,-621517344,-621517344,-578253866,-578253866,-375337564,-375337564,-323698853,-323698853,-480298680,-480298680,-139395583,-139395583,-283914789,-283914789,-366090323,-366090323,-420376866,-420376866,-408963622,-408963622,-554127640,-554127640,-115953643,-115953643,-242599474,-242599474,-261415459,-261415459,-124492035,-124492035,-66855520,-66855520,19189600,19189600,-111329045,-111329045,-176351782,-176351782,-286076617,-286076617,-178751172
f = 385433805,0,1 | route T | claimed 2041.6546580299349926 | coeffs 198699927,198699927,371413481,371413481,413291525,413291525,412718916,412718916,234906631,234906631,353696532,353696532,375437847,375437847,430022665,430022665,363686984,363686984,395664382,395664382,415757567,415757567,621517344,621517344,578253866,578253866,375337564,375337564,323698853,323698853,480298680,480298680,139395583,139395583,283914789,283914789,366090323,366090323,420376866,420376866,408963622,408963622,554127640,554127640,115953643,115953643,242599474,242599474,261415459,261415459,124492035,124492035,66855520,66855520,-19189600,-19189600,111329045,111329045,176351782,176351782,286076617,286076617,178751172,178751172
# status f = 385433805,0,1 : PASS_RHO (rho 0.90990, T 2041.7, 0s)
f = 430217141,0,1 | route RHO | claimed 0.96084604344767952504 | coeffs -46216046,-46216046,-26038775,-26038775,-118143738,-118143738,-65597563,-65597563,-370770014,-370770014,-293446380,-293446380,-367297994,-367297994,-189215715,-189215715,-246576035,-246576035,-489503480,-489503480,-335511964,-335511964,-428261739,-428261739,-345486335,-345486335,-437967835,-437967835,-193282851,-193282851,-29398174,-29398174,-296550368,-296550368,-298753261,-298753261,-540032576,-540032576,-620934760,-620934760,-416044916,-416044916,-435582796,-435582796,-7714765,-7714765,-45117223,-45117223,7064794,7064794,-281367725,-281367725,-131967739,-131967739,-319323401,-319323401,-288748981,-288748981,-235034096,-235034096,-326303872,-326303872,-245871349,-245871349
f = 430217141,0,1 | route T | claimed 2602.2254050096524673 | coeffs 367297994,367297994,189215715,189215715,246576035,246576035,489503480,489503480,335511964,335511964,428261739,428261739,345486335,345486335,437967835,437967835,193282851,193282851,29398174,29398174,296550368,296550368,298753261,298753261,540032576,540032576,620934760,620934760,416044916,416044916,435582796,435582796,7714765,7714765,45117223,45117223,-7064794,-7064794,281367725,281367725,131967739,131967739,319323401,319323401,288748981,288748981,235034096,235034096,326303872,326303872,245871349,245871349,-46216046,-46216046,-26038775,-26038775,-118143738,-118143738,-65597563,-65597563,-370770014,-370770014,-293446380,-293446380
# status f = 430217141,0,1 : PASS_RHO (rho 0.96085, T 2602.2, 0s)
f = 443151133,0,1 | route RHO | claimed 0.96634368247654636785 | coeffs -412684151,-270300178,-270300178,-762747412,-762747412,-657645277,-657645277,-677238662,-677238662,-504354386,-504354386,-466265536,-466265536,-351723549,-351723549,-240583998,-240583998,-207789862,-207789862,94985069,94985069,106646879,106646879,197597801,197597801,81373776,81373776,-170639814,-170639814,-140443601,-140443601,4914822,4914822,139474278,139474278,19804711,19804711,56403913,56403913,7558949,7558949,-142257355,-142257355,80364630,80364630,96094662,96094662,-139952983,-139952983,335596844,335596844,208437584,208437584,297159480,297159480,316305562,316305562,440762874,440762874,302431847,302431847,416281139,416281139,412684151
f = 443151133,0,1 | route T | claimed 3535.362190977120501 | coeffs 989757279,861561652,861561652,1083350590,1083350590,878080695,878080695,1105562877,1105562877,883372447,883372447,923698558,923698558,853075393,853075393,816474891,816474891,641128313,641128313,494840729,494840729,560088120,560088120,320133854,320133854,280377883,280377883,287093138,287093138,228772541,228772541,308551955,308551955,143600664,143600664,115622761,115622761,-246100757,-246100757,-85620292,-85620292,-416752281,-416752281,-429223904,-429223904,-200694800,-200694800,-374966664,-374966664,-799935997,-799935997,-817313422,-817313422,-650372578,-650372578,-775547154,-775547154,-668388840,-668388840,-938450133,-938450133,-839733064,-839733064,-989757279
# status f = 443151133,0,1 : PASS_RHO (rho 0.96634, T 3535.4, 1s)
f = 557346724,0,1 | route RHO | claimed 0.94109160888245120271 | coeffs 113501962,118808335,118808335,-45863955,-45863955,203347792,203347792,217327937,217327937,-14050988,-14050988,13192030,13192030,-69148058,-69148058,-271206759,-271206759,-191070021,-191070021,31482576,31482576,185422978,185422978,146525227,146525227,147565882,147565882,178385919,178385919,154264114,154264114,141669638,141669638,-155433547,-155433547,-335207607,-335207607,-98038026,-98038026,-74558479,-74558479,-85697955,-85697955,281857201,281857201,38029318,38029318,-693411,-693411,-143514071,-143514071,-150477268,-150477268,-280495889,-280495889,-400339411,-400339411,-475547590,-475547590,-111202797,-111202797,-47120588,-47120588,-113501962
f = 557346724,0,1 | route T | claimed 2322.2028902908533074 | coeffs 113501962,118808335,118808335,-45863955,-45863955,203347792,203347792,217327937,217327937,-14050988,-14050988,13192030,13192030,-69148058,-69148058,-271206759,-271206759,-191070021,-191070021,31482576,31482576,185422978,185422978,146525227,146525227,147565882,147565882,178385919,178385919,154264114,154264114,141669638,141669638,-155433547,-155433547,-335207607,-335207607,-98038026,-98038026,-74558479,-74558479,-85697955,-85697955,281857201,281857201,38029318,38029318,-693411,-693411,-143514071,-143514071,-150477268,-150477268,-280495889,-280495889,-400339411,-400339411,-475547590,-475547590,-111202797,-111202797,-47120588,-47120588,-113501962
# status f = 557346724,0,1 : PASS_RHO (rho 0.94109, T 2322.2, 1s)
f = 570280716,0,1 | route RHO | claimed 0.9240880107965787614 | coeffs -83113411,-83113411,-521287408,-521287408,-658210832,-658210832,-527692187,-527692187,-635017632,-635017632,-676895676,-676895676,-795685577,-795685577,-729349896,-729349896,-935109673,-935109673,-883470962,-883470962,-1027990168,-1027990168,-1016576924,-1016576924,-1143222755,-1143222755,-1085586240,-1085586240,-1150608977,-1150608977,-773157878,-773157878,-773730487,-773730487,-751989172,-751989172,-720011774,-720011774,-763275252,-763275252,-606675425,-606675425,-524499891,-524499891,-379335873,-379335873,-360519888,-360519888,-446565008,-446565008,-336840173,-336840173,-509553727,-509553727,-331741442,-331741442,-386326260,-386326260,-406419445,-406419445,-203503143,-203503143,137399954,137399954
f = 570280716,0,1 | route T | claimed 3095.9976606710438282 | coeffs -203503143,-203503143,137399954,137399954,83113411,83113411,521287408,521287408,658210832,658210832,527692187,527692187,635017632,635017632,676895676,676895676,795685577,795685577,729349896,729349896,935109673,935109673,883470962,883470962,1027990168,1027990168,1016576924,1016576924,1143222755,1143222755,1085586240,1085586240,1150608977,1150608977,773157878,773157878,773730487,773730487,751989172,751989172,720011774,720011774,763275252,763275252,606675425,606675425,524499891,524499891,379335873,379335873,360519888,360519888,446565008,446565008,336840173,336840173,509553727,509553727,331741442,331741442,386326260,386326260,406419445,406419445
# status f = 570280716,0,1 : PASS_RHO (rho 0.92409, T 3096.0, 0s)
f = 615064052,0,1 | route RHO | claimed 0.97969857820563595311 | coeffs -77621859,-54142312,-54142312,-53101657,-53101657,-25858639,-25858639,-89940848,-89940848,-51218119,-51218119,245885066,245885066,23332469,23332469,-225879278,-225879278,-345722800,-345722800,-356862276,-356862276,-326042239,-326042239,-408382327,-408382327,-342000953,-342000953,-199180293,-199180293,-19406233,-19406233,-173346635,-173346635,-187326780,-187326780,-262534959,-262534959,105020197,105020197,80898392,80898392,-121160309,-121160309,-115853936,-115853936,-108890739,-108890739,-346060320,-346060320,-307162569,-307162569,-75783644,-75783644,288561149,288561149,44733266,44733266,32138790,32138790,112275528,112275528,-52396762,-52396762,77621859
f = 615064052,0,1 | route T | claimed 2993.4268533661070677 | coeffs 342000953,199180293,199180293,19406233,19406233,173346635,173346635,187326780,187326780,262534959,262534959,-105020197,-105020197,-80898392,-80898392,121160309,121160309,115853936,115853936,108890739,108890739,346060320,346060320,307162569,307162569,75783644,75783644,-288561149,-288561149,-44733266,-44733266,-32138790,-32138790,-112275528,-112275528,52396762,52396762,-77621859,-77621859,-54142312,-54142312,-53101657,-53101657,-25858639,-25858639,-89940848,-89940848,-51218119,-51218119,245885066,245885066,23332469,23332469,-225879278,-225879278,-345722800,-345722800,-356862276,-356862276,-326042239,-326042239,-408382327,-408382327,-342000953
# status f = 615064052,0,1 : PASS_RHO (rho 0.97970, T 2993.4, 1s)
f = 662379943,0,1 | route RHO | claimed 0.9394468388518602035 | coeffs -32343879,-32343879,-139669324,-139669324,-159762509,-159762509,-304926527,-304926527,72524572,72524572,278284349,278284349,-159889648,-159889648,-332603202,-332603202,-289339724,-289339724,-415985555,-415985555,-374107511,-374107511,-577023813,-577023813,-558207828,-558207828,-557635219,-557635219,-505996508,-505996508,-369073084,-369073084,-546885369,-546885369,-390285542,-390285542,-447922057,-447922057,-566711958,-566711958,-225808861,-225808861,-139763741,-139763741,-118022426,-118022426,26496780,26496780,157015425,157015425,102430607,102430607,20255073,20255073,-44767664,-44767664,-111103345,-111103345,-56816802,-56816802,52908033,52908033,20930635,20930635
f = 662379943,0,1 | route T | claimed 2354.2963964535545753 | coeffs -208245724,372114884,372114884,352143373,352143373,254800098,254800098,267394497,267394497,-3588507,-3588507,-124827297,-124827297,-437490192,-437490192,-591542286,-591542286,-509953988,-509953988,-380958789,-380958789,-335012523,-335012523,-373484921,-373484921,-344566792,-344566792,-508945991,-508945991,-578139447,-578139447,-521368969,-521368969,-541929806,-541929806,-259117638,-259117638,-241848231,-241848231,-90812883,-90812883,67479774,67479774,283810527,283810527,247026159,247026159,151111721,151111721,289062697,289062697,74493364,74493364,195581713,195581713,5704646,5704646,197976963,197976963,297511482,297511482,329293532,329293532,208245724
# status f = 662379943,0,1 : PASS_RHO (rho 0.93945, T 2354.3, 1s)
f = 665687232,0,1 | route RHO | claimed 0.90990266383680510765 | coeffs -366090323,-366090323,-283914789,-283914789,-139395583,-139395583,-480298680,-480298680,-323698853,-323698853,-375337564,-375337564,-578253866,-578253866,-621517344,-621517344,-415757567,-415757567,-395664382,-395664382,-363686984,-363686984,-430022665,-430022665,-375437847,-375437847,-353696532,-353696532,-234906631,-234906631,-412718916,-412718916,-413291525,-413291525,-371413481,-371413481,-198699927,-198699927,178751172,178751172,286076617,286076617,176351782,176351782,111329045,111329045,-19189600,-19189600,66855520,66855520,124492035,124492035,261415459,261415459,242599474,242599474,115953643,115953643,554127640,554127640,408963622,408963622,420376866,420376866
f = 665687232,0,1 | route T | claimed 2315.4322926887905026 | coeffs -175739160,-175739160,158419101,158419101,176758596,176758596,268526529,268526529,345666055,345666055,332231427,332231427,420805336,420805336,722427678,722427678,559405997,559405997,551132602,551132602,867046614,867046614,1033294047,1033294047,858625697,858625697,1020780245,1020780245,1088566713,1088566713,934596088,934596088,924161492,924161492,656107107,656107107,607222862,607222862,387168982,387168982,331762239,331762239,348755069,348755069,371304583,371304583,283099953,283099953,197533550,197533550,240852504,240852504,349526351,349526351,143566983,143566983,-38675034,-38675034,-181787166,-181787166,143736209,143736209,-2968563,-2968563
# status f = 665687232,0,1 : PASS_RHO (rho 0.90990, T 2315.4, 0s)
f = 667803285,0,1 | route RHO | claimed 0.93719198032360051064 | coeffs -356013257,-465738092,-465738092,-466310701,-466310701,-532646382,-532646382,-735562684,-735562684,-653387150,-653387150,-526741319,-526741319,-396222674,-396222674,-568936228,-568936228,-590677543,-590677543,-796437320,-796437320,-455534223,-455534223,-600698241,-600698241,-543061726,-543061726,-435736281,-435736281,-613548566,-613548566,-581571168,-581571168,-633209879,-633209879,-578923336,-578923336,-560107351,-560107351,-495084614,-495084614,-536962658,-536962658,-591547476,-591547476,-548283998,-548283998,-692803204,-692803204,-254629207,-254629207,-168584087,-168584087,208867012,208867012,327656913,327656913,347750098,347750098,504349925,504349925,492936681,492936681,356013257
f = 667803285,0,1 | route T | claimed 2215.2517214600027337 | coeffs -692803204,-254629207,-254629207,-168584087,-168584087,208867012,208867012,327656913,327656913,347750098,347750098,504349925,504349925,492936681,492936681,356013257,356013257,465738092,465738092,466310701,466310701,532646382,532646382,735562684,735562684,653387150,653387150,526741319,526741319,396222674,396222674,568936228,568936228,590677543,590677543,796437320,796437320,455534223,455534223,600698241,600698241,543061726,543061726,435736281,435736281,613548566,613548566,581571168,581571168,633209879,633209879,578923336,578923336,560107351,560107351,495084614,495084614,536962658,536962658,591547476,591547476,548283998,548283998,692803204
# status f = 667803285,0,1 : PASS_RHO (rho 0.93719, T 2215.3, 0s)
f = 702099884,0,1 | route RHO | claimed 0.91567393927187644733 | coeffs -166522342,-166522342,-142400537,-142400537,-364953134,-364953134,-133574209,-133574209,-199955583,-199955583,-329974204,-329974204,37580952,37580952,-259522233,-259522233,-298419984,-298419984,-380760072,-380760072,-545432362,-545432362,-470224183,-470224183,-431501454,-431501454,-668671035,-668671035,-699491072,-699491072,-779627810,-779627810,-793607955,-793607955,-729525746,-729525746,-736488943,-736488943,-747628419,-747628419,-760222895,-760222895,-606282493,-606282493,-579039475,-579039475,-573733102,-573733102,-453889580,-453889580,-210061697,-210061697,-30287637,-30287637,-31328292,-31328292,170730409,170730409,-78481338,-78481338,285863455,285863455,143042795,143042795
f = 702099884,0,1 | route T | claimed 2660.1370316925124691 | coeffs -793607955,-729525746,-729525746,-736488943,-736488943,-747628419,-747628419,-760222895,-760222895,-606282493,-606282493,-579039475,-579039475,-573733102,-573733102,-453889580,-453889580,-210061697,-210061697,-30287637,-30287637,-31328292,-31328292,170730409,170730409,-78481338,-78481338,285863455,285863455,143042795,143042795,166522342,166522342,142400537,142400537,364953134,364953134,133574209,133574209,199955583,199955583,329974204,329974204,-37580952,-37580952,259522233,259522233,298419984,298419984,380760072,380760072,545432362,545432362,470224183,470224183,431501454,431501454,668671035,668671035,699491072,699491072,779627810,779627810,793607955
# status f = 702099884,0,1 : PASS_RHO (rho 0.91567, T 2660.1, 0s)
f = 741595814,0,1 | route RHO | claimed 0.95235640528078945544 | coeffs 300516078,319332063,319332063,426657508,426657508,404916193,404916193,201999891,201999891,213413135,213413135,127368015,127368015,169246059,169246059,137268661,137268661,-203634436,-203634436,-330280267,-330280267,-220555432,-220555432,-101765531,-101765531,-58502053,-58502053,-4215510,-4215510,53421005,53421005,-119292549,-119292549,-185628230,-185628230,-342228057,-342228057,-780402054,-780402054,-845424791,-845424791,-667612506,-667612506,-461852729,-461852729,-544028263,-544028263,-680951687,-680951687,-303500588,-303500588,-358085406,-358085406,-409724117,-409724117,-554888135,-554888135,-424369490,-424369490,-424942099,-424942099,-445035284,-445035284,-300516078
f = 741595814,0,1 | route T | claimed 3768.1978804713897592 | coeffs -209779373,-209779373,-246846619,-246846619,-204416833,-204416833,-492690046,-492690046,-801502299,-801502299,-904956019,-904956019,-1204086106,-1204086106,-1157488919,-1157488919,-1008316449,-1008316449,-1221219383,-1221219383,-1559610393,-1559610393,-1535382415,-1535382415,-1416310016,-1416310016,-1341474460,-1341474460,-1331641877,-1331641877,-1169943980,-1169943980,-1209828703,-1209828703,-1094623567,-1094623567,-1231954459,-1231954459,-944241428,-944241428,-1011765333,-1011765333,-736685468,-736685468,-756053488,-756053488,-721864041,-721864041,-938636267,-938636267,-778173035,-778173035,-672828861,-672828861,-482695868,-482695868,-240993035,-240993035,-97056995,-97056995,-112538910,-112538910,-58681635,-58681635
# status f = 741595814,0,1 : PASS_RHO (rho 0.95236, T 3768.2, 0s)
f = 766117424,0,1 | route RHO | claimed 0.91567393927187644733 | coeffs 285863455,285863455,-78481338,-78481338,170730409,170730409,-31328292,-31328292,-30287637,-30287637,-210061697,-210061697,-453889580,-453889580,-573733102,-573733102,-579039475,-579039475,-606282493,-606282493,-760222895,-760222895,-747628419,-747628419,-736488943,-736488943,-729525746,-729525746,-793607955,-793607955,-779627810,-779627810,-699491072,-699491072,-668671035,-668671035,-431501454,-431501454,-470224183,-470224183,-545432362,-545432362,-380760072,-380760072,-298419984,-298419984,-259522233,-259522233,37580952,37580952,-329974204,-329974204,-199955583,-199955583,-133574209,-133574209,-364953134,-364953134,-142400537,-142400537,-166522342,-166522342,-143042795,-143042795
f = 766117424,0,1 | route T | claimed 2212.698689461590629 | coeffs -170730409,-170730409,31328292,31328292,30287637,30287637,210061697,210061697,453889580,453889580,573733102,573733102,579039475,579039475,606282493,606282493,760222895,760222895,747628419,747628419,736488943,736488943,729525746,729525746,793607955,793607955,779627810,779627810,699491072,699491072,668671035,668671035,431501454,431501454,470224183,470224183,545432362,545432362,380760072,380760072,298419984,298419984,259522233,259522233,-37580952,-37580952,329974204,329974204,199955583,199955583,133574209,133574209,364953134,364953134,142400537,142400537,166522342,166522342,143042795,143042795,285863455,285863455,-78481338,-78481338
# status f = 766117424,0,1 : PASS_RHO (rho 0.91567, T 2212.7, 0s)
f = 795226006,0,1 | route RHO | claimed 0.95235640528078945544 | coeffs -342228057,-342228057,-185628230,-185628230,-119292549,-119292549,53421005,53421005,-4215510,-4215510,-58502053,-58502053,-101765531,-101765531,-220555432,-220555432,-330280267,-330280267,-203634436,-203634436,137268661,137268661,169246059,169246059,127368015,127368015,213413135,213413135,201999891,201999891,404916193,404916193,426657508,426657508,319332063,319332063,300516078,300516078,445035284,445035284,424942099,424942099,424369490,424369490,554888135,554888135,409724117,409724117,358085406,358085406,303500588,303500588,680951687,680951687,544028263,544028263,461852729,461852729,667612506,667612506,845424791,845424791,780402054,780402054
f = 795226006,0,1 | route T | claimed 3145.6062532443441629 | coeffs -211745179,0,128000163,0,181149868,0,4719143,0,-213084967,0,-114866964,0,-105895951,0,-266531898,0,-64895659,0,-55883231,0,-123941802,0,-73950460,0,14909306,0,-13417395,0,-386866851,0,-241771704,0,-159928992,0,216987867,0,79848802,0,-116364981,0,225127797,0,-97267580,0,2501168,0,274610829,0,-19268935,0,-181540817,0,-132828831,0,-104061382,0,44453960,0,-31572078,0,-282498,0,85496857,0
# status f = 795226006,0,1 : PASS_RHO (rho 0.95236, T 3145.6, 0s)
f = 895172933,0,1 | route RHO | claimed 0.96147823760935691264 | coeffs 285674096,285674096,155155451,155155451,360915228,360915228,303278713,303278713,271301315,271301315,252485330,252485330,307070148,307070148,-131103849,-131103849,-249893750,-249893750,-238480506,-238480506,-239053115,-239053115,-156877581,-156877581,-329591135,-329591135,11311962,11311962,118637407,118637407,66998696,66998696,132021433,132021433,175284911,175284911,261330031,261330031,281423216,281423216,144499792,144499792,210835473,210835473,84189642,84189642,105930957,105930957,251094975,251094975,428907260,428907260,374620717,374620717,416498761,416498761,561017967,561017967,183566868,183566868,26967041,26967041,-82757794,-82757794
f = 895172933,0,1 | route T | claimed 2791.0822742986473362 | coeffs 24790238,13650762,13650762,-25246989,-25246989,223964758,223964758,230927955,230927955,528031140,528031140,730089841,730089841,794172050,794172050,1161727206,1161727206,1162767861,1162767861,1176748006,1176748006,1306766627,1306766627,1486540687,1486540687,1406403949,1406403949,1340022575,1340022575,1096194692,1096194692,1127014729,1127014729,895635804,895635804,1015479326,1015479326,778309745,778309745,555757148,555757148,550450775,550450775,511728046,511728046,487606241,487606241,514849259,514849259,590057438,590057438,566577891,566577891,412637489,412637489,577309779,577309779,434489119,434489119,421894643,421894643,339554555,339554555,-24790238
# status f = 895172933,0,1 : PASS_RHO (rho 0.96148, T 2791.1, 1s)
f = 911607620,0,1 | route RHO | claimed 0.96084604344767952504 | coeffs 7064794,7064794,-45117223,-45117223,-7714765,-7714765,-435582796,-435582796,-416044916,-416044916,-620934760,-620934760,-540032576,-540032576,-298753261,-298753261,-296550368,-296550368,-29398174,-29398174,-193282851,-193282851,-437967835,-437967835,-345486335,-345486335,-428261739,-428261739,-335511964,-335511964,-489503480,-489503480,-246576035,-246576035,-189215715,-189215715,-367297994,-367297994,-293446380,-293446380,-370770014,-370770014,-65597563,-65597563,-118143738,-118143738,-26038775,-26038775,-46216046,-46216046,245871349,245871349,326303872,326303872,235034096,235034096,288748981,288748981,319323401,319323401,131967739,131967739,281367725,281367725
f = 911607620,0,1 | route T | claimed 2232.4069765923111365 | coeffs 77167755,142190492,142190492,199827007,199827007,326472838,326472838,337886082,337886082,482405288,482405288,534043999,534043999,739803776,739803776,806139457,806139457,924929358,924929358,883051314,883051314,990376759,990376759,1120895404,1120895404,1257818828,1257818828,819644831,819644831,765358288,765358288,424455191,424455191,627371493,627371493,647464678,647464678,592879860,592879860,415067575,415067575,242354021,242354021,132629186,132629186,46584066,46584066,27768081,27768081,172932099,172932099,90756565,90756565,247356392,247356392,290619870,290619870,322597268,322597268,300855953,300855953,300283344,300283344,-77167755
# status f = 911607620,0,1 : PASS_RHO (rho 0.96085, T 2232.4, 1s)
f = 919091256,0,1 | route RHO | claimed 0.94109160888245120271 | coeffs 217327937,217327937,203347792,203347792,-45863955,-45863955,118808335,118808335,113501962,113501962,47120588,47120588,111202797,111202797,475547590,475547590,400339411,400339411,280495889,280495889,150477268,150477268,143514071,143514071,693411,693411,-38029318,-38029318,-281857201,-281857201,85697955,85697955,74558479,74558479,98038026,98038026,335207607,335207607,155433547,155433547,-141669638,-141669638,-154264114,-154264114,-178385919,-178385919,-147565882,-147565882,-146525227,-146525227,-185422978,-185422978,-31482576,-31482576,191070021,191070021,271206759,271206759,69148058,69148058,-13192030,-13192030,14050988,14050988
f = 919091256,0,1 | route T | claimed 2002.4538869586713546 | coeffs 217327937,217327937,203347792,203347792,-45863955,-45863955,118808335,118808335,113501962,113501962,47120588,47120588,111202797,111202797,475547590,475547590,400339411,400339411,280495889,280495889,150477268,150477268,143514071,143514071,693411,693411,-38029318,-38029318,-281857201,-281857201,85697955,85697955,74558479,74558479,98038026,98038026,335207607,335207607,155433547,155433547,-141669638,-141669638,-154264114,-154264114,-178385919,-178385919,-147565882,-147565882,-146525227,-146525227,-185422978,-185422978,-31482576,-31482576,191070021,191070021,271206759,271206759,69148058,69148058,-13192030,-13192030,14050988,14050988
# status f = 919091256,0,1 : PASS_RHO (rho 0.94109, T 2002.5, 0s)
f = 949860318,0,1 | route RHO | claimed 0.93980381981107526454 | coeffs -179509183,-137631139,-137631139,-83344596,-83344596,94467689,94467689,-50696329,-50696329,-28955014,-28955014,97690817,97690817,164026498,164026498,300949922,300949922,321043107,321043107,234997987,234997987,278261465,278261465,213238728,213238728,161600017,161600017,54274572,54274572,395177669,395177669,567891223,567891223,650066757,650066757,650639366,650639366,662052610,662052610,780842511,780842511,342668514,342668514,288083696,288083696,269267711,269267711,301245109,301245109,243608594,243608594,37848817,37848817,-92669828,-92669828,-295586130,-295586130,-185861295,-185861295,-342461122,-342461122,34989977,34989977,179509183
f = 949860318,0,1 | route T | claimed 2359.2370230447718813 | coeffs -125998779,143465540,143465540,26199186,26199186,-157821586,-157821586,17900789,17900789,-48864959,-48864959,48323707,48323707,-89952862,-89952862,-134991860,-134991860,-617351941,-617351941,-554443203,-554443203,-514877338,-514877338,-566015912,-566015912,-352187038,-352187038,-343321943,-343321943,-174906616,-174906616,66554021,66554021,-63739591,-63739591,-56046055,-56046055,72808407,72808407,2660400,2660400,5506819,5506819,323509713,323509713,422045805,422045805,362245491,362245491,715861674,715861674,372761430,372761430,387013461,387013461,263349196,263349196,250524120,250524120,234842648,234842648,205175180,205175180,125998779
# status f = 949860318,0,1 : PASS_RHO (rho 0.93980, T 2359.2, 0s)
f = 961306658,0,1 | route RHO | claimed 0.93719198032360051064 | coeffs -548283998,-548283998,-591547476,-591547476,-536962658,-536962658,-495084614,-495084614,-560107351,-560107351,-578923336,-578923336,-633209879,-633209879,-581571168,-581571168,-613548566,-613548566,-435736281,-435736281,-543061726,-543061726,-600698241,-600698241,-455534223,-455534223,-796437320,-796437320,-590677543,-590677543,-568936228,-568936228,-396222674,-396222674,-526741319,-526741319,-653387150,-653387150,-735562684,-735562684,-532646382,-532646382,-466310701,-466310701,-465738092,-465738092,-356013257,-356013257,-492936681,-492936681,-504349925,-504349925,-347750098,-347750098,-327656913,-327656913,-208867012,-208867012,168584087,168584087,254629207,254629207,692803204,692803204
f = 961306658,0,1 | route T | claimed 2075.9542067265751817 | coeffs -492936681,-492936681,-504349925,-504349925,-347750098,-347750098,-327656913,-327656913,-208867012,-208867012,168584087,168584087,254629207,254629207,692803204,692803204,548283998,548283998,591547476,591547476,536962658,536962658,495084614,495084614,560107351,560107351,578923336,578923336,633209879,633209879,581571168,581571168,613548566,613548566,435736281,435736281,543061726,543061726,600698241,600698241,455534223,455534223,796437320,796437320,590677543,590677543,568936228,568936228,396222674,396222674,526741319,526741319,653387150,653387150,735562684,735562684,532646382,532646382,466310701,466310701,465738092,465738092,356013257,356013257
# status f = 961306658,0,1 : PASS_RHO (rho 0.93719, T 2076.0, 0s)
f = 968273197,0,1 | route RHO | claimed 0.93748581757181130002 | coeffs 64965462,-15171276,-15171276,-382726432,-382726432,-133514685,-133514685,-146109161,-146109161,-221317340,-221317340,-443869937,-443869937,-200042054,-200042054,-186061909,-186061909,-483165094,-483165094,-118820301,-118820301,-272760703,-272760703,-234037974,-234037974,-465416899,-465416899,-645190959,-645190959,-581108750,-581108750,-542210999,-542210999,-399390339,-399390339,-372147321,-372147321,-134977740,-134977740,-201359114,-201359114,-202399769,-202399769,-195436572,-195436572,-277776660,-277776660,-254297113,-254297113,-259603486,-259603486,-290423523,-290423523,-160404902,-160404902,-362463603,-362463603,-373603079,-373603079,-208930789,-208930789,-184808984,-184808984,-64965462
f = 968273197,0,1 | route T | claimed 2217.8921563670426705 | coeffs 200042054,186061909,186061909,483165094,483165094,118820301,118820301,272760703,272760703,234037974,234037974,465416899,465416899,645190959,645190959,581108750,581108750,542210999,542210999,399390339,399390339,372147321,372147321,134977740,134977740,201359114,201359114,202399769,202399769,195436572,195436572,277776660,277776660,254297113,254297113,259603486,259603486,290423523,290423523,160404902,160404902,362463603,362463603,373603079,373603079,208930789,208930789,184808984,184808984,64965462,64965462,-15171276,-15171276,-382726432,-382726432,-133514685,-133514685,-146109161,-146109161,-221317340,-221317340,-443869937,-443869937,-200042054
# status f = 968273197,0,1 : PASS_RHO (rho 0.93749, T 2217.9, 1s)
# summary n = 7 l = 1000497857 : EXCLUSION_CANDIDATE ; PASS 32 / 32 ; OPEN_NEAR 0 ; OPEN_FAR 0 ; 16s
