# FAMILY WITNESS FILE (generator family_gen.sage r10). n = 7 ; l = 1000942273 ; m = 64 ; deg = 2 ; ncomp = 32 ; bar_T = 4224 ; L_n = 16.3328709449664096755483535644
# line: f = c0,...,c_deg (monic, over F_l) | route RHO|T | claimed (rho or T, float) | coeffs a_0..a_{m-1}
f = 5764578,0,1 | route RHO | claimed 0.9108697194387025864 | coeffs 1011181143,795094580,795094580,859116377,859116377,520937892,520937892,539443976,539443976,489847429,489847429,430968797,430968797,344965163,344965163,332057026,332057026,263704075,263704075,206406582,206406582,337703889,337703889,-114915428,-114915428,56025636,56025636,-76992604,-76992604,-145259584,-145259584,-328482402,-328482402,-268616605,-268616605,-147766691,-147766691,-356610678,-356610678,-443050635,-443050635,-367678577,-367678577,-498333605,-498333605,-391412620,-391412620,-566146544,-566146544,-784466876,-784466876,-774068431,-774068431,-633573600,-633573600,-623856394,-623856394,-796756524,-796756524,-635111149,-635111149,-799207404,-799207404,-1011181143
f = 5764578,0,1 | route T | claimed 1659.2043852476579571 | coeffs 114915428,-56025636,-56025636,76992604,76992604,145259584,145259584,328482402,328482402,268616605,268616605,147766691,147766691,356610678,356610678,443050635,443050635,367678577,367678577,498333605,498333605,391412620,391412620,566146544,566146544,784466876,784466876,774068431,774068431,633573600,633573600,623856394,623856394,796756524,796756524,635111149,635111149,799207404,799207404,1011181143,1011181143,795094580,795094580,859116377,859116377,520937892,520937892,539443976,539443976,489847429,489847429,430968797,430968797,344965163,344965163,332057026,332057026,263704075,263704075,206406582,206406582,337703889,337703889,-114915428
# status f = 5764578,0,1 : PASS_RHO (rho 0.91087, T 1659.2, 1s)
f = 26296482,0,1 | route RHO | claimed 0.94894100983581946165 | coeffs -123993359,-123993359,-105487275,-105487275,-19483641,-19483641,-76781134,-76781134,-247722198,-247722198,-430945016,-430945016,-222101029,-222101029,-352756057,-352756057,-134435725,-134435725,-124718519,-124718519,39377736,39377736,-24644061,-24644061,-74240608,-74240608,-61332471,-61332471,69964836,69964836,202983076,202983076,262848873,262848873,349288830,349288830,456209815,456209815,445811370,445811370,272911240,272911240,484884979,484884979,823063464,823063464,764184832,764184832,832537783,832537783,379918466,379918466,448185446,448185446,569035360,569035360,493663302,493663302,318929378,318929378,178434547,178434547,340079922,340079922
f = 26296482,0,1 | route T | claimed 2116.6491915544933398 | coeffs -74240608,-74240608,-61332471,-61332471,69964836,69964836,202983076,202983076,262848873,262848873,349288830,349288830,456209815,456209815,445811370,445811370,272911240,272911240,484884979,484884979,823063464,823063464,764184832,764184832,832537783,832537783,379918466,379918466,448185446,448185446,569035360,569035360,493663302,493663302,318929378,318929378,178434547,178434547,340079922,340079922,123993359,123993359,105487275,105487275,19483641,19483641,76781134,76781134,247722198,247722198,430945016,430945016,222101029,222101029,352756057,352756057,134435725,134435725,124718519,124718519,-39377736,-39377736,24644061,24644061
# status f = 26296482,0,1 : PASS_RHO (rho 0.94894, T 2116.6, 0s)
f = 67554904,0,1 | route RHO | claimed 0.96943616537745679859 | coeffs 209774041,356421845,356421845,181958668,181958668,182320895,182320895,144182814,144182814,198127879,198127879,153198019,153198019,380384309,380384309,249634463,249634463,-120971328,-120971328,-282580383,-282580383,-307994364,-307994364,-359513249,-359513249,-426109512,-426109512,-755225058,-755225058,-507953185,-507953185,-521150725,-521150725,-511313310,-511313310,-668931842,-668931842,-427459622,-427459622,-313052302,-313052302,-361855269,-361855269,-194412064,-194412064,-119432264,-119432264,-288084025,-288084025,-558079335,-558079335,-666073414,-666073414,-499798240,-499798240,-379584512,-379584512,-358610791,-358610791,-567194315,-567194315,-429016461,-429016461,-209774041
f = 67554904,0,1 | route T | claimed 2255.5461050390265717 | coeffs -37488159,-37488159,-10535030,-10535030,-119726675,-119726675,-102208640,-102208640,-151581353,-151581353,-302792185,-302792185,-144134243,-144134243,-239322235,-239322235,48273434,48273434,-98340337,-98340337,-271626810,-271626810,-326533329,-326533329,-569902842,-569902842,-496878221,-496878221,-527570574,-527570574,-96836846,-96836846,-420395432,-420395432,-537075962,-537075962,-610863387,-610863387,-473141490,-473141490,-527402449,-527402449,-640126518,-640126518,-569997857,-569997857,-197788792,-197788792,-94740255,-94740255,20108798,20108798,168362389,168362389,-36870098,-36870098,-22686565,-22686565,52769506,52769506,-8066432,-8066432,86092389,86092389
# status f = 67554904,0,1 : PASS_RHO (rho 0.96944, T 2255.5, 0s)
f = 75824517,0,1 | route RHO | claimed 0.94894100983581946165 | coeffs -247722198,-247722198,-76781134,-76781134,-19483641,-19483641,-105487275,-105487275,-123993359,-123993359,-340079922,-340079922,-178434547,-178434547,-318929378,-318929378,-493663302,-493663302,-569035360,-569035360,-448185446,-448185446,-379918466,-379918466,-832537783,-832537783,-764184832,-764184832,-823063464,-823063464,-484884979,-484884979,-272911240,-272911240,-445811370,-445811370,-456209815,-456209815,-349288830,-349288830,-262848873,-262848873,-202983076,-202983076,-69964836,-69964836,61332471,61332471,74240608,74240608,24644061,24644061,-39377736,-39377736,124718519,124718519,134435725,134435725,352756057,352756057,222101029,222101029,430945016,430945016
f = 75824517,0,1 | route T | claimed 2342.8064473284187015 | coeffs 652943843,652943843,701717573,701717573,589053723,589053723,483275821,483275821,632702321,632702321,438707237,438707237,297821747,297821747,409901662,409901662,496486141,496486141,713990915,713990915,700461545,700461545,613622765,613622765,322461160,322461160,481614956,481614956,424139169,424139169,601497779,601497779,643149900,643149900,496914107,496914107,307750642,307750642,192224049,192224049,288806216,288806216,-22565538,-22565538,-349518912,-349518912,-611717634,-611717634,-403804379,-403804379,-650201769,-650201769,-720896594,-720896594,-587877019,-587877019,-529403627,-529403627,-512654790,-512654790,-383438491,-383438491,-697065954,-697065954
# status f = 75824517,0,1 : PASS_RHO (rho 0.94894, T 2342.8, 0s)
f = 98298947,0,1 | route RHO | claimed 0.95931126562837917413 | coeffs 406289599,500448420,500448420,426660995,426660995,275450163,275450163,172401626,172401626,227308145,227308145,166472207,166472207,49791677,49791677,418964,418964,-371790101,-371790101,-198503628,-198503628,-123047557,-123047557,-446606143,-446606143,-429088108,-429088108,-499216769,-499216769,-352602998,-352602998,-338419465,-338419465,92314263,92314263,-16877382,-16877382,95846687,95846687,-191748982,-191748982,-396981469,-396981469,-427673822,-427673822,-400720693,-400720693,-346459734,-346459734,-251271742,-251271742,-103018151,-103018151,-29993530,-29993530,18610700,18610700,-119111197,-119111197,-277769139,-277769139,-162920086,-162920086,-406289599
f = 98298947,0,1 | route T | claimed 2054.8683314982372595 | coeffs -227308145,-166472207,-166472207,-49791677,-49791677,-418964,-418964,371790101,371790101,198503628,198503628,123047557,123047557,446606143,446606143,429088108,429088108,499216769,499216769,352602998,352602998,338419465,338419465,-92314263,-92314263,16877382,16877382,-95846687,-95846687,191748982,191748982,396981469,396981469,427673822,427673822,400720693,400720693,346459734,346459734,251271742,251271742,103018151,103018151,29993530,29993530,-18610700,-18610700,119111197,119111197,277769139,277769139,162920086,162920086,406289599,406289599,500448420,500448420,426660995,426660995,275450163,275450163,172401626,172401626,227308145
# status f = 98298947,0,1 : PASS_RHO (rho 0.95931, T 2054.9, 1s)
f = 99732748,0,1 | route RHO | claimed 0.91646996419526700204 | coeffs 629270875,629270875,647776959,647776959,474876829,474876829,605531857,605531857,537264877,537264877,550173014,550173014,334086451,334086451,344484896,344484896,553328883,553328883,100709566,100709566,150306113,150306113,-11339262,-11339262,95581723,95581723,278804541,278804541,210451590,210451590,146429793,146429793,5934962,5934962,-80504995,-80504995,-251446059,-251446059,-310324691,-310324691,-474420946,-474420946,-299687022,-299687022,-239821225,-239821225,-182523732,-182523732,-520702217,-520702217,-510985011,-510985011,-586357069,-586357069,-719375309,-719375309,-633371675,-633371675,-421397936,-421397936,-639718268,-639718268,-760568182,-760568182
f = 99732748,0,1 | route T | claimed 1972.3181276934825512 | coeffs 80504995,251446059,251446059,310324691,310324691,474420946,474420946,299687022,299687022,239821225,239821225,182523732,182523732,520702217,520702217,510985011,510985011,586357069,586357069,719375309,719375309,633371675,633371675,421397936,421397936,639718268,639718268,760568182,760568182,629270875,629270875,647776959,647776959,474876829,474876829,605531857,605531857,537264877,537264877,550173014,550173014,334086451,334086451,344484896,344484896,553328883,553328883,100709566,100709566,150306113,150306113,-11339262,-11339262,95581723,95581723,278804541,278804541,210451590,210451590,146429793,146429793,5934962,5934962,-80504995
# status f = 99732748,0,1 : PASS_RHO (rho 0.91647, T 1972.3, 0s)
f = 108147778,0,1 | route RHO | claimed 0.95931126562837917413 | coeffs -227308145,-227308145,-172401626,-172401626,-275450163,-275450163,-426660995,-426660995,-500448420,-500448420,-406289599,-406289599,-162920086,-162920086,-277769139,-277769139,-119111197,-119111197,18610700,18610700,-29993530,-29993530,-103018151,-103018151,-251271742,-251271742,-346459734,-346459734,-400720693,-400720693,-427673822,-427673822,-396981469,-396981469,-191748982,-191748982,95846687,95846687,-16877382,-16877382,92314263,92314263,-338419465,-338419465,-352602998,-352602998,-499216769,-499216769,-429088108,-429088108,-446606143,-446606143,-123047557,-123047557,-198503628,-198503628,-371790101,-371790101,418964,418964,49791677,49791677,166472207,166472207
f = 108147778,0,1 | route T | claimed 2153.3236498841951004 | coeffs 172401626,172401626,275450163,275450163,426660995,426660995,500448420,500448420,406289599,406289599,162920086,162920086,277769139,277769139,119111197,119111197,-18610700,-18610700,29993530,29993530,103018151,103018151,251271742,251271742,346459734,346459734,400720693,400720693,427673822,427673822,396981469,396981469,191748982,191748982,-95846687,-95846687,16877382,16877382,-92314263,-92314263,338419465,338419465,352602998,352602998,499216769,499216769,429088108,429088108,446606143,446606143,123047557,123047557,198503628,198503628,371790101,371790101,-418964,-418964,-49791677,-49791677,-166472207,-166472207,-227308145,-227308145
# status f = 108147778,0,1 : PASS_RHO (rho 0.95931, T 2153.3, 0s)
f = 125326901,0,1 | route RHO | claimed 0.92384365805529045682 | coeffs -104000824,-104000824,-216101344,-216101344,-60093137,-60093137,37214290,37214290,-93370241,-93370241,173436438,173436438,-158151665,-158151665,-229677453,-229677453,31186478,31186478,-183498604,-183498604,38422280,38422280,74478080,74478080,-12891055,-12891055,241686455,241686455,484343893,484343893,481945284,481945284,338107952,338107952,468949981,468949981,273356559,273356559,345836189,345836189,311666067,311666067,368570783,368570783,203875903,203875903,354792700,354792700,225311804,225311804,276171600,276171600,468649923,468649923,536759997,536759997,136878167,136878167,235706776,235706776,187819556,187819556,146395439,146395439
f = 125326901,0,1 | route T | claimed 2481.3810719255857889 | coeffs -211352193,-211352193,-98291989,-98291989,145418562,145418562,230450537,230450537,459329589,459329589,465109415,465109415,784592300,784592300,471471539,471471539,623519263,623519263,626545412,626545412,528433089,528433089,481173845,481173845,382048815,382048815,86074775,86074775,287914798,287914798,258843497,258843497,437350348,437350348,499033388,499033388,489047214,489047214,397439835,397439835,505077758,505077758,230036578,230036578,69916806,69916806,221625152,221625152,171608874,171608874,-115401444,-115401444,21588359,21588359,67734551,67734551,347367064,347367064,114838341,114838341,136015021,136015021,171764247,171764247
# status f = 125326901,0,1 : PASS_RHO (rho 0.92384, T 2481.4, 0s)
f = 128980289,0,1 | route RHO | claimed 0.9108697194387025864 | coeffs -344965163,-344965163,-430968797,-430968797,-489847429,-489847429,-539443976,-539443976,-520937892,-520937892,-859116377,-859116377,-795094580,-795094580,-1011181143,-1011181143,-799207404,-799207404,-635111149,-635111149,-796756524,-796756524,-623856394,-623856394,-633573600,-633573600,-774068431,-774068431,-784466876,-784466876,-566146544,-566146544,-391412620,-391412620,-498333605,-498333605,-367678577,-367678577,-443050635,-443050635,-356610678,-356610678,-147766691,-147766691,-268616605,-268616605,-328482402,-328482402,-145259584,-145259584,-76992604,-76992604,56025636,56025636,-114915428,-114915428,337703889,337703889,206406582,206406582,263704075,263704075,332057026,332057026
f = 128980289,0,1 | route T | claimed 2087.7036269704284094 | coeffs 56025636,-114915428,-114915428,337703889,337703889,206406582,206406582,263704075,263704075,332057026,332057026,344965163,344965163,430968797,430968797,489847429,489847429,539443976,539443976,520937892,520937892,859116377,859116377,795094580,795094580,1011181143,1011181143,799207404,799207404,635111149,635111149,796756524,796756524,623856394,623856394,633573600,633573600,774068431,774068431,784466876,784466876,566146544,566146544,391412620,391412620,498333605,498333605,367678577,367678577,443050635,443050635,356610678,356610678,147766691,147766691,268616605,268616605,328482402,328482402,145259584,145259584,76992604,76992604,-56025636
# status f = 128980289,0,1 : PASS_RHO (rho 0.91087, T 2087.7, 0s)
f = 167679999,0,1 | route RHO | claimed 0.94777446898039532477 | coeffs -644016228,-473075164,-473075164,-460167027,-460167027,-798345512,-798345512,-636700137,-636700137,-418379805,-418379805,-504819762,-504819762,-436552782,-436552782,-493850275,-493850275,-444253728,-444253728,-232279989,-232279989,-91785158,-91785158,38869870,38869870,98735667,98735667,551354984,551354984,465351350,465351350,401329553,401329553,574229683,574229683,399495759,399495759,608339746,608339746,475321506,475321506,543674457,543674457,562180541,562180541,398084286,398084286,387685841,387685841,463057899,463057899,646280717,646280717,777578024,777578024,836456656,836456656,620370093,620370093,630087299,630087299,523166314,523166314,644016228
f = 167679999,0,1 | route T | claimed 2022.3328746941932856 | coeffs -14410744,-14410744,-117459281,-117459281,-4735212,-4735212,69052213,69052213,-361681515,-361681515,-118312002,-118312002,28301769,28301769,-130356173,-130356173,-147874208,-147874208,-196478438,-196478438,-121022367,-121022367,27231224,27231224,399440289,399440289,345179330,345179330,228498800,228498800,197806447,197806447,142899928,142899928,430495597,430495597,279284765,279284765,170093120,170093120,75934299,75934299,61750766,61750766,-53098287,-53098287,-123226948,-123226948,-260948845,-260948845,62609741,62609741,-10414880,-10414880,162871593,162871593,258059585,258059585,307432298,307432298,280479169,280479169,219643231,219643231
# status f = 167679999,0,1 : PASS_RHO (rho 0.94777, T 2022.3, 1s)
f = 188807970,0,1 | route RHO | claimed 0.96714643252403587147 | coeffs -79333208,-36243586,-36243586,-53419073,-53419073,-149764813,-149764813,-236091273,-236091273,-2063035,-2063035,67892061,67892061,51489292,51489292,-295968872,-295968872,-524592290,-524592290,-218770500,-218770500,-363863789,-363863789,-331028717,-331028717,-348470015,-348470015,-377025279,-377025279,-516561599,-516561599,-373062382,-373062382,-411443564,-411443564,-616649984,-616649984,-468679214,-468679214,-542925427,-542925427,-629000077,-629000077,-408525234,-408525234,-705634290,-705634290,-740154747,-740154747,-561980012,-561980012,-508453730,-508453730,-683273409,-683273409,-616276368,-616276368,-636022318,-636022318,-644279478,-644279478,-178898767,-178898767,79333208
f = 188807970,0,1 | route T | claimed 2526.5771729214874337 | coeffs 651219760,894930311,894930311,941076503,941076503,833438580,833438580,537464540,537464540,217981655,217981655,182232429,182232429,132216151,132216151,70533111,70533111,-27579212,-27579212,-112611187,-112611187,-392243700,-392243700,-667284880,-667284880,-869124903,-869124903,-1182245664,-1182245664,-1142657718,-1142657718,-855647400,-855647400,-865633574,-865633574,-818374330,-818374330,-589495278,-589495278,-822024001,-822024001,-661904229,-661904229,-690975530,-690975530,-843023254,-843023254,-729963050,-729963050,-592973247,-592973247,-501365868,-501365868,-600490898,-600490898,-606270724,-606270724,-627447404,-627447404,-475739058,-475739058,-654245909,-654245909,-651219760
# status f = 188807970,0,1 : PASS_RHO (rho 0.96715, T 2526.6, 0s)
f = 209314968,0,1 | route RHO | claimed 0.98074100189183729498 | coeffs 296788875,296788875,460393035,460393035,616417079,616417079,647900157,647900157,680358427,680358427,732963722,732963722,408582146,408582146,649529301,649529301,732959141,732959141,963482319,963482319,851446172,851446172,774413258,774413258,964773442,964773442,876589818,876589818,1023261934,1023261934,600322363,600322363,477517496,477517496,405352381,405352381,543559211,543559211,666125568,666125568,873683048,873683048,771060145,771060145,604338218,604338218,695830181,695830181,679014190,679014190,489151520,489151520,305366460,305366460,259662162,259662162,64340510,64340510,132138985,132138985,-42061814,-42061814,-238422329,-238422329
f = 209314968,0,1 | route T | claimed 2901.2632909110403078 | coeffs 309192048,309192048,490822665,490822665,289703417,289703417,495702902,495702902,545993440,545993440,470894348,470894348,482526656,482526656,402273850,402273850,220888316,220888316,212778988,212778988,7258736,7258736,187454732,187454732,-16061312,-16061312,166446987,166446987,200341752,200341752,-21691456,-21691456,30941088,30941088,-234061431,-234061431,-387253766,-387253766,-159072916,-159072916,-164997756,-164997756,-474446164,-474446164,-383124597,-383124597,-463357802,-463357802,-623408957,-623408957,-407785902,-407785902,-804443790,-804443790,-968226594,-968226594,-1008824950,-1008824950,-958746736,-958746736,-755104592,-755104592,-476808063,-476808063
# status f = 209314968,0,1 : PASS_RHO (rho 0.98074, T 2901.3, 0s)
f = 211547856,0,1 | route RHO | claimed 0.96728313018574277076 | coeffs 442255638,442255638,223935306,223935306,-228684011,-228684011,-64587756,-64587756,-185437670,-185437670,-135841123,-135841123,-310575047,-310575047,-179277740,-179277740,-340923115,-340923115,-400788912,-400788912,-419294996,-419294996,-312374011,-312374011,-369671504,-369671504,-196771374,-196771374,-13548556,-13548556,324629929,324629929,193974901,193974901,125621950,125621950,115904744,115904744,184171724,184171724,120149927,120149927,195521985,195521985,182613848,182613848,42119017,42119017,175137257,175137257,391223820,391223820,304783863,304783863,218780229,218780229,208381784,208381784,37440720,37440720,-174533019,-174533019,-383377006,-383377006
f = 211547856,0,1 | route T | claimed 2793.5687594481556101 | coeffs -340636564,-350048545,-350048545,-298514589,-298514589,-362803622,-362803622,-269724808,-269724808,-487611402,-487611402,-464910349,-464910349,-314832701,-314832701,-46137877,-46137877,-19435354,-19435354,-156903888,-156903888,44225225,44225225,161672041,161672041,14650711,14650711,144531449,144531449,231901455,231901455,237853050,237853050,253972964,253972964,338911690,338911690,517043945,517043945,432697798,432697798,296445236,296445236,272637445,272637445,297784592,297784592,688911445,688911445,911875385,911875385,1032543394,1032543394,702892743,702892743,478163275,478163275,751676848,751676848,685100187,685100187,363024970,363024970,340636564
# status f = 211547856,0,1 : PASS_RHO (rho 0.96728, T 2793.6, 1s)
f = 231121900,0,1 | route RHO | claimed 0.95946223384497000071 | coeffs 476419397,476419397,450592203,450592203,450302568,450302568,172878163,172878163,105048404,105048404,219607614,219607614,83539439,83539439,214373823,214373823,176245078,176245078,-64185520,-64185520,-142751072,-142751072,-125724210,-125724210,-640423993,-640423993,-556671861,-556671861,-554399994,-554399994,-515908385,-515908385,-519211775,-519211775,-505710642,-505710642,-713364522,-713364522,-607554290,-607554290,-325375583,-325375583,-377213249,-377213249,-502041322,-502041322,-347108758,-347108758,-523248950,-523248950,-731367199,-731367199,-717711382,-717711382,-929520195,-929520195,-1122469291,-1122469291,-1023879764,-1023879764,-749075908,-749075908,-677098600,-677098600
f = 231121900,0,1 | route T | claimed 2311.0679109519953899 | coeffs 586233230,569484393,569484393,428598903,428598903,605957513,605957513,813870768,813870768,765097038,765097038,778626408,778626408,894153001,894153001,835679609,835679609,641684525,641684525,584208738,584208738,322010016,322010016,366132127,366132127,148627353,148627353,337790818,337790818,204771243,204771243,354197743,354197743,513351539,513351539,186398165,186398165,-127229298,-127229298,-213813777,-213813777,-67577984,-67577984,3116841,3116841,-102661061,-102661061,-393822666,-393822666,-705194420,-705194420,-575978121,-575978121,-688058036,-688058036,-729710157,-729710157,-483312767,-483312767,-595976617,-595976617,-682815397,-682815397,-586233230
# status f = 231121900,0,1 : PASS_RHO (rho 0.95946, T 2311.1, 1s)
f = 234587983,0,1 | route RHO | claimed 0.92073226130852199654 | coeffs 236701812,246419018,246419018,115121711,115121711,104723266,104723266,36370315,36370315,-138363609,-138363609,-52359975,-52359975,78295053,78295053,28698506,28698506,-57741451,-57741451,280437034,280437034,159587120,159587120,-56499443,-56499443,-239722261,-239722261,-403818516,-403818516,-270800276,-270800276,-97900146,-97900146,-550519463,-550519463,-410024632,-410024632,-352727139,-352727139,-134406807,-134406807,-147314944,-147314944,-40393959,-40393959,18484673,18484673,-56887385,-56887385,-38381301,-38381301,-247225288,-247225288,-311247085,-311247085,-371112882,-371112882,-159139143,-159139143,-227406123,-227406123,-65760748,-65760748,-236701812
f = 234587983,0,1 | route T | claimed 2227.7486909410783203 | coeffs -38381301,-38381301,-247225288,-247225288,-311247085,-311247085,-371112882,-371112882,-159139143,-159139143,-227406123,-227406123,-65760748,-65760748,-236701812,-236701812,-246419018,-246419018,-115121711,-115121711,-104723266,-104723266,-36370315,-36370315,138363609,138363609,52359975,52359975,-78295053,-78295053,-28698506,-28698506,57741451,57741451,-280437034,-280437034,-159587120,-159587120,56499443,56499443,239722261,239722261,403818516,403818516,270800276,270800276,97900146,97900146,550519463,550519463,410024632,410024632,352727139,352727139,134406807,134406807,147314944,147314944,40393959,40393959,-18484673,-18484673,56887385,56887385
# status f = 234587983,0,1 : PASS_RHO (rho 0.92073, T 2227.7, 0s)
f = 235579349,0,1 | route RHO | claimed 0.96728313018574277076 | coeffs -391223820,-391223820,-175137257,-175137257,-42119017,-42119017,-182613848,-182613848,-195521985,-195521985,-120149927,-120149927,-184171724,-184171724,-115904744,-115904744,-125621950,-125621950,-193974901,-193974901,-324629929,-324629929,13548556,13548556,196771374,196771374,369671504,369671504,312374011,312374011,419294996,419294996,400788912,400788912,340923115,340923115,179277740,179277740,310575047,310575047,135841123,135841123,185437670,185437670,64587756,64587756,228684011,228684011,-223935306,-223935306,-442255638,-442255638,-383377006,-383377006,-174533019,-174533019,37440720,37440720,208381784,208381784,218780229,218780229,304783863,304783863
f = 235579349,0,1 | route T | claimed 2782.6519083025776003 | coeffs 330667288,330667288,-36860136,-36860136,113741050,113741050,56572752,56572752,-32997918,-32997918,330329517,330329517,427966189,427966189,-35421211,-35421211,174399645,174399645,385514100,385514100,119093011,119093011,14885626,14885626,179991978,179991978,31937488,31937488,180383803,180383803,324771964,324771964,72817671,72817671,328067057,328067057,425456085,425456085,201693402,201693402,111779608,111779608,288953500,288953500,155358077,155358077,176966105,176966105,380840454,380840454,162037050,162037050,-136437167,-136437167,-56112635,-56112635,-100523349,-100523349,-83286296,-83286296,38670253,38670253,-2587684,-2587684
# status f = 235579349,0,1 : PASS_RHO (rho 0.96728, T 2782.7, 1s)
f = 765362924,0,1 | route RHO | claimed 0.95030586543873195021 | coeffs -764617448,-611265331,-611265331,-842218935,-842218935,-613553301,-613553301,-344779375,-344779375,-389271725,-389271725,-69302852,-69302852,-218579748,-218579748,-295488957,-295488957,-236968135,-236968135,-126656403,-126656403,-111161877,-111161877,-62747825,-62747825,268047256,268047256,190217743,190217743,187480206,187480206,280010509,280010509,253139197,253139197,184472366,184472366,182592388,182592388,261638583,261638583,433061600,433061600,566578143,566578143,401938074,401938074,563703228,563703228,832003364,832003364,883323629,883323629,575714613,575714613,530586581,530586581,280735212,280735212,295781920,295781920,588788122,588788122,764617448
f = 765362924,0,1 | route T | claimed 2384.6401245427470806 | coeffs 280010509,253139197,253139197,184472366,184472366,182592388,182592388,261638583,261638583,433061600,433061600,566578143,566578143,401938074,401938074,563703228,563703228,832003364,832003364,883323629,883323629,575714613,575714613,530586581,530586581,280735212,280735212,295781920,295781920,588788122,588788122,764617448,764617448,611265331,611265331,842218935,842218935,613553301,613553301,344779375,344779375,389271725,389271725,69302852,69302852,218579748,218579748,295488957,295488957,236968135,236968135,126656403,126656403,111161877,111161877,62747825,62747825,-268047256,-268047256,-190217743,-190217743,-187480206,-187480206,-280010509
# status f = 765362924,0,1 : PASS_RHO (rho 0.95031, T 2384.6, 0s)
f = 766354290,0,1 | route RHO | claimed 0.92384365805529045682 | coeffs -183498604,31186478,31186478,-229677453,-229677453,-158151665,-158151665,173436438,173436438,-93370241,-93370241,37214290,37214290,-60093137,-60093137,-216101344,-216101344,-104000824,-104000824,-146395439,-146395439,-187819556,-187819556,-235706776,-235706776,-136878167,-136878167,-536759997,-536759997,-468649923,-468649923,-276171600,-276171600,-225311804,-225311804,-354792700,-354792700,-203875903,-203875903,-368570783,-368570783,-311666067,-311666067,-345836189,-345836189,-273356559,-273356559,-468949981,-468949981,-338107952,-338107952,-481945284,-481945284,-484343893,-484343893,-241686455,-241686455,12891055,12891055,-74478080,-74478080,-38422280,-38422280,183498604
f = 766354290,0,1 | route T | claimed 2313.8612650621429683 | coeffs 131461205,498507963,498507963,334052149,334052149,195100108,195100108,182621494,182621494,-35355774,-35355774,279108140,279108140,223328177,223328177,148982163,148982163,269478745,269478745,371818794,371818794,362205796,362205796,459987185,459987185,345592542,345592542,50882095,50882095,-163220079,-163220079,-183769351,-183769351,-29403175,-29403175,-213429745,-213429745,-129528839,-129528839,42066621,42066621,-184276853,-184276853,-252287385,-252287385,9345622,9345622,-237715107,-237715107,-181376789,-181376789,-133590927,-133590927,-306774621,-306774621,-16499366,-16499366,-202393198,-202393198,-260220084,-260220084,-316364464,-316364464,-131461205
# status f = 766354290,0,1 : PASS_RHO (rho 0.92384, T 2313.9, 0s)
f = 769820373,0,1 | route RHO | claimed 0.94777446898039532477 | coeffs -98735667,-38869870,-38869870,91785158,91785158,232279989,232279989,444253728,444253728,493850275,493850275,436552782,436552782,504819762,504819762,418379805,418379805,636700137,636700137,798345512,798345512,460167027,460167027,473075164,473075164,644016228,644016228,523166314,523166314,630087299,630087299,620370093,620370093,836456656,836456656,777578024,777578024,646280717,646280717,463057899,463057899,387685841,387685841,398084286,398084286,562180541,562180541,543674457,543674457,475321506,475321506,608339746,608339746,399495759,399495759,574229683,574229683,401329553,401329553,465351350,465351350,551354984,551354984,98735667
f = 769820373,0,1 | route T | claimed 2356.052158211925714 | coeffs -406326285,-190452281,-190452281,91119544,91119544,318983510,318983510,418856729,418856729,303758396,303758396,210405103,210405103,321066698,321066698,291531457,291531457,287930905,287930905,491000397,491000397,118651790,118651790,346245009,346245009,565073293,565073293,516703009,516703009,362760063,362760063,254214248,254214248,274707389,274707389,287354545,287354545,555939068,555939068,503558279,503558279,759774324,759774324,702062695,702062695,722321618,722321618,437008855,437008855,176177581,176177581,306797212,306797212,228537756,228537756,352411884,352411884,422169192,422169192,388883562,388883562,604368092,604368092,406326285
# status f = 769820373,0,1 : PASS_RHO (rho 0.94777, T 2356.1, 0s)
f = 789394417,0,1 | route RHO | claimed 0.95030586543873195021 | coeffs -182592388,-184472366,-184472366,-253139197,-253139197,-280010509,-280010509,-187480206,-187480206,-190217743,-190217743,-268047256,-268047256,62747825,62747825,111161877,111161877,126656403,126656403,236968135,236968135,295488957,295488957,218579748,218579748,69302852,69302852,389271725,389271725,344779375,344779375,613553301,613553301,842218935,842218935,611265331,611265331,764617448,764617448,588788122,588788122,295781920,295781920,280735212,280735212,530586581,530586581,575714613,575714613,883323629,883323629,832003364,832003364,563703228,563703228,401938074,401938074,566578143,566578143,433061600,433061600,261638583,261638583,182592388
f = 789394417,0,1 | route T | claimed 2080.3625749169687305 | coeffs -158048088,-185001217,-185001217,-343659159,-343659159,-288752640,-288752640,34805946,34805946,147530015,147530015,-723576,-723576,-94882397,-94882397,-144255110,-144255110,-290868881,-290868881,-321561234,-321561234,-183839337,-183839337,-80790800,-80790800,-5334729,-5334729,103856916,103856916,199044908,199044908,442414421,442414421,559094951,559094951,488966290,488966290,694198777,694198777,742803007,742803007,591592175,591592175,418305702,418305702,849039430,849039430,794778471,794778471,909627524,909627524,848791586,848791586,831273551,831273551,543677882,543677882,470653261,470653261,544440686,544440686,172231621,172231621,158048088
# status f = 789394417,0,1 : PASS_RHO (rho 0.95031, T 2080.4, 0s)
f = 791627305,0,1 | route RHO | claimed 0.91646996419526700204 | coeffs 310324691,310324691,251446059,251446059,80504995,80504995,-5934962,-5934962,-146429793,-146429793,-210451590,-210451590,-278804541,-278804541,-95581723,-95581723,11339262,11339262,-150306113,-150306113,-100709566,-100709566,-553328883,-553328883,-344484896,-344484896,-334086451,-334086451,-550173014,-550173014,-537264877,-537264877,-605531857,-605531857,-474876829,-474876829,-647776959,-647776959,-629270875,-629270875,-760568182,-760568182,-639718268,-639718268,-421397936,-421397936,-633371675,-633371675,-719375309,-719375309,-586357069,-586357069,-510985011,-510985011,-520702217,-520702217,-182523732,-182523732,-239821225,-239821225,-299687022,-299687022,-474420946,-474420946
f = 791627305,0,1 | route T | claimed 2123.811355180074714 | coeffs -251446059,-251446059,-80504995,-80504995,5934962,5934962,146429793,146429793,210451590,210451590,278804541,278804541,95581723,95581723,-11339262,-11339262,150306113,150306113,100709566,100709566,553328883,553328883,344484896,344484896,334086451,334086451,550173014,550173014,537264877,537264877,605531857,605531857,474876829,474876829,647776959,647776959,629270875,629270875,760568182,760568182,639718268,639718268,421397936,421397936,633371675,633371675,719375309,719375309,586357069,586357069,510985011,510985011,520702217,520702217,182523732,182523732,239821225,239821225,299687022,299687022,474420946,474420946,310324691,310324691
# status f = 791627305,0,1 : PASS_RHO (rho 0.91647, T 2123.8, 1s)
f = 812134303,0,1 | route RHO | claimed 0.96943616537745679859 | coeffs 507953185,507953185,755225058,755225058,426109512,426109512,359513249,359513249,307994364,307994364,282580383,282580383,120971328,120971328,-249634463,-249634463,-380384309,-380384309,-153198019,-153198019,-198127879,-198127879,-144182814,-144182814,-182320895,-182320895,-181958668,-181958668,-356421845,-356421845,-209774041,-209774041,-429016461,-429016461,-567194315,-567194315,-358610791,-358610791,-379584512,-379584512,-499798240,-499798240,-666073414,-666073414,-558079335,-558079335,-288084025,-288084025,-119432264,-119432264,-194412064,-194412064,-361855269,-361855269,-313052302,-313052302,-427459622,-427459622,-668931842,-668931842,-511313310,-511313310,-521150725,-521150725
f = 812134303,0,1 | route T | claimed 2462.5413583160072712 | coeffs -9949471,-9949471,-180890535,-180890535,-50235507,-50235507,113860748,113860748,100952611,100952611,160818408,160818408,171216853,171216853,509395338,509395338,962014655,962014655,886642597,886642597,724997222,724997222,638993588,638993588,455770770,455770770,237450438,237450438,173428641,173428641,42131334,42131334,128571291,128571291,301471421,301471421,242592789,242592789,174325809,174325809,-408115,-408115,215678448,215678448,272975941,272975941,481819928,481819928,472102722,472102722,422506175,422506175,289487935,289487935,396408920,396408920,184435181,184435181,252788132,252788132,131938218,131938218,-8556613,-8556613
# status f = 812134303,0,1 : PASS_RHO (rho 0.96944, T 2462.5, 0s)
f = 833262274,0,1 | route RHO | claimed 0.95946223384497000071 | coeffs 105048404,172878163,172878163,450302568,450302568,450592203,450592203,476419397,476419397,677098600,677098600,749075908,749075908,1023879764,1023879764,1122469291,1122469291,929520195,929520195,717711382,717711382,731367199,731367199,523248950,523248950,347108758,347108758,502041322,502041322,377213249,377213249,325375583,325375583,607554290,607554290,713364522,713364522,505710642,505710642,519211775,519211775,515908385,515908385,554399994,554399994,556671861,556671861,640423993,640423993,125724210,125724210,142751072,142751072,64185520,64185520,-176245078,-176245078,-214373823,-214373823,-83539439,-83539439,-219607614,-219607614,-105048404
f = 833262274,0,1 | route T | claimed 2563.7985734716147522 | coeffs -541964021,-509015601,-509015601,-191561892,-191561892,-615569510,-615569510,-748858999,-748858999,-249401386,-249401386,-289710107,-289710107,-271992241,-271992241,-162634605,-162634605,-296656782,-296656782,30779618,30779618,79290931,79290931,91862087,91862087,-200179931,-200179931,-136233576,-136233576,-79349306,-79349306,-51847354,-51847354,283281206,283281206,318504288,318504288,341765714,341765714,470752086,470752086,298265789,298265789,294127953,294127953,523252141,523252141,531581059,531581059,341891818,341891818,511779700,511779700,778040131,778040131,659998236,659998236,757277904,757277904,672787512,672787512,613987531,613987531,541964021
# status f = 833262274,0,1 : PASS_RHO (rho 0.95946, T 2563.8, 1s)
f = 871961984,0,1 | route RHO | claimed 0.9277952268361936614 | coeffs -47449679,119272248,119272248,-77088267,-77088267,6341573,6341573,78506688,78506688,-105278372,-105278372,-73795294,-73795294,-264155478,-264155478,-366778381,-366778381,-192577582,-192577582,-433524737,-433524737,-556329604,-556329604,-366466934,-366466934,-522490978,-522490978,-599523892,-599523892,-807081372,-807081372,-739282897,-739282897,-1063664473,-1063664473,-640724902,-640724902,-657540893,-657540893,-493936733,-493936733,-381900586,-381900586,-259334229,-259334229,-64012577,-64012577,-116617872,-116617872,30054244,30054244,-61437719,-61437719,-119804265,-119804265,110718913,110718913,-27487917,-27487917,-73192215,-73192215,-40733945,-40733945,47449679
f = 871961984,0,1 | route T | claimed 2046.4147245330056684 | coeffs 585858492,585858492,700707545,700707545,774494970,774494970,719588451,719588451,768961164,768961164,693505093,693505093,763633754,763633754,332900026,332900026,620495695,620495695,593542566,593542566,445288975,445288975,583010872,583010872,826380385,826380385,675169553,675169553,614333615,614333615,242124550,242124550,-81434036,-81434036,65179735,65179735,-44011910,-44011910,-249244397,-249244397,-194983438,-194983438,-121958817,-121958817,-280616759,-280616759,-374775580,-374775580,-271727043,-271727043,-155046513,-155046513,-328332986,-328332986,-345851021,-345851021,-360034554,-360034554,-472758623,-472758623,-442066270,-442066270,-537254262,-537254262
# status f = 871961984,0,1 : PASS_RHO (rho 0.92780, T 2046.4, 0s)
f = 875615372,0,1 | route RHO | claimed 0.92073226130852199654 | coeffs -247225288,-38381301,-38381301,-56887385,-56887385,18484673,18484673,-40393959,-40393959,-147314944,-147314944,-134406807,-134406807,-352727139,-352727139,-410024632,-410024632,-550519463,-550519463,-97900146,-97900146,-270800276,-270800276,-403818516,-403818516,-239722261,-239722261,-56499443,-56499443,159587120,159587120,280437034,280437034,-57741451,-57741451,28698506,28698506,78295053,78295053,-52359975,-52359975,-138363609,-138363609,36370315,36370315,104723266,104723266,115121711,115121711,246419018,246419018,236701812,236701812,65760748,65760748,227406123,227406123,159139143,159139143,371112882,371112882,311247085,311247085,247225288
f = 875615372,0,1 | route T | claimed 1891.6874207076078136 | coeffs 38381301,38381301,56887385,56887385,-18484673,-18484673,40393959,40393959,147314944,147314944,134406807,134406807,352727139,352727139,410024632,410024632,550519463,550519463,97900146,97900146,270800276,270800276,403818516,403818516,239722261,239722261,56499443,56499443,-159587120,-159587120,-280437034,-280437034,57741451,57741451,-28698506,-28698506,-78295053,-78295053,52359975,52359975,138363609,138363609,-36370315,-36370315,-104723266,-104723266,-115121711,-115121711,-246419018,-246419018,-236701812,-236701812,-65760748,-65760748,-227406123,-227406123,-159139143,-159139143,-371112882,-371112882,-311247085,-311247085,-247225288,-247225288
# status f = 875615372,0,1 : PASS_RHO (rho 0.92073, T 1891.7, 0s)
f = 892794495,0,1 | route RHO | claimed 0.93716377557399664532 | coeffs -42159185,-42159185,-197091749,-197091749,-61023574,-61023574,-112861240,-112861240,-180690999,-180690999,-286501231,-286501231,-286211596,-286211596,-272710463,-272710463,-473389666,-473389666,-511881275,-511881275,-237077419,-237077419,-153325287,-153325287,39623809,39623809,22596947,22596947,36252764,36252764,-204177834,-204177834,-28037642,-28037642,-158872026,-158872026,-283700099,-283700099,-169140889,-169140889,-451319596,-451319596,-173895191,-173895191,-381549071,-381549071,-407376265,-407376265,-404072875,-404072875,-332095567,-332095567,-329823700,-329823700,-428413227,-428413227,86286556,86286556,-125522257,-125522257,-204087809,-204087809,4030440,4030440
f = 892794495,0,1 | route T | claimed 2072.1350311390373365 | coeffs -169140889,-169140889,-451319596,-451319596,-173895191,-173895191,-381549071,-381549071,-407376265,-407376265,-404072875,-404072875,-332095567,-332095567,-329823700,-329823700,-428413227,-428413227,86286556,86286556,-125522257,-125522257,-204087809,-204087809,4030440,4030440,42159185,42159185,197091749,197091749,61023574,61023574,112861240,112861240,180690999,180690999,286501231,286501231,286211596,286211596,272710463,272710463,473389666,473389666,511881275,511881275,237077419,237077419,153325287,153325287,-39623809,-39623809,-22596947,-22596947,-36252764,-36252764,204177834,204177834,28037642,28037642,158872026,158872026,283700099,283700099
# status f = 892794495,0,1 : PASS_RHO (rho 0.93716, T 2072.1, 0s)
f = 901209525,0,1 | route RHO | claimed 0.98074100189183729498 | coeffs -259662162,-305366460,-305366460,-489151520,-489151520,-679014190,-679014190,-695830181,-695830181,-604338218,-604338218,-771060145,-771060145,-873683048,-873683048,-666125568,-666125568,-543559211,-543559211,-405352381,-405352381,-477517496,-477517496,-600322363,-600322363,-1023261934,-1023261934,-876589818,-876589818,-964773442,-964773442,-774413258,-774413258,-851446172,-851446172,-963482319,-963482319,-732959141,-732959141,-649529301,-649529301,-408582146,-408582146,-732963722,-732963722,-680358427,-680358427,-647900157,-647900157,-616417079,-616417079,-460393035,-460393035,-296788875,-296788875,-238422329,-238422329,-42061814,-42061814,132138985,132138985,64340510,64340510,259662162
f = 901209525,0,1 | route T | claimed 3469.8287895559669876 | coeffs -289160312,-479746876,-479746876,-287461942,-287461942,-84270356,-84270356,-281802058,-281802058,-264309909,-264309909,-111359435,-111359435,-377165262,-377165262,-224890752,-224890752,-303609615,-303609615,-264314556,-264314556,-340592495,-340592495,-255475475,-255475475,-590420973,-590420973,-122426847,-122426847,-179520008,-179520008,-414579,-414579,-101181536,-101181536,-464707481,-464707481,-315445391,-315445391,-384080317,-384080317,-294026438,-294026438,-323124070,-323124070,11159478,11159478,152092927,152092927,181125125,181125125,269336230,269336230,309583369,309583369,242299471,242299471,164503298,164503298,188492060,188492060,131761484,131761484,289160312
# status f = 901209525,0,1 : PASS_RHO (rho 0.98074, T 3469.8, 0s)
f = 902643326,0,1 | route RHO | claimed 0.93716377557399664532 | coeffs 4030440,4030440,-204087809,-204087809,-125522257,-125522257,86286556,86286556,-428413227,-428413227,-329823700,-329823700,-332095567,-332095567,-404072875,-404072875,-407376265,-407376265,-381549071,-381549071,-173895191,-173895191,-451319596,-451319596,-169140889,-169140889,-283700099,-283700099,-158872026,-158872026,-28037642,-28037642,-204177834,-204177834,36252764,36252764,22596947,22596947,39623809,39623809,-153325287,-153325287,-237077419,-237077419,-511881275,-511881275,-473389666,-473389666,-272710463,-272710463,-286211596,-286211596,-286501231,-286501231,-180690999,-180690999,-112861240,-112861240,-61023574,-61023574,-197091749,-197091749,-42159185,-42159185
f = 902643326,0,1 | route T | claimed 2317.4736541282462187 | coeffs -286501231,-286501231,-180690999,-180690999,-112861240,-112861240,-61023574,-61023574,-197091749,-197091749,-42159185,-42159185,-4030440,-4030440,204087809,204087809,125522257,125522257,-86286556,-86286556,428413227,428413227,329823700,329823700,332095567,332095567,404072875,404072875,407376265,407376265,381549071,381549071,173895191,173895191,451319596,451319596,169140889,169140889,283700099,283700099,158872026,158872026,28037642,28037642,204177834,204177834,-36252764,-36252764,-22596947,-22596947,-39623809,-39623809,153325287,153325287,237077419,237077419,511881275,511881275,473389666,473389666,272710463,272710463,286211596,286211596
# status f = 902643326,0,1 : PASS_RHO (rho 0.93716, T 2317.5, 0s)
f = 925117756,0,1 | route RHO | claimed 0.96078296494800475036 | coeffs -729957756,-786525142,-786525142,-700683615,-700683615,-549856566,-549856566,-515227899,-515227899,-634351520,-634351520,-868190683,-868190683,-487600242,-487600242,-375591344,-375591344,-201156599,-201156599,-225451155,-225451155,-164838167,-164838167,-299993335,-299993335,42765169,42765169,-161014137,-161014137,-428445547,-428445547,-386008562,-386008562,-507393581,-507393581,-571653377,-571653377,-380136081,-380136081,-290360179,-290360179,-314328479,-314328479,55094018,55094018,-7429619,-7429619,79024239,79024239,222625079,222625079,268174693,268174693,285828550,285828550,595269043,595269043,707239341,707239341,792933708,792933708,796297055,796297055,729957756
f = 925117756,0,1 | route T | claimed 2759.7543095469852907 | coeffs -844255006,-919627064,-919627064,-1040476978,-1040476978,-972209998,-972209998,-519590681,-519590681,-451237730,-451237730,-392359098,-392359098,-54180613,-54180613,-266154352,-266154352,-439054482,-439054482,-428656037,-428656037,-321735052,-321735052,-408175009,-408175009,-348309212,-348309212,-481327452,-481327452,-350030145,-350030145,-362938282,-362938282,-412534829,-412534829,-348513032,-348513032,-184416777,-184416777,-194133983,-194133983,24186349,24186349,154841377,154841377,363685364,363685364,546908182,546908182,375967118,375967118,433264611,433264611,519268245,519268245,500762161,500762161,716848724,716848724,878494099,878494099,1018988930,1018988930,844255006
# status f = 925117756,0,1 : PASS_RHO (rho 0.96078, T 2759.8, 0s)
f = 933387369,0,1 | route RHO | claimed 0.96714643252403587147 | coeffs -67892061,2063035,2063035,236091273,236091273,149764813,149764813,53419073,53419073,36243586,36243586,79333208,79333208,-178898767,-178898767,-644279478,-644279478,-636022318,-636022318,-616276368,-616276368,-683273409,-683273409,-508453730,-508453730,-561980012,-561980012,-740154747,-740154747,-705634290,-705634290,-408525234,-408525234,-629000077,-629000077,-542925427,-542925427,-468679214,-468679214,-616649984,-616649984,-411443564,-411443564,-373062382,-373062382,-516561599,-516561599,-377025279,-377025279,-348470015,-348470015,-331028717,-331028717,-363863789,-363863789,-218770500,-218770500,-524592290,-524592290,-295968872,-295968872,51489292,51489292,67892061
f = 933387369,0,1 | route T | claimed 2563.3561103392842668 | coeffs 629000077,542925427,542925427,468679214,468679214,616649984,616649984,411443564,411443564,373062382,373062382,516561599,516561599,377025279,377025279,348470015,348470015,331028717,331028717,363863789,363863789,218770500,218770500,524592290,524592290,295968872,295968872,-51489292,-51489292,-67892061,-67892061,2063035,2063035,236091273,236091273,149764813,149764813,53419073,53419073,36243586,36243586,79333208,79333208,-178898767,-178898767,-644279478,-644279478,-636022318,-636022318,-616276368,-616276368,-683273409,-683273409,-508453730,-508453730,-561980012,-561980012,-740154747,-740154747,-705634290,-705634290,-408525234,-408525234,-629000077
# status f = 933387369,0,1 : PASS_RHO (rho 0.96715, T 2563.4, 1s)
f = 974645791,0,1 | route RHO | claimed 0.96078296494800475036 | coeffs 707239341,707239341,595269043,595269043,285828550,285828550,268174693,268174693,222625079,222625079,79024239,79024239,-7429619,-7429619,55094018,55094018,-314328479,-314328479,-290360179,-290360179,-380136081,-380136081,-571653377,-571653377,-507393581,-507393581,-386008562,-386008562,-428445547,-428445547,-161014137,-161014137,42765169,42765169,-299993335,-299993335,-164838167,-164838167,-225451155,-225451155,-201156599,-201156599,-375591344,-375591344,-487600242,-487600242,-868190683,-868190683,-634351520,-634351520,-515227899,-515227899,-549856566,-549856566,-700683615,-700683615,-786525142,-786525142,-729957756,-729957756,-796297055,-796297055,-792933708,-792933708
f = 974645791,0,1 | route T | claimed 2396.1349779905574974 | coeffs -122887588,-272965236,-272965236,118161617,118161617,144864140,144864140,24196131,24196131,-176932982,-176932982,-401662450,-401662450,-548683780,-548683780,-482107119,-482107119,-569477125,-569477125,-591865531,-591865531,-575745617,-575745617,-524211661,-524211661,-702343916,-702343916,-795422730,-795422730,-931675292,-931675292,-908974239,-908974239,-934121386,-934121386,-1202816210,-1202816210,-979852270,-979852270,-1117320804,-1117320804,-787670153,-787670153,-905116969,-905116969,-631603396,-631603396,-501722658,-501722658,-179647441,-179647441,-185599036,-185599036,-176187055,-176187055,-91248329,-91248329,-155537362,-155537362,-71191215,-71191215,146695379,146695379,122887588
# status f = 974645791,0,1 : PASS_RHO (rho 0.96078, T 2396.1, 0s)
f = 995177695,0,1 | route RHO | claimed 0.9277952268361936614 | coeffs -556329604,-556329604,-433524737,-433524737,-192577582,-192577582,-366778381,-366778381,-264155478,-264155478,-73795294,-73795294,-105278372,-105278372,78506688,78506688,6341573,6341573,-77088267,-77088267,119272248,119272248,-47449679,-47449679,40733945,40733945,73192215,73192215,27487917,27487917,-110718913,-110718913,119804265,119804265,61437719,61437719,-30054244,-30054244,116617872,116617872,64012577,64012577,259334229,259334229,381900586,381900586,493936733,493936733,657540893,657540893,640724902,640724902,1063664473,1063664473,739282897,739282897,807081372,807081372,599523892,599523892,522490978,522490978,366466934,366466934
f = 995177695,0,1 | route T | claimed 1935.1740231354544898 | coeffs 267452806,29788116,29788116,-69600875,-69600875,-17720505,-17720505,-228497733,-228497733,-390606030,-390606030,-159577747,-159577747,41208301,41208301,50723974,50723974,-91071396,-91071396,-65666983,-65666983,-144868058,-144868058,-74443980,-74443980,-49370829,-49370829,-175201344,-175201344,5681015,5681015,166505958,166505958,391238925,391238925,293452160,293452160,375229991,375229991,167926023,167926023,360685986,360685986,136252430,136252430,-3427912,-3427912,137576173,137576173,22114567,22114567,86977229,86977229,337759330,337759330,179519565,179519565,67534461,67534461,247492207,247492207,-177461695,-177461695,-267452806
# status f = 995177695,0,1 : PASS_RHO (rho 0.92780, T 1935.2, 0s)
# summary n = 7 l = 1000942273 : EXCLUSION_CANDIDATE ; PASS 32 / 32 ; OPEN_NEAR 0 ; OPEN_FAR 0 ; 16s
