# FAMILY WITNESS FILE (generator family_gen.sage r10). n = 7 ; l = 1000136257 ; m = 64 ; deg = 2 ; ncomp = 32 ; bar_T = 4224 ; L_n = 16.3328709449664096755483535644
# line: f = c0,...,c_deg (monic, over F_l) | route RHO|T | claimed (rho or T, float) | coeffs a_0..a_{m-1}
f = 2268155,0,1 | route RHO | claimed 0.93577912219211179259 | coeffs 169082557,420617553,420617553,610614030,610614030,302950197,302950197,212783716,212783716,528308709,528308709,487002414,487002414,475037334,475037334,524597583,524597583,412000409,412000409,616391763,616391763,537577679,537577679,459520385,459520385,399314832,399314832,427941582,427941582,476769841,476769841,413142042,413142042,280491087,280491087,186234304,186234304,191019062,191019062,302942004,302942004,331211511,331211511,324220724,324220724,-27139552,-27139552,134208420,134208420,55435804,55435804,-7032248,-7032248,-590425,-590425,-14013297,-14013297,-49223354,-49223354,74230371,74230371,198916914,198916914,-169082557
f = 2268155,0,1 | route T | claimed 2739.7334532052435847 | coeffs 666274658,881035724,881035724,760495257,760495257,657449953,657449953,386762746,386762746,522223563,522223563,651829306,651829306,729924940,729924940,832135109,832135109,585935365,585935365,794498137,794498137,817183007,817183007,980988212,980988212,1046133657,1046133657,1273514589,1273514589,1263902284,1263902284,1325304165,1325304165,1000874259,1000874259,844123017,844123017,837270328,837270328,566671268,566671268,567165248,567165248,339868067,339868067,172342241,172342241,17096764,17096764,-54958766,-54958766,-221713885,-221713885,-369842036,-369842036,-319506983,-319506983,-600908830,-600908830,-608478003,-608478003,-688637323,-688637323,-666274658
# status f = 2268155,0,1 : PASS_RHO (rho 0.93578, T 2739.7, 1s)
f = 19728643,0,1 | route RHO | claimed 0.93114814653218831379 | coeffs -522431404,-522431404,-557641461,-557641461,-647807942,-647807942,-568993858,-568993858,-663250641,-663250641,-584478025,-584478025,-952477496,-952477496,-964442576,-964442576,-993069326,-993069326,-964799819,-964799819,-951376947,-951376947,-643713114,-643713114,-439321760,-439321760,-306670805,-306670805,-145322833,-145322833,-270009376,-270009376,-228703081,-228703081,-288908634,-288908634,-400831576,-400831576,-394389753,-394389753,-204393276,-204393276,-91796102,-91796102,-155423901,-155423901,195936375,195936375,319390100,319390100,634915093,634915093,712972387,712972387,717757145,717757145,780225197,780225197,528690201,528690201,578250450,578250450,529422191,529422191
f = 19728643,0,1 | route T | claimed 2172.3014278883044548 | coeffs -306670805,-306670805,-145322833,-145322833,-270009376,-270009376,-228703081,-228703081,-288908634,-288908634,-400831576,-400831576,-394389753,-394389753,-204393276,-204393276,-91796102,-91796102,-155423901,-155423901,195936375,195936375,319390100,319390100,634915093,634915093,712972387,712972387,717757145,717757145,780225197,780225197,528690201,528690201,578250450,578250450,529422191,529422191,522431404,522431404,557641461,557641461,647807942,647807942,568993858,568993858,663250641,663250641,584478025,584478025,952477496,952477496,964442576,964442576,993069326,993069326,964799819,964799819,951376947,951376947,643713114,643713114,439321760,439321760
# status f = 19728643,0,1 : PASS_RHO (rho 0.93115, T 2172.3, 1s)
f = 37089288,0,1 | route RHO | claimed 0.9498925129252932909 | coeffs 538500646,187140370,187140370,228446665,228446665,200177158,200177158,110010677,110010677,114795435,114795435,-75201042,-75201042,57449913,57449913,425449384,425449384,474277643,474277643,597731368,597731368,657936921,657936921,671359793,671359793,592545709,592545709,530077657,530077657,642674831,642674831,481326859,481326859,469361779,469361779,462370992,462370992,146845999,146845999,34923057,34923057,-272740776,-272740776,-366997559,-366997559,-618532555,-618532555,-554904756,-554904756,-679591299,-679591299,-650964549,-650964549,-686174606,-686174606,-608117312,-608117312,-614559135,-614559135,-410167781,-410167781,-488940397,-488940397,-538500646
f = 37089288,0,1 | route T | claimed 2399.3556943897818332 | coeffs -34923057,272740776,272740776,366997559,366997559,618532555,618532555,554904756,554904756,679591299,679591299,650964549,650964549,686174606,686174606,608117312,608117312,614559135,614559135,410167781,410167781,488940397,488940397,538500646,538500646,187140370,187140370,228446665,228446665,200177158,200177158,110010677,110010677,114795435,114795435,-75201042,-75201042,57449913,57449913,425449384,425449384,474277643,474277643,597731368,597731368,657936921,657936921,671359793,671359793,592545709,592545709,530077657,530077657,642674831,642674831,481326859,481326859,469361779,469361779,462370992,462370992,146845999,146845999,34923057
# status f = 37089288,0,1 : PASS_RHO (rho 0.94989, T 2399.4, 1s)
f = 79615491,0,1 | route RHO | claimed 0.96857428879440465763 | coeffs 413237443,454543738,454543738,459328496,459328496,827327967,827327967,887533520,887533520,825065468,825065468,813100388,813100388,701177446,701177446,449642450,449642450,478269200,478269200,471827377,471827377,422267128,422267128,450536635,450536635,640533112,640533112,591704853,591704853,578281981,578281981,465684807,465684807,472675594,472675594,780339427,780339427,716711628,716711628,751921685,751921685,547530331,547530331,196170055,196170055,106003574,106003574,238654529,238654529,362108254,362108254,283294170,283294170,121946198,121946198,-193578795,-193578795,-287835578,-287835578,-412522121,-412522121,-334464827,-334464827,-413237443
f = 79615491,0,1 | route T | claimed 2635.8077600359684494 | coeffs 204356038,204356038,-66243022,-66243022,148518044,148518044,-78862888,-78862888,-226991039,-226991039,-124780870,-124780870,-125274850,-125274850,-4734383,-4734383,-14346688,-14346688,-64681741,-64681741,181518003,181518003,-45779178,-45779178,-148824482,-148824482,-210226363,-210226363,-491628210,-491628210,-283065438,-283065438,-115539612,-115539612,155147595,155147595,-169282311,-169282311,-161713138,-161713138,-184398008,-184398008,-339643485,-339643485,-204182668,-204182668,-47431426,-47431426,-127590746,-127590746,36214459,36214459,108269989,108269989,-21335754,-21335754,-28188443,-28188443,-50551108,-50551108,-115696553,-115696553,-282451672,-282451672
# status f = 79615491,0,1 : PASS_RHO (rho 0.96857, T 2635.8, 1s)
f = 94164312,0,1 | route RHO | claimed 0.90431647624813648318 | coeffs -403855599,-453415848,-453415848,-704950844,-704950844,-767418896,-767418896,-762634138,-762634138,-840691432,-840691432,-525166439,-525166439,-648620164,-648620164,-297259888,-297259888,-233632089,-233632089,-121034915,-121034915,-311031392,-311031392,-304589569,-304589569,-192666627,-192666627,-252872180,-252872180,-294178475,-294178475,-418865018,-418865018,-580212990,-580212990,-447562035,-447562035,-651953389,-651953389,-344289556,-344289556,-357712428,-357712428,-329442921,-329442921,-300816171,-300816171,-312781251,-312781251,55218220,55218220,133990836,133990836,228247619,228247619,307061703,307061703,397228184,397228184,362018127,362018127,355027340,355027340,403855599
f = 94164312,0,1 | route T | claimed 2620.0102533813928719 | coeffs -76072131,-448175318,-448175318,-244881172,-244881172,-28327241,-28327241,113095011,113095011,120404974,120404974,123060811,123060811,44732029,44732029,82473,82473,-141316000,-141316000,-85128599,-85128599,69852294,69852294,222127971,222127971,404784051,404784051,55919529,55919529,123905185,123905185,128439919,128439919,88164717,88164717,257843850,257843850,233862038,233862038,84702370,84702370,156019315,156019315,18108635,18108635,122769335,122769335,402262711,402262711,216056061,216056061,180111839,180111839,67206831,67206831,-62533450,-62533450,-33238626,-33238626,352645130,352645130,36067256,36067256,76072131
# status f = 94164312,0,1 : PASS_RHO (rho 0.90432, T 2620.0, 1s)
f = 117217116,0,1 | route RHO | claimed 0.93758875450699399827 | coeffs 208550321,159722062,159722062,69555581,69555581,-9217035,-9217035,-37843785,-37843785,-345507618,-345507618,-184159646,-184159646,-123954093,-123954093,66042384,66042384,-285317892,-285317892,-207260598,-207260598,44274398,44274398,37283611,37283611,116097695,116097695,484097166,484097166,512366673,512366673,307975319,307975319,183288776,183288776,295211718,295211718,407808892,407808892,284355167,284355167,289139925,289139925,239579676,239579676,274789733,274789733,180532950,180532950,192498030,192498030,205920902,205920902,73269947,73269947,114576242,114576242,108134419,108134419,44506620,44506620,-271018373,-271018373,-208550321
f = 117217116,0,1 | route T | claimed 2447.7552724030497475 | coeffs 662521698,662521698,774613048,774613048,639209201,639209201,823942796,823942796,905330488,905330488,976804498,976804498,634098652,634098652,883186167,883186167,836204261,836204261,914852963,914852963,792757382,792757382,519849976,519849976,376372457,376372457,350149754,350149754,316513300,316513300,232636800,232636800,284492232,284492232,581858128,581858128,566045345,566045345,432500585,432500585,377654365,377654365,334167453,334167453,282626490,282626490,62696159,62696159,-318354335,-318354335,-352093029,-352093029,-232815100,-232815100,-397990678,-397990678,-236069206,-236069206,-209056673,-209056673,-436856484,-436856484,-397838903,-397838903
# status f = 117217116,0,1 : PASS_RHO (rho 0.93759, T 2447.8, 1s)
f = 130237273,0,1 | route RHO | claimed 0.89308802640039534732 | coeffs 121488965,121488965,128479752,128479752,49707136,49707136,63130008,63130008,187816551,187816551,377813028,377813028,62288035,62288035,111848284,111848284,190662368,190662368,219289118,219289118,351940073,351940073,463863015,463863015,815223291,815223291,752755239,752755239,787965296,787965296,419965825,419965825,112301992,112301992,153608287,153608287,41011113,41011113,119068407,119068407,167896666,167896666,262153449,262153449,290422956,290422956,129074984,129074984,135516807,135516807,12063082,12063082,-239471914,-239471914,-329638395,-329638395,-317673315,-317673315,-113281961,-113281961,-53076408,-53076408,-116704207,-116704207
f = 130237273,0,1 | route T | claimed 2065.2281207585148153 | coeffs -262153449,-290422956,-290422956,-129074984,-129074984,-135516807,-135516807,-12063082,-12063082,239471914,239471914,329638395,329638395,317673315,317673315,113281961,113281961,53076408,53076408,116704207,116704207,121488965,121488965,128479752,128479752,49707136,49707136,63130008,63130008,187816551,187816551,377813028,377813028,62288035,62288035,111848284,111848284,190662368,190662368,219289118,219289118,351940073,351940073,463863015,463863015,815223291,815223291,752755239,752755239,787965296,787965296,419965825,419965825,112301992,112301992,153608287,153608287,41011113,41011113,119068407,119068407,167896666,167896666,262153449
# status f = 130237273,0,1 : PASS_RHO (rho 0.89309, T 2065.2, 1s)
f = 130437699,0,1 | route RHO | claimed 0.91292586314525938184 | coeffs -223704429,-223704429,-116284037,-116284037,-214489160,-214489160,124160352,124160352,-108875816,-108875816,-61339559,-61339559,42832427,42832427,192303456,192303456,287063237,287063237,381479804,381479804,443646729,443646729,582814839,582814839,673004889,673004889,652270281,652270281,378477875,378477875,789169377,789169377,556266846,556266846,544686616,544686616,704493850,704493850,561234109,561234109,458829438,458829438,468900185,468900185,392907320,392907320,463931566,463931566,642125882,642125882,447282038,447282038,476456906,476456906,498955745,498955745,595767583,595767583,709950278,709950278,658451652,658451652,393414741,393414741
f = 130437699,0,1 | route T | claimed 3014.19177107476268 | coeffs -33369346,-33369346,171022008,171022008,175806766,175806766,162383894,162383894,-153141099,-153141099,-181767849,-181767849,169592427,169592427,537591898,537591898,424994724,424994724,330737941,330737941,337179764,337179764,427346245,427346245,487551798,487551798,494542585,494542585,369856042,369856042,419416291,419416291,286765336,286765336,224297284,224297284,531961117,531961117,610018411,610018411,581748904,581748904,458295179,458295179,446330099,446330099,382702300,382702300,303929684,303929684,113933207,113933207,192747291,192747291,80824349,80824349,116034406,116034406,74728111,74728111,123556370,123556370,284904342,284904342
# status f = 130437699,0,1 : PASS_RHO (rho 0.91293, T 3014.2, 1s)
f = 173763923,0,1 | route RHO | claimed 0.93758875450699399827 | coeffs -37843785,-37843785,-9217035,-9217035,69555581,69555581,159722062,159722062,208550321,208550321,271018373,271018373,-44506620,-44506620,-108134419,-108134419,-114576242,-114576242,-73269947,-73269947,-205920902,-205920902,-192498030,-192498030,-180532950,-180532950,-274789733,-274789733,-239579676,-239579676,-289139925,-289139925,-284355167,-284355167,-407808892,-407808892,-295211718,-295211718,-183288776,-183288776,-307975319,-307975319,-512366673,-512366673,-484097166,-484097166,-116097695,-116097695,-37283611,-37283611,-44274398,-44274398,207260598,207260598,285317892,285317892,-66042384,-66042384,123954093,123954093,184159646,184159646,345507618,345507618
f = 173763923,0,1 | route T | claimed 2513.9822773414520183 | coeffs 20161442,20161442,-117980664,-117980664,88401491,88401491,-99589664,-99589664,-197348887,-197348887,-178511720,-178511720,251894574,251894574,124198997,124198997,154567453,154567453,293241583,293241583,264105622,264105622,298370722,298370722,292631735,292631735,148894915,148894915,250533195,250533195,303876326,303876326,191514262,191514262,-81989805,-81989805,149248537,149248537,346710408,346710408,670903178,670903178,332267206,332267206,504749290,504749290,505207732,505207732,577203070,577203070,419243414,419243414,206852889,206852889,247560648,247560648,220359576,220359576,45400699,45400699,24240514,24240514,-33120512,-33120512
# status f = 173763923,0,1 : PASS_RHO (rho 0.93759, T 2514.0, 1s)
f = 233416203,0,1 | route RHO | claimed 0.93577912219211179259 | coeffs -14013297,-590425,-590425,-7032248,-7032248,55435804,55435804,134208420,134208420,-27139552,-27139552,324220724,324220724,331211511,331211511,302942004,302942004,191019062,191019062,186234304,186234304,280491087,280491087,413142042,413142042,476769841,476769841,427941582,427941582,399314832,399314832,459520385,459520385,537577679,537577679,616391763,616391763,412000409,412000409,524597583,524597583,475037334,475037334,487002414,487002414,528308709,528308709,212783716,212783716,302950197,302950197,610614030,610614030,420617553,420617553,169082557,169082557,-198916914,-198916914,-74230371,-74230371,49223354,49223354,14013297
f = 233416203,0,1 | route T | claimed 1789.8578054230075256 | coeffs 198916914,74230371,74230371,-49223354,-49223354,-14013297,-14013297,-590425,-590425,-7032248,-7032248,55435804,55435804,134208420,134208420,-27139552,-27139552,324220724,324220724,331211511,331211511,302942004,302942004,191019062,191019062,186234304,186234304,280491087,280491087,413142042,413142042,476769841,476769841,427941582,427941582,399314832,399314832,459520385,459520385,537577679,537577679,616391763,616391763,412000409,412000409,524597583,524597583,475037334,475037334,487002414,487002414,528308709,528308709,212783716,212783716,302950197,302950197,610614030,610614030,420617553,420617553,169082557,169082557,-198916914
# status f = 233416203,0,1 : PASS_RHO (rho 0.93578, T 1789.9, 1s)
f = 287538982,0,1 | route RHO | claimed 0.95493420456824482337 | coeffs -93538941,96457536,96457536,-28229007,-28229007,-14806135,-14806135,63966481,63966481,70957268,70957268,66172510,66172510,129800309,129800309,190005862,190005862,-14385492,-14385492,-2420412,-2420412,87746069,87746069,-163788927,-163788927,-40335202,-40335202,-33893379,-33893379,127454593,127454593,155724100,155724100,61467317,61467317,110295576,110295576,32238282,32238282,-80358892,-80358892,-121665187,-121665187,-429329020,-429329020,-61329549,-61329549,-26119492,-26119492,36348560,36348560,387708836,387708836,275785894,275785894,408436849,408436849,379810099,379810099,458624183,458624183,409063934,409063934,93538941
f = 287538982,0,1 | route T | claimed 2873.6737278612841457 | coeffs 286872932,282296730,282296730,410164711,410164711,756849168,756849168,693895570,693895570,770836832,770836832,721266823,721266823,463139997,463139997,584279077,584279077,607452699,607452699,765239399,765239399,628592629,628592629,507220465,507220465,395179375,395179375,350813871,350813871,286017814,286017814,218509237,218509237,72349011,72349011,185080725,185080725,-38126200,-38126200,167630832,167630832,102509480,102509480,273126888,273126888,-102362511,-102362511,-39037817,-39037817,-169401139,-169401139,-647508595,-647508595,-703163587,-703163587,-585595084,-585595084,-420019520,-420019520,-349835752,-349835752,-89842417,-89842417,-286872932
# status f = 287538982,0,1 : PASS_RHO (rho 0.95493, T 2873.7, 1s)
f = 299666561,0,1 | route RHO | claimed 0.96857428879440465763 | coeffs 827327967,459328496,459328496,454543738,454543738,413237443,413237443,334464827,334464827,412522121,412522121,287835578,287835578,193578795,193578795,-121946198,-121946198,-283294170,-283294170,-362108254,-362108254,-238654529,-238654529,-106003574,-106003574,-196170055,-196170055,-547530331,-547530331,-751921685,-751921685,-716711628,-716711628,-780339427,-780339427,-472675594,-472675594,-465684807,-465684807,-578281981,-578281981,-591704853,-591704853,-640533112,-640533112,-450536635,-450536635,-422267128,-422267128,-471827377,-471827377,-478269200,-478269200,-449642450,-449642450,-701177446,-701177446,-813100388,-813100388,-825065468,-825065468,-887533520,-887533520,-827327967
f = 299666561,0,1 | route T | claimed 2631.2237727911173503 | coeffs 0,-204391354,0,35210057,0,-63627799,0,307663833,0,6990787,0,-112597174,0,-13422872,0,-48828259,0,189996477,0,28269507,0,-49560249,0,-6441823,0,28626750,0,-251534996,0,-111922942,0,-11965080,0,-62468052,0,60205553,0,367999471,0,4784758,0,41306295,0,78772616,0,-78057294,0,124686543,0,94256783,0,315524993,0,161347972,0,78814084,0,-123453725,0,-132650955,0,90166481,0,351360276
# status f = 299666561,0,1 : PASS_RHO (rho 0.96857, T 2631.2, 1s)
f = 324407516,0,1 | route RHO | claimed 0.86603677689701514403 | coeffs -277019400,-277019400,-305646150,-305646150,9878843,9878843,-3544029,-3544029,-8328787,-8328787,196062567,196062567,-55472429,-55472429,-216820401,-216820401,-167992142,-167992142,-126685847,-126685847,-91475790,-91475790,20447152,20447152,99261236,99261236,289257713,289257713,210485097,210485097,274112896,274112896,262147816,262147816,385601541,385601541,357332034,357332034,279274740,279274740,586938573,586938573,649406625,649406625,516755670,516755670,467195421,467195421,342508878,342508878,335518091,335518091,395723644,395723644,305557163,305557163,311998986,311998986,406255769,406255769,293658595,293658595,-74340876,-74340876
f = 324407516,0,1 | route T | claimed 1192.0709690043246579 | coeffs -8328787,-8328787,196062567,196062567,-55472429,-55472429,-216820401,-216820401,-167992142,-167992142,-126685847,-126685847,-91475790,-91475790,20447152,20447152,99261236,99261236,289257713,289257713,210485097,210485097,274112896,274112896,262147816,262147816,385601541,385601541,357332034,357332034,279274740,279274740,586938573,586938573,649406625,649406625,516755670,516755670,467195421,467195421,342508878,342508878,335518091,335518091,395723644,395723644,305557163,305557163,311998986,311998986,406255769,406255769,293658595,293658595,-74340876,-74340876,277019400,277019400,305646150,305646150,-9878843,-9878843,3544029,3544029
# status f = 324407516,0,1 : PASS_RHO (rho 0.86604, T 1192.1, 1s)
f = 416691594,0,1 | route RHO | claimed 0.92141691063614286274 | coeffs -122422476,129112520,129112520,34855737,34855737,342519570,342519570,230596628,230596628,546121621,546121621,539130834,539130834,551095914,551095914,389747942,389747942,277150768,277150768,214682716,214682716,293496800,293496800,306919672,306919672,246714119,246714119,370167844,370167844,321339585,321339585,689339056,689339056,556688101,556688101,366691624,366691624,361906866,361906866,271740385,271740385,300009892,300009892,341316187,341316187,692676463,692676463,742236712,742236712,663464096,663464096,459072742,459072742,452630919,452630919,374573625,374573625,339363568,339363568,310736818,310736818,186050275,186050275,122422476
f = 416691594,0,1 | route T | claimed 2533.8288445959469653 | coeffs -122422476,129112520,129112520,34855737,34855737,342519570,342519570,230596628,230596628,546121621,546121621,539130834,539130834,551095914,551095914,389747942,389747942,277150768,277150768,214682716,214682716,293496800,293496800,306919672,306919672,246714119,246714119,370167844,370167844,321339585,321339585,689339056,689339056,556688101,556688101,366691624,366691624,361906866,361906866,271740385,271740385,300009892,300009892,341316187,341316187,692676463,692676463,742236712,742236712,663464096,663464096,459072742,459072742,452630919,452630919,374573625,374573625,339363568,339363568,310736818,310736818,186050275,186050275,122422476
# status f = 416691594,0,1 : PASS_RHO (rho 0.92142, T 2533.8, 1s)
f = 482852198,0,1 | route RHO | claimed 0.91679805319683507221 | coeffs -74603089,-74603089,176931907,176931907,163509035,163509035,514869311,514869311,420612528,420612528,480818081,480818081,530378330,530378330,838042163,838042163,714588438,714588438,635815822,635815822,523892880,523892880,572721139,572721139,368329785,368329785,683854778,683854778,315855307,315855307,309413484,309413484,302422697,302422697,435073652,435073652,357016358,357016358,368981438,368981438,558977915,558977915,523767858,523767858,362419886,362419886,367204644,367204644,338577894,338577894,225980720,225980720,316147201,316147201,191460658,191460658,128992606,128992606,100723099,100723099,37095300,37095300,115909384,115909384
f = 482852198,0,1 | route T | claimed 1956.7171818895900119 | coeffs -74603089,-74603089,176931907,176931907,163509035,163509035,514869311,514869311,420612528,420612528,480818081,480818081,530378330,530378330,838042163,838042163,714588438,714588438,635815822,635815822,523892880,523892880,572721139,572721139,368329785,368329785,683854778,683854778,315855307,315855307,309413484,309413484,302422697,302422697,435073652,435073652,357016358,357016358,368981438,368981438,558977915,558977915,523767858,523767858,362419886,362419886,367204644,367204644,338577894,338577894,225980720,225980720,316147201,316147201,191460658,191460658,128992606,128992606,100723099,100723099,37095300,37095300,115909384,115909384
# status f = 482852198,0,1 : PASS_RHO (rho 0.91680, T 1956.7, 1s)
f = 483350475,0,1 | route RHO | claimed 0.9348805303534876168 | coeffs -837794110,-837794110,-851216982,-851216982,-1102751978,-1102751978,-1061445683,-1061445683,-982631599,-982631599,-919003800,-919003800,-947273307,-947273307,-884805255,-884805255,-1009491798,-1009491798,-1099658279,-1099658279,-1212255453,-1212255453,-1183628703,-1183628703,-1178843945,-1178843945,-1017495973,-1017495973,-1052706030,-1052706030,-1242702507,-1242702507,-1230737427,-1230737427,-1152680133,-1152680133,-1020029178,-1020029178,-1013038391,-1013038391,-1019480214,-1019480214,-651480743,-651480743,-335955750,-335955750,-131564396,-131564396,-82736137,-82736137,29186805,29186805,-49585811,-49585811,73867914,73867914,381531747,381531747,331971498,331971498,392177051,392177051,486433834,486433834
f = 483350475,0,1 | route T | claimed 2921.5446487384106178 | coeffs 84841797,84841797,13367787,13367787,-38173176,-38173176,210914339,210914339,591964833,591964833,513316131,513316131,632594060,632594060,359686654,359686654,197765182,197765182,223987885,223987885,-3811926,-3811926,-87688426,-87688426,176994369,176994369,-120371527,-120371527,15032320,15032320,-118512440,-118512440,-37124748,-37124748,6362164,6362164,349068010,349068010,129137679,129137679,82155773,82155773,115894467,115894467,237990048,237990048,72814470,72814470,-70663049,-70663049,-97675582,-97675582,-64039128,-64039128,-25021547,-25021547,26833885,26833885,138925235,138925235,154738018,154738018,-29995577,-29995577
# status f = 483350475,0,1 : PASS_RHO (rho 0.93488, T 2921.5, 1s)
f = 516785782,0,1 | route RHO | claimed 0.91679805319683507221 | coeffs -420612528,-514869311,-514869311,-163509035,-163509035,-176931907,-176931907,74603089,74603089,115909384,115909384,37095300,37095300,100723099,100723099,128992606,128992606,191460658,191460658,316147201,316147201,225980720,225980720,338577894,338577894,367204644,367204644,362419886,362419886,523767858,523767858,558977915,558977915,368981438,368981438,357016358,357016358,435073652,435073652,302422697,302422697,309413484,309413484,315855307,315855307,683854778,683854778,368329785,368329785,572721139,572721139,523892880,523892880,635815822,635815822,714588438,714588438,838042163,838042163,530378330,530378330,480818081,480818081,420612528
f = 516785782,0,1 | route T | claimed 2714.8994647655087801 | coeffs -176931907,74603089,74603089,115909384,115909384,37095300,37095300,100723099,100723099,128992606,128992606,191460658,191460658,316147201,316147201,225980720,225980720,338577894,338577894,367204644,367204644,362419886,362419886,523767858,523767858,558977915,558977915,368981438,368981438,357016358,357016358,435073652,435073652,302422697,302422697,309413484,309413484,315855307,315855307,683854778,683854778,368329785,368329785,572721139,572721139,523892880,523892880,635815822,635815822,714588438,714588438,838042163,838042163,530378330,530378330,480818081,480818081,420612528,420612528,514869311,514869311,163509035,163509035,176931907
# status f = 516785782,0,1 : PASS_RHO (rho 0.91680, T 2714.9, 1s)
f = 517284059,0,1 | route RHO | claimed 0.9348805303534876168 | coeffs -1020029178,-1020029178,-1152680133,-1152680133,-1230737427,-1230737427,-1242702507,-1242702507,-1052706030,-1052706030,-1017495973,-1017495973,-1178843945,-1178843945,-1183628703,-1183628703,-1212255453,-1212255453,-1099658279,-1099658279,-1009491798,-1009491798,-884805255,-884805255,-947273307,-947273307,-919003800,-919003800,-982631599,-982631599,-1061445683,-1061445683,-1102751978,-1102751978,-851216982,-851216982,-837794110,-837794110,-486433834,-486433834,-392177051,-392177051,-331971498,-331971498,-381531747,-381531747,-73867914,-73867914,49585811,49585811,-29186805,-29186805,82736137,82736137,131564396,131564396,335955750,335955750,651480743,651480743,1019480214,1019480214,1013038391,1013038391
f = 517284059,0,1 | route T | claimed 2523.2254578328153375 | coeffs -29186805,82736137,82736137,131564396,131564396,335955750,335955750,651480743,651480743,1019480214,1019480214,1013038391,1013038391,1020029178,1020029178,1152680133,1152680133,1230737427,1230737427,1242702507,1242702507,1052706030,1052706030,1017495973,1017495973,1178843945,1178843945,1183628703,1183628703,1212255453,1212255453,1099658279,1099658279,1009491798,1009491798,884805255,884805255,947273307,947273307,919003800,919003800,982631599,982631599,1061445683,1061445683,1102751978,1102751978,851216982,851216982,837794110,837794110,486433834,486433834,392177051,392177051,331971498,331971498,381531747,381531747,73867914,73867914,-49585811,-49585811,29186805
# status f = 517284059,0,1 : PASS_RHO (rho 0.93488, T 2523.2, 0s)
f = 583444663,0,1 | route RHO | claimed 0.9498925129252932909 | coeffs -642674831,-530077657,-530077657,-592545709,-592545709,-671359793,-671359793,-657936921,-657936921,-597731368,-597731368,-474277643,-474277643,-425449384,-425449384,-57449913,-57449913,75201042,75201042,-114795435,-114795435,-110010677,-110010677,-200177158,-200177158,-228446665,-228446665,-187140370,-187140370,-538500646,-538500646,-488940397,-488940397,-410167781,-410167781,-614559135,-614559135,-608117312,-608117312,-686174606,-686174606,-650964549,-650964549,-679591299,-679591299,-554904756,-554904756,-618532555,-618532555,-366997559,-366997559,-272740776,-272740776,34923057,34923057,146845999,146845999,462370992,462370992,469361779,469361779,481326859,481326859,642674831
f = 583444663,0,1 | route T | claimed 2837.0395158018497612 | coeffs 10997671,-215993368,-215993368,-179778909,-179778909,311849301,311849301,232986413,232986413,105395667,105395667,315622030,315622030,464140074,464140074,416708648,416708648,565533130,565533130,499290108,499290108,295107440,295107440,340886618,340886618,545242656,545242656,205599171,205599171,24081168,24081168,306532840,306532840,122134832,122134832,186816573,186816573,302513126,302513126,140799988,140799988,155146676,155146676,205697784,205697784,36415473,36415473,41149856,41149856,69338299,69338299,224485894,224485894,349760744,349760744,371096498,371096498,255556886,255556886,380337756,380337756,272067767,272067767,-10997671
# status f = 583444663,0,1 : PASS_RHO (rho 0.94989, T 2837.0, 0s)
f = 675728741,0,1 | route RHO | claimed 0.91292586314525938184 | coeffs 61339559,108875816,108875816,-124160352,-124160352,214489160,214489160,116284037,116284037,223704429,223704429,393414741,393414741,658451652,658451652,709950278,709950278,595767583,595767583,498955745,498955745,476456906,476456906,447282038,447282038,642125882,642125882,463931566,463931566,392907320,392907320,468900185,468900185,458829438,458829438,561234109,561234109,704493850,704493850,544686616,544686616,556266846,556266846,789169377,789169377,378477875,378477875,652270281,652270281,673004889,673004889,582814839,582814839,443646729,443646729,381479804,381479804,287063237,287063237,192303456,192303456,42832427,42832427,-61339559
f = 675728741,0,1 | route T | claimed 2289.805562761946377 | coeffs 61339559,108875816,108875816,-124160352,-124160352,214489160,214489160,116284037,116284037,223704429,223704429,393414741,393414741,658451652,658451652,709950278,709950278,595767583,595767583,498955745,498955745,476456906,476456906,447282038,447282038,642125882,642125882,463931566,463931566,392907320,392907320,468900185,468900185,458829438,458829438,561234109,561234109,704493850,704493850,544686616,544686616,556266846,556266846,789169377,789169377,378477875,378477875,652270281,652270281,673004889,673004889,582814839,582814839,443646729,443646729,381479804,381479804,287063237,287063237,192303456,192303456,42832427,42832427,-61339559
# status f = 675728741,0,1 : PASS_RHO (rho 0.91293, T 2289.8, 1s)
f = 700469696,0,1 | route RHO | claimed 0.90065004431919979083 | coeffs 319731122,319731122,241673828,241673828,116987285,116987285,211244068,211244068,-104280925,-104280925,57067047,57067047,-21747037,-21747037,-145200762,-145200762,-12549807,-12549807,77616674,77616674,-273743602,-273743602,-69352248,-69352248,-34142191,-34142191,29485608,29485608,337149441,337149441,330158654,330158654,217561480,217561480,230984352,230984352,182156093,182156093,-7840384,-7840384,20429123,20429123,69989372,69989372,63547549,63547549,34920799,34920799,-216614197,-216614197,-104691255,-104691255,-116656335,-116656335,-54188283,-54188283,6017270,6017270,-361982201,-361982201,-357197443,-357197443,-398503738,-398503738
f = 700469696,0,1 | route T | claimed 1949.9291703126375975 | coeffs -6017270,-6017270,361982201,361982201,357197443,357197443,398503738,398503738,319731122,319731122,241673828,241673828,116987285,116987285,211244068,211244068,-104280925,-104280925,57067047,57067047,-21747037,-21747037,-145200762,-145200762,-12549807,-12549807,77616674,77616674,-273743602,-273743602,-69352248,-69352248,-34142191,-34142191,29485608,29485608,337149441,337149441,330158654,330158654,217561480,217561480,230984352,230984352,182156093,182156093,-7840384,-7840384,20429123,20429123,69989372,69989372,63547549,63547549,34920799,34920799,-216614197,-216614197,-104691255,-104691255,-116656335,-116656335,-54188283,-54188283
# status f = 700469696,0,1 : PASS_RHO (rho 0.90065, T 1949.9, 0s)
f = 712597275,0,1 | route RHO | claimed 0.89308802640039534732 | coeffs -329638395,-239471914,-239471914,12063082,12063082,135516807,135516807,129074984,129074984,290422956,290422956,262153449,262153449,167896666,167896666,119068407,119068407,41011113,41011113,153608287,153608287,112301992,112301992,419965825,419965825,787965296,787965296,752755239,752755239,815223291,815223291,463863015,463863015,351940073,351940073,219289118,219289118,190662368,190662368,111848284,111848284,62288035,62288035,377813028,377813028,187816551,187816551,63130008,63130008,49707136,49707136,128479752,128479752,121488965,121488965,116704207,116704207,53076408,53076408,113281961,113281961,317673315,317673315,329638395
f = 712597275,0,1 | route T | claimed 2760.6523195876356728 | coeffs -199095150,-199095150,-205947839,-205947839,-267349720,-267349720,-202204275,-202204275,-410767047,-410767047,-332671413,-332671413,-61984206,-61984206,152776860,152776860,145207687,145207687,293335838,293335838,138090361,138090361,137596381,137596381,-19154861,-19154861,-9542556,-9542556,154262649,154262649,400462393,400462393,530068136,530068136,633113440,633113440,610750775,610750775,329348928,329348928,496104047,496104047,328578221,328578221,599177281,599177281,274747375,274747375,47366443,47366443,70051313,70051313,-32158856,-32158856,103301961,103301961,223842428,223842428,304001748,304001748,354336801,354336801,426392331,426392331
# status f = 712597275,0,1 : PASS_RHO (rho 0.89309, T 2760.7, 0s)
f = 766720054,0,1 | route RHO | claimed 0.94779497818072099027 | coeffs 281624711,471621188,471621188,220086192,220086192,588085663,588085663,712772206,712772206,589318481,589318481,554108424,554108424,567531296,567531296,573973119,573973119,636441171,636441171,557668555,557668555,396320583,396320583,44960307,44960307,51951094,51951094,80220601,80220601,-31702341,-31702341,-26917583,-26917583,67339200,67339200,-65311755,-65311755,-1683956,-1683956,47144303,47144303,18517553,18517553,-41688000,-41688000,36369294,36369294,-42444790,-42444790,-246836144,-246836144,-359433318,-359433318,-408993567,-408993567,-420958647,-420958647,-379652352,-379652352,-64127359,-64127359,26039122,26039122,-281624711
f = 766720054,0,1 | route T | claimed 2572.3655563620884255 | coeffs 119860507,119860507,170195560,170195560,318323711,318323711,151568592,151568592,223624122,223624122,68378645,68378645,235904471,235904471,8607290,8607290,8113310,8113310,-262485750,-262485750,-255633061,-255633061,-412384303,-412384303,-87954397,-87954397,-26552516,-26552516,-16940211,-16940211,210440721,210440721,145295276,145295276,309100481,309100481,286415611,286415611,494978383,494978383,741178127,741178127,843388296,843388296,765292662,765292662,894898405,894898405,759437588,759437588,488750381,488750381,591795685,591795685,471255218,471255218,256494152,256494152,234131487,234131487,153972167,153972167,161541340,161541340
# status f = 766720054,0,1 : PASS_RHO (rho 0.94779, T 2572.4, 1s)
f = 826372334,0,1 | route RHO | claimed 0.91793310949177512975 | coeffs -615335990,-525169509,-525169509,-573997768,-573997768,-511529716,-511529716,-196004723,-196004723,-259632522,-259632522,-253190699,-253190699,-211884404,-211884404,-79233449,-79233449,-65810577,-65810577,-77775657,-77775657,-172032440,-172032440,-207242497,-207242497,-256802746,-256802746,-261587504,-261587504,-385041229,-385041229,-497638403,-497638403,-385715461,-385715461,-261028918,-261028918,-465420272,-465420272,-493689779,-493689779,-125690308,-125690308,-204504392,-204504392,-211495179,-211495179,-463030175,-463030175,-384972881,-384972881,-33612605,-33612605,156383872,156383872,96178319,96178319,257526291,257526291,565190124,565190124,536563374,536563374,615335990
f = 826372334,0,1 | route T | claimed 2520.6600180020110597 | coeffs 615335990,615335990,525169509,525169509,573997768,573997768,511529716,511529716,196004723,196004723,259632522,259632522,253190699,253190699,211884404,211884404,79233449,79233449,65810577,65810577,77775657,77775657,172032440,172032440,207242497,207242497,256802746,256802746,261587504,261587504,385041229,385041229,497638403,497638403,385715461,385715461,261028918,261028918,465420272,465420272,493689779,493689779,125690308,125690308,204504392,204504392,211495179,211495179,463030175,463030175,384972881,384972881,33612605,33612605,-156383872,-156383872,-96178319,-96178319,-257526291,-257526291,-565190124,-565190124,-536563374,-536563374
# status f = 826372334,0,1 : PASS_RHO (rho 0.91793, T 2520.7, 1s)
f = 869698558,0,1 | route RHO | claimed 0.86603677689701514403 | coeffs -3544029,9878843,9878843,-305646150,-305646150,-277019400,-277019400,74340876,74340876,-293658595,-293658595,-406255769,-406255769,-311998986,-311998986,-305557163,-305557163,-395723644,-395723644,-335518091,-335518091,-342508878,-342508878,-467195421,-467195421,-516755670,-516755670,-649406625,-649406625,-586938573,-586938573,-279274740,-279274740,-357332034,-357332034,-385601541,-385601541,-262147816,-262147816,-274112896,-274112896,-210485097,-210485097,-289257713,-289257713,-99261236,-99261236,-20447152,-20447152,91475790,91475790,126685847,126685847,167992142,167992142,216820401,216820401,55472429,55472429,-196062567,-196062567,8328787,8328787,3544029
f = 869698558,0,1 | route T | claimed 2038.9341686219192555 | coeffs 214896132,335436599,335436599,358121469,358121469,628720529,628720529,347318682,347318682,476924425,476924425,486536730,486536730,331291253,331291253,546052319,546052319,337489547,337489547,330636858,330636858,280301805,280301805,144840988,144840988,372221920,372221920,539747746,539747746,562110411,562110411,315910667,315910667,472661909,472661909,324533758,324533758,53846551,53846551,-11298894,-11298894,-238596075,-238596075,-158436755,-158436755,-260646924,-260646924,-585076830,-585076830,-418321711,-418321711,-315276407,-315276407,-151471202,-151471202,-151965182,-151965182,-159534355,-159534355,-81438721,-81438721,-142840602,-142840602,-214896132
# status f = 869698558,0,1 : PASS_RHO (rho 0.86604, T 2038.9, 0s)
f = 869898984,0,1 | route RHO | claimed 0.95493420456824482337 | coeffs -26119492,-26119492,-61329549,-61329549,-429329020,-429329020,-121665187,-121665187,-80358892,-80358892,32238282,32238282,110295576,110295576,61467317,61467317,155724100,155724100,127454593,127454593,-33893379,-33893379,-40335202,-40335202,-163788927,-163788927,87746069,87746069,-2420412,-2420412,-14385492,-14385492,190005862,190005862,129800309,129800309,66172510,66172510,70957268,70957268,63966481,63966481,-14806135,-14806135,-28229007,-28229007,96457536,96457536,-93538941,-93538941,-409063934,-409063934,-458624183,-458624183,-379810099,-379810099,-408436849,-408436849,-275785894,-275785894,-387708836,-387708836,-36348560,-36348560
f = 869898984,0,1 | route T | claimed 2399.0744385970254026 | coeffs -96457536,-96457536,93538941,93538941,409063934,409063934,458624183,458624183,379810099,379810099,408436849,408436849,275785894,275785894,387708836,387708836,36348560,36348560,-26119492,-26119492,-61329549,-61329549,-429329020,-429329020,-121665187,-121665187,-80358892,-80358892,32238282,32238282,110295576,110295576,61467317,61467317,155724100,155724100,127454593,127454593,-33893379,-33893379,-40335202,-40335202,-163788927,-163788927,87746069,87746069,-2420412,-2420412,-14385492,-14385492,190005862,190005862,129800309,129800309,66172510,66172510,70957268,70957268,63966481,63966481,-14806135,-14806135,-28229007,-28229007
# status f = 869898984,0,1 : PASS_RHO (rho 0.95493, T 2399.1, 1s)
f = 882919141,0,1 | route RHO | claimed 0.91793310949177512975 | coeffs 385715461,497638403,497638403,385041229,385041229,261587504,261587504,256802746,256802746,207242497,207242497,172032440,172032440,77775657,77775657,65810577,65810577,79233449,79233449,211884404,211884404,253190699,253190699,259632522,259632522,196004723,196004723,511529716,511529716,573997768,573997768,525169509,525169509,615335990,615335990,536563374,536563374,565190124,565190124,257526291,257526291,96178319,96178319,156383872,156383872,-33612605,-33612605,-384972881,-384972881,-463030175,-463030175,-211495179,-211495179,-204504392,-204504392,-125690308,-125690308,-493689779,-493689779,-465420272,-465420272,-261028918,-261028918,-385715461
f = 882919141,0,1 | route T | claimed 3022.2468050351486289 | coeffs -297503306,-297503306,-663608852,-663608852,-632973677,-632973677,-679648843,-679648843,-674100826,-674100826,-815340033,-815340033,-903402799,-903402799,-855289738,-855289738,-624499410,-624499410,-415221899,-415221899,-402759485,-402759485,-482859674,-482859674,-318695982,-318695982,-483101403,-483101403,-375517363,-375517363,-404897689,-404897689,-579688522,-579688522,-545970210,-545970210,-600484830,-600484830,-290169402,-290169402,-351515318,-351515318,-113852251,-113852251,-514848147,-514848147,-604470516,-604470516,-370945762,-370945762,-305730613,-305730613,-35854558,-35854558,141119626,141119626,55261935,55261935,384464951,384464951,578028521,578028521,557771400,557771400
# status f = 882919141,0,1 : PASS_RHO (rho 0.91793, T 3022.2, 0s)
f = 905971945,0,1 | route RHO | claimed 0.93114814653218831379 | coeffs -319390100,-195936375,-195936375,155423901,155423901,91796102,91796102,204393276,204393276,394389753,394389753,400831576,400831576,288908634,288908634,228703081,228703081,270009376,270009376,145322833,145322833,306670805,306670805,439321760,439321760,643713114,643713114,951376947,951376947,964799819,964799819,993069326,993069326,964442576,964442576,952477496,952477496,584478025,584478025,663250641,663250641,568993858,568993858,647807942,647807942,557641461,557641461,522431404,522431404,529422191,529422191,578250450,578250450,528690201,528690201,780225197,780225197,717757145,717757145,712972387,712972387,634915093,634915093,319390100
f = 905971945,0,1 | route T | claimed 2392.5574460070011268 | coeffs -319390100,-195936375,-195936375,155423901,155423901,91796102,91796102,204393276,204393276,394389753,394389753,400831576,400831576,288908634,288908634,228703081,228703081,270009376,270009376,145322833,145322833,306670805,306670805,439321760,439321760,643713114,643713114,951376947,951376947,964799819,964799819,993069326,993069326,964442576,964442576,952477496,952477496,584478025,584478025,663250641,663250641,568993858,568993858,647807942,647807942,557641461,557641461,522431404,522431404,529422191,529422191,578250450,578250450,528690201,528690201,780225197,780225197,717757145,717757145,712972387,712972387,634915093,634915093,319390100
# status f = 905971945,0,1 : PASS_RHO (rho 0.93115, T 2392.6, 0s)
f = 920520766,0,1 | route RHO | claimed 0.90065004431919979083 | coeffs -145200762,-21747037,-21747037,57067047,57067047,-104280925,-104280925,211244068,211244068,116987285,116987285,241673828,241673828,319731122,319731122,398503738,398503738,357197443,357197443,361982201,361982201,-6017270,-6017270,54188283,54188283,116656335,116656335,104691255,104691255,216614197,216614197,-34920799,-34920799,-63547549,-63547549,-69989372,-69989372,-20429123,-20429123,7840384,7840384,-182156093,-182156093,-230984352,-230984352,-217561480,-217561480,-330158654,-330158654,-337149441,-337149441,-29485608,-29485608,34142191,34142191,69352248,69352248,273743602,273743602,-77616674,-77616674,12549807,12549807,145200762
f = 920520766,0,1 | route T | claimed 2810.5991724639951943 | coeffs -638858514,-752072447,-752072447,-627674204,-627674204,-649001036,-649001036,-359970312,-359970312,-273866199,-273866199,-138633862,-138633862,216775579,216775579,165455525,165455525,270805144,270805144,284720954,284720954,82619869,82619869,-33848514,-33848514,117620348,117620348,208279897,208279897,202765848,202765848,218889166,218889166,223605587,223605587,331825391,331825391,635693869,635693869,668250315,668250315,726618028,726618028,628442488,628442488,307063474,307063474,57050331,57050331,351996712,351996712,514130271,514130271,280816411,280816411,516870060,516870060,573441913,573441913,603013015,603013015,771477646,771477646,638858514
# status f = 920520766,0,1 : PASS_RHO (rho 0.90065, T 2810.6, 0s)
f = 963046969,0,1 | route RHO | claimed 0.92141691063614286274 | coeffs -310736818,-339363568,-339363568,-374573625,-374573625,-452630919,-452630919,-459072742,-459072742,-663464096,-663464096,-742236712,-742236712,-692676463,-692676463,-341316187,-341316187,-300009892,-300009892,-271740385,-271740385,-361906866,-361906866,-366691624,-366691624,-556688101,-556688101,-689339056,-689339056,-321339585,-321339585,-370167844,-370167844,-246714119,-246714119,-306919672,-306919672,-293496800,-293496800,-214682716,-214682716,-277150768,-277150768,-389747942,-389747942,-551095914,-551095914,-539130834,-539130834,-546121621,-546121621,-230596628,-230596628,-342519570,-342519570,-34855737,-34855737,-129112520,-129112520,122422476,122422476,186050275,186050275,310736818
f = 963046969,0,1 | route T | claimed 1761.9703561785217469 | coeffs -230596628,-342519570,-342519570,-34855737,-34855737,-129112520,-129112520,122422476,122422476,186050275,186050275,310736818,310736818,339363568,339363568,374573625,374573625,452630919,452630919,459072742,459072742,663464096,663464096,742236712,742236712,692676463,692676463,341316187,341316187,300009892,300009892,271740385,271740385,361906866,361906866,366691624,366691624,556688101,556688101,689339056,689339056,321339585,321339585,370167844,370167844,246714119,246714119,306919672,306919672,293496800,293496800,214682716,214682716,277150768,277150768,389747942,389747942,551095914,551095914,539130834,539130834,546121621,546121621,230596628
# status f = 963046969,0,1 : PASS_RHO (rho 0.92142, T 1762.0, 1s)
f = 980407614,0,1 | route RHO | claimed 0.90431647624813648318 | coeffs 704950844,453415848,453415848,403855599,403855599,355027340,355027340,362018127,362018127,397228184,397228184,307061703,307061703,228247619,228247619,133990836,133990836,55218220,55218220,-312781251,-312781251,-300816171,-300816171,-329442921,-329442921,-357712428,-357712428,-344289556,-344289556,-651953389,-651953389,-447562035,-447562035,-580212990,-580212990,-418865018,-418865018,-294178475,-294178475,-252872180,-252872180,-192666627,-192666627,-304589569,-304589569,-311031392,-311031392,-121034915,-121034915,-233632089,-233632089,-297259888,-297259888,-648620164,-648620164,-525166439,-525166439,-840691432,-840691432,-762634138,-762634138,-767418896,-767418896,-704950844
f = 980407614,0,1 | route T | claimed 1560.9754958165372402 | coeffs 312781251,312781251,300816171,300816171,329442921,329442921,357712428,357712428,344289556,344289556,651953389,651953389,447562035,447562035,580212990,580212990,418865018,418865018,294178475,294178475,252872180,252872180,192666627,192666627,304589569,304589569,311031392,311031392,121034915,121034915,233632089,233632089,297259888,297259888,648620164,648620164,525166439,525166439,840691432,840691432,762634138,762634138,767418896,767418896,704950844,704950844,453415848,453415848,403855599,403855599,355027340,355027340,362018127,362018127,397228184,397228184,307061703,307061703,228247619,228247619,133990836,133990836,55218220,55218220
# status f = 980407614,0,1 : PASS_RHO (rho 0.90432, T 1561.0, 0s)
f = 997868102,0,1 | route RHO | claimed 0.94779497818072099027 | coeffs 567531296,554108424,554108424,589318481,589318481,712772206,712772206,588085663,588085663,220086192,220086192,471621188,471621188,281624711,281624711,-26039122,-26039122,64127359,64127359,379652352,379652352,420958647,420958647,408993567,408993567,359433318,359433318,246836144,246836144,42444790,42444790,-36369294,-36369294,41688000,41688000,-18517553,-18517553,-47144303,-47144303,1683956,1683956,65311755,65311755,-67339200,-67339200,26917583,26917583,31702341,31702341,-80220601,-80220601,-51951094,-51951094,-44960307,-44960307,-396320583,-396320583,-557668555,-557668555,-636441171,-636441171,-573973119,-573973119,-567531296
f = 997868102,0,1 | route T | claimed 2613.7066788600206404 | coeffs 347677117,297949839,297949839,221952152,221952152,431755166,431755166,547514001,547514001,115974607,115974607,387920573,387920573,240753292,240753292,261490085,261490085,310574556,310574556,258781819,258781819,267693777,267693777,262779867,262779867,312311447,312311447,527480401,527480401,345245017,345245017,92014337,92014337,84405684,84405684,148342562,148342562,233536206,233536206,-44195138,-44195138,113810178,113810178,418483494,418483494,304380642,304380642,339270968,339270968,234220640,234220640,176140812,176140812,207039710,207039710,62118507,62118507,-344662266,-344662266,-97933169,-97933169,-155662289,-155662289,-347677117
# status f = 997868102,0,1 : PASS_RHO (rho 0.94779, T 2613.7, 1s)
# summary n = 7 l = 1000136257 : EXCLUSION_CANDIDATE ; PASS 32 / 32 ; OPEN_NEAR 0 ; OPEN_FAR 0 ; 17s
