# FAMILY WITNESS FILE (generator family_gen.sage r10). n = 7 ; l = 1000200001 ; m = 64 ; deg = 2 ; ncomp = 32 ; bar_T = 4224 ; L_n = 16.3328709449664096755483535644
# line: f = c0,...,c_deg (monic, over F_l) | route RHO|T | claimed (rho or T, float) | coeffs a_0..a_{m-1}
f = 35824294,0,1 | route RHO | claimed 0.96692583434978781438 | coeffs -231665874,-261230077,-261230077,-261723946,-261723946,-336018256,-336018256,-117047558,-117047558,-92923186,-92923186,-365156720,-365156720,-346381339,-346381339,-153763313,-153763313,-167006702,-167006702,99395125,99395125,-102192025,-102192025,-298395509,-298395509,-405999545,-405999545,-324247041,-324247041,-296085435,-296085435,-245473397,-245473397,-278550420,-278550420,-219191253,-219191253,-81150297,-81150297,-28322395,-28322395,-87650153,-87650153,-328585030,-328585030,-273652845,-273652845,-140565217,-140565217,291510933,291510933,266660354,266660354,-73589878,-73589878,152184220,152184220,274977635,274977635,116472388,116472388,149754651,149754651,231665874
f = 35824294,0,1 | route T | claimed 2313.6242739036576923 | coeffs 101846405,101846405,132234292,132234292,-29363830,-29363830,-99563028,-99563028,64448270,64448270,-208618668,-208618668,-151596337,-151596337,-8583235,-8583235,-80626587,-80626587,-14336350,-14336350,71945909,71945909,-282631772,-282631772,-231759038,-231759038,-221262442,-221262442,-651860644,-651860644,-432328082,-432328082,-685403582,-685403582,-522661839,-522661839,-429570327,-429570327,-175940855,-175940855,-299480686,-299480686,-240319969,-240319969,-213631931,-213631931,-456247012,-456247012,18591731,18591731,-55332155,-55332155,-17261599,-17261599,18834368,18834368,147010827,147010827,83791940,83791940,78329053,78329053,-17284776,-17284776
# status f = 35824294,0,1 : PASS_RHO (rho 0.96693, T 2313.6, 1s)
f = 98175253,0,1 | route RHO | claimed 0.97226040029802121112 | coeffs -147318846,-147318846,-387625509,-387625509,-334149894,-334149894,-23881400,-23881400,7723674,7723674,-219426627,-219426627,-147431105,-147431105,-389899663,-389899663,-214712354,-214712354,-105431962,-105431962,-136368887,-136368887,6567939,6567939,562272420,562272420,337968186,337968186,455832013,455832013,372756546,372756546,221276237,221276237,160140484,160140484,142817106,142817106,133184311,133184311,126447835,126447835,411437696,411437696,345908558,345908558,227056436,227056436,271525179,271525179,334967505,334967505,364394367,364394367,287002773,287002773,133022546,133022546,134423802,134423802,380217477,380217477,71342135,71342135
f = 98175253,0,1 | route T | claimed 2595.5360541587514494 | coeffs 325339946,325339946,184317794,184317794,172379060,172379060,135224581,135224581,58466064,58466064,189744302,189744302,128188886,128188886,-85720960,-85720960,-277304340,-277304340,-189213510,-189213510,-268999863,-268999863,-465434724,-465434724,-396631806,-396631806,-315195381,-315195381,-488285702,-488285702,-294109517,-294109517,-469727458,-469727458,-646464730,-646464730,-433676692,-433676692,-63405126,-63405126,-185868039,-185868039,-255496286,-255496286,-12765145,-12765145,207836919,207836919,266514320,266514320,171088751,171088751,106296620,106296620,-271644605,-271644605,-37128161,-37128161,-319559638,-319559638,-377403892,-377403892,-311377607,-311377607
# status f = 98175253,0,1 : PASS_RHO (rho 0.97226, T 2595.5, 0s)
f = 103096124,0,1 | route RHO | claimed 0.94907295145228136767 | coeffs -172322989,-64131479,-64131479,-204764635,-204764635,-131876747,-131876747,-196794322,-196794322,-66478855,-66478855,-99797547,-99797547,-38196997,-38196997,-347650042,-347650042,-277708701,-277708701,9434009,9434009,-33486820,-33486820,-219717683,-219717683,19253276,19253276,361621460,361621460,209667727,209667727,277089011,277089011,254434201,254434201,110379865,110379865,162446939,162446939,200653706,200653706,280846441,280846441,303455487,303455487,274442329,274442329,40357916,40357916,8277349,8277349,445146180,445146180,338691392,338691392,337831829,337831829,79789940,79789940,172477712,172477712,231767644,231767644,172322989
f = 103096124,0,1 | route T | claimed 2758.8976851217063881 | coeffs 1430820012,1137230521,1137230521,1035486248,1035486248,929720009,929720009,893271245,893271245,514581948,514581948,562480032,562480032,469020391,469020391,61423733,61423733,278437519,278437519,104946935,104946935,-295549636,-295549636,-196412901,-196412901,-341501577,-341501577,-287748050,-287748050,-422859923,-422859923,-628553682,-628553682,-763162562,-763162562,-666979441,-666979441,-477335469,-477335469,-790569491,-790569491,-744305792,-744305792,-756295498,-756295498,-947607384,-947607384,-806507579,-806507579,-853876340,-853876340,-977655161,-977655161,-885179235,-885179235,-1074001258,-1074001258,-1212168384,-1212168384,-1196186138,-1196186138,-1269049014,-1269049014,-1430820012
# status f = 103096124,0,1 : PASS_RHO (rho 0.94907, T 2758.9, 0s)
f = 107400180,0,1 | route RHO | claimed 0.96753297078097920314 | coeffs 375344560,240691670,240691670,370240357,370240357,683103947,683103947,628606639,628606639,627468723,627468723,663309759,663309759,605449459,605449459,438868198,438868198,128902073,128902073,354061759,354061759,433574972,433574972,406170217,406170217,332468499,332468499,474582731,474582731,551655852,551655852,343626902,343626902,495596609,495596609,348077664,348077664,174313555,174313555,-103009859,-103009859,146973287,146973287,-123747006,-123747006,-102296875,-102296875,36189905,36189905,-197172011,-197172011,-240821595,-240821595,-46172980,-46172980,-160282433,-160282433,-225327294,-225327294,-307271484,-307271484,-536883213,-536883213,-375344560
f = 107400180,0,1 | route T | claimed 2421.7683836780323085 | coeffs 375344560,240691670,240691670,370240357,370240357,683103947,683103947,628606639,628606639,627468723,627468723,663309759,663309759,605449459,605449459,438868198,438868198,128902073,128902073,354061759,354061759,433574972,433574972,406170217,406170217,332468499,332468499,474582731,474582731,551655852,551655852,343626902,343626902,495596609,495596609,348077664,348077664,174313555,174313555,-103009859,-103009859,146973287,146973287,-123747006,-123747006,-102296875,-102296875,36189905,36189905,-197172011,-197172011,-240821595,-240821595,-46172980,-46172980,-160282433,-160282433,-225327294,-225327294,-307271484,-307271484,-536883213,-536883213,-375344560
# status f = 107400180,0,1 : PASS_RHO (rho 0.96753, T 2421.8, 0s)
f = 134313547,0,1 | route RHO | claimed 0.95508616251155375461 | coeffs 45034642,-5577396,-5577396,-35141599,-35141599,24217568,24217568,98511878,98511878,45683976,45683976,69808348,69808348,-171126529,-171126529,-189901910,-189901910,-322989538,-322989538,-336232927,-336232927,-361083506,-361083506,-159496356,-159496356,-385270454,-385270454,-492874490,-492874490,-651379737,-651379737,-679541343,-679541343,-761452566,-761452566,-794529589,-794529589,-794035720,-794035720,-932076676,-932076676,-713105978,-713105978,-772433736,-772433736,-500200202,-500200202,-555132387,-555132387,-362514361,-362514361,69561789,69561789,-196840038,-196840038,143410194,143410194,-52793290,-52793290,70000125,70000125,-11752379,-11752379,-45034642
f = 134313547,0,1 | route T | claimed 2621.6815819955321424 | coeffs -197509246,-12239849,-12239849,244617014,244617014,392305231,392305231,609509378,609509378,632636218,632636218,606889958,606889958,480755737,480755737,360302534,360302534,282815987,282815987,641610751,641610751,706012187,706012187,746399123,746399123,638744879,638744879,593319298,593319298,446548110,446548110,269453210,269453210,477823364,477823364,330569334,330569334,44001745,44001745,-3220878,-3220878,152097405,152097405,10944613,10944613,106544007,106544007,-124658521,-124658521,-23204138,-23204138,336816353,336816353,178039713,178039713,288387583,288387583,252825383,252825383,52609732,52609732,203567301,203567301,197509246
# status f = 134313547,0,1 : PASS_RHO (rho 0.95509, T 2621.7, 0s)
f = 140435512,0,1 | route RHO | claimed 0.97226040029802121112 | coeffs -126447835,-133184311,-133184311,-142817106,-142817106,-160140484,-160140484,-221276237,-221276237,-372756546,-372756546,-455832013,-455832013,-337968186,-337968186,-562272420,-562272420,-6567939,-6567939,136368887,136368887,105431962,105431962,214712354,214712354,389899663,389899663,147431105,147431105,219426627,219426627,-7723674,-7723674,23881400,23881400,334149894,334149894,387625509,387625509,147318846,147318846,71342135,71342135,380217477,380217477,134423802,134423802,133022546,133022546,287002773,287002773,364394367,364394367,334967505,334967505,271525179,271525179,227056436,227056436,345908558,345908558,411437696,411437696,126447835
f = 140435512,0,1 | route T | claimed 2422.480929028261063 | coeffs -221276237,-372756546,-372756546,-455832013,-455832013,-337968186,-337968186,-562272420,-562272420,-6567939,-6567939,136368887,136368887,105431962,105431962,214712354,214712354,389899663,389899663,147431105,147431105,219426627,219426627,-7723674,-7723674,23881400,23881400,334149894,334149894,387625509,387625509,147318846,147318846,71342135,71342135,380217477,380217477,134423802,134423802,133022546,133022546,287002773,287002773,364394367,364394367,334967505,334967505,271525179,271525179,227056436,227056436,345908558,345908558,411437696,411437696,126447835,126447835,133184311,133184311,142817106,142817106,160140484,160140484,221276237
# status f = 140435512,0,1 : PASS_RHO (rho 0.97226, T 2422.5, 0s)
f = 178212160,0,1 | route RHO | claimed 0.93728053262204318315 | coeffs 197648207,409218706,409218706,321657557,321657557,491230351,491230351,631499300,631499300,436215150,436215150,415459162,415459162,499076979,499076979,329515118,329515118,345654052,345654052,365025706,365025706,651421089,651421089,530515502,530515502,506864424,506864424,538486783,538486783,443637694,443637694,277065981,277065981,369338334,369338334,188613476,188613476,292431093,292431093,394047268,394047268,137224293,137224293,29769875,29769875,-38601073,-38601073,-305452321,-305452321,4325594,4325594,-301558952,-301558952,-361627391,-361627391,-180004132,-180004132,12395955,12395955,-239562227,-239562227,-399819151,-399819151,-197648207
f = 178212160,0,1 | route T | claimed 2256.1185000745268676 | coeffs -156082760,-132789883,-132789883,209186913,209186913,39319393,39319393,120236900,120236900,260138085,260138085,254804413,254804413,98866070,98866070,246973893,246973893,490863165,490863165,439079866,439079866,643582121,643582121,468468675,468468675,513331118,513331118,467922010,467922010,680233773,680233773,481276490,481276490,589781004,589781004,573661450,573661450,30228053,30228053,168274766,168274766,257257941,257257941,251680410,251680410,77916941,77916941,65036519,65036519,-165110646,-165110646,-57149200,-57149200,122861977,122861977,160203691,160203691,314588754,314588754,337405356,337405356,286248684,286248684,156082760
# status f = 178212160,0,1 : PASS_RHO (rho 0.93728, T 2256.1, 0s)
f = 285650952,0,1 | route RHO | claimed 0.96297126734162890489 | coeffs 63737227,4378060,4378060,37660323,37660323,-158543161,-158543161,-590619311,-590619311,-318385777,-318385777,-180344821,-180344821,-262256044,-262256044,-154652008,-154652008,-179502587,-179502587,-160727206,-160727206,-213555108,-213555108,-183990905,-183990905,-102238401,-102238401,238011831,238011831,45393805,45393805,-13933953,-13933953,-14427822,-14427822,-42589428,-42589428,183184670,183184670,169941281,169941281,410876158,410876158,485170468,485170468,535782506,535782506,412989091,412989091,146587264,146587264,201519449,201519449,420490147,420490147,453567170,453567170,295061923,295061923,93474773,93474773,-39612855,-39612855,-63737227
f = 285650952,0,1 | route T | claimed 2878.2513928264730733 | coeffs -309040167,-264714507,-264714507,-587742953,-587742953,-663445728,-663445728,-731986560,-731986560,-667620464,-667620464,-547791098,-547791098,-269381032,-269381032,-289595300,-289595300,-249176542,-249176542,-139259974,-139259974,-42457632,-42457632,-185021306,-185021306,-548441765,-548441765,-505614715,-505614715,-78767732,-78767732,-28426734,-28426734,103243553,103243553,8866217,8866217,139840306,139840306,-66846619,-66846619,-107832983,-107832983,-153560791,-153560791,-325213517,-325213517,20642026,20642026,253946779,253946779,-28112054,-28112054,2948166,2948166,52551744,52551744,70448916,70448916,244753310,244753310,171670982,171670982,309040167
# status f = 285650952,0,1 : PASS_RHO (rho 0.96297, T 2878.3, 0s)
f = 382702433,0,1 | route RHO | claimed 0.96809078219820882574 | coeffs -153211805,-153211805,-219703063,-219703063,-287143389,-287143389,-247007714,-247007714,-536356809,-536356809,-843107085,-843107085,-521125314,-521125314,-398313103,-398313103,-405257850,-405257850,-315092727,-315092727,-334624021,-334624021,-241380902,-241380902,-276387617,-276387617,-357267987,-357267987,-127479864,-127479864,70149947,70149947,-191100152,-191100152,-90048029,-90048029,-9391264,-9391264,-128631248,-128631248,-200931710,-200931710,-286365943,-286365943,-362162436,-362162436,-246248565,-246248565,2581807,2581807,-81673215,-81673215,-203159910,-203159910,-16576935,-16576935,-244865152,-244865152,-113432321,-113432321,-248543554,-248543554,82001241,82001241
f = 382702433,0,1 | route T | claimed 2077.0323741667396644 | coeffs -213317473,223551358,223551358,171484284,171484284,-14746579,-14746579,-145062046,-145062046,-237749818,-237749818,-266762976,-266762976,-334184260,-334184260,-264242919,-264242919,-123609763,-123609763,-17154975,-17154975,21051792,21051792,-217919167,-217919167,-251237859,-251237859,-191947927,-191947927,42136486,42136486,19481676,19481676,-267661034,-267661034,-194773146,-194773146,-195632709,-195632709,-275825444,-275825444,66542740,66542740,4942190,4942190,64386845,64386845,32306278,32306278,176360614,176360614,133439785,133439785,198357360,198357360,456399249,456399249,479008295,479008295,630962028,630962028,321508983,321508983,213317473
# status f = 382702433,0,1 : PASS_RHO (rho 0.96809, T 2077.0, 1s)
f = 385533341,0,1 | route RHO | claimed 0.96247452264622546884 | coeffs -261432401,-261432401,-102927154,-102927154,-240968110,-240968110,-433586136,-433586136,-310792721,-310792721,-251433554,-251433554,-232658173,-232658173,-458432271,-458432271,-425355248,-425355248,-153121714,-153121714,-493371946,-493371946,-442759908,-442759908,-418635536,-418635536,-393784957,-393784957,-421946563,-421946563,-640917261,-640917261,-208841111,-208841111,-127088607,-127088607,-201382917,-201382917,-334470545,-334470545,-226866509,-226866509,-226372640,-226372640,-171440455,-171440455,-367643939,-367643939,-397208142,-397208142,-156273265,-156273265,45313885,45313885,127225108,127225108,67897350,67897350,334299177,334299177,301016914,301016914,248189012,248189012
f = 385533341,0,1 | route T | claimed 2275.7242316129708767 | coeffs 327417584,327417584,191183746,191183746,132306242,132306242,346658538,346658538,187277671,187277671,-59295682,-59295682,107705858,107705858,-210968475,-210968475,-182574707,-182574707,-224343463,-224343463,-408575365,-408575365,-113592556,-113592556,-99654783,-99654783,-182883313,-182883313,-406486905,-406486905,-371528854,-371528854,-495055667,-495055667,-538510876,-538510876,-462471979,-462471979,-448642625,-448642625,-341933630,-341933630,-242093407,-242093407,-464662659,-464662659,-461160139,-461160139,-160958567,-160958567,-113594863,-113594863,102500567,102500567,-5461624,-5461624,-36533080,-36533080,188503422,188503422,300302164,300302164,-95337010,-95337010
# status f = 385533341,0,1 : PASS_RHO (rho 0.96247, T 2275.7, 1s)
f = 408242550,0,1 | route RHO | claimed 0.92844056263677090279 | coeffs -79651626,119864916,119864916,-285345385,-285345385,27388990,27388990,-333243469,-333243469,-107219890,-107219890,-144421446,-144421446,-13760249,-13760249,-48238325,-48238325,124406877,124406877,359358333,359358333,314050849,314050849,343376087,343376087,97037063,97037063,30142065,30142065,169899939,169899939,203632649,203632649,216163638,216163638,365403647,365403647,616660209,616660209,353413941,353413941,323070718,323070718,254277206,254277206,131758832,131758832,152532933,152532933,276847508,276847508,293632738,293632738,171081269,171081269,239879211,239879211,123712508,123712508,203430447,203430447,258824381,258824381,79651626
f = 408242550,0,1 | route T | claimed 1890.8578831147018538 | coeffs -13311951,-13311951,235193878,235193878,113427758,113427758,139191445,139191445,-57004368,-57004368,163752283,163752283,230349548,230349548,295872884,295872884,87429448,87429448,172558040,172558040,333415533,333415533,113339202,113339202,-169951838,-169951838,-185109805,-185109805,155379392,155379392,110125541,110125541,-103901935,-103901935,-169931348,-169931348,-291153422,-291153422,-48121760,-48121760,-155956774,-155956774,-331183286,-331183286,-6886097,-6886097,-166865185,-166865185,-49572568,-49572568,-33815996,-33815996,-122451327,-122451327,-169087421,-169087421,-273881859,-273881859,-122405788,-122405788,-359713857,-359713857,-132681632,-132681632
# status f = 408242550,0,1 : PASS_RHO (rho 0.92844, T 1890.9, 1s)
f = 422472666,0,1 | route RHO | claimed 0.90654851073484550817 | coeffs 731591304,731591304,890096551,890096551,871321170,871321170,921933208,921933208,489857058,489857058,490350927,490350927,288763777,288763777,235935875,235935875,358729290,358729290,86495756,86495756,58334150,58334150,191421778,191421778,161857575,161857575,-104544252,-104544252,33496704,33496704,-192277394,-192277394,-216401766,-216401766,-134649262,-134649262,-189581447,-189581447,-107670224,-107670224,-120913613,-120913613,-180272780,-180272780,-520523012,-520523012,-301552314,-301552314,-193948278,-193948278,-434883155,-434883155,-468165418,-468165418,-660783444,-660783444,-693860467,-693860467,-669009888,-669009888,-594715578,-594715578,-790919062,-790919062
f = 422472666,0,1 | route T | claimed 2216.429575623365659 | coeffs -86495756,-58334150,-58334150,-191421778,-191421778,-161857575,-161857575,104544252,104544252,-33496704,-33496704,192277394,192277394,216401766,216401766,134649262,134649262,189581447,189581447,107670224,107670224,120913613,120913613,180272780,180272780,520523012,520523012,301552314,301552314,193948278,193948278,434883155,434883155,468165418,468165418,660783444,660783444,693860467,693860467,669009888,669009888,594715578,594715578,790919062,790919062,731591304,731591304,890096551,890096551,871321170,871321170,921933208,921933208,489857058,489857058,490350927,490350927,288763777,288763777,235935875,235935875,358729290,358729290,86495756
# status f = 422472666,0,1 : PASS_RHO (rho 0.90655, T 2216.4, 0s)
f = 431036392,0,1 | route RHO | claimed 0.96247452264622546884 | coeffs 201382917,201382917,127088607,127088607,208841111,208841111,640917261,640917261,421946563,421946563,393784957,393784957,418635536,418635536,442759908,442759908,493371946,493371946,153121714,153121714,425355248,425355248,458432271,458432271,232658173,232658173,251433554,251433554,310792721,310792721,433586136,433586136,240968110,240968110,102927154,102927154,261432401,261432401,248189012,248189012,301016914,301016914,334299177,334299177,67897350,67897350,127225108,127225108,45313885,45313885,-156273265,-156273265,-397208142,-397208142,-367643939,-367643939,-171440455,-171440455,-226372640,-226372640,-226866509,-226866509,-334470545,-334470545
f = 431036392,0,1 | route T | claimed 2661.7270484692110351 | coeffs 397208142,397208142,367643939,367643939,171440455,171440455,226372640,226372640,226866509,226866509,334470545,334470545,201382917,201382917,127088607,127088607,208841111,208841111,640917261,640917261,421946563,421946563,393784957,393784957,418635536,418635536,442759908,442759908,493371946,493371946,153121714,153121714,425355248,425355248,458432271,458432271,232658173,232658173,251433554,251433554,310792721,310792721,433586136,433586136,240968110,240968110,102927154,102927154,261432401,261432401,248189012,248189012,301016914,301016914,334299177,334299177,67897350,67897350,127225108,127225108,45313885,45313885,-156273265,-156273265
# status f = 431036392,0,1 : PASS_RHO (rho 0.96247, T 2661.7, 0s)
f = 434966145,0,1 | route RHO | claimed 0.9563034763071977824 | coeffs -613731755,-613731755,-548814180,-548814180,-468621445,-468621445,-501940137,-501940137,-472926979,-472926979,-163473934,-163473934,-195554501,-195554501,91588209,91588209,198042997,198042997,384273860,384273860,126231971,126231971,468600155,468600155,409310223,409310223,341888939,341888939,233697429,233697429,89643093,89643093,162530981,162530981,124324214,124324214,-5991253,-5991253,16617793,16617793,78218343,78218343,312302756,312302756,242361415,242361415,679230246,679230246,636309417,636309417,637168980,637168980,398198021,398198021,490885793,490885793,338932060,338932060,398376715,398376715,421031525,421031525,561664681,561664681
f = 434966145,0,1 | route T | claimed 2104.8270495065991798 | coeffs -613731755,-613731755,-548814180,-548814180,-468621445,-468621445,-501940137,-501940137,-472926979,-472926979,-163473934,-163473934,-195554501,-195554501,91588209,91588209,198042997,198042997,384273860,384273860,126231971,126231971,468600155,468600155,409310223,409310223,341888939,341888939,233697429,233697429,89643093,89643093,162530981,162530981,124324214,124324214,-5991253,-5991253,16617793,16617793,78218343,78218343,312302756,312302756,242361415,242361415,679230246,679230246,636309417,636309417,637168980,637168980,398198021,398198021,490885793,490885793,338932060,338932060,398376715,398376715,421031525,421031525,561664681,561664681
# status f = 434966145,0,1 : PASS_RHO (rho 0.95630, T 2104.8, 1s)
f = 479354465,0,1 | route RHO | claimed 0.96297126734162890489 | coeffs -146587264,-412989091,-412989091,-535782506,-535782506,-485170468,-485170468,-410876158,-410876158,-169941281,-169941281,-183184670,-183184670,42589428,42589428,14427822,14427822,13933953,13933953,-45393805,-45393805,-238011831,-238011831,102238401,102238401,183990905,183990905,213555108,213555108,160727206,160727206,179502587,179502587,154652008,154652008,262256044,262256044,180344821,180344821,318385777,318385777,590619311,590619311,158543161,158543161,-37660323,-37660323,-4378060,-4378060,-63737227,-63737227,-39612855,-39612855,93474773,93474773,295061923,295061923,453567170,453567170,420490147,420490147,201519449,201519449,146587264
f = 479354465,0,1 | route T | claimed 2134.5310676672883284 | coeffs -186480896,-139844802,-139844802,21012691,21012691,36769263,36769263,245212699,245212699,405191787,405191787,471789052,471789052,296562540,296562540,492758353,492758353,249726691,249726691,127960571,127960571,61931158,61931158,207924741,207924741,253178592,253178592,490486661,490486661,475328694,475328694,370534256,370534256,590610587,590610587,679245918,679245918,764374510,764374510,881667127,881667127,816143791,816143791,491846602,491846602,712603253,712603253,604768239,604768239,579004552,579004552,700226626,700226626,948732455,948732455,734704979,734704979,961737204,961737204,621248007,621248007,469771936,469771936,186480896
# status f = 479354465,0,1 : PASS_RHO (rho 0.96297, T 2134.5, 0s)
f = 498239891,0,1 | route RHO | claimed 0.93467877270917265924 | coeffs -2221116,-2221116,255820773,255820773,399875109,399875109,338274559,338274559,337414996,337414996,314760186,314760186,281441494,281441494,387896282,387896282,320474998,320474998,190159531,190159531,627028362,627028362,475074629,475074629,410157054,410157054,442237621,442237621,99869437,99869437,26981549,26981549,-207102864,-207102864,31868095,31868095,-108765061,-108765061,-79751903,-79751903,106478960,106478960,-1712550,-1712550,20896496,20896496,-22024333,-22024333,37420322,37420322,-42772413,-42772413,-329915123,-329915123,-270625191,-270625191,-232418424,-232418424,-162477083,-162477083,-255164855,-255164855,-307231929,-307231929
f = 498239891,0,1 | route T | claimed 1848.4226687955318799 | coeffs -99869437,-99869437,-26981549,-26981549,207102864,207102864,-31868095,-31868095,108765061,108765061,79751903,79751903,-106478960,-106478960,1712550,1712550,-20896496,-20896496,22024333,22024333,-37420322,-37420322,42772413,42772413,329915123,329915123,270625191,270625191,232418424,232418424,162477083,162477083,255164855,255164855,307231929,307231929,-2221116,-2221116,255820773,255820773,399875109,399875109,338274559,338274559,337414996,337414996,314760186,314760186,281441494,281441494,387896282,387896282,320474998,320474998,190159531,190159531,627028362,627028362,475074629,475074629,410157054,410157054,442237621,442237621
# status f = 498239891,0,1 : PASS_RHO (rho 0.93468, T 1848.4, 1s)
f = 501960110,0,1 | route RHO | claimed 0.92844056263677090279 | coeffs 48238325,48238325,13760249,13760249,144421446,144421446,107219890,107219890,333243469,333243469,-27388990,-27388990,285345385,285345385,-119864916,-119864916,79651626,79651626,258824381,258824381,203430447,203430447,123712508,123712508,239879211,239879211,171081269,171081269,293632738,293632738,276847508,276847508,152532933,152532933,131758832,131758832,254277206,254277206,323070718,323070718,353413941,353413941,616660209,616660209,365403647,365403647,216163638,216163638,203632649,203632649,169899939,169899939,30142065,30142065,97037063,97037063,343376087,343376087,314050849,314050849,359358333,359358333,124406877,124406877
f = 501960110,0,1 | route T | claimed 2057.8917234467914449 | coeffs 48238325,48238325,13760249,13760249,144421446,144421446,107219890,107219890,333243469,333243469,-27388990,-27388990,285345385,285345385,-119864916,-119864916,79651626,79651626,258824381,258824381,203430447,203430447,123712508,123712508,239879211,239879211,171081269,171081269,293632738,293632738,276847508,276847508,152532933,152532933,131758832,131758832,254277206,254277206,323070718,323070718,353413941,353413941,616660209,616660209,365403647,365403647,216163638,216163638,203632649,203632649,169899939,169899939,30142065,30142065,97037063,97037063,343376087,343376087,314050849,314050849,359358333,359358333,124406877,124406877
# status f = 501960110,0,1 : PASS_RHO (rho 0.92844, T 2057.9, 0s)
f = 520845536,0,1 | route RHO | claimed 0.96031594901971234512 | coeffs -630113737,-630113737,-342971027,-342971027,-191017294,-191017294,-152810527,-152810527,-120729960,-120729960,-28042188,-28042188,44845700,44845700,354298745,354298745,593269704,593269704,737324040,737324040,708310882,708310882,709170445,709170445,600978935,600978935,567660243,567660243,610581072,610581072,678002356,678002356,597809621,597809621,1034678452,1034678452,975388520,975388520,1040306095,1040306095,1110247436,1110247436,767879252,767879252,819946326,819946326,1054030739,1054030739,795988850,795988850,655355694,655355694,593755144,593755144,407524281,407524281,430179091,430179091,452788137,452788137,559242925,559242925,499798270,499798270
f = 520845536,0,1 | route T | claimed 2391.1932164395289148 | coeffs 399106172,399106172,414693483,414693483,308511915,308511915,314983980,314983980,165391478,165391478,138952270,138952270,386177129,386177129,467987002,467987002,671071703,671071703,842757317,842757317,406929492,406929492,359859831,359859831,459335364,459335364,213283181,213283181,165125951,165125951,265296399,265296399,457754833,457754833,306919059,306919059,464639978,464639978,257860744,257860744,245784850,245784850,392082563,392082563,-826386,-826386,254816539,254816539,71521096,71521096,-56742592,-56742592,-340742250,-340742250,-224808115,-224808115,-240671669,-240671669,-431744544,-431744544,-175302309,-175302309,-351982910,-351982910
# status f = 520845536,0,1 : PASS_RHO (rho 0.96032, T 2391.2, 1s)
f = 565233856,0,1 | route RHO | claimed 0.96753297078097920314 | coeffs 332468499,332468499,406170217,406170217,433574972,433574972,354061759,354061759,128902073,128902073,438868198,438868198,605449459,605449459,663309759,663309759,627468723,627468723,628606639,628606639,683103947,683103947,370240357,370240357,240691670,240691670,375344560,375344560,536883213,536883213,307271484,307271484,225327294,225327294,160282433,160282433,46172980,46172980,240821595,240821595,197172011,197172011,-36189905,-36189905,102296875,102296875,123747006,123747006,-146973287,-146973287,103009859,103009859,-174313555,-174313555,-348077664,-348077664,-495596609,-495596609,-343626902,-343626902,-551655852,-551655852,-474582731,-474582731
f = 565233856,0,1 | route T | claimed 2923.5273765720849152 | coeffs -416512499,-594474753,-594474753,-371978389,-371978389,-616832538,-616832538,-390977839,-390977839,-296171674,-296171674,-439501211,-439501211,-489775091,-489775091,-402675035,-402675035,-547532424,-547532424,-829957003,-829957003,-516259168,-516259168,-533785001,-533785001,-297016962,-297016962,-509440137,-509440137,-246078362,-246078362,-368718416,-368718416,-293077626,-293077626,-304297616,-304297616,-317504204,-317504204,-11736470,-11736470,-60095647,-60095647,-300036533,-300036533,111758406,111758406,185687393,185687393,362408132,362408132,411851156,411851156,565415964,565415964,479040114,479040114,322018187,322018187,366704236,366704236,331413746,331413746,416512499
# status f = 565233856,0,1 : PASS_RHO (rho 0.96753, T 2923.5, 0s)
f = 569163609,0,1 | route RHO | claimed 0.96665538726551556565 | coeffs -530514734,-530514734,-600456075,-600456075,-577847029,-577847029,-504959141,-504959141,-572380425,-572380425,-830422314,-830422314,-543279604,-543279604,-514266446,-514266446,-449348871,-449348871,-472003681,-472003681,-564691453,-564691453,-521770624,-521770624,-755855037,-755855037,-625539570,-625539570,-481485234,-481485234,-422195302,-422195302,-608426165,-608426165,-576345598,-576345598,-543026906,-543026906,-490959832,-490959832,-431515177,-431515177,-670486136,-670486136,-233617305,-233617305,-172016755,-172016755,-210223522,-210223522,-318415032,-318415032,23953152,23953152,130407940,130407940,439860985,439860985,520053720,520053720,379420564,379420564,531374297,531374297
f = 569163609,0,1 | route T | claimed 2637.963268532342043 | coeffs -137569673,-180940403,-180940403,-98931814,-98931814,32723312,32723312,110331987,110331987,-106049587,-106049587,-51702691,-51702691,-354991506,-354991506,-459167852,-459167852,-60764414,-60764414,-115305151,-115305151,-36894400,-36894400,-46569223,-46569223,-33413645,-33413645,-279358447,-279358447,-209000968,-209000968,-238913359,-238913359,-283311772,-283311772,-35985959,-35985959,214111994,214111994,151261148,151261148,-217369087,-217369087,-2843394,-2843394,13296650,13296650,-161917627,-161917627,-209489646,-209489646,-227938193,-227938193,39267388,39267388,100847448,100847448,64091489,64091489,-33869716,-33869716,303654138,303654138,137569673
# status f = 569163609,0,1 : PASS_RHO (rho 0.96666, T 2638.0, 0s)
f = 577727335,0,1 | route RHO | claimed 0.94907295145228136767 | coeffs 9434009,9434009,-277708701,-277708701,-347650042,-347650042,-38196997,-38196997,-99797547,-99797547,-66478855,-66478855,-196794322,-196794322,-131876747,-131876747,-204764635,-204764635,-64131479,-64131479,-172322989,-172322989,-231767644,-231767644,-172477712,-172477712,-79789940,-79789940,-337831829,-337831829,-338691392,-338691392,-445146180,-445146180,-8277349,-8277349,-40357916,-40357916,-274442329,-274442329,-303455487,-303455487,-280846441,-280846441,-200653706,-200653706,-162446939,-162446939,-110379865,-110379865,-254434201,-254434201,-277089011,-277089011,-209667727,-209667727,-361621460,-361621460,-19253276,-19253276,219717683,219717683,33486820,33486820
f = 577727335,0,1 | route T | claimed 1938.1187619665282969 | coeffs -19253276,-19253276,219717683,219717683,33486820,33486820,-9434009,-9434009,277708701,277708701,347650042,347650042,38196997,38196997,99797547,99797547,66478855,66478855,196794322,196794322,131876747,131876747,204764635,204764635,64131479,64131479,172322989,172322989,231767644,231767644,172477712,172477712,79789940,79789940,337831829,337831829,338691392,338691392,445146180,445146180,8277349,8277349,40357916,40357916,274442329,274442329,303455487,303455487,280846441,280846441,200653706,200653706,162446939,162446939,110379865,110379865,254434201,254434201,277089011,277089011,209667727,209667727,361621460,361621460
# status f = 577727335,0,1 : PASS_RHO (rho 0.94907, T 1938.1, 0s)
f = 591957451,0,1 | route RHO | claimed 0.93467877270917265924 | coeffs 627028362,190159531,190159531,320474998,320474998,387896282,387896282,281441494,281441494,314760186,314760186,337414996,337414996,338274559,338274559,399875109,399875109,255820773,255820773,-2221116,-2221116,307231929,307231929,255164855,255164855,162477083,162477083,232418424,232418424,270625191,270625191,329915123,329915123,42772413,42772413,-37420322,-37420322,22024333,22024333,-20896496,-20896496,1712550,1712550,-106478960,-106478960,79751903,79751903,108765061,108765061,-31868095,-31868095,207102864,207102864,-26981549,-26981549,-99869437,-99869437,-442237621,-442237621,-410157054,-410157054,-475074629,-475074629,-627028362
f = 591957451,0,1 | route T | claimed 2895.5303302648485021 | coeffs 118983773,90581865,90581865,-4254241,-4254241,-271791478,-271791478,182458620,182458620,147079565,147079565,-110061162,-110061162,124187446,124187446,56654381,56654381,-220290643,-220290643,-280895726,-280895726,-329519605,-329519605,-483183928,-483183928,-294821521,-294821521,-153368259,-153368259,-210379136,-210379136,20915858,20915858,6527553,6527553,35434914,35434914,-359902817,-359902817,-283409137,-283409137,-114293435,-114293435,-292918577,-292918577,-176959430,-176959430,-96928487,-96928487,-47009065,-47009065,-23405193,-23405193,-16305106,-16305106,-217938784,-217938784,59668461,59668461,177545512,177545512,55623376,55623376,-118983773
# status f = 591957451,0,1 : PASS_RHO (rho 0.93468, T 2895.5, 0s)
f = 614666660,0,1 | route RHO | claimed 0.96665538726551556565 | coeffs -504959141,-577847029,-577847029,-600456075,-600456075,-530514734,-530514734,-531374297,-531374297,-379420564,-379420564,-520053720,-520053720,-439860985,-439860985,-130407940,-130407940,-23953152,-23953152,318415032,318415032,210223522,210223522,172016755,172016755,233617305,233617305,670486136,670486136,431515177,431515177,490959832,490959832,543026906,543026906,576345598,576345598,608426165,608426165,422195302,422195302,481485234,481485234,625539570,625539570,755855037,755855037,521770624,521770624,564691453,564691453,472003681,472003681,449348871,449348871,514266446,514266446,543279604,543279604,830422314,830422314,572380425,572380425,504959141
f = 614666660,0,1 | route T | claimed 2720.7524036460984121 | coeffs -39267388,-39267388,227938193,227938193,209489646,209489646,161917627,161917627,-13296650,-13296650,2843394,2843394,217369087,217369087,-151261148,-151261148,-214111994,-214111994,35985959,35985959,283311772,283311772,238913359,238913359,209000968,209000968,279358447,279358447,33413645,33413645,46569223,46569223,36894400,36894400,115305151,115305151,60764414,60764414,459167852,459167852,354991506,354991506,51702691,51702691,106049587,106049587,-110331987,-110331987,-32723312,-32723312,98931814,98931814,180940403,180940403,137569673,137569673,303654138,303654138,-33869716,-33869716,64091489,64091489,100847448,100847448
# status f = 614666660,0,1 : PASS_RHO (rho 0.96666, T 2720.8, 0s)
f = 617497568,0,1 | route RHO | claimed 0.96692583434978781438 | coeffs -152184220,-152184220,73589878,73589878,-266660354,-266660354,-291510933,-291510933,140565217,140565217,273652845,273652845,328585030,328585030,87650153,87650153,28322395,28322395,81150297,81150297,219191253,219191253,278550420,278550420,245473397,245473397,296085435,296085435,324247041,324247041,405999545,405999545,298395509,298395509,102192025,102192025,-99395125,-99395125,167006702,167006702,153763313,153763313,346381339,346381339,365156720,365156720,92923186,92923186,117047558,117047558,336018256,336018256,261723946,261723946,261230077,261230077,231665874,231665874,149754651,149754651,116472388,116472388,274977635,274977635
f = 617497568,0,1 | route T | claimed 3050.2513418532648381 | coeffs -18591731,-18591731,456247012,456247012,213631931,213631931,240319969,240319969,299480686,299480686,175940855,175940855,429570327,429570327,522661839,522661839,685403582,685403582,432328082,432328082,651860644,651860644,221262442,221262442,231759038,231759038,282631772,282631772,-71945909,-71945909,14336350,14336350,80626587,80626587,8583235,8583235,151596337,151596337,208618668,208618668,-64448270,-64448270,99563028,99563028,29363830,29363830,-132234292,-132234292,-101846405,-101846405,-17284776,-17284776,78329053,78329053,83791940,83791940,147010827,147010827,18834368,18834368,-17261599,-17261599,-55332155,-55332155
# status f = 617497568,0,1 : PASS_RHO (rho 0.96693, T 3050.3, 0s)
f = 714549049,0,1 | route RHO | claimed 0.96031594901971234512 | coeffs 152810527,152810527,191017294,191017294,342971027,342971027,630113737,630113737,499798270,499798270,559242925,559242925,452788137,452788137,430179091,430179091,407524281,407524281,593755144,593755144,655355694,655355694,795988850,795988850,1054030739,1054030739,819946326,819946326,767879252,767879252,1110247436,1110247436,1040306095,1040306095,975388520,975388520,1034678452,1034678452,597809621,597809621,678002356,678002356,610581072,610581072,567660243,567660243,600978935,600978935,709170445,709170445,708310882,708310882,737324040,737324040,593269704,593269704,354298745,354298745,44845700,44845700,-28042188,-28042188,-120729960,-120729960
f = 714549049,0,1 | route T | claimed 2404.0507814436563487 | coeffs 543436474,673309800,673309800,731567480,731567480,633188185,633188185,183335134,183335134,-1991632,-1991632,210517627,210517627,-114437831,-114437831,-136720099,-136720099,11632250,11632250,-1278606,-1278606,62136993,62136993,68644056,68644056,55411785,55411785,211813450,211813450,219040830,219040830,332028746,332028746,217123254,217123254,518370921,518370921,513478537,513478537,344328694,344328694,233096218,233096218,87200000,87200000,36008649,36008649,168510330,168510330,-2036577,-2036577,-67890258,-67890258,128435021,128435021,-834825,-834825,-71443528,-71443528,-122712594,-122712594,-573421143,-573421143,-543436474
# status f = 714549049,0,1 : PASS_RHO (rho 0.96032, T 2404.1, 0s)
f = 821987841,0,1 | route RHO | claimed 0.95508616251155375461 | coeffs -98511878,-24217568,-24217568,35141599,35141599,5577396,5577396,-45034642,-45034642,-11752379,-11752379,70000125,70000125,-52793290,-52793290,143410194,143410194,-196840038,-196840038,69561789,69561789,-362514361,-362514361,-555132387,-555132387,-500200202,-500200202,-772433736,-772433736,-713105978,-713105978,-932076676,-932076676,-794035720,-794035720,-794529589,-794529589,-761452566,-761452566,-679541343,-679541343,-651379737,-651379737,-492874490,-492874490,-385270454,-385270454,-159496356,-159496356,-361083506,-361083506,-336232927,-336232927,-322989538,-322989538,-189901910,-189901910,-171126529,-171126529,69808348,69808348,45683976,45683976,98511878
f = 821987841,0,1 | route T | claimed 2433.0531779742797573 | coeffs -35141599,-5577396,-5577396,45034642,45034642,11752379,11752379,-70000125,-70000125,52793290,52793290,-143410194,-143410194,196840038,196840038,-69561789,-69561789,362514361,362514361,555132387,555132387,500200202,500200202,772433736,772433736,713105978,713105978,932076676,932076676,794035720,794035720,794529589,794529589,761452566,761452566,679541343,679541343,651379737,651379737,492874490,492874490,385270454,385270454,159496356,159496356,361083506,361083506,336232927,336232927,322989538,322989538,189901910,189901910,171126529,171126529,-69808348,-69808348,-45683976,-45683976,-98511878,-98511878,-24217568,-24217568,35141599
# status f = 821987841,0,1 : PASS_RHO (rho 0.95509, T 2433.1, 0s)
f = 859764489,0,1 | route RHO | claimed 0.97633093289167071535 | coeffs 819453404,819453404,387377254,387377254,228872007,228872007,154577697,154577697,-38040329,-38040329,-145644365,-145644365,-205003532,-205003532,-150071347,-150071347,-375845445,-375845445,-346281242,-346281242,-618514776,-618514776,-416927626,-416927626,-366315588,-366315588,-306987830,-306987830,-331838409,-331838409,-365120672,-365120672,-584091370,-584091370,-597334759,-597334759,-679087263,-679087263,-541046307,-541046307,-674133935,-674133935,-551340520,-551340520,-551834389,-551834389,-570609770,-570609770,-766813254,-766813254,-733736231,-733736231,-974671108,-974671108,-634420876,-634420876,-552509653,-552509653,-528385281,-528385281,-794787108,-794787108,-766625502,-766625502
f = 859764489,0,1 | route T | claimed 2570.3238456780256945 | coeffs 342798976,634093282,634093282,359710526,359710526,339505468,339505468,308459034,308459034,275208614,275208614,625816070,625816070,469288345,469288345,296462996,296462996,706538479,706538479,716109464,716109464,699804223,699804223,631203701,631203701,740055162,740055162,575865412,575865412,575124809,575124809,227099944,227099944,208994696,208994696,334144084,334144084,328355132,328355132,145318494,145318494,134365155,134365155,334320520,334320520,513676122,513676122,147188667,147188667,128010356,128010356,87155132,87155132,172593630,172593630,67497355,67497355,-151669430,-151669430,-206328583,-206328583,-354904189,-354904189,-342798976
# status f = 859764489,0,1 : PASS_RHO (rho 0.97633, T 2570.3, 1s)
f = 865886454,0,1 | route RHO | claimed 0.93728053262204318315 | coeffs 38601073,38601073,-29769875,-29769875,-137224293,-137224293,-394047268,-394047268,-292431093,-292431093,-188613476,-188613476,-369338334,-369338334,-277065981,-277065981,-443637694,-443637694,-538486783,-538486783,-506864424,-506864424,-530515502,-530515502,-651421089,-651421089,-365025706,-365025706,-345654052,-345654052,-329515118,-329515118,-499076979,-499076979,-415459162,-415459162,-436215150,-436215150,-631499300,-631499300,-491230351,-491230351,-321657557,-321657557,-409218706,-409218706,-197648207,-197648207,-399819151,-399819151,-239562227,-239562227,12395955,12395955,-180004132,-180004132,-361627391,-361627391,-301558952,-301558952,4325594,4325594,-305452321,-305452321
f = 865886454,0,1 | route T | claimed 2306.1095267110114747 | coeffs 372965658,372965658,293452445,293452445,238955137,238955137,173910276,173910276,444630569,444630569,521703690,521703690,688284951,688284951,553632061,553632061,509982477,509982477,683746586,683746586,656341831,656341831,657479747,657479747,739423937,739423937,760874068,760874068,968903018,968903018,658936893,658936893,529388206,529388206,334739591,334739591,57416177,57416177,131117895,131117895,166958931,166958931,-62652798,-62652798,-201139578,-201139578,-49169871,-49169871,-274329557,-274329557,38534033,38534033,-75575420,-75575420,-325558566,-325558566,-183444334,-183444334,-125584034,-125584034,-287122687,-287122687,-520484603,-520484603
# status f = 865886454,0,1 : PASS_RHO (rho 0.93728, T 2306.1, 1s)
f = 892799821,0,1 | route RHO | claimed 0.9563034763071977824 | coeffs 409310223,409310223,468600155,468600155,126231971,126231971,384273860,384273860,198042997,198042997,91588209,91588209,-195554501,-195554501,-163473934,-163473934,-472926979,-472926979,-501940137,-501940137,-468621445,-468621445,-548814180,-548814180,-613731755,-613731755,-561664681,-561664681,-421031525,-421031525,-398376715,-398376715,-338932060,-338932060,-490885793,-490885793,-398198021,-398198021,-637168980,-637168980,-636309417,-636309417,-679230246,-679230246,-242361415,-242361415,-312302756,-312302756,-78218343,-78218343,-16617793,-16617793,5991253,5991253,-124324214,-124324214,-162530981,-162530981,-89643093,-89643093,-233697429,-233697429,-341888939,-341888939
f = 892799821,0,1 | route T | claimed 2400.0101771997740492 | coeffs 250252886,250252886,-36314703,-36314703,-146662573,-146662573,-169789413,-169789413,-215214994,-215214994,-310814388,-310814388,-316872443,-316872443,-394358990,-394358990,-247104960,-247104960,-405881600,-405881600,-188677453,-188677453,-81023209,-81023209,-222176001,-222176001,-373133570,-373133570,-252680367,-252680367,-44310213,-44310213,-404330704,-404330704,-552018921,-552018921,-511631985,-511631985,-666950268,-666950268,-867165919,-867165919,-993300140,-993300140,-816205240,-816205240,-714750857,-714750857,-457893994,-457893994,-522295430,-522295430,-569518053,-569518053,-533955853,-533955853,-508209593,-508209593,-654980781,-654980781,-423778253,-423778253,-609047650,-609047650
# status f = 892799821,0,1 : PASS_RHO (rho 0.95630, T 2400.0, 1s)
f = 897103877,0,1 | route RHO | claimed 0.90654851073484550817 | coeffs 434883155,193948278,193948278,301552314,301552314,520523012,520523012,180272780,180272780,120913613,120913613,107670224,107670224,189581447,189581447,134649262,134649262,216401766,216401766,192277394,192277394,-33496704,-33496704,104544252,104544252,-161857575,-161857575,-191421778,-191421778,-58334150,-58334150,-86495756,-86495756,-358729290,-358729290,-235935875,-235935875,-288763777,-288763777,-490350927,-490350927,-489857058,-489857058,-921933208,-921933208,-871321170,-871321170,-890096551,-890096551,-731591304,-731591304,-790919062,-790919062,-594715578,-594715578,-669009888,-669009888,-693860467,-693860467,-660783444,-660783444,-468165418,-468165418,-434883155
f = 897103877,0,1 | route T | claimed 1841.150320636022491 | coeffs 191421778,191421778,58334150,58334150,86495756,86495756,358729290,358729290,235935875,235935875,288763777,288763777,490350927,490350927,489857058,489857058,921933208,921933208,871321170,871321170,890096551,890096551,731591304,731591304,790919062,790919062,594715578,594715578,669009888,669009888,693860467,693860467,660783444,660783444,468165418,468165418,434883155,434883155,193948278,193948278,301552314,301552314,520523012,520523012,180272780,180272780,120913613,120913613,107670224,107670224,189581447,189581447,134649262,134649262,216401766,216401766,192277394,192277394,-33496704,-33496704,104544252,104544252,-161857575,-161857575
# status f = 897103877,0,1 : PASS_RHO (rho 0.90655, T 1841.2, 0s)
f = 902024748,0,1 | route RHO | claimed 0.97633093289167071535 | coeffs 205003532,145644365,145644365,38040329,38040329,-154577697,-154577697,-228872007,-228872007,-387377254,-387377254,-819453404,-819453404,-766625502,-766625502,-794787108,-794787108,-528385281,-528385281,-552509653,-552509653,-634420876,-634420876,-974671108,-974671108,-733736231,-733736231,-766813254,-766813254,-570609770,-570609770,-551834389,-551834389,-551340520,-551340520,-674133935,-674133935,-541046307,-541046307,-679087263,-679087263,-597334759,-597334759,-584091370,-584091370,-365120672,-365120672,-331838409,-331838409,-306987830,-306987830,-366315588,-366315588,-416927626,-416927626,-618514776,-618514776,-346281242,-346281242,-375845445,-375845445,-150071347,-150071347,-205003532
f = 902024748,0,1 | route T | claimed 2269.9060590393401923 | coeffs 339505468,359710526,359710526,634093282,634093282,342798976,342798976,354904189,354904189,206328583,206328583,151669430,151669430,-67497355,-67497355,-172593630,-172593630,-87155132,-87155132,-128010356,-128010356,-147188667,-147188667,-513676122,-513676122,-334320520,-334320520,-134365155,-134365155,-145318494,-145318494,-328355132,-328355132,-334144084,-334144084,-208994696,-208994696,-227099944,-227099944,-575124809,-575124809,-575865412,-575865412,-740055162,-740055162,-631203701,-631203701,-699804223,-699804223,-716109464,-716109464,-706538479,-706538479,-296462996,-296462996,-469288345,-469288345,-625816070,-625816070,-275208614,-275208614,-308459034,-308459034,-339505468
# status f = 902024748,0,1 : PASS_RHO (rho 0.97633, T 2269.9, 1s)
f = 964375707,0,1 | route RHO | claimed 0.96809078219820882574 | coeffs -398313103,-521125314,-521125314,-843107085,-843107085,-536356809,-536356809,-247007714,-247007714,-287143389,-287143389,-219703063,-219703063,-153211805,-153211805,-82001241,-82001241,248543554,248543554,113432321,113432321,244865152,244865152,16576935,16576935,203159910,203159910,81673215,81673215,-2581807,-2581807,246248565,246248565,362162436,362162436,286365943,286365943,200931710,200931710,128631248,128631248,9391264,9391264,90048029,90048029,191100152,191100152,-70149947,-70149947,127479864,127479864,357267987,357267987,276387617,276387617,241380902,241380902,334624021,334624021,315092727,315092727,405257850,405257850,398313103
f = 964375707,0,1 | route T | claimed 2810.7513243540904469 | coeffs -600219256,-600219256,-512609590,-512609590,-466005240,-466005240,-175156758,-175156758,-526827300,-526827300,-275556874,-275556874,-35560757,-35560757,-83784686,-83784686,-490117154,-490117154,-200895839,-200895839,-302591666,-302591666,-214256033,-214256033,50248380,50248380,5317792,5317792,10446789,10446789,-120940425,-120940425,-138720915,-138720915,-17792021,-17792021,180279405,180279405,69887206,69887206,386168458,386168458,334699743,334699743,116090074,116090074,91469028,91469028,159253296,159253296,105865269,105865269,383007318,383007318,395743829,395743829,316785885,316785885,289052282,289052282,303396786,303396786,443707133,443707133
# status f = 964375707,0,1 : PASS_RHO (rho 0.96809, T 2810.8, 0s)
# summary n = 7 l = 1000200001 : EXCLUSION_CANDIDATE ; PASS 32 / 32 ; OPEN_NEAR 0 ; OPEN_FAR 0 ; 16s
