# FAMILY WITNESS FILE (generator family_gen.sage r10). n = 7 ; l = 1001146561 ; m = 64 ; deg = 2 ; ncomp = 32 ; bar_T = 4224 ; L_n = 16.3328709449664096755483535644
# line: f = c0,...,c_deg (monic, over F_l) | route RHO|T | claimed (rho or T, float) | coeffs a_0..a_{m-1}
f = 34409644,0,1 | route RHO | claimed 0.92440502275471419617 | coeffs -123193539,-402820938,-402820938,-583907697,-583907697,-520326139,-520326139,-708027090,-708027090,-774779113,-774779113,-558541291,-558541291,-527910318,-527910318,-802733072,-802733072,-859505615,-859505615,-928625970,-928625970,-1092490043,-1092490043,-1122365451,-1122365451,-1093034491,-1093034491,-927774878,-927774878,-503558860,-503558860,-611067065,-611067065,-627860109,-627860109,-685721334,-685721334,-799821944,-799821944,-615922071,-615922071,-570837225,-570837225,-686419847,-686419847,-719981149,-719981149,-446474330,-446474330,-235923706,-235923706,-298628547,-298628547,-268854441,-268854441,-293279703,-293279703,-81909204,-81909204,-76397610,-76397610,-61822965,-61822965,123193539
f = 34409644,0,1 | route T | claimed 2918.8838811421764304 | coeffs -156951519,-109649954,-109649954,164820458,164820458,137870970,137870970,276236385,276236385,318163442,318163442,469113959,469113959,118437199,118437199,57935676,57935676,293129201,293129201,359452305,359452305,488496862,488496862,643769139,643769139,739864051,739864051,697400331,697400331,623730196,623730196,453346296,453346296,659350121,659350121,871976671,871976671,702871689,702871689,661283909,661283909,906668082,906668082,837349989,837349989,626176320,626176320,825945304,825945304,290990235,290990235,279610259,279610259,344844492,344844492,274351085,274351085,-41707344,-41707344,5033426,5033426,184549385,184549385,156951519
# status f = 34409644,0,1 : PASS_RHO (rho 0.92441, T 2918.9, 1s)
f = 37222415,0,1 | route RHO | claimed 0.91606508204935392793 | coeffs -33124666,436636,436636,181523395,181523395,210854355,210854355,-62652464,-62652464,-126234022,-126234022,39025591,39025591,-171525033,-171525033,16175918,16175918,440391936,440391936,503096777,503096777,569848800,569848800,462340595,462340595,432566489,432566489,216328667,216328667,199535623,199535623,223960885,223960885,193329912,193329912,135468687,135468687,-75901812,-75901812,198920942,198920942,84820332,84820332,79308738,79308738,136081281,136081281,319981154,319981154,305406509,305406509,374526864,374526864,419611710,419611710,234595206,234595206,398459279,398459279,282876657,282876657,3249258,3249258,33124666
f = 37222415,0,1 | route T | claimed 2038.6476348540043746 | coeffs -372136048,-367270204,-367270204,-414189140,-414189140,-282704009,-282704009,-68633093,-68633093,136459824,136459824,209774038,209774038,359749724,359749724,563813051,563813051,234503647,234503647,259419910,259419910,268407535,268407535,35335188,35335188,-812862,-812862,-75725207,-75725207,143723072,143723072,173710705,173710705,12586270,12586270,131179076,131179076,368684366,368684366,334772384,334772384,36310017,36310017,239847452,239847452,136072374,136072374,15456890,15456890,148522102,148522102,82822877,82822877,198802298,198802298,330459346,330459346,47153732,47153732,256091628,256091628,332939859,332939859,372136048
# status f = 37222415,0,1 : PASS_RHO (rho 0.91607, T 2038.6, 0s)
f = 153314045,0,1 | route RHO | claimed 0.94087986056176471279 | coeffs -95519426,-95519426,125582194,125582194,274096711,274096711,86535711,86535711,111940695,111940695,85726242,85726242,125520928,125520928,-21457458,-21457458,-51477159,-51477159,-308874258,-308874258,126184611,126184611,-105472452,-105472452,-310254662,-310254662,-365530454,-365530454,-267139215,-267139215,-407604032,-407604032,-152624894,-152624894,-180940656,-180940656,-382410401,-382410401,-172429122,-172429122,-111928751,-111928751,-87784288,-87784288,-225878446,-225878446,-96909134,-96909134,-341730667,-341730667,-255317319,-255317319,-301499754,-301499754,-239244525,-239244525,-153697049,-153697049,153167472,153167472,205804057,205804057,-28091592,-28091592
f = 153314045,0,1 | route T | claimed 3151.6813637231347077 | coeffs -160724886,-160724886,227016901,227016901,278437403,278437403,489281540,489281540,554998223,554998223,580893239,580893239,570155871,570155871,456888977,456888977,342014545,342014545,623826687,623826687,808722965,808722965,648019006,648019006,784424817,784424817,755764322,755764322,842523519,842523519,908914919,908914919,1212672670,1212672670,1023115691,1023115691,1038890769,1038890769,884607014,884607014,1179437486,1179437486,913244639,913244639,997711324,997711324,779843131,779843131,623540022,623540022,669187249,669187249,561017180,561017180,371753533,371753533,209578718,209578718,141431992,141431992,-36561802,-36561802,86812012,86812012
# status f = 153314045,0,1 : PASS_RHO (rho 0.94088, T 3151.7, 0s)
f = 262003666,0,1 | route RHO | claimed 0.95116920459712006874 | coeffs -343037575,-767253593,-767253593,-582237089,-582237089,-599030133,-599030133,-780116892,-780116892,-666016282,-666016282,-478315331,-478315331,-433230485,-433230485,-216992663,-216992663,-183431361,-183431361,91391393,91391393,301942017,301942017,232821662,232821662,203047556,203047556,232922964,232922964,444293463,444293463,609553076,609553076,594978431,594978431,702486636,702486636,982114035,982114035,924252810,924252810,987834368,987834368,803934495,803934495,870686518,870686518,755103896,755103896,785734869,785734869,512228050,512228050,569000593,569000593,506295752,506295752,342431679,342431679,366856941,366856941,337525981,337525981,343037575
f = 262003666,0,1 | route T | claimed 2218.8842913621934691 | coeffs -39474271,-39474271,15801521,15801521,41206505,41206505,103461734,103461734,304931479,304931479,47534380,47534380,171145398,171145398,42176086,42176086,140567325,140567325,166781778,166781778,81234302,81234302,291215581,291215581,-143843288,-143843288,77258332,77258332,-167563201,-167563201,-27098384,-27098384,12696302,12696302,319560823,319560823,259060452,259060452,27403389,27403389,-121111128,-121111128,-207524476,-207524476,47454662,47454662,194433048,194433048,141796463,141796463,165940926,165940926,370723136,370723136,183162136,183162136,136979701,136979701,165295463,165295463,135275762,135275762,-98619887,-98619887
# status f = 262003666,0,1 : PASS_RHO (rho 0.95117, T 2218.9, 0s)
f = 295563989,0,1 | route RHO | claimed 0.96745777288552468156 | coeffs -316238706,-316238706,-607523438,-607523438,-592524939,-592524939,-362476650,-362476650,6689183,6689183,-142134669,-142134669,-146992921,-146992921,13978214,13978214,29019367,29019367,314995380,314995380,296134867,296134867,318349815,318349815,464683962,464683962,393211872,393211872,21156935,21156935,12442069,12442069,87446533,87446533,-192030421,-192030421,-174406705,-174406705,-98981417,-98981417,159147387,159147387,199637104,199637104,334369780,334369780,92806025,92806025,199445908,199445908,242810174,242810174,160077712,160077712,199012097,199012097,178257514,178257514,448430583,448430583,480538219,480538219,495805735,495805735
f = 295563989,0,1 | route T | claimed 2646.7718316655554023 | coeffs -879274989,-879274989,-850375284,-850375284,-703921940,-703921940,-433116582,-433116582,-201174284,-201174284,-244486767,-244486767,-119205727,-119205727,-35060078,-35060078,405375,405375,360983031,360983031,304046880,304046880,271879052,271879052,249087887,249087887,287154027,287154027,131078841,131078841,99741382,99741382,224900925,224900925,147909515,147909515,536197224,536197224,451267664,451267664,588313098,588313098,472066501,472066501,422169493,422169493,256881187,256881187,563701857,563701857,504778117,504778117,324317849,324317849,704990569,704990569,986278361,986278361,1021654380,1021654380,1171362890,1171362890,1166744474,1166744474
# status f = 295563989,0,1 : PASS_RHO (rho 0.96746, T 2646.8, 1s)
f = 325363733,0,1 | route RHO | claimed 0.91606508204935392793 | coeffs 171525033,171525033,-39025591,-39025591,126234022,126234022,62652464,62652464,-210854355,-210854355,-181523395,-181523395,-436636,-436636,33124666,33124666,3249258,3249258,282876657,282876657,398459279,398459279,234595206,234595206,419611710,419611710,374526864,374526864,305406509,305406509,319981154,319981154,136081281,136081281,79308738,79308738,84820332,84820332,198920942,198920942,-75901812,-75901812,135468687,135468687,193329912,193329912,223960885,223960885,199535623,199535623,216328667,216328667,432566489,432566489,462340595,462340595,569848800,569848800,503096777,503096777,440391936,440391936,16175918,16175918
f = 325363733,0,1 | route T | claimed 2256.9660817413206436 | coeffs 334772384,334772384,368684366,368684366,131179076,131179076,12586270,12586270,173710705,173710705,143723072,143723072,-75725207,-75725207,-812862,-812862,35335188,35335188,268407535,268407535,259419910,259419910,234503647,234503647,563813051,563813051,359749724,359749724,209774038,209774038,136459824,136459824,-68633093,-68633093,-282704009,-282704009,-414189140,-414189140,-367270204,-367270204,-372136048,-372136048,-332939859,-332939859,-256091628,-256091628,-47153732,-47153732,-330459346,-330459346,-198802298,-198802298,-82822877,-82822877,-148522102,-148522102,-15456890,-15456890,-136072374,-136072374,-239847452,-239847452,-36310017,-36310017
# status f = 325363733,0,1 : PASS_RHO (rho 0.91607, T 2257.0, 0s)
f = 335452436,0,1 | route RHO | claimed 0.92476379559367676586 | coeffs 103051358,-111019558,-111019558,126485732,126485732,79566796,79566796,240691231,240691231,279887420,279887420,499335699,499335699,290397803,290397803,326545853,326545853,458202901,458202901,467190526,467190526,532889751,532889751,862199155,862199155,741583671,741583671,891559357,891559357,688021922,688021922,482929005,482929005,449017023,449017023,580502154,580502154,461909348,461909348,457043504,457043504,487031137,487031137,410182906,410182906,485095251,485095251,201789637,201789637,-31282710,-31282710,-147262131,-147262131,-172178394,-172178394,-39113182,-39113182,164950145,164950145,268725223,268725223,195411009,195411009,-103051358
f = 335452436,0,1 | route T | claimed 2262.4233502912060652 | coeffs 103051358,-111019558,-111019558,126485732,126485732,79566796,79566796,240691231,240691231,279887420,279887420,499335699,499335699,290397803,290397803,326545853,326545853,458202901,458202901,467190526,467190526,532889751,532889751,862199155,862199155,741583671,741583671,891559357,891559357,688021922,688021922,482929005,482929005,449017023,449017023,580502154,580502154,461909348,461909348,457043504,457043504,487031137,487031137,410182906,410182906,485095251,485095251,201789637,201789637,-31282710,-31282710,-147262131,-147262131,-172178394,-172178394,-39113182,-39113182,164950145,164950145,268725223,268725223,195411009,195411009,-103051358
# status f = 335452436,0,1 : PASS_RHO (rho 0.92476, T 2262.4, 0s)
f = 358786356,0,1 | route RHO | claimed 0.93990227988691322777 | coeffs 61897043,61897043,-123119461,-123119461,-93788501,-93788501,-156493342,-156493342,-187124315,-187124315,-371024188,-371024188,-650651587,-650651587,-485391974,-485391974,-455617868,-455617868,-180795114,-180795114,-225879960,-225879960,-406966719,-406966719,17249299,17249299,-7175963,-7175963,49596580,49596580,165179202,165179202,228760760,228760760,121252555,121252555,332623054,332623054,401743409,401743409,435304711,435304711,247603760,247603760,230810716,230810716,236322310,236322310,400186383,400186383,126679564,126679564,59927541,59927541,2066316,2066316,16640961,16640961,46516369,46516369,-164034255,-164034255,52203567,52203567
f = 358786356,0,1 | route T | claimed 2832.7882744818837909 | coeffs -537134685,-450359659,-450359659,-480676261,-480676261,-760879629,-760879629,-762008143,-762008143,-931208039,-931208039,-923583945,-923583945,-819243725,-819243725,-775197584,-775197584,-699892603,-699892603,-793868210,-793868210,-571472475,-571472475,-860577734,-860577734,-769612606,-769612606,-712197670,-712197670,-527804842,-527804842,-465749209,-465749209,-364402880,-364402880,-277912468,-277912468,-245435300,-245435300,-387130461,-387130461,-78881754,-78881754,-76619538,-76619538,-36731773,-36731773,-132087999,-132087999,29788081,29788081,-135425019,-135425019,-116914934,-116914934,42877652,42877652,264717793,264717793,258810817,258810817,-34516692,-34516692,537134685
# status f = 358786356,0,1 : PASS_RHO (rho 0.93990, T 2832.8, 0s)
f = 359452107,0,1 | route RHO | claimed 0.96021393532231729087 | coeffs 57417258,57014752,57014752,-214862256,-214862256,-117002737,-117002737,-305302423,-305302423,-267836493,-267836493,-494479483,-494479483,-538651038,-538651038,-734178057,-734178057,-460881136,-460881136,-588957209,-588957209,-740032116,-740032116,-528503629,-528503629,-399320955,-399320955,-609924911,-609924911,-519518118,-519518118,-791659946,-791659946,-682224642,-682224642,-634472465,-634472465,-394453141,-394453141,-544576432,-544576432,-514673845,-514673845,-242382906,-242382906,-629415412,-629415412,-716502037,-716502037,-721429788,-721429788,-736467559,-736467559,-786068787,-786068787,-522056812,-522056812,-412841844,-412841844,-379729040,-379729040,-124046592,-124046592,-57417258
f = 359452107,0,1 | route T | claimed 2180.9053860160915703 | coeffs -163119274,-163119274,-313094960,-313094960,-273898771,-273898771,-140833559,-140833559,-22240753,-22240753,-13253128,-13253128,200817788,200817788,484123402,484123402,280585967,280585967,61137688,61137688,-142925639,-142925639,-147791483,-147791483,-213490708,-213490708,24014582,24014582,-209057765,-209057765,-3964848,-3964848,-212902744,-212902744,-109127666,-109127666,-139115299,-139115299,190194105,190194105,237113041,237113041,353092462,353092462,319180480,319180480,283032430,283032430,356346644,356346644,279498413,279498413,400113897,400113897,561238332,561238332,536322069,536322069,404836938,404836938,536493986,536493986,238031619,238031619
# status f = 359452107,0,1 : PASS_RHO (rho 0.96021, T 2180.9, 0s)
f = 376909860,0,1 | route RHO | claimed 0.94907043835740217755 | coeffs -6147700,-6147700,97627378,97627378,63715396,63715396,224839831,224839831,149927486,149927486,140939861,140939861,345003188,345003188,139910271,139910271,92991335,92991335,169839566,169839566,38182518,38182518,171247730,171247730,-32289705,-32289705,205215585,205215585,175227952,175227952,139079902,139079902,114163639,114163639,264139325,264139325,50068409,50068409,54934253,54934253,263872149,263872149,147892728,147892728,27277244,27277244,325739611,325739611,444332417,444332417,224884138,224884138,-8188209,-8188209,321121195,321121195,394435409,394435409,262950278,262950278,223754089,223754089,-59551525,-59551525
f = 376909860,0,1 | route T | claimed 2391.5110556761357352 | coeffs -6147700,-6147700,97627378,97627378,63715396,63715396,224839831,224839831,149927486,149927486,140939861,140939861,345003188,345003188,139910271,139910271,92991335,92991335,169839566,169839566,38182518,38182518,171247730,171247730,-32289705,-32289705,205215585,205215585,175227952,175227952,139079902,139079902,114163639,114163639,264139325,264139325,50068409,50068409,54934253,54934253,263872149,263872149,147892728,147892728,27277244,27277244,325739611,325739611,444332417,444332417,224884138,224884138,-8188209,-8188209,321121195,321121195,394435409,394435409,262950278,262950278,223754089,223754089,-59551525,-59551525
# status f = 376909860,0,1 : PASS_RHO (rho 0.94907, T 2391.5, 0s)
f = 413003020,0,1 | route RHO | claimed 0.92810037384088515509 | coeffs 91465559,-72398514,-72398514,-130259739,-130259739,80290885,80290885,265307389,265307389,234676416,234676416,69416803,69416803,24331957,24331957,48757219,48757219,112338777,112338777,43218422,43218422,26425378,26425378,299932197,299932197,314506842,314506842,98269020,98269020,68938060,68938060,-114961813,-114961813,-144735919,-144735919,-325822678,-325822678,-382595221,-382595221,-490103426,-490103426,-523664728,-523664728,-518153134,-518153134,-451401111,-451401111,-421525703,-421525703,-307425093,-307425093,-244720252,-244720252,-524347651,-524347651,-799170405,-799170405,-374954387,-374954387,-490537009,-490537009,-279166510,-279166510,-91465559
f = 413003020,0,1 | route T | claimed 1939.4419026608310668 | coeffs 382595221,490103426,490103426,523664728,523664728,518153134,518153134,451401111,451401111,421525703,421525703,307425093,307425093,244720252,244720252,524347651,524347651,799170405,799170405,374954387,374954387,490537009,490537009,279166510,279166510,91465559,91465559,-72398514,-72398514,-130259739,-130259739,80290885,80290885,265307389,265307389,234676416,234676416,69416803,69416803,24331957,24331957,48757219,48757219,112338777,112338777,43218422,43218422,26425378,26425378,299932197,299932197,314506842,314506842,98269020,98269020,68938060,68938060,-114961813,-114961813,-144735919,-144735919,-325822678,-325822678,-382595221
# status f = 413003020,0,1 : PASS_RHO (rho 0.92810, T 1939.4, 0s)
f = 414333659,0,1 | route RHO | claimed 0.95116920459712006874 | coeffs 342431679,342431679,506295752,506295752,569000593,569000593,512228050,512228050,785734869,785734869,755103896,755103896,870686518,870686518,803934495,803934495,987834368,987834368,924252810,924252810,982114035,982114035,702486636,702486636,594978431,594978431,609553076,609553076,444293463,444293463,232922964,232922964,203047556,203047556,232821662,232821662,301942017,301942017,91391393,91391393,-183431361,-183431361,-216992663,-216992663,-433230485,-433230485,-478315331,-478315331,-666016282,-666016282,-780116892,-780116892,-599030133,-599030133,-582237089,-582237089,-767253593,-767253593,-343037575,-343037575,-337525981,-337525981,-366856941,-366856941
f = 414333659,0,1 | route T | claimed 2401.0725255879178005 | coeffs -91391393,183431361,183431361,216992663,216992663,433230485,433230485,478315331,478315331,666016282,666016282,780116892,780116892,599030133,599030133,582237089,582237089,767253593,767253593,343037575,343037575,337525981,337525981,366856941,366856941,342431679,342431679,506295752,506295752,569000593,569000593,512228050,512228050,785734869,785734869,755103896,755103896,870686518,870686518,803934495,803934495,987834368,987834368,924252810,924252810,982114035,982114035,702486636,702486636,594978431,594978431,609553076,609553076,444293463,444293463,232922964,232922964,203047556,203047556,232821662,232821662,301942017,301942017,91391393
# status f = 414333659,0,1 : PASS_RHO (rho 0.95117, T 2401.1, 0s)
f = 423961936,0,1 | route RHO | claimed 0.94087986056176471279 | coeffs -51477159,-51477159,-21457458,-21457458,125520928,125520928,85726242,85726242,111940695,111940695,86535711,86535711,274096711,274096711,125582194,125582194,-95519426,-95519426,28091592,28091592,-205804057,-205804057,-153167472,-153167472,153697049,153697049,239244525,239244525,301499754,301499754,255317319,255317319,341730667,341730667,96909134,96909134,225878446,225878446,87784288,87784288,111928751,111928751,172429122,172429122,382410401,382410401,180940656,180940656,152624894,152624894,407604032,407604032,267139215,267139215,365530454,365530454,310254662,310254662,105472452,105472452,-126184611,-126184611,308874258,308874258
f = 423961936,0,1 | route T | claimed 3307.9439221956830986 | coeffs -51477159,-51477159,-21457458,-21457458,125520928,125520928,85726242,85726242,111940695,111940695,86535711,86535711,274096711,274096711,125582194,125582194,-95519426,-95519426,28091592,28091592,-205804057,-205804057,-153167472,-153167472,153697049,153697049,239244525,239244525,301499754,301499754,255317319,255317319,341730667,341730667,96909134,96909134,225878446,225878446,87784288,87784288,111928751,111928751,172429122,172429122,382410401,382410401,180940656,180940656,152624894,152624894,407604032,407604032,267139215,267139215,365530454,365530454,310254662,310254662,105472452,105472452,-126184611,-126184611,308874258,308874258
# status f = 423961936,0,1 : PASS_RHO (rho 0.94088, T 3307.9, 0s)
f = 432547886,0,1 | route RHO | claimed 0.95123316541888548343 | coeffs -9523316,-103640777,-103640777,106859143,106859143,30737326,30737326,-233169736,-233169736,-146548010,-146548010,-157902917,-157902917,148257935,148257935,79240407,79240407,80437345,80437345,206425563,206425563,88935321,88935321,334137914,334137914,320594562,320594562,312361947,312361947,383751804,383751804,282459452,282459452,279731307,279731307,212403859,212403859,173044574,173044574,242588873,242588873,377940455,377940455,-9014750,-9014750,9344878,9344878,161950055,161950055,46029555,46029555,248626850,248626850,410611773,410611773,278499880,278499880,523789437,523789437,565886530,565886530,405423477,405423477,9523316
f = 432547886,0,1 | route T | claimed 2256.2584860257046817 | coeffs 485510789,646635224,646635224,580935999,580935999,712421130,712421130,945493477,945493477,647031110,647031110,438093214,438093214,288117528,288117528,318105161,318105161,185039949,185039949,231958885,231958885,240946510,240946510,274858492,274858492,-8447122,-8447122,64867092,64867092,-154581187,-154581187,-275196671,-275196671,-270330827,-270330827,-295247090,-295247090,-57741800,-57741800,-189398848,-189398848,-394491765,-394491765,-469404110,-469404110,-365629032,-365629032,-326432843,-326432843,-655742247,-655742247,-774335053,-774335053,-658355632,-658355632,-444284716,-444284716,-408136666,-408136666,-204599231,-204599231,-281447462,-281447462,-485510789
# status f = 432547886,0,1 : PASS_RHO (rho 0.95123, T 2256.3, 0s)
f = 472735117,0,1 | route RHO | claimed 0.94980594546301606444 | coeffs 438675486,712182305,712182305,598081695,598081695,763341308,763341308,706568765,706568765,518867814,518867814,504293169,504293169,566998010,566998010,521913164,521913164,629421369,629421369,793285442,793285442,577047620,577047620,856675019,856675019,832249757,832249757,798688455,798688455,740827230,740827230,770158190,770158190,495335436,495335436,558916994,558916994,553405400,553405400,342854776,342854776,158954903,158954903,-265261115,-265261115,-196140760,-196140760,-129388737,-129388737,55627767,55627767,85401873,85401873,-30180749,-30180749,-46973793,-46973793,-76849201,-76849201,-46218228,-46218228,-227304987,-227304987,-438675486
f = 472735117,0,1 | route T | claimed 2049.9643705913536909 | coeffs -49560039,-23425248,-23425248,-82861151,-82861151,329701826,329701826,91127999,91127999,44125464,44125464,435889742,435889742,317399175,317399175,229778071,229778071,390842338,390842338,50261786,50261786,169703327,169703327,460853494,460853494,258074326,258074326,312487221,312487221,350914367,350914367,290182786,290182786,129366695,129366695,370277467,370277467,511788826,511788826,313762985,313762985,374337923,374337923,437622312,437622312,532528926,532528926,529107796,529107796,453368148,453368148,400008692,400008692,334086536,334086536,240731262,240731262,38076027,38076027,107147624,107147624,-84607784,-84607784,49560039
# status f = 472735117,0,1 : PASS_RHO (rho 0.94981, T 2050.0, 0s)
f = 493285421,0,1 | route RHO | claimed 0.95123316541888548343 | coeffs 30737326,30737326,106859143,106859143,-103640777,-103640777,-9523316,-9523316,-405423477,-405423477,-565886530,-565886530,-523789437,-523789437,-278499880,-278499880,-410611773,-410611773,-248626850,-248626850,-46029555,-46029555,-161950055,-161950055,-9344878,-9344878,9014750,9014750,-377940455,-377940455,-242588873,-242588873,-173044574,-173044574,-212403859,-212403859,-279731307,-279731307,-282459452,-282459452,-383751804,-383751804,-312361947,-312361947,-320594562,-320594562,-334137914,-334137914,-88935321,-88935321,-206425563,-206425563,-80437345,-80437345,-79240407,-79240407,-148257935,-148257935,157902917,157902917,146548010,146548010,233169736,233169736
f = 493285421,0,1 | route T | claimed 1983.9133681387355478 | coeffs 185039949,185039949,318105161,318105161,288117528,288117528,438093214,438093214,647031110,647031110,945493477,945493477,712421130,712421130,580935999,580935999,646635224,646635224,485510789,485510789,281447462,281447462,204599231,204599231,408136666,408136666,444284716,444284716,658355632,658355632,774335053,774335053,655742247,655742247,326432843,326432843,365629032,365629032,469404110,469404110,394491765,394491765,189398848,189398848,57741800,57741800,295247090,295247090,270330827,270330827,275196671,275196671,154581187,154581187,-64867092,-64867092,8447122,8447122,-274858492,-274858492,-240946510,-240946510,-231958885,-231958885
# status f = 493285421,0,1 : PASS_RHO (rho 0.95123, T 1983.9, 0s)
f = 507861140,0,1 | route RHO | claimed 0.96440066536613927878 | coeffs 683049578,683049578,613929223,613929223,644560196,644560196,456859245,456859245,177231846,177231846,171720252,171720252,141946146,141946146,-131560673,-131560673,-176645519,-176645519,-118784294,-118784294,-543000312,-543000312,-513124904,-513124904,-456352361,-456352361,-672590183,-672590183,-736171741,-736171741,-551155237,-551155237,-339784738,-339784738,-402489579,-402489579,-436050881,-436050881,-252151008,-252151008,-268944052,-268944052,-103684439,-103684439,-267548512,-267548512,-542371266,-542371266,-609123289,-609123289,-790210048,-790210048,-804784693,-804784693,-780359431,-780359431,-990910055,-990910055,-875327433,-875327433,-761226823,-761226823,-653718618,-653718618
f = 507861140,0,1 | route T | claimed 2403.5903952269622518 | coeffs 277676662,185708193,185708193,180921347,180921347,344930600,344930600,2657548,2657548,288003328,288003328,165791887,165791887,154975521,154975521,59907763,59907763,459454279,459454279,134155819,134155819,523897796,523897796,500479418,500479418,471685119,471685119,273341294,273341294,553711172,553711172,475768970,475768970,354332562,354332562,297562779,297562779,-21881312,-21881312,197014004,197014004,217383949,217383949,112417173,112417173,-76404164,-76404164,59361467,59361467,-99976269,-99976269,-106015456,-106015456,-16321132,-16321132,-70231206,-70231206,66285693,66285693,133372098,133372098,-103138922,-103138922,-277676662
# status f = 507861140,0,1 : PASS_RHO (rho 0.96440, T 2403.6, 1s)
f = 528411444,0,1 | route RHO | claimed 0.92476379559367676586 | coeffs -172178394,-147262131,-147262131,-31282710,-31282710,201789637,201789637,485095251,485095251,410182906,410182906,487031137,487031137,457043504,457043504,461909348,461909348,580502154,580502154,449017023,449017023,482929005,482929005,688021922,688021922,891559357,891559357,741583671,741583671,862199155,862199155,532889751,532889751,467190526,467190526,458202901,458202901,326545853,326545853,290397803,290397803,499335699,499335699,279887420,279887420,240691231,240691231,79566796,79566796,126485732,126485732,-111019558,-111019558,103051358,103051358,-195411009,-195411009,-268725223,-268725223,-164950145,-164950145,39113182,39113182,172178394
f = 528411444,0,1 | route T | claimed 2194.7449915138948625 | coeffs 195411009,195411009,268725223,268725223,164950145,164950145,-39113182,-39113182,-172178394,-172178394,-147262131,-147262131,-31282710,-31282710,201789637,201789637,485095251,485095251,410182906,410182906,487031137,487031137,457043504,457043504,461909348,461909348,580502154,580502154,449017023,449017023,482929005,482929005,688021922,688021922,891559357,891559357,741583671,741583671,862199155,862199155,532889751,532889751,467190526,467190526,458202901,458202901,326545853,326545853,290397803,290397803,499335699,499335699,279887420,279887420,240691231,240691231,79566796,79566796,126485732,126485732,-111019558,-111019558,103051358,103051358
# status f = 528411444,0,1 : PASS_RHO (rho 0.92476, T 2194.7, 0s)
f = 568598675,0,1 | route RHO | claimed 0.96440066536613927878 | coeffs -141946146,-141946146,-171720252,-171720252,-177231846,-177231846,-456859245,-456859245,-644560196,-644560196,-613929223,-613929223,-683049578,-683049578,-653718618,-653718618,-761226823,-761226823,-875327433,-875327433,-990910055,-990910055,-780359431,-780359431,-804784693,-804784693,-790210048,-790210048,-609123289,-609123289,-542371266,-542371266,-267548512,-267548512,-103684439,-103684439,-268944052,-268944052,-252151008,-252151008,-436050881,-436050881,-402489579,-402489579,-339784738,-339784738,-551155237,-551155237,-736171741,-736171741,-672590183,-672590183,-456352361,-456352361,-513124904,-513124904,-543000312,-543000312,-118784294,-118784294,-176645519,-176645519,-131560673,-131560673
f = 568598675,0,1 | route T | claimed 2450.4449529879119571 | coeffs -236900124,-236900124,-445838020,-445838020,-295862334,-295862334,-265874701,-265874701,-132809489,-132809489,-85890553,-85890553,-94878178,-94878178,-60966196,-60966196,222339418,222339418,295653632,295653632,515101911,515101911,394486427,394486427,389620583,389620583,364704320,364704320,127199030,127199030,-4458018,-4458018,200634899,200634899,125722554,125722554,21947476,21947476,61143665,61143665,390453069,390453069,271860263,271860263,155880842,155880842,369951758,369951758,333803708,333803708,537341143,537341143,614189374,614189374,410126047,410126047,571250482,571250482,636949707,636949707,768434838,768434838,535362491,535362491
# status f = 568598675,0,1 : PASS_RHO (rho 0.96440, T 2450.4, 1s)
f = 577184625,0,1 | route RHO | claimed 0.9136775610730219701 | coeffs -21223016,-38016060,-38016060,24688781,24688781,-38892777,-38892777,-68768185,-68768185,-113853031,-113853031,-108341437,-108341437,-77710464,-77710464,29797741,29797741,240348365,240348365,59261606,59261606,223125679,223125679,407025552,407025552,195655053,195655053,-20582769,-20582769,403633249,403633249,130126430,130126430,409753829,409753829,340633474,340633474,454734084,454734084,430308822,430308822,363556799,363556799,198297186,198297186,164735884,164735884,-20280620,-20280620,36491923,36491923,-21369302,-21369302,-51143408,-51143408,136557543,136557543,165888503,165888503,281471125,281471125,296045770,296045770,21223016
f = 577184625,0,1 | route T | claimed 2330.7821434927976382 | coeffs 107025954,107025954,33711740,33711740,28845896,28845896,160502944,160502944,56727866,56727866,175320672,175320672,139172622,139172622,343235949,343235949,474721080,474721080,265783184,265783184,132717972,132717972,166629954,166629954,-52818325,-52818325,-77734588,-77734588,-282827505,-282827505,-243631316,-243631316,-127651895,-127651895,75885540,75885540,-85238895,-85238895,-318311242,-318311242,-168335556,-168335556,-215254492,-215254492,68051122,68051122,188666606,188666606,-48838684,-48838684,26073661,26073661,355383065,355383065,141312149,141312149,218160380,218160380,152461155,152461155,-146001212,-146001212,-116013579,-116013579
# status f = 577184625,0,1 : PASS_RHO (rho 0.91368, T 2330.8, 0s)
f = 586812902,0,1 | route RHO | claimed 0.92616006389393400462 | coeffs -671786838,-671786838,-540129790,-540129790,-210820386,-210820386,-414357821,-414357821,-282872690,-282872690,-252885057,-252885057,-536190671,-536190671,-561106934,-561106934,-457331856,-457331856,-243260940,-243260940,-404385375,-404385375,-195447479,-195447479,-204435104,-204435104,-83819620,-83819620,121273297,121273297,239866103,239866103,316714334,316714334,549786681,549786681,416721469,416721469,490035683,490035683,727540973,727540973,766737162,766737162,802885212,802885212,868584437,868584437,1018560123,1018560123,984648141,984648141,979782297,979782297,1054694642,1054694642,938715221,938715221,1142778548,1142778548,844316181,844316181,891235117,891235117
f = 586812902,0,1 | route T | claimed 1970.5514516643392542 | coeffs 316714334,316714334,549786681,549786681,416721469,416721469,490035683,490035683,727540973,727540973,766737162,766737162,802885212,802885212,868584437,868584437,1018560123,1018560123,984648141,984648141,979782297,979782297,1054694642,1054694642,938715221,938715221,1142778548,1142778548,844316181,844316181,891235117,891235117,671786838,671786838,540129790,540129790,210820386,210820386,414357821,414357821,282872690,282872690,252885057,252885057,536190671,536190671,561106934,561106934,457331856,457331856,243260940,243260940,404385375,404385375,195447479,195447479,204435104,204435104,83819620,83819620,-121273297,-121273297,-239866103,-239866103
# status f = 586812902,0,1 : PASS_RHO (rho 0.92616, T 1970.6, 1s)
f = 588143541,0,1 | route RHO | claimed 0.96745777288552468156 | coeffs -592524939,-592524939,-607523438,-607523438,-316238706,-316238706,-495805735,-495805735,-480538219,-480538219,-448430583,-448430583,-178257514,-178257514,-199012097,-199012097,-160077712,-160077712,-242810174,-242810174,-199445908,-199445908,-92806025,-92806025,-334369780,-334369780,-199637104,-199637104,-159147387,-159147387,98981417,98981417,174406705,174406705,192030421,192030421,-87446533,-87446533,-12442069,-12442069,-21156935,-21156935,-393211872,-393211872,-464683962,-464683962,-318349815,-318349815,-296134867,-296134867,-314995380,-314995380,-29019367,-29019367,-13978214,-13978214,146992921,146992921,142134669,142134669,-6689183,-6689183,362476650,362476650
f = 588143541,0,1 | route T | claimed 2887.1492738978551714 | coeffs 455542312,455542312,464529937,464529937,425333748,425333748,723796115,723796115,698879852,698879852,775728083,775728083,741816101,741816101,412506697,412506697,203568801,203568801,-33936489,-33936489,-237999816,-237999816,-521305430,-521305430,-402712624,-402712624,-252736938,-252736938,-384393986,-384393986,-223269551,-223269551,-296583765,-296583765,-180604344,-180604344,-150616711,-150616711,54476206,54476206,120175431,120175431,-99272848,-99272848,-313343764,-313343764,-180278552,-180278552,-255190897,-255190897,-123705766,-123705766,-3090282,-3090282,33057768,33057768,79976704,79976704,-23798374,-23798374,-256870721,-256870721,-252004877,-252004877
# status f = 588143541,0,1 : PASS_RHO (rho 0.96746, T 2887.1, 1s)
f = 624236701,0,1 | route RHO | claimed 0.92440502275471419617 | coeffs 774779113,708027090,708027090,520326139,520326139,583907697,583907697,402820938,402820938,123193539,123193539,-61822965,-61822965,-76397610,-76397610,-81909204,-81909204,-293279703,-293279703,-268854441,-268854441,-298628547,-298628547,-235923706,-235923706,-446474330,-446474330,-719981149,-719981149,-686419847,-686419847,-570837225,-570837225,-615922071,-615922071,-799821944,-799821944,-685721334,-685721334,-627860109,-627860109,-611067065,-611067065,-503558860,-503558860,-927774878,-927774878,-1093034491,-1093034491,-1122365451,-1122365451,-1092490043,-1092490043,-928625970,-928625970,-859505615,-859505615,-802733072,-802733072,-527910318,-527910318,-558541291,-558541291,-774779113
f = 624236701,0,1 | route T | claimed 2201.9030282200777471 | coeffs 76397610,81909204,81909204,293279703,293279703,268854441,268854441,298628547,298628547,235923706,235923706,446474330,446474330,719981149,719981149,686419847,686419847,570837225,570837225,615922071,615922071,799821944,799821944,685721334,685721334,627860109,627860109,611067065,611067065,503558860,503558860,927774878,927774878,1093034491,1093034491,1122365451,1122365451,1092490043,1092490043,928625970,928625970,859505615,859505615,802733072,802733072,527910318,527910318,558541291,558541291,774779113,774779113,708027090,708027090,520326139,520326139,583907697,583907697,402820938,402820938,123193539,123193539,-61822965,-61822965,-76397610
# status f = 624236701,0,1 : PASS_RHO (rho 0.92441, T 2201.9, 0s)
f = 641694454,0,1 | route RHO | claimed 0.93990227988691322777 | coeffs 156493342,156493342,93788501,93788501,123119461,123119461,-61897043,-61897043,52203567,52203567,-164034255,-164034255,46516369,46516369,16640961,16640961,2066316,2066316,59927541,59927541,126679564,126679564,400186383,400186383,236322310,236322310,230810716,230810716,247603760,247603760,435304711,435304711,401743409,401743409,332623054,332623054,121252555,121252555,228760760,228760760,165179202,165179202,49596580,49596580,-7175963,-7175963,17249299,17249299,-406966719,-406966719,-225879960,-225879960,-180795114,-180795114,-455617868,-455617868,-485391974,-485391974,-650651587,-650651587,-371024188,-371024188,-187124315,-187124315
f = 641694454,0,1 | route T | claimed 2548.0403267186501455 | coeffs -672491603,-672491603,-663503978,-663503978,-877574894,-877574894,-594269280,-594269280,-390731845,-390731845,-610180124,-610180124,-406116797,-406116797,-410982641,-410982641,-345283416,-345283416,-107778126,-107778126,125294221,125294221,330387138,330387138,539325034,539325034,643100112,643100112,673087745,673087745,1002397149,1002397149,955478213,955478213,1071457634,1071457634,1105369616,1105369616,1069221566,1069221566,995907352,995907352,919059121,919059121,798443637,798443637,959568072,959568072,984484335,984484335,852999204,852999204,721342156,721342156,422879789,422879789,497792134,497792134,647767820,647767820,686964009,686964009,553898797,553898797
# status f = 641694454,0,1 : PASS_RHO (rho 0.93990, T 2548.0, 0s)
f = 642360205,0,1 | route RHO | claimed 0.96021393532231729087 | coeffs -305302423,-305302423,-117002737,-117002737,-214862256,-214862256,57014752,57014752,57417258,57417258,124046592,124046592,379729040,379729040,412841844,412841844,522056812,522056812,786068787,786068787,736467559,736467559,721429788,721429788,716502037,716502037,629415412,629415412,242382906,242382906,514673845,514673845,544576432,544576432,394453141,394453141,634472465,634472465,682224642,682224642,791659946,791659946,519518118,519518118,609924911,609924911,399320955,399320955,528503629,528503629,740032116,740032116,588957209,588957209,460881136,460881136,734178057,734178057,538651038,538651038,494479483,494479483,267836493,267836493
f = 642360205,0,1 | route T | claimed 2253.860545849121516 | coeffs 209057765,209057765,-24014582,-24014582,213490708,213490708,147791483,147791483,142925639,142925639,-61137688,-61137688,-280585967,-280585967,-484123402,-484123402,-200817788,-200817788,13253128,13253128,22240753,22240753,140833559,140833559,273898771,273898771,313094960,313094960,163119274,163119274,238031619,238031619,536493986,536493986,404836938,404836938,536322069,536322069,561238332,561238332,400113897,400113897,279498413,279498413,356346644,356346644,283032430,283032430,319180480,319180480,353092462,353092462,237113041,237113041,190194105,190194105,-139115299,-139115299,-109127666,-109127666,-212902744,-212902744,-3964848,-3964848
# status f = 642360205,0,1 : PASS_RHO (rho 0.96021, T 2253.9, 0s)
f = 665694125,0,1 | route RHO | claimed 0.94980594546301606444 | coeffs -629421369,-521913164,-521913164,-566998010,-566998010,-504293169,-504293169,-518867814,-518867814,-706568765,-706568765,-763341308,-763341308,-598081695,-598081695,-712182305,-712182305,-438675486,-438675486,-227304987,-227304987,-46218228,-46218228,-76849201,-76849201,-46973793,-46973793,-30180749,-30180749,85401873,85401873,55627767,55627767,-129388737,-129388737,-196140760,-196140760,-265261115,-265261115,158954903,158954903,342854776,342854776,553405400,553405400,558916994,558916994,495335436,495335436,770158190,770158190,740827230,740827230,798688455,798688455,832249757,832249757,856675019,856675019,577047620,577047620,793285442,793285442,629421369
f = 665694125,0,1 | route T | claimed 2401.8488401812017025 | coeffs 517132588,523039564,523039564,562927329,562927329,500871696,500871696,576176677,576176677,606493279,606493279,587983194,587983194,446288033,446288033,355322905,355322905,362946999,362946999,69619490,69619490,164975716,164975716,266322045,266322045,360297652,360297652,80094284,80094284,239886870,239886870,-68361837,-68361837,-10946901,-10946901,-115287121,-115287121,-686938498,-686938498,-525062418,-525062418,-611552830,-611552830,-389157095,-389157095,-388028581,-388028581,-609868722,-609868722,-607606506,-607606506,-791999334,-791999334,-747953193,-747953193,-834728219,-834728219,-669515119,-669515119,-637037951,-637037951,-347932692,-347932692,-517132588
# status f = 665694125,0,1 : PASS_RHO (rho 0.94981, T 2401.8, 1s)
f = 675782828,0,1 | route RHO | claimed 0.97536938500171742236 | coeffs -6328250,18588013,18588013,347897417,347897417,551960744,551960744,401985058,401985058,475299272,475299272,270206355,270206355,484277271,484277271,352792140,352792140,305873204,305873204,301007360,301007360,261811171,261811171,338659402,338659402,129721506,129721506,-153584108,-153584108,-285241156,-285241156,-169261735,-169261735,-103562510,-103562510,29502702,29502702,150118186,150118186,46343108,46343108,-157194327,-157194327,-455656694,-455656694,-421744712,-421744712,-184239422,-184239422,-302832228,-302832228,-463956663,-463956663,-493944296,-493944296,-274496017,-274496017,-199583672,-199583672,-235731722,-235731722,-2659375,-2659375,6328250
f = 675782828,0,1 | route T | claimed 2507.2975493989896361 | coeffs -46343108,157194327,157194327,455656694,455656694,421744712,421744712,184239422,184239422,302832228,302832228,463956663,463956663,493944296,493944296,274496017,274496017,199583672,199583672,235731722,235731722,2659375,2659375,-6328250,-6328250,18588013,18588013,347897417,347897417,551960744,551960744,401985058,401985058,475299272,475299272,270206355,270206355,484277271,484277271,352792140,352792140,305873204,305873204,301007360,301007360,261811171,261811171,338659402,338659402,129721506,129721506,-153584108,-153584108,-285241156,-285241156,-169261735,-169261735,-103562510,-103562510,29502702,29502702,150118186,150118186,46343108
# status f = 675782828,0,1 : PASS_RHO (rho 0.97537, T 2507.3, 1s)
f = 705582572,0,1 | route RHO | claimed 0.92810037384088515509 | coeffs -518153134,-523664728,-523664728,-490103426,-490103426,-382595221,-382595221,-325822678,-325822678,-144735919,-144735919,-114961813,-114961813,68938060,68938060,98269020,98269020,314506842,314506842,299932197,299932197,26425378,26425378,43218422,43218422,112338777,112338777,48757219,48757219,24331957,24331957,69416803,69416803,234676416,234676416,265307389,265307389,80290885,80290885,-130259739,-130259739,-72398514,-72398514,91465559,91465559,279166510,279166510,490537009,490537009,374954387,374954387,799170405,799170405,524347651,524347651,244720252,244720252,307425093,307425093,421525703,421525703,451401111,451401111,518153134
f = 705582572,0,1 | route T | claimed 2201.4398597267899092 | coeffs 45571996,161551417,161551417,234865631,234865631,395990066,395990066,527647114,527647114,677622800,677622800,559029994,559029994,275724380,275724380,479787707,479787707,242282417,242282417,451220313,451220313,121910909,121910909,155822891,155822891,232671122,232671122,257587385,257587385,556049752,556049752,595245941,595245941,604233566,604233566,400696131,400696131,395830287,395830287,162757940,162757940,266533018,266533018,313451954,313451954,277303904,277303904,397919388,397919388,266434257,266434257,191521912,191521912,58456700,58456700,-155614216,-155614216,63834063,63834063,129533288,129533288,-75559629,-75559629,-45571996
# status f = 705582572,0,1 : PASS_RHO (rho 0.92810, T 2201.4, 0s)
f = 739142895,0,1 | route RHO | claimed 0.92616006389393400462 | coeffs 457331856,561106934,561106934,536190671,536190671,252885057,252885057,282872690,282872690,414357821,414357821,210820386,210820386,540129790,540129790,671786838,671786838,891235117,891235117,844316181,844316181,1142778548,1142778548,938715221,938715221,1054694642,1054694642,979782297,979782297,984648141,984648141,1018560123,1018560123,868584437,868584437,802885212,802885212,766737162,766737162,727540973,727540973,490035683,490035683,416721469,416721469,549786681,549786681,316714334,316714334,239866103,239866103,121273297,121273297,-83819620,-83819620,-204435104,-204435104,-195447479,-195447479,-404385375,-404385375,-243260940,-243260940,-457331856
f = 739142895,0,1 | route T | claimed 2177.2170749917322801 | coeffs 389778729,229384960,229384960,248722297,248722297,-8761594,-8761594,205166580,205166580,226879755,226879755,251265124,251265124,197659707,197659707,191097516,191097516,439745350,439745350,237303976,237303976,433962564,433962564,372142301,372142301,229754225,229754225,-54725332,-54725332,-70162969,-70162969,-308431825,-308431825,-152818984,-152818984,57326118,57326118,138567544,138567544,180276851,180276851,282495706,282495706,138407463,138407463,194623283,194623283,353075872,353075872,240004290,240004290,74785940,74785940,130160415,130160415,-33471273,-33471273,-401053995,-401053995,-167216562,-167216562,-253320575,-253320575,-389778729
# status f = 739142895,0,1 : PASS_RHO (rho 0.92616, T 2177.2, 1s)
f = 847832516,0,1 | route RHO | claimed 0.9136775610730219701 | coeffs -24688781,38016060,38016060,21223016,21223016,296045770,296045770,281471125,281471125,165888503,165888503,136557543,136557543,-51143408,-51143408,-21369302,-21369302,36491923,36491923,-20280620,-20280620,164735884,164735884,198297186,198297186,363556799,363556799,430308822,430308822,454734084,454734084,340633474,340633474,409753829,409753829,130126430,130126430,403633249,403633249,-20582769,-20582769,195655053,195655053,407025552,407025552,223125679,223125679,59261606,59261606,240348365,240348365,29797741,29797741,-77710464,-77710464,-108341437,-108341437,-113853031,-113853031,-68768185,-68768185,-38892777,-38892777,24688781
f = 847832516,0,1 | route T | claimed 1847.8457611999092924 | coeffs 113853031,113853031,68768185,68768185,38892777,38892777,-24688781,-24688781,38016060,38016060,21223016,21223016,296045770,296045770,281471125,281471125,165888503,165888503,136557543,136557543,-51143408,-51143408,-21369302,-21369302,36491923,36491923,-20280620,-20280620,164735884,164735884,198297186,198297186,363556799,363556799,430308822,430308822,454734084,454734084,340633474,340633474,409753829,409753829,130126430,130126430,403633249,403633249,-20582769,-20582769,195655053,195655053,407025552,407025552,223125679,223125679,59261606,59261606,240348365,240348365,29797741,29797741,-77710464,-77710464,-108341437,-108341437
# status f = 847832516,0,1 : PASS_RHO (rho 0.91368, T 1847.8, 0s)
f = 963924146,0,1 | route RHO | claimed 0.97536938500171742236 | coeffs -401985058,-401985058,-551960744,-551960744,-347897417,-347897417,-18588013,-18588013,6328250,6328250,-2659375,-2659375,-235731722,-235731722,-199583672,-199583672,-274496017,-274496017,-493944296,-493944296,-463956663,-463956663,-302832228,-302832228,-184239422,-184239422,-421744712,-421744712,-455656694,-455656694,-157194327,-157194327,46343108,46343108,150118186,150118186,29502702,29502702,-103562510,-103562510,-169261735,-169261735,-285241156,-285241156,-153584108,-153584108,129721506,129721506,338659402,338659402,261811171,261811171,301007360,301007360,305873204,305873204,352792140,352792140,484277271,484277271,270206355,270206355,475299272,475299272
f = 963924146,0,1 | route T | claimed 2242.7029870755568484 | coeffs -103562510,-103562510,-169261735,-169261735,-285241156,-285241156,-153584108,-153584108,129721506,129721506,338659402,338659402,261811171,261811171,301007360,301007360,305873204,305873204,352792140,352792140,484277271,484277271,270206355,270206355,475299272,475299272,401985058,401985058,551960744,551960744,347897417,347897417,18588013,18588013,-6328250,-6328250,2659375,2659375,235731722,235731722,199583672,199583672,274496017,274496017,493944296,493944296,463956663,463956663,302832228,302832228,184239422,184239422,421744712,421744712,455656694,455656694,157194327,157194327,-46343108,-46343108,-150118186,-150118186,-29502702,-29502702
# status f = 963924146,0,1 : PASS_RHO (rho 0.97537, T 2242.7, 1s)
f = 966736917,0,1 | route RHO | claimed 0.94907043835740217755 | coeffs -345003188,-140939861,-140939861,-149927486,-149927486,-224839831,-224839831,-63715396,-63715396,-97627378,-97627378,6147700,6147700,-59551525,-59551525,223754089,223754089,262950278,262950278,394435409,394435409,321121195,321121195,-8188209,-8188209,224884138,224884138,444332417,444332417,325739611,325739611,27277244,27277244,147892728,147892728,263872149,263872149,54934253,54934253,50068409,50068409,264139325,264139325,114163639,114163639,139079902,139079902,175227952,175227952,205215585,205215585,-32289705,-32289705,171247730,171247730,38182518,38182518,169839566,169839566,92991335,92991335,139910271,139910271,345003188
f = 966736917,0,1 | route T | claimed 2374.8832238294704354 | coeffs -345003188,-140939861,-140939861,-149927486,-149927486,-224839831,-224839831,-63715396,-63715396,-97627378,-97627378,6147700,6147700,-59551525,-59551525,223754089,223754089,262950278,262950278,394435409,394435409,321121195,321121195,-8188209,-8188209,224884138,224884138,444332417,444332417,325739611,325739611,27277244,27277244,147892728,147892728,263872149,263872149,54934253,54934253,50068409,50068409,264139325,264139325,114163639,114163639,139079902,139079902,175227952,175227952,205215585,205215585,-32289705,-32289705,171247730,171247730,38182518,38182518,169839566,169839566,92991335,92991335,139910271,139910271,345003188
# status f = 966736917,0,1 : PASS_RHO (rho 0.94907, T 2374.9, 1s)
# summary n = 7 l = 1001146561 : EXCLUSION_CANDIDATE ; PASS 32 / 32 ; OPEN_NEAR 0 ; OPEN_FAR 0 ; 16s
