# FAMILY WITNESS FILE (generator family_gen.sage r10). n = 7 ; l = 1000983617 ; m = 64 ; deg = 2 ; ncomp = 32 ; bar_T = 4224 ; L_n = 16.3328709449664096755483535644
# line: f = c0,...,c_deg (monic, over F_l) | route RHO|T | claimed (rho or T, float) | coeffs a_0..a_{m-1}
f = 14304655,0,1 | route RHO | claimed 0.93232473667642301681 | coeffs 727355492,727355492,613951911,613951911,376400427,376400427,466136923,466136923,204890546,204890546,231794196,231794196,384755947,384755947,173599490,173599490,-11231872,-11231872,-142131275,-142131275,-175617547,-175617547,-454893881,-454893881,-326069796,-326069796,-384338883,-384338883,-557990528,-557990528,-583100031,-583100031,-759232890,-759232890,-785438708,-785438708,-831397523,-831397523,-725364872,-725364872,-575072154,-575072154,-344533255,-344533255,-687160488,-687160488,-868226988,-868226988,-955543822,-955543822,-1024649179,-1024649179,-855964217,-855964217,-991279345,-991279345,-944173121,-944173121,-766398065,-766398065,-763298977,-763298977,-680014222,-680014222
f = 14304655,0,1 | route T | claimed 2483.6863800199378747 | coeffs 563348039,563348039,682766465,682766465,727585993,727585993,758346353,758346353,657303697,657303697,911877856,911877856,1277377715,1277377715,1026054556,1026054556,1166750780,1166750780,1111857478,1111857478,1150476858,1150476858,1048607784,1048607784,1230660208,1230660208,1209628326,1209628326,1196549729,1196549729,1113501004,1113501004,822272130,822272130,690944061,690944061,740023750,740023750,772760444,772760444,623489367,623489367,532793666,532793666,418163554,418163554,576360505,576360505,352775247,352775247,247096064,247096064,321698685,321698685,409748036,409748036,151324494,151324494,-120792572,-120792572,-275883188,-275883188,-345509932,-345509932
# status f = 14304655,0,1 : PASS_RHO (rho 0.93232, T 2483.7, 1s)
f = 96437976,0,1 | route RHO | claimed 0.96741727226896779781 | coeffs -276682988,-230724173,-230724173,-172455086,-172455086,12376276,12376276,-77360220,-77360220,-74261132,-74261132,-143366489,-143366489,6926229,6926229,-18183274,-18183274,-51669546,-51669546,-24765896,-24765896,22575374,22575374,157890502,157890502,500517735,500517735,526723553,526723553,397899468,397899468,609055925,609055925,846607409,846607409,1024382465,1024382465,937065631,937065631,1043098282,1043098282,869446637,869446637,738547234,738547234,477300857,477300857,394016102,394016102,225331140,225331140,-5207759,-5207759,170925100,170925100,450201434,450201434,297239683,297239683,410643264,410643264,457749488,457749488,276682988
f = 96437976,0,1 | route T | claimed 2802.9918352686002081 | coeffs 547701045,536831478,536831478,674991135,674991135,656884959,656884959,917130800,917130800,752722088,752722088,453624897,453624897,300180160,300180160,172527026,172527026,118535823,118535823,-43358583,-43358583,109025316,109025316,175260547,175260547,254787717,254787717,-127457359,-127457359,-318093766,-318093766,-225976002,-225976002,-57173284,-57173284,-160176807,-160176807,-283956228,-283956228,-151684582,-151684582,-463621892,-463621892,-858089766,-858089766,-898645292,-898645292,-1020949768,-1020949768,-1115431276,-1115431276,-973539679,-973539679,-1054593186,-1054593186,-697680637,-697680637,-679948151,-679948151,-552580277,-552580277,-558799606,-558799606,-547701045
# status f = 96437976,0,1 : PASS_RHO (rho 0.96742, T 2803.0, 0s)
f = 122355908,0,1 | route RHO | claimed 0.89343082945051344215 | coeffs 251192990,251192990,298299214,298299214,367404571,367404571,24777338,24777338,-81255313,-81255313,-257388172,-257388172,-199119085,-199119085,-232605357,-232605357,-21448900,-21448900,-282695277,-282695277,-169291696,-169291696,-172390784,-172390784,-307705912,-307705912,-220389078,-220389078,10149821,10149821,56108636,56108636,30999133,30999133,-97824952,-97824952,-228724355,-228724355,-381686106,-381686106,-291949610,-291949610,-339290880,-339290880,-517065936,-517065936,-348380974,-348380974,-167314474,-167314474,-17021756,-17021756,9184062,9184062,-164467583,-164467583,114808751,114808751,-70022611,-70022611,-96926261,-96926261,-334477745,-334477745
f = 122355908,0,1 | route T | claimed 2377.6299022946323645 | coeffs 436312218,436312218,573685985,573685985,524811537,524811537,440649430,440649430,429897815,429897815,114689452,114689452,82546637,82546637,97500185,97500185,-134756004,-134756004,-159191528,-159191528,-3663610,-3663610,261549781,261549781,-90771203,-90771203,23808672,23808672,-94206802,-94206802,-80740176,-80740176,86575217,86575217,151246262,151246262,115137,115137,-48137428,-48137428,215337626,215337626,179836515,179836515,85681196,85681196,-180532010,-180532010,-173120080,-173120080,-414762514,-414762514,-560549362,-560549362,-668962948,-668962948,-609149427,-609149427,-377012770,-377012770,-342793981,-342793981,-560904079,-560904079
# status f = 122355908,0,1 : PASS_RHO (rho 0.89343, T 2377.6, 1s)
f = 156768856,0,1 | route RHO | claimed 0.96741727226896779781 | coeffs 6926229,6926229,-143366489,-143366489,-74261132,-74261132,-77360220,-77360220,12376276,12376276,-172455086,-172455086,-230724173,-230724173,-276682988,-276682988,-457749488,-457749488,-410643264,-410643264,-297239683,-297239683,-450201434,-450201434,-170925100,-170925100,5207759,5207759,-225331140,-225331140,-394016102,-394016102,-477300857,-477300857,-738547234,-738547234,-869446637,-869446637,-1043098282,-1043098282,-937065631,-937065631,-1024382465,-1024382465,-846607409,-846607409,-609055925,-609055925,-397899468,-397899468,-526723553,-526723553,-500517735,-500517735,-157890502,-157890502,-22575374,-22575374,24765896,24765896,51669546,51669546,18183274,18183274
f = 156768856,0,1 | route T | claimed 2631.3992598332416311 | coeffs 204098957,84285701,84285701,-90957141,-90957141,43703065,43703065,379880358,379880358,446644190,446644190,481139472,481139472,242477402,242477402,453266732,453266732,518724309,518724309,354343638,354343638,54053980,54053980,-10250602,-10250602,-86880840,-86880840,115698997,115698997,98852549,98852549,-3957500,-3957500,258497474,258497474,273280685,273280685,253975403,253975403,114446974,114446974,15060989,15060989,-43844456,-43844456,-316846516,-316846516,-197670171,-197670171,28598453,28598453,203409611,203409611,-108650041,-108650041,-155412182,-155412182,-330008221,-330008221,-273445388,-273445388,-238048831,-238048831,-204098957
# status f = 156768856,0,1 : PASS_RHO (rho 0.96742, T 2631.4, 1s)
f = 171850599,0,1 | route RHO | claimed 0.96540389945466371265 | coeffs 266075767,266075767,196970410,196970410,20837551,20837551,-190318906,-190318906,-193417994,-193417994,-423956893,-423956893,-552780978,-552780978,-642517474,-642517474,-473832512,-473832512,-500038330,-500038330,-684869692,-684869692,-768154447,-768154447,-425527214,-425527214,-367258127,-367258127,-106011750,-106011750,-241326878,-241326878,-287285693,-287285693,-418185096,-418185096,-370843826,-370843826,-189777326,-189777326,-16125681,-16125681,-43029331,-43029331,4076893,4076893,110109544,110109544,76623272,76623272,-36780309,-36780309,50536525,50536525,75646028,75646028,-77315723,-77315723,100459333,100459333,250752051,250752051,-28524283,-28524283
f = 171850599,0,1 | route T | claimed 2048.2941696625761006 | coeffs -230800071,-230800071,-196304789,-196304789,66150185,66150185,19388044,19388044,258050114,258050114,243266903,243266903,417862942,417862942,628652272,628652272,609346990,609346990,665909823,665909823,600452246,600452246,739980675,739980675,704584118,704584118,540203447,540203447,440817462,440817462,474767336,474767336,775056994,775056994,833962439,833962439,714149183,714149183,649844601,649844601,376842541,376842541,552085383,552085383,628715621,628715621,509539276,509539276,644199482,644199482,846779319,846779319,1073047943,1073047943,736870650,736870650,753717098,753717098,578905940,578905940,645669772,645669772,542859723,542859723
# status f = 171850599,0,1 : PASS_RHO (rho 0.96540, T 2048.3, 1s)
f = 197020198,0,1 | route RHO | claimed 0.92736341854231243199 | coeffs -15972497,-168934248,-168934248,-350000748,-350000748,-534832110,-534832110,-465726753,-465726753,-432240481,-432240481,-567555609,-567555609,-438731524,-438731524,-616506580,-616506580,-442854935,-442854935,-359570180,-359570180,-535703039,-535703039,-649106620,-649106620,-603147805,-603147805,-692884301,-692884301,-542591583,-542591583,-515687933,-515687933,-173060700,-173060700,38095757,38095757,-49221077,-49221077,-180120480,-180120480,-348805442,-348805442,-69529108,-69529108,-22422884,-22422884,-80691971,-80691971,-83791059,-83791059,-58681556,-58681556,-106022826,-106022826,-132228644,-132228644,-369780128,-369780128,-475812779,-475812779,-214566402,-214566402,15972497
f = 197020198,0,1 | route T | claimed 2032.5433396605004137 | coeffs -109839230,-4160047,-4160047,-42779427,-42779427,45269924,45269924,227322348,227322348,499439414,499439414,512518011,512518011,442891267,442891267,151662393,151662393,271080819,271080819,222001130,222001130,191240770,191240770,41969693,41969693,296543852,296543852,411173964,411173964,662497123,662497123,438911865,438911865,384018563,384018563,309415942,309415942,411285016,411285016,152861474,152861474,131829592,131829592,286920208,286920208,369968933,369968933,152130826,152130826,20802757,20802757,65622285,65622285,32885591,32885591,133928247,133928247,43232546,43232546,408732405,408732405,250535454,250535454,109839230
# status f = 197020198,0,1 : PASS_RHO (rho 0.92736, T 2032.5, 1s)
f = 202478160,0,1 | route RHO | claimed 0.92736341854231243199 | coeffs -38095757,173060700,173060700,515687933,515687933,542591583,542591583,692884301,692884301,603147805,603147805,649106620,649106620,535703039,535703039,359570180,359570180,442854935,442854935,616506580,616506580,438731524,438731524,567555609,567555609,432240481,432240481,465726753,465726753,534832110,534832110,350000748,350000748,168934248,168934248,15972497,15972497,-214566402,-214566402,-475812779,-475812779,-369780128,-369780128,-132228644,-132228644,-106022826,-106022826,-58681556,-58681556,-83791059,-83791059,-80691971,-80691971,-22422884,-22422884,-69529108,-69529108,-348805442,-348805442,-180120480,-180120480,-49221077,-49221077,38095757
f = 202478160,0,1 | route T | claimed 1626.3782428599972793 | coeffs -136637744,38605098,38605098,-28158734,-28158734,-238948064,-238948064,61341594,61341594,-141238243,-141238243,-403693217,-403693217,-264164788,-264164788,8837272,8837272,-165973886,-165973886,8622153,8622153,-25327721,-25327721,109332485,109332485,143827767,143827767,209285344,209285344,144980762,144980762,128134314,128134314,142917525,142917525,43531540,43531540,162707885,162707885,-149351767,-149351767,-92788934,-92788934,27024322,27024322,-309152971,-309152971,-70490901,-70490901,93889770,93889770,170520008,170520008,273330057,273330057,292635339,292635339,351540784,351540784,125272160,125272160,172034301,172034301,136637744
# status f = 202478160,0,1 : PASS_RHO (rho 0.92736, T 1626.4, 0s)
f = 271265038,0,1 | route RHO | claimed 0.97278675936920964923 | coeffs 98445409,11128575,11128575,-124186553,-124186553,-121087465,-121087465,-7683884,-7683884,253562493,253562493,464718950,464718950,498205222,498205222,556474309,556474309,732607168,732607168,626574517,626574517,969201750,969201750,1038307107,1038307107,991200883,991200883,907916128,907916128,670364644,670364644,697268294,697268294,512436932,512436932,233160598,233160598,59508953,59508953,33303135,33303135,183595853,183595853,2529353,2529353,171214315,171214315,348989371,348989371,301648101,301648101,211911605,211911605,58949854,58949854,189849257,189849257,61025172,61025172,86134675,86134675,132093490,132093490,-98445409
f = 271265038,0,1 | route T | claimed 2747.0667970110238455 | coeffs 98445409,11128575,11128575,-124186553,-124186553,-121087465,-121087465,-7683884,-7683884,253562493,253562493,464718950,464718950,498205222,498205222,556474309,556474309,732607168,732607168,626574517,626574517,969201750,969201750,1038307107,1038307107,991200883,991200883,907916128,907916128,670364644,670364644,697268294,697268294,512436932,512436932,233160598,233160598,59508953,59508953,33303135,33303135,183595853,183595853,2529353,2529353,171214315,171214315,348989371,348989371,301648101,301648101,211911605,211911605,58949854,58949854,189849257,189849257,61025172,61025172,86134675,86134675,132093490,132093490,-98445409
# status f = 271265038,0,1 : PASS_RHO (rho 0.97279, T 2747.1, 1s)
f = 296821548,0,1 | route RHO | claimed 0.94499680687583631886 | coeffs 63698732,63698732,244765232,244765232,241666144,241666144,268569794,268569794,397393879,397393879,503426530,503426530,672111492,672111492,785515073,785515073,970346435,970346435,995455938,995455938,1338083171,1338083171,1160308115,1160308115,899061738,899061738,619785404,619785404,573826589,573826589,504721232,504721232,457379962,457379962,668536419,668536419,842188064,842188064,611649165,611649165,564542941,564542941,654279437,654279437,620793165,620793165,594587347,594587347,507270513,507270513,590555268,590555268,437593517,437593517,495862604,495862604,345569886,345569886,480885014,480885014,243333530,243333530,112434127,112434127
f = 296821548,0,1 | route T | claimed 2132.7874661425033806 | coeffs -54991649,-54991649,155797681,155797681,21137475,21137475,-35425358,-35425358,190843266,190843266,330371695,330371695,313525247,313525247,477905918,477905918,544669750,544669750,578619624,578619624,890679276,890679276,831773831,831773831,569318857,569318857,505014275,505014275,743676345,743676345,568433503,568433503,393837464,393837464,274661119,274661119,255355837,255355837,52776000,52776000,118233577,118233577,-217943716,-217943716,-253340273,-253340273,-78529115,-78529115,20856870,20856870,-81953179,-81953179,218336479,218336479,252831761,252831761,372645017,372645017,419407158,419407158,146405098,146405098,131621887,131621887
# status f = 296821548,0,1 : PASS_RHO (rho 0.94500, T 2132.8, 1s)
f = 322390267,0,1 | route RHO | claimed 0.95570725523307700949 | coeffs 300002604,20726270,20726270,-66590564,-66590564,-93494214,-93494214,-47535399,-47535399,-130820154,-130820154,-1996069,-1996069,-71101426,-71101426,-224063177,-224063177,-330095828,-330095828,-282754558,-282754558,-341023645,-341023645,-172338683,-172338683,38817774,38817774,-111474944,-111474944,-224878525,-224878525,-398530170,-398530170,-533845298,-533845298,-349013936,-349013936,-579552835,-579552835,-817104319,-817104319,-842213822,-842213822,-795107598,-795107598,-664208195,-664208195,-321580962,-321580962,-231844466,-231844466,-407977325,-407977325,-230202269,-230202269,-196715997,-196715997,-15649497,-15649497,-276895874,-276895874,-303101692,-303101692,-300002604
f = 322390267,0,1 | route T | claimed 2353.9774213680211832 | coeffs 30439530,-143438980,-143438980,-323446569,-323446569,-289118193,-289118193,-335230532,-335230532,-365859416,-365859416,-283231654,-283231654,116642303,116642303,-171062724,-171062724,16945010,16945010,-749978,-749978,-74242287,-74242287,169302138,169302138,168878383,168878383,-226282336,-226282336,-506939509,-506939509,-529530720,-529530720,-660383199,-660383199,-451179575,-451179575,-330503846,-330503846,-638352304,-638352304,-383551428,-383551428,-369850943,-369850943,-520962753,-520962753,-266518765,-266518765,-67065166,-67065166,-58524044,-58524044,102600767,102600767,124199593,124199593,-61718530,-61718530,-22270791,-22270791,54136505,54136505,-30439530
# status f = 322390267,0,1 : PASS_RHO (rho 0.95571, T 2354.0, 0s)
f = 342869553,0,1 | route RHO | claimed 0.96540389945466371265 | coeffs 77315723,-75646028,-75646028,-50536525,-50536525,36780309,36780309,-76623272,-76623272,-110109544,-110109544,-4076893,-4076893,43029331,43029331,16125681,16125681,189777326,189777326,370843826,370843826,418185096,418185096,287285693,287285693,241326878,241326878,106011750,106011750,367258127,367258127,425527214,425527214,768154447,768154447,684869692,684869692,500038330,500038330,473832512,473832512,642517474,642517474,552780978,552780978,423956893,423956893,193417994,193417994,190318906,190318906,-20837551,-20837551,-196970410,-196970410,-266075767,-266075767,-28524283,-28524283,250752051,250752051,100459333,100459333,-77315723
f = 342869553,0,1 | route T | claimed 2676.3868149082100468 | coeffs -19388044,-19388044,-66150185,-66150185,196304789,196304789,230800071,230800071,542859723,542859723,645669772,645669772,578905940,578905940,753717098,753717098,736870650,736870650,1073047943,1073047943,846779319,846779319,644199482,644199482,509539276,509539276,628715621,628715621,552085383,552085383,376842541,376842541,649844601,649844601,714149183,714149183,833962439,833962439,775056994,775056994,474767336,474767336,440817462,440817462,540203447,540203447,704584118,704584118,739980675,739980675,600452246,600452246,665909823,665909823,609346990,609346990,628652272,628652272,417862942,417862942,243266903,243266903,258050114,258050114
# status f = 342869553,0,1 : PASS_RHO (rho 0.96540, T 2676.4, 1s)
f = 355892372,0,1 | route RHO | claimed 0.92338889578227522596 | coeffs 97930520,97930520,-30893565,-30893565,-3989915,-3989915,-890827,-890827,180175673,180175673,4042814,4042814,134942217,134942217,-102609267,-102609267,-237924395,-237924395,-388217113,-388217113,-446486200,-446486200,-599447951,-599447951,-682732706,-682732706,-770049540,-770049540,-743843722,-743843722,-777329994,-777329994,-867066490,-867066490,-914172714,-914172714,-683633815,-683633815,-509982170,-509982170,-721138627,-721138627,-768479897,-768479897,-699374540,-699374540,-745333355,-745333355,-466057021,-466057021,-727303398,-727303398,-549528342,-549528342,-206901109,-206901109,-232010612,-232010612,-47179250,-47179250,-160582831,-160582831,8102131,8102131
f = 355892372,0,1 | route T | claimed 2371.9853880965042119 | coeffs 487032927,535907375,535907375,549374001,549374001,489560480,489560480,513996004,513996004,419840685,419840685,335678578,335678578,168363185,168363185,400499842,400499842,556027760,556027760,822240966,822240966,832992581,832992581,897663626,897663626,863444837,863444837,598231446,598231446,605643376,605643376,290435013,290435013,441566138,441566138,223456040,223456040,-128864944,-128864944,112777490,112777490,144920305,144920305,96667740,96667740,-27924121,-27924121,-142503996,-142503996,-288290844,-288290844,-273337296,-273337296,-536812350,-536812350,-674186117,-674186117,-792201591,-792201591,-683788005,-683788005,-451531816,-451531816,-487032927
# status f = 355892372,0,1 : PASS_RHO (rho 0.92339, T 2372.0, 0s)
f = 399581791,0,1 | route RHO | claimed 0.9194611996605330947 | coeffs -436298815,-436298815,-330266164,-330266164,-483227915,-483227915,-414122558,-414122558,-285298473,-285298473,-202013718,-202013718,-156054903,-156054903,-129151253,-129151253,-216468087,-216468087,62808247,62808247,59709159,59709159,33503341,33503341,294749718,294749718,475816218,475816218,442329946,442329946,620105002,620105002,796237861,796237861,885974357,885974357,543347124,543347124,674246527,674246527,627140303,627140303,602030800,602030800,839582284,839582284,609043385,609043385,424212023,424212023,288896895,288896895,462548540,462548540,349144959,349144959,499437677,499437677,710594134,710594134,541909172,541909172,483640085,483640085
f = 399581791,0,1 | route T | claimed 2449.2471622448256046 | coeffs -129151253,-216468087,-216468087,62808247,62808247,59709159,59709159,33503341,33503341,294749718,294749718,475816218,475816218,442329946,442329946,620105002,620105002,796237861,796237861,885974357,885974357,543347124,543347124,674246527,674246527,627140303,627140303,602030800,602030800,839582284,839582284,609043385,609043385,424212023,424212023,288896895,288896895,462548540,462548540,349144959,349144959,499437677,499437677,710594134,710594134,541909172,541909172,483640085,483640085,436298815,436298815,330266164,330266164,483227915,483227915,414122558,414122558,285298473,285298473,202013718,202013718,156054903,156054903,129151253
# status f = 399581791,0,1 : PASS_RHO (rho 0.91946, T 2449.2, 0s)
f = 403443124,0,1 | route RHO | claimed 0.91208317270237148295 | coeffs -71794719,-71794719,-252861219,-252861219,-381685304,-381685304,-495088885,-495088885,-837716118,-837716118,-558439784,-558439784,-511098514,-511098514,-280559615,-280559615,-247073343,-247073343,-330358098,-330358098,-180065380,-180065380,-49165977,-49165977,-52265065,-52265065,53767586,53767586,238598948,238598948,60823892,60823892,14865077,14865077,226021534,226021534,178915310,178915310,152709492,152709492,-252259,-252259,135062869,135062869,-41069990,-41069990,-67973640,-67973640,-236658602,-236658602,-261768105,-261768105,-521728,-521728,68583629,68583629,-105068016,-105068016,-194804512,-194804512,-107487678,-107487678,-165756765,-165756765
f = 403443124,0,1 | route T | claimed 3011.5749935143606025 | coeffs -73286290,-28466762,-28466762,129730189,129730189,-52322235,-52322235,67096191,67096191,-47533921,-47533921,54335153,54335153,272173260,272173260,181477559,181477559,142858179,142858179,212484923,212484923,63213846,63213846,118107148,118107148,273197764,273197764,305934458,305934458,165238234,165238234,437355300,437355300,486434989,486434989,737758148,737758148,996181690,996181690,864853621,864853621,499353762,499353762,411304411,411304411,120075537,120075537,-134498622,-134498622,-209101243,-209101243,-292149968,-292149968,-191107312,-191107312,-85428129,-85428129,-98506726,-98506726,-129267086,-129267086,94318172,94318172,73286290
# status f = 403443124,0,1 : PASS_RHO (rho 0.91208, T 3011.6, 0s)
f = 485281074,0,1 | route RHO | claimed 0.93232473667642301681 | coeffs -11231872,173599490,173599490,384755947,384755947,231794196,231794196,204890546,204890546,466136923,466136923,376400427,376400427,613951911,613951911,727355492,727355492,680014222,680014222,763298977,763298977,766398065,766398065,944173121,944173121,991279345,991279345,855964217,855964217,1024649179,1024649179,955543822,955543822,868226988,868226988,687160488,687160488,344533255,344533255,575072154,575072154,725364872,725364872,831397523,831397523,785438708,785438708,759232890,759232890,583100031,583100031,557990528,557990528,384338883,384338883,326069796,326069796,454893881,454893881,175617547,175617547,142131275,142131275,11231872
f = 485281074,0,1 | route T | claimed 2851.8319017010620525 | coeffs -11231872,173599490,173599490,384755947,384755947,231794196,231794196,204890546,204890546,466136923,466136923,376400427,376400427,613951911,613951911,727355492,727355492,680014222,680014222,763298977,763298977,766398065,766398065,944173121,944173121,991279345,991279345,855964217,855964217,1024649179,1024649179,955543822,955543822,868226988,868226988,687160488,687160488,344533255,344533255,575072154,575072154,725364872,725364872,831397523,831397523,785438708,785438708,759232890,759232890,583100031,583100031,557990528,557990528,384338883,384338883,326069796,326069796,454893881,454893881,175617547,175617547,142131275,142131275,11231872
# status f = 485281074,0,1 : PASS_RHO (rho 0.93232, T 2851.8, 1s)
f = 487009725,0,1 | route RHO | claimed 0.97858444472356174374 | coeffs -147482507,-147482507,131793827,131793827,474421060,474421060,361017479,361017479,489841564,489841564,308775064,308775064,546326548,546326548,604595635,604595635,691912469,691912469,781648965,781648965,607997320,607997320,538891963,538891963,800138340,800138340,825247843,825247843,656562881,656562881,683466531,683466531,507333672,507333672,372018544,372018544,219056793,219056793,245262611,245262611,198156387,198156387,-13000070,-13000070,-58958885,-58958885,118816171,118816171,303647533,303647533,197614882,197614882,194515794,194515794,63616391,63616391,213909109,213909109,297193864,297193864,330680136,330680136,100141237,100141237
f = 487009725,0,1 | route T | claimed 2986.1897966225750733 | coeffs 338113861,284826991,284826991,220581343,220581343,61736906,61736906,23547809,23547809,249172994,249172994,85418540,85418540,-5543643,-5543643,91432367,91432367,3515604,3515604,-478552105,-478552105,-334962591,-334962591,-372263764,-372263764,-326137878,-326137878,-91561059,-91561059,113200761,113200761,-56478483,-56478483,-89147987,-89147987,-227887788,-227887788,-465152040,-465152040,-619401215,-619401215,-562675609,-562675609,-368615804,-368615804,-157618704,-157618704,-421818481,-421818481,-512984698,-512984698,-642626909,-642626909,-430005602,-430005602,-454283038,-454283038,-443505122,-443505122,-177454389,-177454389,-415183202,-415183202,-338113861
# status f = 487009725,0,1 : PASS_RHO (rho 0.97858, T 2986.2, 1s)
f = 513973892,0,1 | route RHO | claimed 0.91208317270237148295 | coeffs -52265065,-52265065,-49165977,-49165977,-180065380,-180065380,-330358098,-330358098,-247073343,-247073343,-280559615,-280559615,-511098514,-511098514,-558439784,-558439784,-837716118,-837716118,-495088885,-495088885,-381685304,-381685304,-252861219,-252861219,-71794719,-71794719,165756765,165756765,107487678,107487678,194804512,194804512,105068016,105068016,-68583629,-68583629,521728,521728,261768105,261768105,236658602,236658602,67973640,67973640,41069990,41069990,-135062869,-135062869,252259,252259,-152709492,-152709492,-178915310,-178915310,-226021534,-226021534,-14865077,-14865077,-60823892,-60823892,-238598948,-238598948,-53767586,-53767586
f = 513973892,0,1 | route T | claimed 2594.6543347034902409 | coeffs 49165977,49165977,180065380,180065380,330358098,330358098,247073343,247073343,280559615,280559615,511098514,511098514,558439784,558439784,837716118,837716118,495088885,495088885,381685304,381685304,252861219,252861219,71794719,71794719,-165756765,-165756765,-107487678,-107487678,-194804512,-194804512,-105068016,-105068016,68583629,68583629,-521728,-521728,-261768105,-261768105,-236658602,-236658602,-67973640,-67973640,-41069990,-41069990,135062869,135062869,-252259,-252259,152709492,152709492,178915310,178915310,226021534,226021534,14865077,14865077,60823892,60823892,238598948,238598948,53767586,53767586,-52265065,-52265065
# status f = 513973892,0,1 : PASS_RHO (rho 0.91208, T 2594.7, 0s)
f = 515702543,0,1 | route RHO | claimed 0.94905545957525651916 | coeffs -2064568,-2064568,87671928,87671928,325223412,325223412,211819831,211819831,164478561,164478561,81193806,81193806,84292894,84292894,-93482162,-93482162,-46375938,-46375938,88939190,88939190,257624152,257624152,326729509,326729509,239412675,239412675,420479175,420479175,77851942,77851942,-152686957,-152686957,-2394239,-2394239,-108426890,-108426890,-154385705,-154385705,-128179887,-128179887,-304312746,-304312746,-279203243,-279203243,-452854888,-452854888,-394585801,-394585801,-265761716,-265761716,13514618,13514618,-19971654,-19971654,110927749,110927749,-73903613,-73903613,137252844,137252844,290214595,290214595,263310945,263310945
f = 515702543,0,1 | route T | claimed 2930.6202911878826227 | coeffs 229897246,229897246,244680457,244680457,177916625,177916625,58740280,58740280,-241549378,-241549378,-184986545,-184986545,-447441519,-447441519,-111264226,-111264226,-384266286,-384266286,-219885615,-219885615,-45289576,-45289576,-148099625,-148099625,-282759831,-282759831,-223854386,-223854386,-158396809,-158396809,-205158950,-205158950,-188312502,-188312502,-363555344,-363555344,-462941329,-462941329,-673730659,-673730659,-361671007,-361671007,-159091170,-159091170,-39277914,-39277914,100250515,100250515,-138411555,-138411555,36399603,36399603,113029841,113029841,79079967,79079967,59774685,59774685,25279403,25279403,-200989221,-200989221,-265293803,-265293803
# status f = 515702543,0,1 : PASS_RHO (rho 0.94906, T 2930.6, 1s)
f = 597540493,0,1 | route RHO | claimed 0.97858444472356174374 | coeffs 607997320,607997320,781648965,781648965,691912469,691912469,604595635,604595635,546326548,546326548,308775064,308775064,489841564,489841564,361017479,361017479,474421060,474421060,131793827,131793827,-147482507,-147482507,-100141237,-100141237,-330680136,-330680136,-297193864,-297193864,-213909109,-213909109,-63616391,-63616391,-194515794,-194515794,-197614882,-197614882,-303647533,-303647533,-118816171,-118816171,58958885,58958885,13000070,13000070,-198156387,-198156387,-245262611,-245262611,-219056793,-219056793,-372018544,-372018544,-507333672,-507333672,-683466531,-683466531,-656562881,-656562881,-825247843,-825247843,-800138340,-800138340,-538891963,-538891963
f = 597540493,0,1 | route T | claimed 2938.0725818561865036 | coeffs -218143286,-218143286,3701531,3701531,-188697505,-188697505,-121127764,-121127764,93538356,93538356,-286783575,-286783575,-245717824,-245717824,92314557,92314557,66362028,66362028,227162015,227162015,272307925,272307925,99507539,99507539,156501448,156501448,231401544,231401544,290280471,290280471,362203557,362203557,563772998,563772998,671180128,671180128,617786050,617786050,573851789,573851789,747505235,747505235,414902506,414902506,529600150,529600150,208440676,208440676,140130945,140130945,122206299,122206299,16876966,16876966,75907540,75907540,156309428,156309428,-54638564,-54638564,179287312,179287312,281395505,281395505
# status f = 597540493,0,1 : PASS_RHO (rho 0.97858, T 2938.1, 1s)
f = 601401826,0,1 | route RHO | claimed 0.95570725523307700949 | coeffs -533845298,-533845298,-398530170,-398530170,-224878525,-224878525,-111474944,-111474944,38817774,38817774,-172338683,-172338683,-341023645,-341023645,-282754558,-282754558,-330095828,-330095828,-224063177,-224063177,-71101426,-71101426,-1996069,-1996069,-130820154,-130820154,-47535399,-47535399,-93494214,-93494214,-66590564,-66590564,20726270,20726270,300002604,300002604,303101692,303101692,276895874,276895874,15649497,15649497,196715997,196715997,230202269,230202269,407977325,407977325,231844466,231844466,321580962,321580962,664208195,664208195,795107598,795107598,842213822,842213822,817104319,817104319,579552835,579552835,349013936,349013936
f = 601401826,0,1 | route T | claimed 2493.7282370876725711 | coeffs -592018496,-654457452,-654457452,-428416627,-428416627,-311186301,-311186301,-202117317,-202117317,-355022603,-355022603,-302495353,-302495353,17631075,17631075,494354709,494354709,432491026,432491026,487021720,487021720,645839552,645839552,386001578,386001578,325378230,325378230,382425022,382425022,126965744,126965744,251468218,251468218,419448108,419448108,346846800,346846800,545467801,545467801,526667969,526667969,655572154,655572154,487252065,487252065,632365433,632365433,648585599,648585599,499876722,499876722,543976353,543976353,359276933,359276933,476787962,476787962,596601364,596601364,454676036,454676036,332863301,332863301,592018496
# status f = 601401826,0,1 : PASS_RHO (rho 0.95571, T 2493.7, 0s)
f = 645091245,0,1 | route RHO | claimed 0.94499680687583631886 | coeffs -564542941,-611649165,-611649165,-842188064,-842188064,-668536419,-668536419,-457379962,-457379962,-504721232,-504721232,-573826589,-573826589,-619785404,-619785404,-899061738,-899061738,-1160308115,-1160308115,-1338083171,-1338083171,-995455938,-995455938,-970346435,-970346435,-785515073,-785515073,-672111492,-672111492,-503426530,-503426530,-397393879,-397393879,-268569794,-268569794,-241666144,-241666144,-244765232,-244765232,-63698732,-63698732,112434127,112434127,243333530,243333530,480885014,480885014,345569886,345569886,495862604,495862604,437593517,437593517,590555268,590555268,507270513,507270513,594587347,594587347,620793165,620793165,654279437,654279437,564542941
f = 645091245,0,1 | route T | claimed 2341.9252859174696874 | coeffs 135426879,135426879,339996880,339996880,274735521,274735521,-22418578,-22418578,158465718,158465718,264087476,264087476,443371411,443371411,398006562,398006562,454629453,454629453,597995028,597995028,395605520,395605520,141267192,141267192,49010615,49010615,403294084,403294084,210468633,210468633,318566962,318566962,205600598,205600598,134140536,134140536,470630981,470630981,481465111,481465111,253901602,253901602,399259691,399259691,267246791,267246791,157349518,157349518,-88474903,-88474903,31019960,31019960,102415785,102415785,-44232400,-44232400,94918524,94918524,-168389326,-168389326,-12412874,-12412874,-9841244,-9841244
# status f = 645091245,0,1 : PASS_RHO (rho 0.94500, T 2341.9, 0s)
f = 658114064,0,1 | route RHO | claimed 0.9107770112048288917 | coeffs 617529545,570188275,570188275,439288872,439288872,485247687,485247687,349932559,349932559,88686182,88686182,146955269,146955269,-195671964,-195671964,-278956719,-278956719,-94125357,-94125357,-120331175,-120331175,-289016137,-289016137,-378752633,-378752633,-249928548,-249928548,-480467447,-480467447,-477368359,-477368359,-688524816,-688524816,-512391957,-512391957,-581497314,-581497314,-819048798,-819048798,-539772464,-539772464,-389479746,-389479746,-567254802,-567254802,-720216553,-720216553,-745326056,-745326056,-658009222,-658009222,-544605641,-544605641,-578091913,-578091913,-684124564,-684124564,-637018340,-637018340,-610114690,-610114690,-436463045,-436463045,-617529545
f = 658114064,0,1 | route T | claimed 2321.0761167102988155 | coeffs -260045698,-260045698,-294264487,-294264487,-185850901,-185850901,-193262831,-193262831,-157761720,-157761720,-6630595,-6630595,-20097221,-20097221,332223763,332223763,356659287,356659287,388802102,388802102,472964209,472964209,597556070,597556070,829692727,829692727,683905879,683905879,417692673,417692673,681167727,681167727,745838772,745838772,627823298,627823298,893036689,893036689,660780500,660780500,345572137,345572137,296697689,296697689,514807787,514807787,454994266,454994266,696636700,696636700,790792019,790792019,839044584,839044584,671729191,671729191,557149316,557149316,401621398,401621398,386667850,386667850,397419465,397419465
# status f = 658114064,0,1 : PASS_RHO (rho 0.91078, T 2321.1, 0s)
f = 678593350,0,1 | route RHO | claimed 0.9194611996605330947 | coeffs 285298473,414122558,414122558,483227915,483227915,330266164,330266164,436298815,436298815,483640085,483640085,541909172,541909172,710594134,710594134,499437677,499437677,349144959,349144959,462548540,462548540,288896895,288896895,424212023,424212023,609043385,609043385,839582284,839582284,602030800,602030800,627140303,627140303,674246527,674246527,543347124,543347124,885974357,885974357,796237861,796237861,620105002,620105002,442329946,442329946,475816218,475816218,294749718,294749718,33503341,33503341,59709159,59709159,62808247,62808247,-216468087,-216468087,-129151253,-129151253,-156054903,-156054903,-202013718,-202013718,-285298473
f = 678593350,0,1 | route T | claimed 1997.8991441585251471 | coeffs -33503341,-59709159,-59709159,-62808247,-62808247,216468087,216468087,129151253,129151253,156054903,156054903,202013718,202013718,285298473,285298473,414122558,414122558,483227915,483227915,330266164,330266164,436298815,436298815,483640085,483640085,541909172,541909172,710594134,710594134,499437677,499437677,349144959,349144959,462548540,462548540,288896895,288896895,424212023,424212023,609043385,609043385,839582284,839582284,602030800,602030800,627140303,627140303,674246527,674246527,543347124,543347124,885974357,885974357,796237861,796237861,620105002,620105002,442329946,442329946,475816218,475816218,294749718,294749718,33503341
# status f = 678593350,0,1 : PASS_RHO (rho 0.91946, T 1997.9, 0s)
f = 704162069,0,1 | route RHO | claimed 0.92338889578227522596 | coeffs 4042814,180175673,180175673,-890827,-890827,-3989915,-3989915,-30893565,-30893565,97930520,97930520,-8102131,-8102131,160582831,160582831,47179250,47179250,232010612,232010612,206901109,206901109,549528342,549528342,727303398,727303398,466057021,466057021,745333355,745333355,699374540,699374540,768479897,768479897,721138627,721138627,509982170,509982170,683633815,683633815,914172714,914172714,867066490,867066490,777329994,777329994,743843722,743843722,770049540,770049540,682732706,682732706,599447951,599447951,446486200,446486200,388217113,388217113,237924395,237924395,102609267,102609267,-134942217,-134942217,-4042814
f = 704162069,0,1 | route T | claimed 2657.4683059314673347 | coeffs 180175673,180175673,-890827,-890827,-3989915,-3989915,-30893565,-30893565,97930520,97930520,-8102131,-8102131,160582831,160582831,47179250,47179250,232010612,232010612,206901109,206901109,549528342,549528342,727303398,727303398,466057021,466057021,745333355,745333355,699374540,699374540,768479897,768479897,721138627,721138627,509982170,509982170,683633815,683633815,914172714,914172714,867066490,867066490,777329994,777329994,743843722,743843722,770049540,770049540,682732706,682732706,599447951,599447951,446486200,446486200,388217113,388217113,237924395,237924395,102609267,102609267,-134942217,-134942217,-4042814,-4042814
# status f = 704162069,0,1 : PASS_RHO (rho 0.92339, T 2657.5, 0s)
f = 729718579,0,1 | route RHO | claimed 0.89343082945051344215 | coeffs -21448900,-232605357,-232605357,-199119085,-199119085,-257388172,-257388172,-81255313,-81255313,24777338,24777338,367404571,367404571,298299214,298299214,251192990,251192990,334477745,334477745,96926261,96926261,70022611,70022611,-114808751,-114808751,164467583,164467583,-9184062,-9184062,17021756,17021756,167314474,167314474,348380974,348380974,517065936,517065936,339290880,339290880,291949610,291949610,381686106,381686106,228724355,228724355,97824952,97824952,-30999133,-30999133,-56108636,-56108636,-10149821,-10149821,220389078,220389078,307705912,307705912,172390784,172390784,169291696,169291696,282695277,282695277,21448900
f = 729718579,0,1 | route T | claimed 2186.7976168368822096 | coeffs -21448900,-232605357,-232605357,-199119085,-199119085,-257388172,-257388172,-81255313,-81255313,24777338,24777338,367404571,367404571,298299214,298299214,251192990,251192990,334477745,334477745,96926261,96926261,70022611,70022611,-114808751,-114808751,164467583,164467583,-9184062,-9184062,17021756,17021756,167314474,167314474,348380974,348380974,517065936,517065936,339290880,339290880,291949610,291949610,381686106,381686106,228724355,228724355,97824952,97824952,-30999133,-30999133,-56108636,-56108636,-10149821,-10149821,220389078,220389078,307705912,307705912,172390784,172390784,169291696,169291696,282695277,282695277,21448900
# status f = 729718579,0,1 : PASS_RHO (rho 0.89343, T 2186.8, 0s)
f = 798505457,0,1 | route RHO | claimed 0.94771993369243663403 | coeffs 109301262,109301262,339840161,339840161,78593784,78593784,-27438867,-27438867,210112617,210112617,183906799,183906799,231248069,231248069,256357572,256357572,259456660,259456660,201187573,201187573,154081349,154081349,433357683,433357683,602042645,602042645,471143242,471143242,558460076,558460076,769616533,769616533,426989300,426989300,453892950,453892950,303600232,303600232,213863736,213863736,167904921,167904921,54501340,54501340,230634199,230634199,313918954,313918954,140267309,140267309,-37507747,-37507747,-166331832,-166331832,-301646960,-301646960,-335133232,-335133232,-266027875,-266027875,-81196513,-81196513,-262263013,-262263013
f = 798505457,0,1 | route T | claimed 2665.2547776708102474 | coeffs 121429424,121429424,182052772,182052772,408093597,408093597,553206965,553206965,813044939,813044939,750605983,750605983,582285894,582285894,423468062,423468062,164312867,164312867,293217052,293217052,238686358,238686358,360499093,360499093,341699261,341699261,403562944,403562944,545488272,545488272,744109273,744109273,267385639,267385639,147572237,147572237,74970929,74970929,-245155499,-245155499,-362666528,-362666528,-194686638,-194686638,-247213888,-247213888,-62514468,-62514468,61988006,61988006,214893292,214893292,170793661,170793661,-84665617,-84665617,-193734601,-193734601,-45025724,-45025724,12021068,12021068,-105209258,-105209258
# status f = 798505457,0,1 : PASS_RHO (rho 0.94772, T 2665.3, 1s)
f = 803963419,0,1 | route RHO | claimed 0.94771993369243663403 | coeffs -433357683,-154081349,-154081349,-201187573,-201187573,-259456660,-259456660,-256357572,-256357572,-231248069,-231248069,-183906799,-183906799,-210112617,-210112617,27438867,27438867,-78593784,-78593784,-339840161,-339840161,-109301262,-109301262,-262263013,-262263013,-81196513,-81196513,-266027875,-266027875,-335133232,-335133232,-301646960,-301646960,-166331832,-166331832,-37507747,-37507747,140267309,140267309,313918954,313918954,230634199,230634199,54501340,54501340,167904921,167904921,213863736,213863736,303600232,303600232,453892950,453892950,426989300,426989300,769616533,769616533,558460076,558460076,471143242,471143242,602042645,602042645,433357683
f = 803963419,0,1 | route T | claimed 2523.4543420544230105 | coeffs 39628257,39628257,-84963604,-84963604,-400171967,-400171967,-244644049,-244644049,-231177423,-231177423,32297631,32297631,-209344803,-209344803,-175126014,-175126014,-90963907,-90963907,141292282,141292282,26712407,26712407,177843532,177843532,444056738,444056738,384243217,384243217,521616984,521616984,489474169,489474169,754687560,754687560,922002953,922002953,886501842,886501842,740714994,740714994,522604896,522604896,533356511,533356511,557792035,557792035,675807509,675807509,724060074,724060074,716648144,716648144,484511487,484511487,435637039,435637039,450590587,450590587,98269603,98269603,162940648,162940648,68785329,68785329
# status f = 803963419,0,1 : PASS_RHO (rho 0.94772, T 2523.5, 1s)
f = 829133018,0,1 | route RHO | claimed 0.9107770112048288917 | coeffs 544605641,658009222,658009222,745326056,745326056,720216553,720216553,567254802,567254802,389479746,389479746,539772464,539772464,819048798,819048798,581497314,581497314,512391957,512391957,688524816,688524816,477368359,477368359,480467447,480467447,249928548,249928548,378752633,378752633,289016137,289016137,120331175,120331175,94125357,94125357,278956719,278956719,195671964,195671964,-146955269,-146955269,-88686182,-88686182,-349932559,-349932559,-485247687,-485247687,-439288872,-439288872,-570188275,-570188275,-617529545,-617529545,-436463045,-436463045,-610114690,-610114690,-637018340,-637018340,-684124564,-684124564,-578091913,-578091913,-544605641
f = 829133018,0,1 | route T | claimed 2319.8037687237566227 | coeffs 5977620,5977620,-87912150,-87912150,-131443690,-131443690,-106115969,-106115969,-167457563,-167457563,184083221,184083221,211107543,211107543,356088305,356088305,364925577,364925577,403530675,403530675,233010667,233010667,70302782,70302782,-39029703,-39029703,102208540,102208540,227480700,227480700,-81672271,-81672271,46462043,46462043,-119511843,-119511843,-147670577,-147670577,-421000634,-421000634,-271648867,-271648867,-415476634,-415476634,-11783417,-11783417,160250884,160250884,89759983,89759983,232677508,232677508,241299661,241299661,2351597,2351597,-290283742,-290283742,-197494808,-197494808,-406780152,-406780152,-142615364,-142615364
# status f = 829133018,0,1 : PASS_RHO (rho 0.91078, T 2319.8, 0s)
f = 844214761,0,1 | route RHO | claimed 0.89350621587477925379 | coeffs -391032768,-391032768,-546123384,-546123384,-515363024,-515363024,-656059248,-656059248,-677091130,-677091130,-726170819,-726170819,-567973868,-567973868,-309550326,-309550326,-428968752,-428968752,-63468893,-63468893,38400181,38400181,-252828693,-252828693,-162132992,-162132992,-87530371,-87530371,-17903627,-17903627,83139029,83139029,28245727,28245727,41324324,41324324,74061018,74061018,297646276,297646276,25529210,25529210,70348738,70348738,321671897,321671897,503724321,503724321,635052390,635052390,520422278,520422278,432372927,432372927,214534820,214534820,469108979,469108979,430489599,430489599,347440874,347440874,496711951,496711951
f = 844214761,0,1 | route T | claimed 2436.3728813119631258 | coeffs -137116677,-137116677,31568285,31568285,-51716470,-51716470,209529907,209529907,78630504,78630504,252282149,252282149,358314800,358314800,445631634,445631634,623406690,623406690,385855206,385855206,597011663,597011663,725835748,725835748,752041566,752041566,409414333,409414333,544729461,544729461,497388191,497388191,524291841,524291841,557778113,557778113,532668610,532668610,382375892,382375892,313270535,313270535,310171447,310171447,220434951,220434951,35603589,35603589,93872676,93872676,47913861,47913861,228980361,228980361,276086585,276086585,162683004,162683004,9721253,9721253,-269555081,-269555081,-93422222,-93422222
# status f = 844214761,0,1 : PASS_RHO (rho 0.89351, T 2436.4, 0s)
f = 878627709,0,1 | route RHO | claimed 0.97278675936920964923 | coeffs -348989371,-171214315,-171214315,-2529353,-2529353,-183595853,-183595853,-33303135,-33303135,-59508953,-59508953,-233160598,-233160598,-512436932,-512436932,-697268294,-697268294,-670364644,-670364644,-907916128,-907916128,-991200883,-991200883,-1038307107,-1038307107,-969201750,-969201750,-626574517,-626574517,-732607168,-732607168,-556474309,-556474309,-498205222,-498205222,-464718950,-464718950,-253562493,-253562493,7683884,7683884,121087465,121087465,124186553,124186553,-11128575,-11128575,-98445409,-98445409,132093490,132093490,86134675,86134675,61025172,61025172,189849257,189849257,58949854,58949854,211911605,211911605,301648101,301648101,348989371
f = 878627709,0,1 | route T | claimed 2093.1497122997839184 | coeffs 365346672,475243945,475243945,614394869,614394869,818964870,818964870,639680935,639680935,385342607,385342607,498308971,498308971,643667060,643667060,572271235,572271235,574842865,574842865,755727161,755727161,612361586,612361586,419536135,419536135,408702005,408702005,162877584,162877584,426185434,426185434,491446793,491446793,446081944,446081944,538338521,538338521,466878459,466878459,598891359,598891359,452243174,452243174,577828809,577828809,472207051,472207051,269817543,269817543,161719214,161719214,-65844295,-65844295,-185339158,-185339158,-29362706,-29362706,-326516805,-326516805,-383139696,-383139696,-28856227,-28856227,-365346672
# status f = 878627709,0,1 : PASS_RHO (rho 0.97279, T 2093.1, 1s)
f = 904545641,0,1 | route RHO | claimed 0.89350621587477925379 | coeffs 162132992,162132992,252828693,252828693,-38400181,-38400181,63468893,63468893,428968752,428968752,309550326,309550326,567973868,567973868,726170819,726170819,677091130,677091130,656059248,656059248,515363024,515363024,546123384,546123384,391032768,391032768,496711951,496711951,347440874,347440874,430489599,430489599,469108979,469108979,214534820,214534820,432372927,432372927,520422278,520422278,635052390,635052390,503724321,503724321,321671897,321671897,70348738,70348738,25529210,25529210,297646276,297646276,74061018,74061018,41324324,41324324,28245727,28245727,83139029,83139029,-17903627,-17903627,-87530371,-87530371
f = 904545641,0,1 | route T | claimed 2016.2746716905911556 | coeffs -445631634,-358314800,-358314800,-252282149,-252282149,-78630504,-78630504,-209529907,-209529907,51716470,51716470,-31568285,-31568285,137116677,137116677,-93422222,-93422222,-269555081,-269555081,9721253,9721253,162683004,162683004,276086585,276086585,228980361,228980361,47913861,47913861,93872676,93872676,35603589,35603589,220434951,220434951,310171447,310171447,313270535,313270535,382375892,382375892,532668610,532668610,557778113,557778113,524291841,524291841,497388191,497388191,544729461,544729461,409414333,409414333,752041566,752041566,725835748,725835748,597011663,597011663,385855206,385855206,623406690,623406690,445631634
# status f = 904545641,0,1 : PASS_RHO (rho 0.89351, T 2016.3, 0s)
f = 986678962,0,1 | route RHO | claimed 0.94905545957525651916 | coeffs -13514618,-13514618,265761716,265761716,394585801,394585801,452854888,452854888,279203243,279203243,304312746,304312746,128179887,128179887,154385705,154385705,108426890,108426890,2394239,2394239,152686957,152686957,-77851942,-77851942,-420479175,-420479175,-239412675,-239412675,-326729509,-326729509,-257624152,-257624152,-88939190,-88939190,46375938,46375938,93482162,93482162,-84292894,-84292894,-81193806,-81193806,-164478561,-164478561,-211819831,-211819831,-325223412,-325223412,-87671928,-87671928,2064568,2064568,263310945,263310945,290214595,290214595,137252844,137252844,-73903613,-73903613,110927749,110927749,-19971654,-19971654
f = 986678962,0,1 | route T | claimed 2598.4025253145154337 | coeffs 779905315,779905315,935433233,935433233,717323135,717323135,453848081,453848081,429412557,429412557,463631346,463631346,511883911,511883911,279627722,279627722,511764379,511764379,662895504,662895504,677849052,677849052,737662573,737662573,672991528,672991528,640848713,640848713,532435127,532435127,365119734,365119734,49911371,49911371,-95875477,-95875477,-109342103,-109342103,-120093718,-120093718,-361736152,-361736152,-243720678,-243720678,-327882785,-327882785,-320470855,-320470855,-435050730,-435050730,-483925178,-483925178,-750138384,-750138384,-397817400,-397817400,-260443633,-260443633,-354598952,-354598952,-619812343,-619812343,-744404204,-744404204
# status f = 986678962,0,1 : PASS_RHO (rho 0.94906, T 2598.4, 0s)
# summary n = 7 l = 1000983617 : EXCLUSION_CANDIDATE ; PASS 32 / 32 ; OPEN_NEAR 0 ; OPEN_FAR 0 ; 17s
