# FAMILY WITNESS FILE (generator family_gen.sage r10). n = 7 ; l = 1000115393 ; m = 64 ; deg = 2 ; ncomp = 32 ; bar_T = 4224 ; L_n = 16.3328709449664096755483535644
# line: f = c0,...,c_deg (monic, over F_l) | route RHO|T | claimed (rho or T, float) | coeffs a_0..a_{m-1}
f = 899905,0,1 | route RHO | claimed 0.93788726621251888117 | coeffs -50589971,-50589971,-56781377,-56781377,-119619697,-119619697,12976333,12976333,-152821554,-152821554,-156521076,-156521076,-106686729,-106686729,-258476985,-258476985,-376677374,-376677374,-340717076,-340717076,-519283232,-519283232,-399608817,-399608817,-179154691,-179154691,-314732666,-314732666,-290138193,-290138193,-512691832,-512691832,-823174622,-823174622,-862871936,-862871936,-1137019124,-1137019124,-917071339,-917071339,-861187015,-861187015,-525531812,-525531812,-517218126,-517218126,-220505918,-220505918,-237403314,-237403314,-509626769,-509626769,-468634077,-468634077,-269757964,-269757964,-212494423,-212494423,-189476068,-189476068,92880730,92880730,84951998,84951998
f = 899905,0,1 | route T | claimed 2647.1677603826283018 | coeffs 279482465,279482465,378744474,378744474,47368933,47368933,150662121,150662121,65566540,65566540,5001032,5001032,-317071165,-317071165,-407095140,-407095140,-341152694,-341152694,-60638573,-60638573,-39365296,-39365296,30726832,30726832,-93710737,-93710737,-56650189,-56650189,-55798931,-55798931,-39410867,-39410867,132836057,132836057,-131652566,-131652566,109060907,109060907,152421330,152421330,-35863648,-35863648,-354657201,-354657201,-235053757,-235053757,-387534243,-387534243,-316014940,-316014940,-337390853,-337390853,-329795818,-329795818,-654900983,-654900983,-237563978,-237563978,-302423215,-302423215,-459640098,-459640098,-351250422,-351250422
# status f = 899905,0,1 : PASS_RHO (rho 0.93789, T 2647.2, 1s)
f = 21519053,0,1 | route RHO | claimed 0.94980941470315577298 | coeffs 22827295,22827295,3581936,3581936,157278645,157278645,-78939308,-78939308,55643677,55643677,17741998,17741998,73460778,73460778,45660062,45660062,-88345077,-88345077,-97432811,-97432811,-154863014,-154863014,37129252,37129252,160347627,160347627,41793596,41793596,-91726982,-91726982,-100370965,-100370965,-138482708,-138482708,-27809305,-27809305,36195733,36195733,8672849,8672849,68333939,68333939,162542678,162542678,278695015,278695015,94708855,94708855,-231117695,-231117695,26734755,26734755,30204441,30204441,508726758,508726758,318399050,318399050,245653961,245653961,270576338,270576338,93948790,93948790
f = 21519053,0,1 | route T | claimed 2417.7753849184625858 | coeffs -513839163,-387286609,-387286609,-349424586,-349424586,-176486523,-176486523,-129678792,-129678792,172552461,172552461,330135834,330135834,165497133,165497133,74480218,74480218,268929801,268929801,379777431,379777431,540409533,540409533,475507081,475507081,369823558,369823558,512858674,512858674,540387079,540387079,543188593,543188593,776990122,776990122,964719195,964719195,914142538,914142538,909940616,909940616,959809252,959809252,713532591,713532591,778989271,778989271,704164703,704164703,920435607,920435607,1056511281,1056511281,1349110372,1349110372,1220389657,1220389657,871432838,871432838,906268239,906268239,609512762,609512762,513839163
# status f = 21519053,0,1 : PASS_RHO (rho 0.94981, T 2417.8, 0s)
f = 24110759,0,1 | route RHO | claimed 0.9060832105752960879 | coeffs 1139511999,1139511999,1158757358,1158757358,1101327155,1101327155,1128850039,1128850039,938522331,938522331,900620652,900620652,1034141230,1034141230,850155070,850155070,966931155,966931155,976018889,976018889,1040023927,1040023927,561501610,561501610,426918625,426918625,308364594,308364594,192212257,192212257,15584709,15584709,-118420430,-118420430,-229093833,-229093833,-225624147,-225624147,-461842100,-461842100,-585060475,-585060475,-490851736,-490851736,-515774113,-515774113,-487973397,-487973397,-526085140,-526085140,-783937590,-783937590,-937634299,-937634299,-745642033,-745642033,-805303123,-805303123,-878048212,-878048212,-822329432,-822329432,-813685449,-813685449
f = 24110759,0,1 | route T | claimed 2308.2882546515772811 | coeffs 411000949,299117448,299117448,359790233,359790233,371539495,371539495,602341937,602341937,757190548,757190548,632439635,632439635,746202607,746202607,549581211,549581211,783554106,783554106,603431020,603431020,534835185,534835185,534253845,534253845,764883772,764883772,731073211,731073211,673318097,673318097,879098990,879098990,865629415,865629415,770637331,770637331,327701955,327701955,328016641,328016641,20805299,20805299,59576213,59576213,76959835,76959835,21731227,21731227,183769047,183769047,99266969,99266969,62653324,62653324,-324853140,-324853140,-234430979,-234430979,-312417161,-312417161,-530121695,-530121695,-411000949
# status f = 24110759,0,1 : PASS_RHO (rho 0.90608, T 2308.3, 0s)
f = 76943225,0,1 | route RHO | claimed 0.9131419624269146404 | coeffs 479990639,479990639,633687348,633687348,727896087,727896087,861901226,861901226,383378909,383378909,249858331,249858331,269103690,269103690,209442600,209442600,181641884,181641884,185111570,185111570,303665601,303665601,420441686,420441686,392918802,392918802,337200022,337200022,79347572,79347572,202565947,202565947,25938399,25938399,-38066639,-38066639,-75968318,-75968318,-401794868,-401794868,-593787134,-593787134,-618709511,-618709511,-508036108,-508036108,-642619093,-642619093,-458632933,-458632933,-516063136,-516063136,-588808225,-588808225,-550696482,-550696482,-786914435,-786914435,-670762098,-670762098,-661674364,-661674364,-471346656,-471346656
f = 76943225,0,1 | route T | claimed 1811.6428710060532713 | coeffs 201778297,136875845,136875845,-159879632,-159879632,-347608705,-347608705,-45377452,-45377452,-120202020,-120202020,-280834122,-280834122,-315669523,-315669523,-81867994,-81867994,-128675725,-128675725,-194132405,-194132405,-83284775,-83284775,-432241594,-432241594,-435043108,-435043108,-262105045,-262105045,-508381706,-508381706,-702831289,-702831289,-574110574,-574110574,-546582169,-546582169,-584444192,-584444192,-634312828,-634312828,-725329743,-725329743,-432730652,-432730652,-575765768,-575765768,-449213214,-449213214,-453415136,-453415136,-288776435,-288776435,-424852109,-424852109,-530535632,-530535632,-626209231,-626209231,-575632574,-575632574,-418049201,-418049201,-201778297
# status f = 76943225,0,1 : PASS_RHO (rho 0.91314, T 1811.6, 0s)
f = 129025052,0,1 | route RHO | claimed 0.94437015987062275964 | coeffs -388036940,-388036940,-666731955,-666731955,-708525551,-708525551,-764169228,-764169228,-1255557863,-1255557863,-1219362130,-1219362130,-1316794941,-1316794941,-1293967646,-1293967646,-1388676501,-1388676501,-1296949519,-1296949519,-1314691517,-1314691517,-996292467,-996292467,-987619618,-987619618,-1142482632,-1142482632,-1138900696,-1138900696,-907783001,-907783001,-807412036,-807412036,-880872814,-880872814,-635218853,-635218853,-566884914,-566884914,-529755662,-529755662,-372477017,-372477017,-399211772,-399211772,-260729064,-260729064,-306389126,-306389126,-35812788,-35812788,126729890,126729890,287077517,287077517,208138209,208138209,177933768,177933768,205743073,205743073,294088150,294088150
f = 129025052,0,1 | route T | claimed 2768.657262528635114 | coeffs -437857782,-385146593,-385146593,-247372822,-247372822,-330004304,-330004304,-206462488,-206462488,65602057,65602057,-111606206,-111606206,140635446,140635446,112782166,112782166,-123873356,-123873356,-30767156,-30767156,107480058,107480058,-222173889,-222173889,-30054692,-30054692,173290066,173290066,-55800395,-55800395,354752550,354752550,354515612,354515612,258624486,258624486,188129065,188129065,192428812,192428812,394699191,394699191,61259162,61259162,475218196,475218196,390612007,390612007,322980368,322980368,318177933,318177933,325135129,325135129,247031361,247031361,396040581,396040581,260695338,260695338,240745601,240745601,437857782
# status f = 129025052,0,1 : PASS_RHO (rho 0.94437, T 2768.7, 0s)
f = 155083796,0,1 | route RHO | claimed 0.92727617097431766474 | coeffs -99630874,-99630874,60716753,60716753,-184937208,-184937208,-93210226,-93210226,738564,738564,-137744144,-137744144,-134162208,-134162208,-170357941,-170357941,-91418633,-91418633,-23084694,-23084694,-5342696,-5342696,-284037711,-284037711,-329697773,-329697773,-560815468,-560815468,-658248279,-658248279,-688452720,-688452720,-725581972,-725581972,-407182922,-407182922,-365389326,-365389326,-635965664,-635965664,-535594699,-535594699,-558421994,-558421994,-586231299,-586231299,-428952654,-428952654,-437625503,-437625503,-493269180,-493269180,-330726502,-330726502,-257265724,-257265724,-351974579,-351974579,-263629502,-263629502,-236894747,-236894747,-391757761,-391757761
f = 155083796,0,1 | route T | claimed 2219.4872631454611909 | coeffs 329697773,329697773,560815468,560815468,658248279,658248279,688452720,688452720,725581972,725581972,407182922,407182922,365389326,365389326,635965664,635965664,535594699,535594699,558421994,558421994,586231299,586231299,428952654,428952654,437625503,437625503,493269180,493269180,330726502,330726502,257265724,257265724,351974579,351974579,263629502,263629502,236894747,236894747,391757761,391757761,-99630874,-99630874,60716753,60716753,-184937208,-184937208,-93210226,-93210226,738564,738564,-137744144,-137744144,-134162208,-134162208,-170357941,-170357941,-91418633,-91418633,-23084694,-23084694,-5342696,-5342696,-284037711,-284037711
# status f = 155083796,0,1 : PASS_RHO (rho 0.92728, T 2219.5, 0s)
f = 184812164,0,1 | route RHO | claimed 0.9375673207908952394 | coeffs -130932555,194893995,194893995,222694711,222694711,338847048,338847048,300945369,300945369,241284279,241284279,477502232,477502232,541507270,541507270,522261911,522261911,560373654,560373654,383746106,383746106,250225528,250225528,322970617,322970617,199752242,199752242,678274559,678274559,620844356,620844356,362991906,362991906,496997045,496997045,313010885,313010885,368729665,368729665,274520926,274520926,139937941,139937941,112415057,112415057,266111766,266111766,155438363,155438363,38662278,38662278,30018295,30018295,5095918,5095918,123649949,123649949,-66677759,-66677759,125314507,125314507,121844821,121844821,130932555
f = 184812164,0,1 | route T | claimed 2919.4883268070446811 | coeffs -247948554,-247948554,-294733146,-294733146,-275384243,-275384243,-169672970,-169672970,-219590764,-219590764,3998576,3998576,-203947403,-203947403,-104723604,-104723604,-165270204,-165270204,-336404595,-336404595,-122213994,-122213994,-275365585,-275365585,49960849,49960849,138883772,138883772,445101671,445101671,309146960,309146960,351486424,351486424,547201817,547201817,592041533,592041533,620545846,620545846,640474523,640474523,924751021,924751021,641031773,641031773,398847498,398847498,229412137,229412137,63850052,63850052,-63212246,-63212246,26205336,26205336,76648734,76648734,111696499,111696499,421375230,421375230,322837590,322837590
# status f = 184812164,0,1 : PASS_RHO (rho 0.93757, T 2919.5, 1s)
f = 200881273,0,1 | route RHO | claimed 0.94980941470315577298 | coeffs -88345077,-88345077,45660062,45660062,73460778,73460778,17741998,17741998,55643677,55643677,-78939308,-78939308,157278645,157278645,3581936,3581936,22827295,22827295,-93948790,-93948790,-270576338,-270576338,-245653961,-245653961,-318399050,-318399050,-508726758,-508726758,-30204441,-30204441,-26734755,-26734755,231117695,231117695,-94708855,-94708855,-278695015,-278695015,-162542678,-162542678,-68333939,-68333939,-8672849,-8672849,-36195733,-36195733,27809305,27809305,138482708,138482708,100370965,100370965,91726982,91726982,-41793596,-41793596,-160347627,-160347627,-37129252,-37129252,154863014,154863014,97432811,97432811
f = 200881273,0,1 | route T | claimed 2380.5184328638001371 | coeffs -606591719,-732835075,-732835075,-708948539,-708948539,-1036194239,-1036194239,-979640704,-979640704,-1082055725,-1082055725,-1099483272,-1099483272,-1062112814,-1062112814,-1142784076,-1142784076,-1275821407,-1275821407,-1212324115,-1212324115,-1149234699,-1149234699,-993572823,-993572823,-666367421,-666367421,-648168893,-648168893,-552285867,-552285867,-406282163,-406282163,-343860368,-343860368,-274136024,-274136024,-12137259,-12137259,184582991,184582991,127803526,127803526,468937464,468937464,165329326,165329326,-38821518,-38821518,-85082804,-85082804,119853442,119853442,8876729,8876729,237899184,237899184,521650823,521650823,479210222,479210222,647362907,647362907,606591719
# status f = 200881273,0,1 : PASS_RHO (rho 0.94981, T 2380.5, 0s)
f = 208167648,0,1 | route RHO | claimed 0.95067769183044962459 | coeffs -1004967288,-1027985643,-1027985643,-993623616,-993623616,-861027586,-861027586,-811193239,-811193239,-775232941,-775232941,-554778815,-554778815,-777332454,-777332454,-1051479642,-1051479642,-715824439,-715824439,-732721835,-732721835,-533845722,-533845722,-251488924,-251488924,-245297518,-245297518,-79499631,-79499631,72290625,72290625,250856781,250856781,386434756,386434756,696917546,696917546,476969761,476969761,468656075,468656075,740879530,740879530,683615989,683615989,691544721,691544721,628706401,628706401,625006879,625006879,506806490,506806490,626480905,626480905,651075378,651075378,611378064,611378064,667262388,667262388,963974596,963974596,1004967288
f = 208167648,0,1 | route T | claimed 2811.9537141644700674 | coeffs -423284276,-546545920,-546545920,-520596665,-520596665,-186976390,-186976390,-378495282,-378495282,-343738570,-343738570,-390381093,-390381093,-717868007,-717868007,-949423658,-949423658,-831847630,-831847630,-677333423,-677333423,-271597139,-271597139,-124639254,-124639254,103088863,103088863,-109324360,-109324360,250720525,250720525,248799028,248799028,259808075,259808075,238723053,238723053,263697202,263697202,331772372,331772372,686546477,686546477,657937274,657937274,487927656,487927656,574409237,574409237,497354200,497354200,367242522,367242522,363974020,363974020,472115701,472115701,517635734,517635734,470160829,470160829,406030070,406030070,423284276
# status f = 208167648,0,1 : PASS_RHO (rho 0.95068, T 2812.0, 1s)
f = 230655819,0,1 | route RHO | claimed 0.91728955600620780214 | coeffs 243865336,216064620,216064620,81481635,81481635,62236276,62236276,87158653,87158653,-391363664,-391363664,-717190214,-717190214,-811398953,-811398953,-747393915,-747393915,-738749932,-738749932,-615531557,-615531557,-606443823,-606443823,-550725043,-550725043,-314507090,-314507090,-197731005,-197731005,-270476094,-270476094,-273945780,-273945780,-457931940,-457931940,-517593030,-517593030,-406919627,-406919627,-273399049,-273399049,-81406783,-81406783,52598356,52598356,14696677,14696677,-139000032,-139000032,37627516,37627516,-152700192,-152700192,-410552642,-410552642,-294400305,-294400305,-266877421,-266877421,-304989164,-304989164,-186435133,-186435133,-243865336
f = 230655819,0,1 | route T | claimed 2336.0301707451687749 | coeffs -87158653,391363664,391363664,717190214,717190214,811398953,811398953,747393915,747393915,738749932,738749932,615531557,615531557,606443823,606443823,550725043,550725043,314507090,314507090,197731005,197731005,270476094,270476094,273945780,273945780,457931940,457931940,517593030,517593030,406919627,406919627,273399049,273399049,81406783,81406783,-52598356,-52598356,-14696677,-14696677,139000032,139000032,-37627516,-37627516,152700192,152700192,410552642,410552642,294400305,294400305,266877421,266877421,304989164,304989164,186435133,186435133,243865336,243865336,216064620,216064620,81481635,81481635,62236276,62236276,87158653
# status f = 230655819,0,1 : PASS_RHO (rho 0.91729, T 2336.0, 0s)
f = 254209731,0,1 | route RHO | claimed 0.93253388620432959134 | coeffs -260304322,-298096087,-298096087,-393586274,-393586274,-430134186,-430134186,-445839850,-445839850,-354429702,-354429702,-728934703,-728934703,-578997240,-578997240,-506187862,-506187862,-386408084,-386408084,-586636662,-586636662,-434773528,-434773528,-591586894,-591586894,-798444735,-798444735,-636148747,-636148747,-329996889,-329996889,-618069251,-618069251,-597040335,-597040335,-457829810,-457829810,-336609516,-336609516,-275619035,-275619035,-364101125,-364101125,-358602109,-358602109,-116320651,-116320651,109553829,109553829,-102289571,-102289571,142297699,142297699,133310164,133310164,207653524,207653524,389588413,389588413,243522575,243522575,218350619,218350619,260304322
f = 254209731,0,1 | route T | claimed 2142.6576754640664778 | coeffs -358602109,-358602109,-116320651,-116320651,109553829,109553829,-102289571,-102289571,142297699,142297699,133310164,133310164,207653524,207653524,389588413,389588413,243522575,243522575,218350619,218350619,260304322,260304322,298096087,298096087,393586274,393586274,430134186,430134186,445839850,445839850,354429702,354429702,728934703,728934703,578997240,578997240,506187862,506187862,386408084,386408084,586636662,586636662,434773528,434773528,591586894,591586894,798444735,798444735,636148747,636148747,329996889,329996889,618069251,618069251,597040335,597040335,457829810,457829810,336609516,336609516,275619035,275619035,364101125,364101125
# status f = 254209731,0,1 : PASS_RHO (rho 0.93253, T 2142.7, 0s)
f = 308330009,0,1 | route RHO | claimed 0.9131419624269146404 | coeffs 727896087,633687348,633687348,479990639,479990639,471346656,471346656,661674364,661674364,670762098,670762098,786914435,786914435,550696482,550696482,588808225,588808225,516063136,516063136,458632933,458632933,642619093,642619093,508036108,508036108,618709511,618709511,593787134,593787134,401794868,401794868,75968318,75968318,38066639,38066639,-25938399,-25938399,-202565947,-202565947,-79347572,-79347572,-337200022,-337200022,-392918802,-392918802,-420441686,-420441686,-303665601,-303665601,-185111570,-185111570,-181641884,-181641884,-209442600,-209442600,-269103690,-269103690,-249858331,-249858331,-383378909,-383378909,-861901226,-861901226,-727896087
f = 308330009,0,1 | route T | claimed 1865.4071096837620758 | coeffs 202565947,202565947,79347572,79347572,337200022,337200022,392918802,392918802,420441686,420441686,303665601,303665601,185111570,185111570,181641884,181641884,209442600,209442600,269103690,269103690,249858331,249858331,383378909,383378909,861901226,861901226,727896087,727896087,633687348,633687348,479990639,479990639,471346656,471346656,661674364,661674364,670762098,670762098,786914435,786914435,550696482,550696482,588808225,588808225,516063136,516063136,458632933,458632933,642619093,642619093,508036108,508036108,618709511,618709511,593787134,593787134,401794868,401794868,75968318,75968318,38066639,38066639,-25938399,-25938399
# status f = 308330009,0,1 : PASS_RHO (rho 0.91314, T 1865.4, 0s)
f = 354124720,0,1 | route RHO | claimed 0.91728955600620780214 | coeffs -717190214,-717190214,-391363664,-391363664,87158653,87158653,62236276,62236276,81481635,81481635,216064620,216064620,243865336,243865336,186435133,186435133,304989164,304989164,266877421,266877421,294400305,294400305,410552642,410552642,152700192,152700192,-37627516,-37627516,139000032,139000032,-14696677,-14696677,-52598356,-52598356,81406783,81406783,273399049,273399049,406919627,406919627,517593030,517593030,457931940,457931940,273945780,273945780,270476094,270476094,197731005,197731005,314507090,314507090,550725043,550725043,606443823,606443823,615531557,615531557,738749932,738749932,747393915,747393915,811398953,811398953
f = 354124720,0,1 | route T | claimed 2104.8846288339172417 | coeffs -544827521,-544827521,-422673928,-422673928,-586822497,-586822497,-451638908,-451638908,-247460687,-247460687,-240005513,-240005513,-100231286,-100231286,-93067732,-93067732,135771667,135771667,241974143,241974143,526464748,526464748,179668159,179668159,145640704,145640704,74620424,74620424,-138820199,-138820199,272723125,272723125,222337399,222337399,203651933,203651933,391068885,391068885,559632636,559632636,505435099,505435099,431110647,431110647,782595958,782595958,584563003,584563003,758865229,758865229,771751447,771751447,545990539,545990539,504775004,504775004,616869311,616869311,595884731,595884731,619615550,619615550,675826649,675826649
# status f = 354124720,0,1 : PASS_RHO (rho 0.91729, T 2104.9, 0s)
f = 391826167,0,1 | route RHO | claimed 0.93253388620432959134 | coeffs 207653524,133310164,133310164,142297699,142297699,-102289571,-102289571,109553829,109553829,-116320651,-116320651,-358602109,-358602109,-364101125,-364101125,-275619035,-275619035,-336609516,-336609516,-457829810,-457829810,-597040335,-597040335,-618069251,-618069251,-329996889,-329996889,-636148747,-636148747,-798444735,-798444735,-591586894,-591586894,-434773528,-434773528,-586636662,-586636662,-386408084,-386408084,-506187862,-506187862,-578997240,-578997240,-728934703,-728934703,-354429702,-354429702,-445839850,-445839850,-430134186,-430134186,-393586274,-393586274,-298096087,-298096087,-260304322,-260304322,-218350619,-218350619,-243522575,-243522575,-389588413,-389588413,-207653524
f = 391826167,0,1 | route T | claimed 2535.343116531207132 | coeffs -88211656,38596654,38596654,33686535,33686535,46928516,46928516,14771241,14771241,48795909,48795909,314434373,314434373,183601952,183601952,333606162,333606162,179943742,179943742,616043587,616043587,416523861,416523861,251113995,251113995,214659263,214659263,589517701,589517701,739973047,739973047,657221521,657221521,666391339,666391339,655912065,655912065,716732341,716732341,612970131,612970131,693127881,693127881,706087528,706087528,443059155,443059155,598535617,598535617,240613012,240613012,277791244,277791244,383327006,383327006,145729930,145729930,48016126,48016126,-130482212,-130482212,-113856281,-113856281,88211656
# status f = 391826167,0,1 : PASS_RHO (rho 0.93253, T 2535.3, 0s)
f = 467525925,0,1 | route RHO | claimed 0.95067769183044962459 | coeffs 79499631,245297518,245297518,251488924,251488924,533845722,533845722,732721835,732721835,715824439,715824439,1051479642,1051479642,777332454,777332454,554778815,554778815,775232941,775232941,811193239,811193239,861027586,861027586,993623616,993623616,1027985643,1027985643,1004967288,1004967288,963974596,963974596,667262388,667262388,611378064,611378064,651075378,651075378,626480905,626480905,506806490,506806490,625006879,625006879,628706401,628706401,691544721,691544721,683615989,683615989,740879530,740879530,468656075,468656075,476969761,476969761,696917546,696917546,386434756,386434756,250856781,250856781,72290625,72290625,-79499631
f = 467525925,0,1 | route T | claimed 2169.5931927868567605 | coeffs 61649040,61649040,47986095,47986095,12429440,12429440,243511717,243511717,353530693,353530693,354978602,354978602,320265159,320265159,345052097,345052097,100997772,100997772,146127643,146127643,-10917230,-10917230,-121739296,-121739296,-55617979,-55617979,24647888,24647888,127695869,127695869,330963114,330963114,161154680,161154680,-35467880,-35467880,280362931,280362931,-86673394,-86673394,-175990083,-175990083,-336357711,-336357711,-160902267,-160902267,-122549310,-122549310,198464686,198464686,-107778648,-107778648,-3046623,-3046623,169512649,169512649,-39899198,-39899198,-106885948,-106885948,178757107,178757107,-82468207,-82468207
# status f = 467525925,0,1 : PASS_RHO (rho 0.95068, T 2169.6, 0s)
f = 468222330,0,1 | route RHO | claimed 0.9149792561817717642 | coeffs 456245460,456245460,198393010,198393010,262398048,262398048,70405782,70405782,204988767,204988767,132243678,132243678,16091341,16091341,7447358,7447358,141452497,141452497,122207138,122207138,125676824,125676824,153199708,153199708,276418083,276418083,314319762,314319762,289397385,289397385,105411225,105411225,143522968,143522968,134435234,134435234,-19261475,-19261475,-497783792,-497783792,-438122702,-438122702,-319568671,-319568671,-263849891,-263849891,-440477439,-440477439,-114650889,-114650889,-3977486,-3977486,53452717,53452717,-182765236,-182765236,-373092944,-373092944,-467301683,-467301683,-600822261,-600822261,-573021545,-573021545
f = 468222330,0,1 | route T | claimed 2992.879685590743589 | coeffs 697849029,697849029,372292720,372292720,424805923,424805923,-133798398,-133798398,45041866,45041866,-276340167,-276340167,-205399292,-205399292,-523163786,-523163786,-386393331,-386393331,-171041494,-171041494,-336329191,-336329191,-399358658,-399358658,-387460691,-387460691,-582865014,-582865014,-621180104,-621180104,-583957486,-583957486,-628763945,-628763945,-532950759,-532950759,-716180138,-716180138,-725645223,-725645223,-420159967,-420159967,-429625555,-429625555,-576792514,-576792514,-578574956,-578574956,-421952594,-421952594,-437497081,-437497081,-385068925,-385068925,-469008520,-469008520,-414729098,-414729098,-727383701,-727383701,-704729905,-704729905,-792611437,-792611437
# status f = 468222330,0,1 : PASS_RHO (rho 0.91498, T 2992.9, 0s)
f = 531893063,0,1 | route RHO | claimed 0.93788726621251888117 | coeffs -92880730,-92880730,189476068,189476068,212494423,212494423,269757964,269757964,468634077,468634077,509626769,509626769,237403314,237403314,220505918,220505918,517218126,517218126,525531812,525531812,861187015,861187015,917071339,917071339,1137019124,1137019124,862871936,862871936,823174622,823174622,512691832,512691832,290138193,290138193,314732666,314732666,179154691,179154691,399608817,399608817,519283232,519283232,340717076,340717076,376677374,376677374,258476985,258476985,106686729,106686729,156521076,156521076,152821554,152821554,-12976333,-12976333,119619697,119619697,56781377,56781377,50589971,50589971,84951998,84951998
f = 531893063,0,1 | route T | claimed 2163.9825429967382167 | coeffs -92880730,-92880730,189476068,189476068,212494423,212494423,269757964,269757964,468634077,468634077,509626769,509626769,237403314,237403314,220505918,220505918,517218126,517218126,525531812,525531812,861187015,861187015,917071339,917071339,1137019124,1137019124,862871936,862871936,823174622,823174622,512691832,512691832,290138193,290138193,314732666,314732666,179154691,179154691,399608817,399608817,519283232,519283232,340717076,340717076,376677374,376677374,258476985,258476985,106686729,106686729,156521076,156521076,152821554,152821554,-12976333,-12976333,119619697,119619697,56781377,56781377,50589971,50589971,84951998,84951998
# status f = 531893063,0,1 : PASS_RHO (rho 0.93789, T 2164.0, 0s)
f = 532589468,0,1 | route RHO | claimed 0.88940442865386818773 | coeffs -168315881,-168315881,-404533834,-404533834,-538054412,-538054412,-280201962,-280201962,-414784947,-414784947,-406140964,-406140964,-409610650,-409610650,-447512329,-447512329,-485624072,-485624072,-7101755,-7101755,-62820535,-62820535,-173493938,-173493938,16833770,16833770,-10966946,-10966946,53038092,53038092,-19706997,-19706997,114298142,114298142,141821026,141821026,116898649,116898649,107810915,107810915,167472005,167472005,-9155543,-9155543,48274660,48274660,-45934079,-45934079,70842006,70842006,262834272,262834272,378986609,378986609,398231968,398231968,275013593,275013593,458999753,458999753,612696462,612696462,494142431,494142431
f = 532589468,0,1 | route T | claimed 2306.1001443362570991 | coeffs -173493938,16833770,16833770,-10966946,-10966946,53038092,53038092,-19706997,-19706997,114298142,114298142,141821026,141821026,116898649,116898649,107810915,107810915,167472005,167472005,-9155543,-9155543,48274660,48274660,-45934079,-45934079,70842006,70842006,262834272,262834272,378986609,378986609,398231968,398231968,275013593,275013593,458999753,458999753,612696462,612696462,494142431,494142431,168315881,168315881,404533834,404533834,538054412,538054412,280201962,280201962,414784947,414784947,406140964,406140964,409610650,409610650,447512329,447512329,485624072,485624072,7101755,7101755,62820535,62820535,173493938
# status f = 532589468,0,1 : PASS_RHO (rho 0.88940, T 2306.1, 0s)
f = 608289226,0,1 | route RHO | claimed 0.93830443608898965336 | coeffs 294533169,-183989148,-183989148,-300765233,-300765233,-338666912,-338666912,-281236709,-281236709,-289880692,-289880692,-349541782,-349541782,-91689332,-91689332,-116611709,-116611709,119606244,119606244,-14398895,-14398895,104155136,104155136,168160174,168160174,352146334,352146334,161818626,161818626,142573267,142573267,86854487,86854487,278846753,278846753,316958496,316958496,411167235,411167235,407697549,407697549,231070001,231070001,365652986,365652986,374740720,374740720,241220142,241220142,268743026,268743026,-57083524,-57083524,15661565,15661565,-138035144,-138035144,-165835860,-165835860,-289054235,-289054235,-178380832,-178380832,-294533169
f = 608289226,0,1 | route T | claimed 3075.5722471274068549 | coeffs 63115748,95738890,95738890,390368633,390368633,424389108,424389108,380357499,380357499,376195316,376195316,34839928,34839928,-152427043,-152427043,184428598,184428598,-122344917,-122344917,14800913,14800913,-7951683,-7951683,31519393,31519393,-68130233,-68130233,99379087,99379087,121190709,121190709,-66346800,-66346800,-186696792,-186696792,-336724607,-336724607,-418729282,-418729282,-541722174,-541722174,-71792707,-71792707,-8265310,-8265310,195114230,195114230,97551421,97551421,245598764,245598764,161720428,161720428,135617809,135617809,-12291498,-12291498,117336356,117336356,-55018350,-55018350,-230231552,-230231552,-63115748
# status f = 608289226,0,1 : PASS_RHO (rho 0.93830, T 3075.6, 1s)
f = 645990673,0,1 | route RHO | claimed 0.89635232682036906611 | coeffs 71924278,127567955,127567955,173228017,173228017,18365003,18365003,60158599,60158599,-78324109,-78324109,-69651260,-69651260,209043755,209043755,235778510,235778510,554177560,554177560,648126350,648126350,490847705,490847705,473105707,473105707,561450784,561450784,524321532,524321532,616048514,616048514,643857819,643857819,575523880,575523880,480815025,480815025,450610584,450610584,204956623,204956623,227783918,227783918,148844610,148844610,222305388,222305388,124872577,124872577,285220204,285220204,184849239,184849239,221044972,221044972,383587650,383587650,152469955,152469955,-338918680,-338918680,-68342342,-68342342,-71924278
f = 645990673,0,1 | route T | claimed 2067.3980066961783331 | coeffs -383587650,-383587650,-152469955,-152469955,338918680,338918680,68342342,68342342,71924278,71924278,127567955,127567955,173228017,173228017,18365003,18365003,60158599,60158599,-78324109,-78324109,-69651260,-69651260,209043755,209043755,235778510,235778510,554177560,554177560,648126350,648126350,490847705,490847705,473105707,473105707,561450784,561450784,524321532,524321532,616048514,616048514,643857819,643857819,575523880,575523880,480815025,480815025,450610584,450610584,204956623,204956623,227783918,227783918,148844610,148844610,222305388,222305388,124872577,124872577,285220204,285220204,184849239,184849239,221044972,221044972
# status f = 645990673,0,1 : PASS_RHO (rho 0.89635, T 2067.4, 0s)
f = 691785384,0,1 | route RHO | claimed 0.92207138462562474469 | coeffs -272594209,-551289224,-551289224,-630228532,-630228532,-768711240,-768711240,-523057279,-523057279,-368194265,-368194265,-462903120,-462903120,-407259443,-407259443,-435068748,-435068748,-164492410,-164492410,-201621662,-201621662,29496033,29496033,47238031,47238031,83433764,83433764,177382554,177382554,17034927,17034927,-9699828,-9699828,63760950,63760950,72433799,72433799,49606504,49606504,7812908,7812908,-22391533,-22391533,23268529,23268529,91602468,91602468,88020532,88020532,179747514,179747514,671136149,671136149,582791072,582791072,745333750,745333750,588055105,588055105,688426070,688426070,370027020,370027020,272594209
f = 691785384,0,1 | route T | claimed 2309.4415308398309101 | coeffs 611516419,611516419,568151187,568151187,748094455,748094455,625363281,625363281,858513630,858513630,785052045,785052045,690350987,690350987,603084189,603084189,456679541,456679541,418933319,418933319,465766902,465766902,606304454,606304454,442633809,442633809,194928026,194928026,453736470,453736470,172418583,172418583,148075152,148075152,172688655,172688655,-38898402,-38898402,-169480611,-169480611,-189830635,-189830635,-4090947,-4090947,-337383613,-337383613,-60891441,-60891441,-270427526,-270427526,-208806505,-208806505,-177292569,-177292569,-79799041,-79799041,-135702434,-135702434,-188849696,-188849696,-102381596,-102381596,-265344327,-265344327
# status f = 691785384,0,1 : PASS_RHO (rho 0.92207, T 2309.4, 0s)
f = 745905662,0,1 | route RHO | claimed 0.93830443608898965336 | coeffs 352146334,352146334,168160174,168160174,104155136,104155136,-14398895,-14398895,119606244,119606244,-116611709,-116611709,-91689332,-91689332,-349541782,-349541782,-289880692,-289880692,-281236709,-281236709,-338666912,-338666912,-300765233,-300765233,-183989148,-183989148,294533169,294533169,178380832,178380832,289054235,289054235,165835860,165835860,138035144,138035144,-15661565,-15661565,57083524,57083524,-268743026,-268743026,-241220142,-241220142,-374740720,-374740720,-365652986,-365652986,-231070001,-231070001,-407697549,-407697549,-411167235,-411167235,-316958496,-316958496,-278846753,-278846753,-86854487,-86854487,-142573267,-142573267,-161818626,-161818626
f = 745905662,0,1 | route T | claimed 2365.3707858462176538 | coeffs -756367030,-756367030,-779420803,-779420803,-1055976497,-1055976497,-852439180,-852439180,-764663926,-764663926,-644535997,-644535997,-511930009,-511930009,-467589906,-467589906,-426676649,-426676649,-395316485,-395316485,-293451892,-293451892,-439249805,-439249805,-500856798,-500856798,-251413958,-251413958,-375137993,-375137993,-362267485,-362267485,-405255709,-405255709,3900307,3900307,13813331,13813331,55394877,55394877,-8468135,-8468135,-44640523,-44640523,123637310,123637310,-216495622,-216495622,-237598108,-237598108,-423521334,-423521334,-61092336,-61092336,62035790,62035790,250156617,250156617,113318632,113318632,229153318,229153318,505365048,505365048
# status f = 745905662,0,1 : PASS_RHO (rho 0.93830, T 2365.4, 0s)
f = 769459574,0,1 | route RHO | claimed 0.89635232682036906611 | coeffs 235778510,235778510,209043755,209043755,-69651260,-69651260,-78324109,-78324109,60158599,60158599,18365003,18365003,173228017,173228017,127567955,127567955,71924278,71924278,68342342,68342342,338918680,338918680,-152469955,-152469955,-383587650,-383587650,-221044972,-221044972,-184849239,-184849239,-285220204,-285220204,-124872577,-124872577,-222305388,-222305388,-148844610,-148844610,-227783918,-227783918,-204956623,-204956623,-450610584,-450610584,-480815025,-480815025,-575523880,-575523880,-643857819,-643857819,-616048514,-616048514,-524321532,-524321532,-561450784,-561450784,-473105707,-473105707,-490847705,-490847705,-648126350,-648126350,-554177560,-554177560
f = 769459574,0,1 | route T | claimed 2720.3604523759072317 | coeffs -343446866,-430713664,-430713664,-221177579,-221177579,-183431357,-183431357,-151917421,-151917421,-11379869,-11379869,44523524,44523524,292229307,292229307,378697407,378697407,97379520,97379520,443551612,443551612,418938109,418938109,238994841,238994841,108412632,108412632,341562981,341562981,155823293,155823293,250524351,250524351,527016523,527016523,380611875,380611875,318990854,318990854,272157271,272157271,369650799,369650799,205980154,205980154,259127416,259127416,318972,318972,-162643759,-162643759,-186987190,-186987190,-230352422,-230352422,-18765365,-18765365,103965809,103965809,83615785,83615785,10154200,10154200,343446866
# status f = 769459574,0,1 : PASS_RHO (rho 0.89635, T 2720.4, 0s)
f = 791947745,0,1 | route RHO | claimed 0.88940442865386818773 | coeffs 275013593,398231968,398231968,378986609,378986609,262834272,262834272,70842006,70842006,-45934079,-45934079,48274660,48274660,-9155543,-9155543,167472005,167472005,107810915,107810915,116898649,116898649,141821026,141821026,114298142,114298142,-19706997,-19706997,53038092,53038092,-10966946,-10966946,16833770,16833770,-173493938,-173493938,-62820535,-62820535,-7101755,-7101755,-485624072,-485624072,-447512329,-447512329,-409610650,-409610650,-406140964,-406140964,-414784947,-414784947,-280201962,-280201962,-538054412,-538054412,-404533834,-404533834,-168315881,-168315881,-494142431,-494142431,-612696462,-612696462,-458999753,-458999753,-275013593
f = 791947745,0,1 | route T | claimed 3095.2993073067398281 | coeffs 292440669,156485958,156485958,-57704643,-57704643,165884697,165884697,90995661,90995661,1578079,1578079,-282141169,-282141169,-477856562,-477856562,-152530128,-152530128,-251753927,-251753927,-232405024,-232405024,-197357259,-197357259,-27921898,-27921898,582415,582415,-305635484,-305635484,-476769875,-476769875,-426852081,-426852081,-328314441,-328314441,-455376739,-455376739,-739653237,-739653237,-697313773,-697313773,-544162182,-544162182,-752108161,-752108161,-705323569,-705323569,-755766967,-755766967,-997951242,-997951242,-1042790958,-1042790958,-953868035,-953868035,-893321435,-893321435,-787610162,-787610162,-477931431,-477931431,-312369346,-312369346,-292440669
# status f = 791947745,0,1 : PASS_RHO (rho 0.88940, T 3095.3, 0s)
f = 799234120,0,1 | route RHO | claimed 0.94099941070330685371 | coeffs -781486340,-646903355,-646903355,-410685402,-410685402,-256988693,-256988693,-237743334,-237743334,-120967249,-120967249,-297594797,-297594797,-322517174,-322517174,-395262263,-395262263,-204934555,-204934555,273587762,273587762,270118076,270118076,527970526,527970526,853797076,853797076,669810916,669810916,553658579,553658579,647867318,647867318,588206228,588206228,560683344,560683344,496678306,496678306,607351709,607351709,645463452,645463452,636819469,636819469,770340047,770340047,651786016,651786016,528567641,528567641,720559907,720559907,777990110,777990110,768902376,768902376,902907515,902907515,875106799,875106799,819388019,819388019,781486340
f = 799234120,0,1 | route T | claimed 3149.4032263936917245 | coeffs -204934555,273587762,273587762,270118076,270118076,527970526,527970526,853797076,853797076,669810916,669810916,553658579,553658579,647867318,647867318,588206228,588206228,560683344,560683344,496678306,496678306,607351709,607351709,645463452,645463452,636819469,636819469,770340047,770340047,651786016,651786016,528567641,528567641,720559907,720559907,777990110,777990110,768902376,768902376,902907515,902907515,875106799,875106799,819388019,819388019,781486340,781486340,646903355,646903355,410685402,410685402,256988693,256988693,237743334,237743334,120967249,120967249,297594797,297594797,322517174,322517174,395262263,395262263,204934555
# status f = 799234120,0,1 : PASS_RHO (rho 0.94100, T 3149.4, 0s)
f = 815303229,0,1 | route RHO | claimed 0.92727617097431766474 | coeffs -635965664,-635965664,-365389326,-365389326,-407182922,-407182922,-725581972,-725581972,-688452720,-688452720,-658248279,-658248279,-560815468,-560815468,-329697773,-329697773,-284037711,-284037711,-5342696,-5342696,-23084694,-23084694,-91418633,-91418633,-170357941,-170357941,-134162208,-134162208,-137744144,-137744144,738564,738564,-93210226,-93210226,-184937208,-184937208,60716753,60716753,-99630874,-99630874,391757761,391757761,236894747,236894747,263629502,263629502,351974579,351974579,257265724,257265724,330726502,330726502,493269180,493269180,437625503,437625503,428952654,428952654,586231299,586231299,558421994,558421994,535594699,535594699
f = 815303229,0,1 | route T | claimed 2199.5734683622530725 | coeffs 371162743,371162743,289669170,289669170,-266804597,-266804597,-380342116,-380342116,-531248606,-531248606,-469254809,-469254809,-549250489,-549250489,-235487795,-235487795,-545288484,-545288484,-116430579,-116430579,-191081425,-191081425,-385194802,-385194802,-397189548,-397189548,-283664300,-283664300,-319089973,-319089973,-364377667,-364377667,-222999004,-222999004,-192550822,-192550822,-13245019,-13245019,-175416319,-175416319,-184511446,-184511446,-108074546,-108074546,10641555,10641555,-329906974,-329906974,-342179635,-342179635,-88350382,-88350382,-280721804,-280721804,-116851356,-116851356,-25814397,-25814397,-232236657,-232236657,-193305919,-193305919,-215503177,-215503177
# status f = 815303229,0,1 : PASS_RHO (rho 0.92728, T 2199.6, 0s)
f = 845031597,0,1 | route RHO | claimed 0.9375673207908952394 | coeffs 130932555,121844821,121844821,125314507,125314507,-66677759,-66677759,123649949,123649949,5095918,5095918,30018295,30018295,38662278,38662278,155438363,155438363,266111766,266111766,112415057,112415057,139937941,139937941,274520926,274520926,368729665,368729665,313010885,313010885,496997045,496997045,362991906,362991906,620844356,620844356,678274559,678274559,199752242,199752242,322970617,322970617,250225528,250225528,383746106,383746106,560373654,560373654,522261911,522261911,541507270,541507270,477502232,477502232,241284279,241284279,300945369,300945369,338847048,338847048,222694711,222694711,194893995,194893995,-130932555
f = 845031597,0,1 | route T | claimed 2304.5467362969852607 | coeffs 295964094,295964094,332512006,332512006,-41992995,-41992995,-161772773,-161772773,-318586139,-318586139,-624737997,-624737997,-485527472,-485527472,-397045382,-397045382,-171170902,-171170902,-162183367,-162183367,-308249205,-308249205,-346040970,-346040970,-330335306,-330335306,-180397843,-180397843,19830735,19830735,-187027106,-187027106,101045256,101045256,222265550,222265550,216766534,216766534,4923134,4923134,-69420226,-69420226,-94592182,-94592182,-190082369,-190082369,-281492517,-281492517,-208683139,-208683139,-360546273,-360546273,-198250285,-198250285,-219279201,-219279201,-158288720,-158288720,-400570178,-400570178,-155982908,-155982908,-337917797,-337917797
# status f = 845031597,0,1 : PASS_RHO (rho 0.93757, T 2304.5, 1s)
f = 871090341,0,1 | route RHO | claimed 0.9060832105752960879 | coeffs -937634299,-783937590,-783937590,-526085140,-526085140,-487973397,-487973397,-515774113,-515774113,-490851736,-490851736,-585060475,-585060475,-461842100,-461842100,-225624147,-225624147,-229093833,-229093833,-118420430,-118420430,15584709,15584709,192212257,192212257,308364594,308364594,426918625,426918625,561501610,561501610,1040023927,1040023927,976018889,976018889,966931155,966931155,850155070,850155070,1034141230,1034141230,900620652,900620652,938522331,938522331,1128850039,1128850039,1101327155,1101327155,1158757358,1158757358,1139511999,1139511999,813685449,813685449,822329432,822329432,878048212,878048212,805303123,805303123,745642033,745642033,937634299
f = 871090341,0,1 | route T | claimed 1953.1764876278195225 | coeffs -411000949,-530121695,-530121695,-312417161,-312417161,-234430979,-234430979,-324853140,-324853140,62653324,62653324,99266969,99266969,183769047,183769047,21731227,21731227,76959835,76959835,59576213,59576213,20805299,20805299,328016641,328016641,327701955,327701955,770637331,770637331,865629415,865629415,879098990,879098990,673318097,673318097,731073211,731073211,764883772,764883772,534253845,534253845,534835185,534835185,603431020,603431020,783554106,783554106,549581211,549581211,746202607,746202607,632439635,632439635,757190548,757190548,602341937,602341937,371539495,371539495,359790233,359790233,299117448,299117448,411000949
# status f = 871090341,0,1 : PASS_RHO (rho 0.90608, T 1953.2, 0s)
f = 923172168,0,1 | route RHO | claimed 0.92207138462562474469 | coeffs 177382554,177382554,83433764,83433764,47238031,47238031,29496033,29496033,-201621662,-201621662,-164492410,-164492410,-435068748,-435068748,-407259443,-407259443,-462903120,-462903120,-368194265,-368194265,-523057279,-523057279,-768711240,-768711240,-630228532,-630228532,-551289224,-551289224,-272594209,-272594209,-370027020,-370027020,-688426070,-688426070,-588055105,-588055105,-745333750,-745333750,-582791072,-582791072,-671136149,-671136149,-179747514,-179747514,-88020532,-88020532,-91602468,-91602468,-23268529,-23268529,22391533,22391533,-7812908,-7812908,-49606504,-49606504,-72433799,-72433799,-63760950,-63760950,9699828,9699828,-17034927,-17034927
f = 923172168,0,1 | route T | claimed 2257.750575510995583 | coeffs -72433799,-72433799,-63760950,-63760950,9699828,9699828,-17034927,-17034927,-177382554,-177382554,-83433764,-83433764,-47238031,-47238031,-29496033,-29496033,201621662,201621662,164492410,164492410,435068748,435068748,407259443,407259443,462903120,462903120,368194265,368194265,523057279,523057279,768711240,768711240,630228532,630228532,551289224,551289224,272594209,272594209,370027020,370027020,688426070,688426070,588055105,588055105,745333750,745333750,582791072,582791072,671136149,671136149,179747514,179747514,88020532,88020532,91602468,91602468,23268529,23268529,-22391533,-22391533,7812908,7812908,49606504,49606504
# status f = 923172168,0,1 : PASS_RHO (rho 0.92207, T 2257.8, 0s)
f = 976004634,0,1 | route RHO | claimed 0.94437015987062275964 | coeffs 35812788,306389126,306389126,260729064,260729064,399211772,399211772,372477017,372477017,529755662,529755662,566884914,566884914,635218853,635218853,880872814,880872814,807412036,807412036,907783001,907783001,1138900696,1138900696,1142482632,1142482632,987619618,987619618,996292467,996292467,1314691517,1314691517,1296949519,1296949519,1388676501,1388676501,1293967646,1293967646,1316794941,1316794941,1219362130,1219362130,1255557863,1255557863,764169228,764169228,708525551,708525551,666731955,666731955,388036940,388036940,294088150,294088150,205743073,205743073,177933768,177933768,208138209,208138209,287077517,287077517,126729890,126729890,-35812788
f = 976004634,0,1 | route T | claimed 2149.1185339173070414 | coeffs 35812788,306389126,306389126,260729064,260729064,399211772,399211772,372477017,372477017,529755662,529755662,566884914,566884914,635218853,635218853,880872814,880872814,807412036,807412036,907783001,907783001,1138900696,1138900696,1142482632,1142482632,987619618,987619618,996292467,996292467,1314691517,1314691517,1296949519,1296949519,1388676501,1388676501,1293967646,1293967646,1316794941,1316794941,1219362130,1219362130,1255557863,1255557863,764169228,764169228,708525551,708525551,666731955,666731955,388036940,388036940,294088150,294088150,205743073,205743073,177933768,177933768,208138209,208138209,287077517,287077517,126729890,126729890,-35812788
# status f = 976004634,0,1 : PASS_RHO (rho 0.94437, T 2149.1, 0s)
f = 978596340,0,1 | route RHO | claimed 0.94099941070330685371 | coeffs -777990110,-720559907,-720559907,-528567641,-528567641,-651786016,-651786016,-770340047,-770340047,-636819469,-636819469,-645463452,-645463452,-607351709,-607351709,-496678306,-496678306,-560683344,-560683344,-588206228,-588206228,-647867318,-647867318,-553658579,-553658579,-669810916,-669810916,-853797076,-853797076,-527970526,-527970526,-270118076,-270118076,-273587762,-273587762,204934555,204934555,395262263,395262263,322517174,322517174,297594797,297594797,120967249,120967249,237743334,237743334,256988693,256988693,410685402,410685402,646903355,646903355,781486340,781486340,819388019,819388019,875106799,875106799,902907515,902907515,768902376,768902376,777990110
f = 978596340,0,1 | route T | claimed 2421.1305304065785534 | coeffs 23445932,23445932,245999571,245999571,295833918,295833918,318852273,318852273,262967949,262967949,382642364,382642364,445480684,445480684,717704139,717704139,407221349,407221349,559011605,559011605,276654807,276654807,612310010,612310010,391855884,391855884,524451914,524451914,565444606,565444606,605141920,605141920,486941531,486941531,479012799,479012799,470699113,470699113,335121138,335121138,500919025,500919025,302042912,302042912,27895724,27895724,-8064574,-8064574,26297453,26297453,323009661,323009661,298415188,298415188,294715666,294715666,351979207,351979207,132031422,132031422,-46534734,-46534734,-40343328,-40343328
# status f = 978596340,0,1 : PASS_RHO (rho 0.94100, T 2421.1, 0s)
f = 999215488,0,1 | route RHO | claimed 0.9149792561817717642 | coeffs -141452497,-141452497,-7447358,-7447358,-16091341,-16091341,-132243678,-132243678,-204988767,-204988767,-70405782,-70405782,-262398048,-262398048,-198393010,-198393010,-456245460,-456245460,-573021545,-573021545,-600822261,-600822261,-467301683,-467301683,-373092944,-373092944,-182765236,-182765236,53452717,53452717,-3977486,-3977486,-114650889,-114650889,-440477439,-440477439,-263849891,-263849891,-319568671,-319568671,-438122702,-438122702,-497783792,-497783792,-19261475,-19261475,134435234,134435234,143522968,143522968,105411225,105411225,289397385,289397385,314319762,314319762,276418083,276418083,153199708,153199708,125676824,125676824,122207138,122207138
f = 999215488,0,1 | route T | claimed 2613.324893779768029 | coeffs 129234092,129234092,-13685102,-13685102,29738777,29738777,129946519,129946519,244139636,244139636,26615040,26615040,-208368226,-208368226,-473013620,-473013620,-500099898,-500099898,-595275399,-595275399,-457087198,-457087198,-518908480,-518908480,-609763065,-609763065,-398483156,-398483156,-625175225,-625175225,-549410961,-549410961,-731243270,-731243270,-531596032,-531596032,-874361535,-874361535,-755228930,-755228930,-705423350,-705423350,-755978908,-755978908,-775143198,-775143198,-577582907,-577582907,-477229406,-477229406,-107216439,-107216439,-307870357,-307870357,-294199782,-294199782,-242938442,-242938442,12445813,12445813,-197172435,-197172435,12913745,12913745
# status f = 999215488,0,1 : PASS_RHO (rho 0.91498, T 2613.3, 0s)
# summary n = 7 l = 1000115393 : EXCLUSION_CANDIDATE ; PASS 32 / 32 ; OPEN_NEAR 0 ; OPEN_FAR 0 ; 15s
