# FAMILY WITNESS FILE (generator family_gen.sage r10). n = 7 ; l = 1000687937 ; m = 64 ; deg = 2 ; ncomp = 32 ; bar_T = 4224 ; L_n = 16.3328709449664096755483535644
# line: f = c0,...,c_deg (monic, over F_l) | route RHO|T | claimed (rho or T, float) | coeffs a_0..a_{m-1}
f = 61933393,0,1 | route RHO | claimed 0.85784934905257517737 | coeffs -87521241,-75452308,-75452308,-207519738,-207519738,93769053,93769053,34817119,34817119,40727593,40727593,332505116,332505116,113873061,113873061,150829210,150829210,85507256,85507256,339529340,339529340,196879092,196879092,146441304,146441304,224048215,224048215,195389923,195389923,177868794,177868794,211187825,211187825,148710962,148710962,34480283,34480283,52989590,52989590,-272169639,-272169639,-264850955,-264850955,-398669711,-398669711,-610047985,-610047985,-456823891,-456823891,-348850717,-348850717,-167078176,-167078176,-225416883,-225416883,-261559385,-261559385,-334961325,-334961325,-178707850,-178707850,-24388656,-24388656,87521241
f = 61933393,0,1 | route T | claimed 2340.247870870274758 | coeffs -177190150,-145400843,-145400843,-53285044,-53285044,26547106,26547106,-259458108,-259458108,-95472917,-95472917,184997013,184997013,142326251,142326251,217010515,217010515,155012947,155012947,180025609,180025609,214842923,214842923,-233583432,-233583432,-197554412,-197554412,-514127844,-514127844,-308230796,-308230796,-481292502,-481292502,-295111758,-295111758,-202214230,-202214230,72879847,72879847,4292542,4292542,-114891392,-114891392,-26697788,-26697788,274978973,274978973,284831787,284831787,394627964,394627964,350178621,350178621,388039134,388039134,255464100,255464100,42582485,42582485,-31795025,-31795025,26219141,26219141,177190150
# status f = 61933393,0,1 : PASS_RHO (rho 0.85785, T 2340.2, 1s)
f = 82607415,0,1 | route RHO | claimed 0.896807426842836017 | coeffs -264947306,-446719847,-446719847,-304069599,-304069599,-340212101,-340212101,-262605190,-262605190,-418858665,-418858665,-401337536,-401337536,-289427639,-289427639,-351904502,-351904502,-483971932,-483971932,-502481239,-502481239,-443529305,-443529305,-436210621,-436210621,-144433098,-144433098,66945176,66945176,29989027,29989027,137962201,137962201,391984285,391984285,450322992,450322992,500760780,500760780,427358840,427358840,398700548,398700548,244381354,244381354,211062323,211062323,198993390,198993390,84762711,84762711,386051502,386051502,711210731,711210731,705300257,705300257,571481501,571481501,352849446,352849446,199625352,199625352,264947306
f = 82607415,0,1 | route T | claimed 2350.114867108210919 | coeffs 66945176,66945176,29989027,29989027,137962201,137962201,391984285,391984285,450322992,450322992,500760780,500760780,427358840,427358840,398700548,398700548,244381354,244381354,211062323,211062323,198993390,198993390,84762711,84762711,386051502,386051502,711210731,711210731,705300257,705300257,571481501,571481501,352849446,352849446,199625352,199625352,264947306,264947306,446719847,446719847,304069599,304069599,340212101,340212101,262605190,262605190,418858665,418858665,401337536,401337536,289427639,289427639,351904502,351904502,483971932,483971932,502481239,502481239,443529305,443529305,436210621,436210621,144433098,144433098
# status f = 82607415,0,1 : PASS_RHO (rho 0.89681, T 2350.1, 0s)
f = 110274875,0,1 | route RHO | claimed 0.85784934905257517737 | coeffs 225416883,225416883,167078176,167078176,348850717,348850717,456823891,456823891,610047985,610047985,398669711,398669711,264850955,264850955,272169639,272169639,-52989590,-52989590,-34480283,-34480283,-148710962,-148710962,-211187825,-211187825,-177868794,-177868794,-195389923,-195389923,-224048215,-224048215,-146441304,-146441304,-196879092,-196879092,-339529340,-339529340,-85507256,-85507256,-150829210,-150829210,-113873061,-113873061,-332505116,-332505116,-40727593,-40727593,-34817119,-34817119,-93769053,-93769053,207519738,207519738,75452308,75452308,87521241,87521241,-24388656,-24388656,-178707850,-178707850,-334961325,-334961325,-261559385,-261559385
f = 110274875,0,1 | route T | claimed 1761.5493130046615374 | coeffs 211187825,177868794,177868794,195389923,195389923,224048215,224048215,146441304,146441304,196879092,196879092,339529340,339529340,85507256,85507256,150829210,150829210,113873061,113873061,332505116,332505116,40727593,40727593,34817119,34817119,93769053,93769053,-207519738,-207519738,-75452308,-75452308,-87521241,-87521241,24388656,24388656,178707850,178707850,334961325,334961325,261559385,261559385,225416883,225416883,167078176,167078176,348850717,348850717,456823891,456823891,610047985,610047985,398669711,398669711,264850955,264850955,272169639,272169639,-52989590,-52989590,-34480283,-34480283,-148710962,-148710962,-211187825
# status f = 110274875,0,1 : PASS_RHO (rho 0.85785, T 1761.5, 0s)
f = 166784001,0,1 | route RHO | claimed 0.87748133971952395027 | coeffs -80868230,-146190184,-146190184,178969045,178969045,333288239,333288239,587310323,587310323,579991639,579991639,691901536,691901536,549251288,549251288,683070044,683070044,671001111,671001111,620563323,620563323,831941597,831941597,964009027,964009027,1041615938,1041615938,888391844,888391844,587103053,587103053,558444761,558444761,450471587,450471587,509423521,509423521,491902392,491902392,310129851,310129851,304219377,304219377,337538408,337538408,395877115,395877115,104099592,104099592,41622729,41622729,77765231,77765231,296397286,296397286,182166607,182166607,255568547,255568547,218612398,218612398,237121705,237121705,80868230
f = 166784001,0,1 | route T | claimed 2766.0822222190773712 | coeffs -19285075,0,-45515413,0,167535232,0,233342036,0,-44986997,0,81471762,0,-189220162,0,5924450,0,4855194,0,-71181495,0,149547503,0,160985856,0,193426567,0,-1566810,0,192989067,0,173299974,0,-2991607,0,264293830,0,-96935435,0,294407461,0,52511971,0,301201847,0,72997724,0,-104835135,0,88655669,0,69153797,0,-145436633,0,170623989,0,230538533,0,-28732322,0,-51988427,0,220346372,0
# status f = 166784001,0,1 : PASS_RHO (rho 0.87748, T 2766.1, 0s)
f = 337368384,0,1 | route RHO | claimed 0.85870052806414991068 | coeffs -475572368,-475572368,-338987771,-338987771,-510102660,-510102660,-450737003,-450737003,-183629891,-183629891,-246322489,-246322489,-412884049,-412884049,-392995959,-392995959,-168187681,-168187681,-386215892,-386215892,59728398,59728398,-68087760,-68087760,-83642666,-83642666,69056970,69056970,232948507,232948507,119882410,119882410,75008518,75008518,200906585,200906585,152383523,152383523,286894690,286894690,406110130,406110130,178908168,178908168,285311773,285311773,291850671,291850671,-27236121,-27236121,147465343,147465343,225164706,225164706,188464750,188464750,181193190,181193190,387564868,387564868,489316041,489316041,586525359,586525359
f = 337368384,0,1 | route T | claimed 2318.1431437325019693 | coeffs -59382388,-59382388,89806758,89806758,62497489,62497489,225130020,225130020,338971885,338971885,90893655,90893655,197852774,197852774,481831363,481831363,546626387,546626387,945124496,945124496,990424980,990424980,745867209,745867209,591822869,591822869,549978341,549978341,536893313,536893313,593675437,593675437,648327100,648327100,570100303,570100303,479110781,479110781,634662129,634662129,239155627,239155627,148339730,148339730,295962066,295962066,216664370,216664370,205996927,205996927,300553717,300553717,316769317,316769317,256193204,256193204,245764332,245764332,265572359,265572359,-35415622,-35415622,199105024,199105024
# status f = 337368384,0,1 : PASS_RHO (rho 0.85870, T 2318.1, 0s)
f = 349641440,0,1 | route RHO | claimed 0.89851341568021826954 | coeffs 293734741,293734741,276213612,276213612,429437706,429437706,417368773,417368773,163346689,163346689,144837382,144837382,180979884,180979884,186890358,186890358,158232066,158232066,-53146208,-53146208,58763689,58763689,124085643,124085643,238316322,238316322,296655029,296655029,237703095,237703095,315310006,315310006,181491250,181491250,335810444,335810444,298854295,298854295,361331158,361331158,179558617,179558617,480847408,480847408,430409620,430409620,437728304,437728304,593981779,593981779,812613834,812613834,779294803,779294803,671321629,671321629,539254199,539254199,396603951,396603951,71444722,71444722,-1957218,-1957218
f = 349641440,0,1 | route T | claimed 1922.0876086709849903 | coeffs 1957218,293734741,293734741,276213612,276213612,429437706,429437706,417368773,417368773,163346689,163346689,144837382,144837382,180979884,180979884,186890358,186890358,158232066,158232066,-53146208,-53146208,58763689,58763689,124085643,124085643,238316322,238316322,296655029,296655029,237703095,237703095,315310006,315310006,181491250,181491250,335810444,335810444,298854295,298854295,361331158,361331158,179558617,179558617,480847408,480847408,430409620,430409620,437728304,437728304,593981779,593981779,812613834,812613834,779294803,779294803,671321629,671321629,539254199,539254199,396603951,396603951,71444722,71444722,-1957218
# status f = 349641440,0,1 : PASS_RHO (rho 0.89851, T 1922.1, 0s)
f = 350271082,0,1 | route RHO | claimed 0.85870052806414991068 | coeffs 338987771,338987771,475572368,475572368,586525359,586525359,489316041,489316041,387564868,387564868,181193190,181193190,188464750,188464750,225164706,225164706,147465343,147465343,-27236121,-27236121,291850671,291850671,285311773,285311773,178908168,178908168,406110130,406110130,286894690,286894690,152383523,152383523,200906585,200906585,75008518,75008518,119882410,119882410,232948507,232948507,69056970,69056970,-83642666,-83642666,-68087760,-68087760,59728398,59728398,-386215892,-386215892,-168187681,-168187681,-392995959,-392995959,-412884049,-412884049,-246322489,-246322489,-183629891,-183629891,-450737003,-450737003,-510102660,-510102660
f = 350271082,0,1 | route T | claimed 2867.7532151324075956 | coeffs -286894690,-286894690,-152383523,-152383523,-200906585,-200906585,-75008518,-75008518,-119882410,-119882410,-232948507,-232948507,-69056970,-69056970,83642666,83642666,68087760,68087760,-59728398,-59728398,386215892,386215892,168187681,168187681,392995959,392995959,412884049,412884049,246322489,246322489,183629891,183629891,450737003,450737003,510102660,510102660,338987771,338987771,475572368,475572368,586525359,586525359,489316041,489316041,387564868,387564868,181193190,181193190,188464750,188464750,225164706,225164706,147465343,147465343,-27236121,-27236121,291850671,291850671,285311773,285311773,178908168,178908168,406110130,406110130
# status f = 350271082,0,1 : PASS_RHO (rho 0.85870, T 2867.8, 0s)
f = 384420103,0,1 | route RHO | claimed 0.87748133971952395027 | coeffs -558444761,-558444761,-587103053,-587103053,-888391844,-888391844,-1041615938,-1041615938,-964009027,-964009027,-831941597,-831941597,-620563323,-620563323,-671001111,-671001111,-683070044,-683070044,-549251288,-549251288,-691901536,-691901536,-579991639,-579991639,-587310323,-587310323,-333288239,-333288239,-178969045,-178969045,146190184,146190184,80868230,80868230,237121705,237121705,218612398,218612398,255568547,255568547,182166607,182166607,296397286,296397286,77765231,77765231,41622729,41622729,104099592,104099592,395877115,395877115,337538408,337538408,304219377,304219377,310129851,310129851,491902392,491902392,509423521,509423521,450471587,450471587
f = 384420103,0,1 | route T | claimed 2766.7953394294983539 | coeffs 114192848,49466991,49466991,110305256,110305256,454206929,454206929,561455698,561455698,695596763,695596763,523655909,523655909,693468710,693468710,719152865,719152865,479828767,479828767,655808235,655808235,343918701,343918701,61644947,61644947,184848704,184848704,-48671260,-48671260,-73248299,-73248299,-130464203,-130464203,-1991668,-1991668,-2983482,-2983482,-15241453,-15241453,-42272718,-42272718,135647376,135647376,-36559693,-36559693,12314633,12314633,208843631,208843631,233287016,233287016,314887962,314887962,257487328,257487328,213572300,213572300,77722535,77722535,155969733,155969733,74273768,74273768,-114192848
# status f = 384420103,0,1 : PASS_RHO (rho 0.87748, T 2766.8, 0s)
f = 391958998,0,1 | route RHO | claimed 0.84159563092875625553 | coeffs 296697001,296697001,268038709,268038709,260720025,260720025,224577523,224577523,525866314,525866314,271844230,271844230,209367367,209367367,56143273,56143273,210462467,210462467,502239990,502239990,424633079,424633079,99473850,99473850,157812557,157812557,289879987,289879987,224558033,224558033,191239002,191239002,-20139272,-20139272,-176392747,-176392747,-182303221,-182303221,-232741009,-232741009,-251250316,-251250316,-69477775,-69477775,-57408842,-57408842,-94364991,-94364991,-111886120,-111886120,21932636,21932636,-51469304,-51469304,-110421238,-110421238,32229010,32229010,-82001669,-82001669,-189974843,-189974843,-78064946,-78064946
f = 391958998,0,1 | route T | claimed 2071.6457954538104702 | coeffs 20139272,176392747,176392747,182303221,182303221,232741009,232741009,251250316,251250316,69477775,69477775,57408842,57408842,94364991,94364991,111886120,111886120,-21932636,-21932636,51469304,51469304,110421238,110421238,-32229010,-32229010,82001669,82001669,189974843,189974843,78064946,78064946,296697001,296697001,268038709,268038709,260720025,260720025,224577523,224577523,525866314,525866314,271844230,271844230,209367367,209367367,56143273,56143273,210462467,210462467,502239990,502239990,424633079,424633079,99473850,99473850,157812557,157812557,289879987,289879987,224558033,224558033,191239002,191239002,-20139272
# status f = 391958998,0,1 : PASS_RHO (rho 0.84160, T 2071.6, 0s)
f = 394610203,0,1 | route RHO | claimed 0.84159563092875625553 | coeffs -111886120,-94364991,-94364991,-57408842,-57408842,-69477775,-69477775,-251250316,-251250316,-232741009,-232741009,-182303221,-182303221,-176392747,-176392747,-20139272,-20139272,191239002,191239002,224558033,224558033,289879987,289879987,157812557,157812557,99473850,99473850,424633079,424633079,502239990,502239990,210462467,210462467,56143273,56143273,209367367,209367367,271844230,271844230,525866314,525866314,224577523,224577523,260720025,260720025,268038709,268038709,296697001,296697001,78064946,78064946,189974843,189974843,82001669,82001669,-32229010,-32229010,110421238,110421238,51469304,51469304,-21932636,-21932636,111886120
f = 394610203,0,1 | route T | claimed 1994.6605260741204788 | coeffs 912389935,810938385,810938385,790380478,790380478,932277635,932277635,740808133,740808133,955584992,955584992,792541223,792541223,716432642,716432642,819203385,819203385,739991696,739991696,788661888,788661888,659107157,659107157,684672374,684672374,590905244,590905244,633328036,633328036,737834088,737834088,273916791,273916791,60269036,60269036,-3523241,-3523241,-352682411,-352682411,-573525066,-573525066,-563958622,-563958622,-616399522,-616399522,-603902546,-603902546,-387993499,-387993499,-748395250,-748395250,-585605204,-585605204,-864514066,-864514066,-929787698,-929787698,-1019838025,-1019838025,-835672106,-835672106,-982788700,-982788700,-912389935
# status f = 394610203,0,1 : PASS_RHO (rho 0.84160, T 1994.7, 0s)
f = 431835504,0,1 | route RHO | claimed 0.8533608415170329361 | coeffs 115153433,115153433,121063907,121063907,84107758,84107758,-58542490,-58542490,-29884198,-29884198,-92361061,-92361061,232798168,232798168,21419894,21419894,-160352647,-160352647,-233754587,-233754587,-345664484,-345664484,-646953275,-646953275,-355175752,-355175752,-289853798,-289853798,-340291586,-340291586,-322770457,-322770457,-437001136,-437001136,-444319820,-444319820,-291095726,-291095726,-232757019,-232757019,-76503544,-76503544,-64434611,-64434611,-5482677,-5482677,-224114732,-224114732,-478136816,-478136816,-400529905,-400529905,-433848936,-433848936,-415339629,-415339629,-281520873,-281520873,-173547699,-173547699,-137405197,-137405197,16913997,16913997
f = 431835504,0,1 | route T | claimed 2206.1889900374563832 | coeffs 109874432,370858662,370858662,252791100,252791100,217584403,217584403,356083148,356083148,73872069,73872069,472467412,472467412,393350469,393350469,538873109,538873109,551652238,551652238,493697290,493697290,327976220,327976220,205845236,205845236,143358891,143358891,234060701,234060701,33211610,33211610,67677746,67677746,-38701921,-38701921,104533823,104533823,242358906,242358906,175179407,175179407,256137510,256137510,218563101,218563101,461329461,461329461,254569367,254569367,600284552,600284552,631760243,631760243,670912675,670912675,507704520,507704520,446312485,446312485,167926575,167926575,143926634,143926634,-109874432
# status f = 431835504,0,1 : PASS_RHO (rho 0.85336, T 2206.2, 0s)
f = 454516820,0,1 | route RHO | claimed 0.8533608415170329361 | coeffs 478136816,224114732,224114732,5482677,5482677,64434611,64434611,76503544,76503544,232757019,232757019,291095726,291095726,444319820,444319820,437001136,437001136,322770457,322770457,340291586,340291586,289853798,289853798,355175752,355175752,646953275,646953275,345664484,345664484,233754587,233754587,160352647,160352647,-21419894,-21419894,-232798168,-232798168,92361061,92361061,29884198,29884198,58542490,58542490,-84107758,-84107758,-121063907,-121063907,-115153433,-115153433,16913997,16913997,-137405197,-137405197,-173547699,-173547699,-281520873,-281520873,-415339629,-415339629,-433848936,-433848936,-400529905,-400529905,-478136816
f = 454516820,0,1 | route T | claimed 2627.5144464731776723 | coeffs 67677746,33211610,33211610,234060701,234060701,143358891,143358891,205845236,205845236,327976220,327976220,493697290,493697290,551652238,551652238,538873109,538873109,393350469,393350469,472467412,472467412,73872069,73872069,356083148,356083148,217584403,217584403,252791100,252791100,370858662,370858662,109874432,109874432,-143926634,-143926634,-167926575,-167926575,-446312485,-446312485,-507704520,-507704520,-670912675,-670912675,-631760243,-631760243,-600284552,-600284552,-254569367,-254569367,-461329461,-461329461,-218563101,-218563101,-256137510,-256137510,-175179407,-175179407,-242358906,-242358906,-104533823,-104533823,38701921,38701921,-67677746
# status f = 454516820,0,1 : PASS_RHO (rho 0.85336, T 2627.5, 0s)
f = 464602999,0,1 | route RHO | claimed 0.89117728666486629119 | coeffs -15861161,-15861161,-8542477,-8542477,123524953,123524953,141046082,141046082,177188584,177188584,111866630,111866630,-21952126,-21952126,-323240917,-323240917,-356559948,-356559948,-283158008,-283158008,-29135924,-29135924,-240514198,-240514198,-181562264,-181562264,-119085401,-119085401,-275338876,-275338876,-417989124,-417989124,-264765030,-264765030,-270675504,-270675504,-156444825,-156444825,-310764019,-310764019,-361201807,-361201807,-253228633,-253228633,-545006156,-545006156,-563515463,-563515463,-675425360,-675425360,-597818449,-597818449,-416045908,-416045908,-197413853,-197413853,127745376,127745376,139814309,139814309,111156017,111156017,52817310,52817310
f = 464602999,0,1 | route T | claimed 2095.2158543040707634 | coeffs 144718777,144718777,341247775,341247775,212775240,212775240,388754708,388754708,44853035,44853035,88768063,88768063,266688157,266688157,500208121,500208121,670020922,670020922,481554306,481554306,457110921,457110921,456119107,456119107,768008641,768008641,875257410,875257410,739407645,739407645,911614714,911614714,887037675,887037675,861353520,861353520,796627663,796627663,878228609,878228609,890486580,890486580,608212826,608212826,474071761,474071761,395824563,395824563,444698889,444698889,501914793,501914793,262590695,262590695,201752430,201752430,259153064,259153064,232121799,232121799,108918042,108918042,-63022812,-63022812
# status f = 464602999,0,1 : PASS_RHO (rho 0.89118, T 2095.2, 0s)
f = 467699797,0,1 | route RHO | claimed 0.89117728666486629119 | coeffs 139814309,127745376,127745376,-197413853,-197413853,-416045908,-416045908,-597818449,-597818449,-675425360,-675425360,-563515463,-563515463,-545006156,-545006156,-253228633,-253228633,-361201807,-361201807,-310764019,-310764019,-156444825,-156444825,-270675504,-270675504,-264765030,-264765030,-417989124,-417989124,-275338876,-275338876,-119085401,-119085401,-181562264,-181562264,-240514198,-240514198,-29135924,-29135924,-283158008,-283158008,-356559948,-356559948,-323240917,-323240917,-21952126,-21952126,111866630,111866630,177188584,177188584,141046082,141046082,123524953,123524953,-8542477,-8542477,-15861161,-15861161,-52817310,-52817310,-111156017,-111156017,-139814309
f = 467699797,0,1 | route T | claimed 2751.7299114745099041 | coeffs 93344879,93344879,430918568,430918568,454503793,454503793,257853339,257853339,205236488,205236488,267800520,267800520,189430950,189430950,368342858,368342858,436701271,436701271,281266214,281266214,287432881,287432881,-74559618,-74559618,-55950714,-55950714,-18169777,-18169777,497672750,497672750,444897039,444897039,600400839,600400839,346471207,346471207,325613507,325613507,392996751,392996751,212577090,212577090,136671499,136671499,272319331,272319331,345622131,345622131,388571787,388571787,433529720,433529720,400803100,400803100,387281759,387281759,278824849,278824849,21128134,21128134,-138820964,-138820964,78629747,78629747
# status f = 467699797,0,1 : PASS_RHO (rho 0.89118, T 2751.7, 0s)
f = 472797775,0,1 | route RHO | claimed 0.896807426842836017 | coeffs 66945176,66945176,-144433098,-144433098,-436210621,-436210621,-443529305,-443529305,-502481239,-502481239,-483971932,-483971932,-351904502,-351904502,-289427639,-289427639,-401337536,-401337536,-418858665,-418858665,-262605190,-262605190,-340212101,-340212101,-304069599,-304069599,-446719847,-446719847,-264947306,-264947306,-199625352,-199625352,-352849446,-352849446,-571481501,-571481501,-705300257,-705300257,-711210731,-711210731,-386051502,-386051502,-84762711,-84762711,-198993390,-198993390,-211062323,-211062323,-244381354,-244381354,-398700548,-398700548,-427358840,-427358840,-500760780,-500760780,-450322992,-450322992,-391984285,-391984285,-137962201,-137962201,-29989027,-29989027
f = 472797775,0,1 | route T | claimed 1935.9684912844906295 | coeffs -289215906,-92686908,-92686908,219202626,219202626,140955428,140955428,269427963,269427963,162179194,162179194,113304868,113304868,289284336,289284336,153434571,153434571,210650475,210650475,554552148,554552148,382345079,382345079,621669177,621669177,665584205,665584205,641007166,641007166,580168901,580168901,402248807,402248807,427932962,427932962,370532328,370532328,604052292,604052292,539326435,539326435,512295170,512295170,342482369,342482369,260881423,260881423,384085180,384085180,195618564,195618564,207876535,207876535,35935681,35935681,60379066,60379066,342652820,342652820,424348785,424348785,423356971,423356971,289215906
# status f = 472797775,0,1 : PASS_RHO (rho 0.89681, T 1936.0, 0s)
f = 486013941,0,1 | route RHO | claimed 0.84059790591681852847 | coeffs 933608655,821698758,821698758,610320484,610320484,638978776,638978776,644889250,644889250,608746748,608746748,590237441,590237441,844259525,844259525,832190592,832190592,678966498,678966498,661445369,661445369,369667846,369667846,443069786,443069786,117910557,117910557,260560805,260560805,128493375,128493375,236466549,236466549,203147518,203147518,-15484537,-15484537,140768938,140768938,133450254,133450254,83012466,83012466,-218276325,-218276325,-400048866,-400048866,-462525729,-462525729,-499481878,-499481878,-653801072,-653801072,-787619828,-787619828,-865226739,-865226739,-924178673,-924178673,-982517380,-982517380,-868286701,-868286701,-933608655
f = 486013941,0,1 | route T | claimed 1772.2597688172987682 | coeffs 15484537,15484537,-140768938,-140768938,-133450254,-133450254,-83012466,-83012466,218276325,218276325,400048866,400048866,462525729,462525729,499481878,499481878,653801072,653801072,787619828,787619828,865226739,865226739,924178673,924178673,982517380,982517380,868286701,868286701,933608655,933608655,821698758,821698758,610320484,610320484,638978776,638978776,644889250,644889250,608746748,608746748,590237441,590237441,844259525,844259525,832190592,832190592,678966498,678966498,661445369,661445369,369667846,369667846,443069786,443069786,117910557,117910557,260560805,260560805,128493375,128493375,236466549,236466549,203147518,203147518
# status f = 486013941,0,1 : PASS_RHO (rho 0.84060, T 1772.3, 0s)
f = 514673996,0,1 | route RHO | claimed 0.89851341568021826954 | coeffs 293734741,293734741,1957218,1957218,-71444722,-71444722,-396603951,-396603951,-539254199,-539254199,-671321629,-671321629,-779294803,-779294803,-812613834,-812613834,-593981779,-593981779,-437728304,-437728304,-430409620,-430409620,-480847408,-480847408,-179558617,-179558617,-361331158,-361331158,-298854295,-298854295,-335810444,-335810444,-181491250,-181491250,-315310006,-315310006,-237703095,-237703095,-296655029,-296655029,-238316322,-238316322,-124085643,-124085643,-58763689,-58763689,53146208,53146208,-158232066,-158232066,-186890358,-186890358,-180979884,-180979884,-144837382,-144837382,-163346689,-163346689,-417368773,-417368773,-429437706,-429437706,-276213612,-276213612
f = 514673996,0,1 | route T | claimed 2109.3888340982302932 | coeffs -1957218,-1957218,71444722,71444722,396603951,396603951,539254199,539254199,671321629,671321629,779294803,779294803,812613834,812613834,593981779,593981779,437728304,437728304,430409620,430409620,480847408,480847408,179558617,179558617,361331158,361331158,298854295,298854295,335810444,335810444,181491250,181491250,315310006,315310006,237703095,237703095,296655029,296655029,238316322,238316322,124085643,124085643,58763689,58763689,-53146208,-53146208,158232066,158232066,186890358,186890358,180979884,180979884,144837382,144837382,163346689,163346689,417368773,417368773,429437706,429437706,276213612,276213612,293734741,293734741
# status f = 514673996,0,1 : PASS_RHO (rho 0.89851, T 2109.4, 0s)
f = 527890162,0,1 | route RHO | claimed 0.87724634162697270738 | coeffs -179217807,-179217807,-45399051,-45399051,-51309525,-51309525,-376468754,-376468754,-75179963,-75179963,39050716,39050716,26981783,26981783,60300814,60300814,-94018380,-94018380,-65360088,-65360088,-138762028,-138762028,-189199816,-189199816,-130861109,-130861109,-384883193,-384883193,-276910019,-276910019,-239953870,-239953870,-28575596,-28575596,-320353119,-320353119,-313034435,-313034435,-371986369,-371986369,-390495676,-390495676,-258428246,-258428246,-320905109,-320905109,-432815006,-432815006,-415293877,-415293877,-259040402,-259040402,-181433491,-181433491,-145290989,-145290989,-2640741,-2640741,179131800,179131800,113809846,113809846,-39414248,-39414248
f = 527890162,0,1 | route T | claimed 1867.0540872176156996 | coeffs 179131800,179131800,113809846,113809846,-39414248,-39414248,179217807,179217807,45399051,45399051,51309525,51309525,376468754,376468754,75179963,75179963,-39050716,-39050716,-26981783,-26981783,-60300814,-60300814,94018380,94018380,65360088,65360088,138762028,138762028,189199816,189199816,130861109,130861109,384883193,384883193,276910019,276910019,239953870,239953870,28575596,28575596,320353119,320353119,313034435,313034435,371986369,371986369,390495676,390495676,258428246,258428246,320905109,320905109,432815006,432815006,415293877,415293877,259040402,259040402,181433491,181433491,145290989,145290989,2640741,2640741
# status f = 527890162,0,1 : PASS_RHO (rho 0.87725, T 1867.1, 0s)
f = 532988140,0,1 | route RHO | claimed 0.84393012217893446365 | coeffs -271829675,-271829675,-403897105,-403897105,-396578421,-396578421,-433534570,-433534570,-375195863,-375195863,-403854155,-403854155,-415923088,-415923088,-90763859,-90763859,-309395914,-309395914,-127623373,-127623373,-205230284,-205230284,-317140181,-317140181,-298630874,-298630874,-590408397,-590408397,-698381571,-698381571,-748819359,-748819359,-594500165,-594500165,-480269486,-480269486,-474359012,-474359012,-321134918,-321134918,-178484670,-178484670,-334738145,-334738145,-397215008,-397215008,-338263074,-338263074,-126884800,-126884800,127137284,127137284,53735344,53735344,20416313,20416313,321705104,321705104,187886348,187886348,253208302,253208302,289350804,289350804
f = 532988140,0,1 | route T | claimed 2145.6468506970705292 | coeffs -27467959,-27467959,79780810,79780810,-232108724,-232108724,-233100538,-233100538,-208657153,-208657153,-397123769,-397123769,-566936570,-566936570,-333416606,-333416606,-511336700,-511336700,-467421672,-467421672,-123519999,-123519999,52459469,52459469,180932004,180932004,377461002,377461002,295765037,295765037,467705891,467705891,344502134,344502134,371533399,371533399,428934033,428934033,489772298,489772298,250448200,250448200,193232296,193232296,242106622,242106622,320353820,320353820,186212755,186212755,468486509,468486509,480744480,480744480,399143534,399143534,334417677,334417677,360101832,360101832,335524793,335524793,163317724,163317724
# status f = 532988140,0,1 : PASS_RHO (rho 0.84393, T 2145.6, 0s)
f = 536084938,0,1 | route RHO | claimed 0.84393012217893446365 | coeffs -127137284,-127137284,126884800,126884800,338263074,338263074,397215008,397215008,334738145,334738145,178484670,178484670,321134918,321134918,474359012,474359012,480269486,480269486,594500165,594500165,748819359,748819359,698381571,698381571,590408397,590408397,298630874,298630874,317140181,317140181,205230284,205230284,127623373,127623373,309395914,309395914,90763859,90763859,415923088,415923088,403854155,403854155,375195863,375195863,433534570,433534570,396578421,396578421,403897105,403897105,271829675,271829675,289350804,289350804,253208302,253208302,187886348,187886348,321705104,321705104,20416313,20416313,53735344,53735344
f = 536084938,0,1 | route T | claimed 2117.9763529849323875 | coeffs 566936570,397123769,397123769,208657153,208657153,233100538,233100538,232108724,232108724,-79780810,-79780810,27467959,27467959,163317724,163317724,335524793,335524793,360101832,360101832,334417677,334417677,399143534,399143534,480744480,480744480,468486509,468486509,186212755,186212755,320353820,320353820,242106622,242106622,193232296,193232296,250448200,250448200,489772298,489772298,428934033,428934033,371533399,371533399,344502134,344502134,467705891,467705891,295765037,295765037,377461002,377461002,180932004,180932004,52459469,52459469,-123519999,-123519999,-467421672,-467421672,-511336700,-511336700,-333416606,-333416606,-566936570
# status f = 536084938,0,1 : PASS_RHO (rho 0.84393, T 2118.0, 0s)
f = 546171117,0,1 | route RHO | claimed 0.83116083975995750385 | coeffs 72413978,72413978,47836939,47836939,244365937,244365937,309091794,309091794,133112326,133112326,145370297,145370297,189285325,189285325,323426390,323426390,89906426,89906426,138780752,138780752,-49685864,-49685864,189638234,189638234,190630048,190630048,248030682,248030682,355279451,355279451,478483208,478483208,306276139,306276139,224580174,224580174,198896019,198896019,70423484,70423484,-11177462,-11177462,332724211,332724211,50450457,50450457,228370551,228370551,306617749,306617749,136804948,136804948,194020852,194020852,169577467,169577467,230415732,230415732,-81473802,-81473802,-108505067,-108505067,-244354832,-244354832
f = 546171117,0,1 | route T | claimed 1459.5628491332824309 | coeffs 72413978,72413978,47836939,47836939,244365937,244365937,309091794,309091794,133112326,133112326,145370297,145370297,189285325,189285325,323426390,323426390,89906426,89906426,138780752,138780752,-49685864,-49685864,189638234,189638234,190630048,190630048,248030682,248030682,355279451,355279451,478483208,478483208,306276139,306276139,224580174,224580174,198896019,198896019,70423484,70423484,-11177462,-11177462,332724211,332724211,50450457,50450457,228370551,228370551,306617749,306617749,136804948,136804948,194020852,194020852,169577467,169577467,230415732,230415732,-81473802,-81473802,-108505067,-108505067,-244354832,-244354832
# status f = 546171117,0,1 : PASS_RHO (rho 0.83116, T 1459.6, 0s)
f = 568852433,0,1 | route RHO | claimed 0.83116083975995750385 | coeffs -244354832,-108505067,-108505067,-81473802,-81473802,230415732,230415732,169577467,169577467,194020852,194020852,136804948,136804948,306617749,306617749,228370551,228370551,50450457,50450457,332724211,332724211,-11177462,-11177462,70423484,70423484,198896019,198896019,224580174,224580174,306276139,306276139,478483208,478483208,355279451,355279451,248030682,248030682,190630048,190630048,189638234,189638234,-49685864,-49685864,138780752,138780752,89906426,89906426,323426390,323426390,189285325,189285325,145370297,145370297,133112326,133112326,309091794,309091794,244365937,244365937,47836939,47836939,72413978,72413978,244354832
f = 568852433,0,1 | route T | claimed 1277.3733562658136154 | coeffs -108505067,-108505067,-81473802,-81473802,230415732,230415732,169577467,169577467,194020852,194020852,136804948,136804948,306617749,306617749,228370551,228370551,50450457,50450457,332724211,332724211,-11177462,-11177462,70423484,70423484,198896019,198896019,224580174,224580174,306276139,306276139,478483208,478483208,355279451,355279451,248030682,248030682,190630048,190630048,189638234,189638234,-49685864,-49685864,138780752,138780752,89906426,89906426,323426390,323426390,189285325,189285325,145370297,145370297,133112326,133112326,309091794,309091794,244365937,244365937,47836939,47836939,72413978,72413978,244354832,244354832
# status f = 568852433,0,1 : PASS_RHO (rho 0.83116, T 1277.4, 0s)
f = 606077734,0,1 | route RHO | claimed 0.90761972237711172343 | coeffs -280946308,-280946308,-221994374,-221994374,-295396314,-295396314,-429215070,-429215070,-446736199,-446736199,-409780050,-409780050,-397711117,-397711117,-579483658,-579483658,-597992965,-597992965,-547555177,-547555177,-553465651,-553465651,-397212176,-397212176,-608590450,-608590450,-575271419,-575271419,-640593373,-640593373,-772660803,-772660803,-714322096,-714322096,-389162867,-389162867,-466769778,-466769778,-758547301,-758547301,-604228107,-604228107,-451004013,-451004013,-513480876,-513480876,-259458792,-259458792,41829999,41829999,77972501,77972501,70653817,70653817,99312109,99312109,317944164,317944164,429854061,429854061,537827235,537827235,423596556,423596556
f = 606077734,0,1 | route T | claimed 2030.8921915535628916 | coeffs 141692688,141692688,-177394104,-177394104,-42882937,-42882937,121008600,121008600,-97019611,-97019611,170087501,170087501,72878183,72878183,-4821180,-4821180,222380782,222380782,267254674,267254674,395070832,395070832,561632392,561632392,425047795,425047795,417776235,417776235,424315133,424315133,375792071,375792071,528491707,528491707,753299985,753299985,812665642,812665642,710914469,710914469,536213005,536213005,416997565,416997565,530063662,530063662,84119372,84119372,146811970,146811970,35858979,35858979,-840977,-840977,105562628,105562628,231460695,231460695,215905789,215905789,235793879,235793879,64678990,64678990
# status f = 606077734,0,1 : PASS_RHO (rho 0.90762, T 2030.9, 0s)
f = 608728939,0,1 | route RHO | claimed 0.90761972237711172343 | coeffs -259458792,-259458792,-513480876,-513480876,-451004013,-451004013,-604228107,-604228107,-758547301,-758547301,-466769778,-466769778,-389162867,-389162867,-714322096,-714322096,-772660803,-772660803,-640593373,-640593373,-575271419,-575271419,-608590450,-608590450,-397212176,-397212176,-553465651,-553465651,-547555177,-547555177,-597992965,-597992965,-579483658,-579483658,-397711117,-397711117,-409780050,-409780050,-446736199,-446736199,-429215070,-429215070,-295396314,-295396314,-221994374,-221994374,-280946308,-280946308,-423596556,-423596556,-537827235,-537827235,-429854061,-429854061,-317944164,-317944164,-99312109,-99312109,-70653817,-70653817,-77972501,-77972501,-41829999,-41829999
f = 608728939,0,1 | route T | claimed 2291.1986702689093432 | coeffs -48737649,136677,136677,60974942,60974942,-62228815,-62228815,134300183,134300183,478201856,478201856,711721820,711721820,736165205,736165205,843413974,843413974,867991013,867991013,949591959,949591959,1083733024,1083733024,1140948928,1140948928,1083548294,1083548294,911607440,911607440,783134905,783134905,739219877,739219877,909032678,909032678,910024492,910024492,774174727,774174727,799858882,799858882,812116853,812116853,890364051,890364051,651039953,651039953,678071218,678071218,596375253,596375253,772354721,772354721,594434627,594434627,405968011,405968011,94078477,94078477,266285546,266285546,331011403,331011403,48737649
# status f = 608728939,0,1 : PASS_RHO (rho 0.90762, T 2291.2, 0s)
f = 616267834,0,1 | route RHO | claimed 0.88097999103609414951 | coeffs 165974874,165974874,202931023,202931023,276332963,276332963,390563642,390563642,609195697,609195697,573053195,573053195,510576332,510576332,802353855,802353855,860692562,860692562,827373531,827373531,821463057,821463057,1003235598,1003235598,985714469,985714469,926762535,926762535,818789361,818789361,847447653,847447653,546158862,546158862,699382956,699382956,776989867,776989867,644922437,644922437,856300711,856300711,906738499,906738499,894669566,894669566,760850810,760850810,618200562,618200562,506290665,506290665,498971981,498971981,244949897,244949897,399269091,399269091,74109862,74109862,8787908,8787908,-147465567,-147465567
f = 616267834,0,1 | route T | claimed 2288.7109157351988014 | coeffs -220861620,-220861620,-97657863,-97657863,135862101,135862101,111285062,111285062,168500966,168500966,296973501,296973501,297965315,297965315,285707344,285707344,312738609,312738609,490658703,490658703,662865772,662865772,711740098,711740098,515211100,515211100,539654485,539654485,458053539,458053539,400652905,400652905,444567933,444567933,308718168,308718168,230470970,230470970,148775005,148775005,337241621,337241621,401967478,401967478,462805743,462805743,118904070,118904070,226152839,226152839,92011774,92011774,-79929080,-79929080,-249741881,-249741881,-224057726,-224057726,15266372,15266372,191245840,191245840,503135374,503135374
# status f = 616267834,0,1 : PASS_RHO (rho 0.88098, T 2288.7, 0s)
f = 650416855,0,1 | route RHO | claimed 0.88797927319160070542 | coeffs 244787655,322394566,322394566,208163887,208163887,-3214387,-3214387,-39356889,-39356889,-51425822,-51425822,-343203345,-343203345,-200553097,-200553097,-233872128,-233872128,-241190812,-241190812,-422963353,-422963353,-577282547,-577282547,-636234481,-636234481,-701556435,-701556435,-730214727,-730214727,-711705420,-711705420,-558481326,-558481326,-631883266,-631883266,-499815836,-499815836,-281183781,-281183781,-230745993,-230745993,-168269130,-168269130,-34450374,-34450374,23888333,23888333,-88021564,-88021564,-82111090,-82111090,171910994,171910994,154389865,154389865,-170769364,-170769364,-62796190,-62796190,93457285,93457285,-207831506,-207831506,-244787655
f = 650416855,0,1 | route T | claimed 2084.7389393805702201 | coeffs 94681011,438582684,438582684,465613949,465613949,331472884,331472884,159265815,159265815,329078616,329078616,132549618,132549618,371873716,371873716,453474662,453474662,141585128,141585128,185500156,185500156,62296399,62296399,140543597,140543597,115966558,115966558,304433174,304433174,175960639,175960639,115122374,115122374,102864403,102864403,210113172,210113172,32193078,32193078,204133932,204133932,253008258,253008258,278692413,278692413,254249028,254249028,78269560,78269560,20868926,20868926,-261404828,-261404828,-125555063,-125555063,107964901,107964901,26268936,26268936,-30946968,-30946968,-95672825,-95672825,-94681011
# status f = 650416855,0,1 : PASS_RHO (rho 0.88798, T 2084.7, 0s)
f = 651046497,0,1 | route RHO | claimed 0.84059790591681852847 | coeffs 133450254,140768938,140768938,-15484537,-15484537,203147518,203147518,236466549,236466549,128493375,128493375,260560805,260560805,117910557,117910557,443069786,443069786,369667846,369667846,661445369,661445369,678966498,678966498,832190592,832190592,844259525,844259525,590237441,590237441,608746748,608746748,644889250,644889250,638978776,638978776,610320484,610320484,821698758,821698758,933608655,933608655,868286701,868286701,982517380,982517380,924178673,924178673,865226739,865226739,787619828,787619828,653801072,653801072,499481878,499481878,462525729,462525729,400048866,400048866,218276325,218276325,-83012466,-83012466,-133450254
f = 651046497,0,1 | route T | claimed 2068.8955554445729789 | coeffs 83012466,83012466,133450254,133450254,140768938,140768938,-15484537,-15484537,203147518,203147518,236466549,236466549,128493375,128493375,260560805,260560805,117910557,117910557,443069786,443069786,369667846,369667846,661445369,661445369,678966498,678966498,832190592,832190592,844259525,844259525,590237441,590237441,608746748,608746748,644889250,644889250,638978776,638978776,610320484,610320484,821698758,821698758,933608655,933608655,868286701,868286701,982517380,982517380,924178673,924178673,865226739,865226739,787619828,787619828,653801072,653801072,499481878,499481878,462525729,462525729,400048866,400048866,218276325,218276325
# status f = 651046497,0,1 : PASS_RHO (rho 0.84060, T 2068.9, 0s)
f = 663319553,0,1 | route RHO | claimed 0.88797927319160070542 | coeffs -631883266,-631883266,-558481326,-558481326,-711705420,-711705420,-730214727,-730214727,-701556435,-701556435,-636234481,-636234481,-577282547,-577282547,-422963353,-422963353,-241190812,-241190812,-233872128,-233872128,-200553097,-200553097,-343203345,-343203345,-51425822,-51425822,-39356889,-39356889,-3214387,-3214387,208163887,208163887,322394566,322394566,244787655,244787655,207831506,207831506,-93457285,-93457285,62796190,62796190,170769364,170769364,-154389865,-154389865,-171910994,-171910994,82111090,82111090,88021564,88021564,-23888333,-23888333,34450374,34450374,168269130,168269130,230745993,230745993,281183781,281183781,499815836,499815836
f = 663319553,0,1 | route T | claimed 2013.6126948652679609 | coeffs -261404828,20868926,20868926,78269560,78269560,254249028,254249028,278692413,278692413,253008258,253008258,204133932,204133932,32193078,32193078,210113172,210113172,102864403,102864403,115122374,115122374,175960639,175960639,304433174,304433174,115966558,115966558,140543597,140543597,62296399,62296399,185500156,185500156,141585128,141585128,453474662,453474662,371873716,371873716,132549618,132549618,329078616,329078616,159265815,159265815,331472884,331472884,465613949,465613949,438582684,438582684,94681011,94681011,95672825,95672825,30946968,30946968,-26268936,-26268936,-107964901,-107964901,125555063,125555063,261404828
# status f = 663319553,0,1 : PASS_RHO (rho 0.88798, T 2013.6, 0s)
f = 833903936,0,1 | route RHO | claimed 0.88097999103609414951 | coeffs 827373531,827373531,860692562,860692562,802353855,802353855,510576332,510576332,573053195,573053195,609195697,609195697,390563642,390563642,276332963,276332963,202931023,202931023,165974874,165974874,147465567,147465567,-8787908,-8787908,-74109862,-74109862,-399269091,-399269091,-244949897,-244949897,-498971981,-498971981,-506290665,-506290665,-618200562,-618200562,-760850810,-760850810,-894669566,-894669566,-906738499,-906738499,-856300711,-856300711,-644922437,-644922437,-776989867,-776989867,-699382956,-699382956,-546158862,-546158862,-847447653,-847447653,-818789361,-818789361,-926762535,-926762535,-985714469,-985714469,-1003235598,-1003235598,-821463057,-821463057
f = 833903936,0,1 | route T | claimed 2368.8224219879491538 | coeffs -135862101,97657863,97657863,220861620,220861620,503135374,503135374,191245840,191245840,15266372,15266372,-224057726,-224057726,-249741881,-249741881,-79929080,-79929080,92011774,92011774,226152839,226152839,118904070,118904070,462805743,462805743,401967478,401967478,337241621,337241621,148775005,148775005,230470970,230470970,308718168,308718168,444567933,444567933,400652905,400652905,458053539,458053539,539654485,539654485,515211100,515211100,711740098,711740098,662865772,662865772,490658703,490658703,312738609,312738609,285707344,285707344,297965315,297965315,296973501,296973501,168500966,168500966,111285062,111285062,135862101
# status f = 833903936,0,1 : PASS_RHO (rho 0.88098, T 2368.8, 0s)
f = 890413062,0,1 | route RHO | claimed 0.88436637131280777809 | coeffs 135734856,-114909,-114909,188351707,188351707,-155549966,-155549966,-327490820,-327490820,-88166722,-88166722,-370440476,-370440476,-345863437,-345863437,-346855251,-346855251,-524775345,-524775345,-328246347,-328246347,-270845713,-270845713,-192598515,-192598515,-257324372,-257324372,-364573141,-364573141,-194760340,-194760340,-370739808,-370739808,-247536051,-247536051,-190320147,-190320147,-202578118,-202578118,-30371049,-30371049,-5927664,-5927664,37987364,37987364,-43708601,-43708601,17129664,17129664,-117011401,-117011401,-91327246,-91327246,220562288,220562288,-12957676,-12957676,-141430211,-141430211,-168461476,-168461476,-217335802,-217335802,-135734856
f = 890413062,0,1 | route T | claimed 2058.6018243786941391 | coeffs -148796989,-70235198,-70235198,282809604,282809604,169319343,169319343,306061455,306061455,201653574,201653574,247916334,247916334,215525134,215525134,415870300,415870300,224680676,224680676,381310878,381310878,396118437,396118437,305796600,305796600,109513863,109513863,346558985,346558985,380177639,380177639,309605879,309605879,495528327,495528327,518272587,518272587,329261410,329261410,348278321,348278321,488300580,488300580,358363163,358363163,589159503,589159503,405532085,405532085,662465198,662465198,688021007,688021007,560936154,560936154,305100670,305100670,434145837,434145837,122702261,122702261,60548582,60548582,148796989
# status f = 890413062,0,1 : PASS_RHO (rho 0.88437, T 2058.6, 0s)
f = 918080522,0,1 | route RHO | claimed 0.87724634162697270738 | coeffs -179131800,2640741,2640741,145290989,145290989,181433491,181433491,259040402,259040402,415293877,415293877,432815006,432815006,320905109,320905109,258428246,258428246,390495676,390495676,371986369,371986369,313034435,313034435,320353119,320353119,28575596,28575596,239953870,239953870,276910019,276910019,384883193,384883193,130861109,130861109,189199816,189199816,138762028,138762028,65360088,65360088,94018380,94018380,-60300814,-60300814,-26981783,-26981783,-39050716,-39050716,75179963,75179963,376468754,376468754,51309525,51309525,45399051,45399051,179217807,179217807,-39414248,-39414248,113809846,113809846,179131800
f = 918080522,0,1 | route T | claimed 2418.4781818286258322 | coeffs -179131800,2640741,2640741,145290989,145290989,181433491,181433491,259040402,259040402,415293877,415293877,432815006,432815006,320905109,320905109,258428246,258428246,390495676,390495676,371986369,371986369,313034435,313034435,320353119,320353119,28575596,28575596,239953870,239953870,276910019,276910019,384883193,384883193,130861109,130861109,189199816,189199816,138762028,138762028,65360088,65360088,94018380,94018380,-60300814,-60300814,-26981783,-26981783,-39050716,-39050716,75179963,75179963,376468754,376468754,51309525,51309525,45399051,45399051,179217807,179217807,-39414248,-39414248,113809846,113809846,179131800
# status f = 918080522,0,1 : PASS_RHO (rho 0.87725, T 2418.5, 0s)
f = 938754544,0,1 | route RHO | claimed 0.88436637131280777809 | coeffs -114909,-114909,135734856,135734856,217335802,217335802,168461476,168461476,141430211,141430211,12957676,12957676,-220562288,-220562288,91327246,91327246,117011401,117011401,-17129664,-17129664,43708601,43708601,-37987364,-37987364,5927664,5927664,30371049,30371049,202578118,202578118,190320147,190320147,247536051,247536051,370739808,370739808,194760340,194760340,364573141,364573141,257324372,257324372,192598515,192598515,270845713,270845713,328246347,328246347,524775345,524775345,346855251,346855251,345863437,345863437,370440476,370440476,88166722,88166722,327490820,327490820,155549966,155549966,-188351707,-188351707
f = 938754544,0,1 | route T | claimed 2552.9890544827961688 | coeffs -940754161,-924365239,-924365239,-1043921717,-1043921717,-1132581723,-1132581723,-895256723,-895256723,-797427164,-797427164,-867699301,-867699301,-659512388,-659512388,-504519324,-504519324,-772614591,-772614591,-522969640,-522969640,-344213195,-344213195,-244953861,-244953861,-447176593,-447176593,-432446721,-432446721,-310601987,-310601987,-550519649,-550519649,-576524125,-576524125,-517129772,-517129772,-350977171,-350977171,-75624053,-75624053,69008525,69008525,-68996100,-68996100,292532222,292532222,342863201,342863201,168364727,168364727,492333130,492333130,587951700,587951700,597240301,597240301,742566661,742566661,732353888,732353888,696816919,696816919,940754161
# status f = 938754544,0,1 : PASS_RHO (rho 0.88437, T 2553.0, 0s)
# summary n = 7 l = 1000687937 : EXCLUSION_CANDIDATE ; PASS 32 / 32 ; OPEN_NEAR 0 ; OPEN_FAR 0 ; 14s
