# FAMILY WITNESS FILE (generator family_gen.sage r10). n = 7 ; l = 1000355393 ; m = 64 ; deg = 2 ; ncomp = 32 ; bar_T = 4224 ; L_n = 16.3328709449664096755483535644
# line: f = c0,...,c_deg (monic, over F_l) | route RHO|T | claimed (rho or T, float) | coeffs a_0..a_{m-1}
f = 1062190,0,1 | route RHO | claimed 0.91073091262881544005 | coeffs 117252236,83613511,83613511,201925376,201925376,197343477,197343477,329802820,329802820,428860661,428860661,271457092,271457092,335034370,335034370,357680490,357680490,273795613,273795613,260639887,260639887,171413235,171413235,273621558,273621558,92130874,92130874,12260080,12260080,231877055,231877055,503624414,503624414,409034024,409034024,293279228,293279228,356697305,356697305,285280691,285280691,628318679,628318679,461637349,461637349,89594468,89594468,343540750,343540750,278438630,278438630,136153702,136153702,263016142,263016142,172322056,172322056,247983324,247983324,115093518,115093518,-93871660,-93871660,-117252236
f = 1062190,0,1 | route T | claimed 2592.7656816249540816 | coeffs 59981276,59981276,348340118,348340118,526416461,526416461,583545958,583545958,742650245,742650245,702990556,702990556,334316323,334316323,237001008,237001008,192534686,192534686,124100809,124100809,75844714,75844714,-97599211,-97599211,-77835674,-77835674,-113389046,-113389046,-92372122,-92372122,-385062197,-385062197,-176884893,-176884893,-86390781,-86390781,-152491040,-152491040,108333757,108333757,-25937823,-25937823,-155932382,-155932382,64687642,64687642,257487927,257487927,121555101,121555101,105533570,105533570,-145035103,-145035103,-160876645,-160876645,-9676697,-9676697,-291415810,-291415810,-360788424,-360788424,-123070337,-123070337
# status f = 1062190,0,1 : PASS_RHO (rho 0.91073, T 2592.8, 1s)
f = 23965155,0,1 | route RHO | claimed 0.95429345295610961879 | coeffs 85831823,85831823,294797001,294797001,452200570,452200570,270709886,270709886,342126500,342126500,468988940,468988940,587300805,587300805,671185682,671185682,942933041,942933041,1314975922,1314975922,1182086116,1182086116,1281143957,1281143957,1178935634,1178935634,1242353711,1242353711,1384638639,1384638639,1418277364,1418277364,1440923484,1440923484,1221306509,1221306509,1054625179,1054625179,978963911,978963911,846504568,846504568,757277916,757277916,873032712,873032712,807930592,807930592,831311168,831311168,767733890,767733890,687863096,687863096,344825108,344825108,254131022,254131022,249549123,249549123,262704849,262704849,168114459,168114459
f = 23965155,0,1 | route T | claimed 2613.936556359430815 | coeffs 294797001,294797001,452200570,452200570,270709886,270709886,342126500,342126500,468988940,468988940,587300805,587300805,671185682,671185682,942933041,942933041,1314975922,1314975922,1182086116,1182086116,1281143957,1281143957,1178935634,1178935634,1242353711,1242353711,1384638639,1384638639,1418277364,1418277364,1440923484,1440923484,1221306509,1221306509,1054625179,1054625179,978963911,978963911,846504568,846504568,757277916,757277916,873032712,873032712,807930592,807930592,831311168,831311168,767733890,767733890,687863096,687863096,344825108,344825108,254131022,254131022,249549123,249549123,262704849,262704849,168114459,168114459,-85831823,-85831823
# status f = 23965155,0,1 : PASS_RHO (rho 0.95429, T 2613.9, 0s)
f = 91136906,0,1 | route RHO | claimed 0.90867815708630911163 | coeffs 542138436,580637654,580637654,584270338,584270338,438917870,438917870,593996113,593996113,582969689,582969689,423229506,423229506,-11527840,-11527840,-30478463,-30478463,-23583800,-23583800,-22904240,-22904240,-128694108,-128694108,-185173934,-185173934,-278834525,-278834525,-169864364,-169864364,-378967221,-378967221,-460029633,-460029633,-673915664,-673915664,-324241176,-324241176,-595848492,-595848492,-629708716,-629708716,-654774956,-654774956,-541467086,-541467086,-455389785,-455389785,-607770741,-607770741,-583425473,-583425473,-655968322,-655968322,-757057863,-757057863,-611774205,-611774205,-443709783,-443709783,-399966756,-399966756,-629833915,-629833915,-542138436
f = 91136906,0,1 | route T | claimed 1834.2888733939952211 | coeffs 30478463,23583800,23583800,22904240,22904240,128694108,128694108,185173934,185173934,278834525,278834525,169864364,169864364,378967221,378967221,460029633,460029633,673915664,673915664,324241176,324241176,595848492,595848492,629708716,629708716,654774956,654774956,541467086,541467086,455389785,455389785,607770741,607770741,583425473,583425473,655968322,655968322,757057863,757057863,611774205,611774205,443709783,443709783,399966756,399966756,629833915,629833915,542138436,542138436,580637654,580637654,584270338,584270338,438917870,438917870,593996113,593996113,582969689,582969689,423229506,423229506,-11527840,-11527840,-30478463
# status f = 91136906,0,1 : PASS_RHO (rho 0.90868, T 1834.3, 0s)
f = 97326787,0,1 | route RHO | claimed 0.91318675244762458449 | coeffs 312384586,289738466,289738466,214077198,214077198,98322402,98322402,34745124,34745124,125439210,125439210,30848820,30848820,188252389,188252389,61389949,61389949,333137308,333137308,234079467,234079467,376364395,376364395,595981370,595981370,463522027,463522027,528624147,528624147,448753353,448753353,453335252,453335252,199388970,199388970,17898286,17898286,-100413579,-100413579,271629302,271629302,373837625,373837625,407476350,407476350,574157680,574157680,484931028,484931028,461550452,461550452,118512464,118512464,105356738,105356738,-103608440,-103608440,-32191826,-32191826,-116076703,-116076703,-248966509,-248966509,-312384586
f = 97326787,0,1 | route T | claimed 1944.2485988568991187 | coeffs -613880868,-781945290,-781945290,-636661632,-636661632,-535572091,-535572091,-608114940,-608114940,-632460208,-632460208,-784841164,-784841164,-870918465,-870918465,-757610595,-757610595,-732544355,-732544355,-766404579,-766404579,-494797263,-494797263,-145122775,-145122775,68763256,68763256,-12299156,-12299156,196803701,196803701,305773862,305773862,399434453,399434453,342954627,342954627,448744495,448744495,449424055,449424055,442529392,442529392,423578769,423578769,858336115,858336115,698595932,698595932,709622356,709622356,864700599,864700599,1010053067,1010053067,1013685751,1013685751,975186533,975186533,887491054,887491054,657623895,657623895,613880868
# status f = 97326787,0,1 : PASS_RHO (rho 0.91319, T 1944.2, 0s)
f = 99860215,0,1 | route RHO | claimed 0.88587960022092559688 | coeffs -283882353,-416341696,-416341696,-500226573,-500226573,-420355779,-420355779,-356937702,-356937702,-610883984,-610883984,-535222716,-535222716,-416910851,-416910851,-480488129,-480488129,-378279806,-378279806,-283689416,-283689416,-450370746,-450370746,-577233186,-577233186,-600613762,-600613762,-501555921,-501555921,-488400195,-488400195,-268783220,-268783220,-197366606,-197366606,-262468726,-262468726,-129578920,-129578920,-124997021,-124997021,-102350901,-102350901,79139783,79139783,-36615013,-36615013,335427868,335427868,244733782,244733782,211095057,211095057,368498626,368498626,279271974,279271974,7524615,7524615,350562603,350562603,492847531,492847531,283882353
f = 99860215,0,1 | route T | claimed 1758.4707585746163888 | coeffs -436582900,-355520488,-355520488,-125653329,-125653329,-16683168,-16683168,151381254,151381254,207861080,207861080,308950621,308950621,309630181,309630181,333975449,333975449,352926072,352926072,266848771,266848771,107108588,107108588,82042348,82042348,-73035895,-73035895,198571421,198571421,202204105,202204105,-11681926,-11681926,76013553,76013553,285116410,285116410,241373383,241373383,147712792,147712792,292996450,292996450,398786318,398786318,471329167,471329167,478223830,478223830,325842874,325842874,760600220,760600220,647292350,647292350,636265926,636265926,602405702,602405702,747758170,747758170,398083682,398083682,436582900
# status f = 99860215,0,1 : PASS_RHO (rho 0.88588, T 1758.5, 0s)
f = 101743097,0,1 | route RHO | claimed 0.88587960022092559688 | coeffs -480488129,-416910851,-416910851,-535222716,-535222716,-610883984,-610883984,-356937702,-356937702,-420355779,-420355779,-500226573,-500226573,-416341696,-416341696,-283882353,-283882353,-492847531,-492847531,-350562603,-350562603,-7524615,-7524615,-279271974,-279271974,-368498626,-368498626,-211095057,-211095057,-244733782,-244733782,-335427868,-335427868,36615013,36615013,-79139783,-79139783,102350901,102350901,124997021,124997021,129578920,129578920,262468726,262468726,197366606,197366606,268783220,268783220,488400195,488400195,501555921,501555921,600613762,600613762,577233186,577233186,450370746,450370746,283689416,283689416,378279806,378279806,480488129
f = 101743097,0,1 | route T | claimed 1492.2197558841142939 | coeffs -478223830,-471329167,-471329167,-398786318,-398786318,-292996450,-292996450,-147712792,-147712792,-241373383,-241373383,-285116410,-285116410,-76013553,-76013553,11681926,11681926,-202204105,-202204105,-198571421,-198571421,73035895,73035895,-82042348,-82042348,-107108588,-107108588,-266848771,-266848771,-352926072,-352926072,-333975449,-333975449,-309630181,-309630181,-308950621,-308950621,-207861080,-207861080,-151381254,-151381254,16683168,16683168,125653329,125653329,355520488,355520488,436582900,436582900,398083682,398083682,747758170,747758170,602405702,602405702,636265926,636265926,647292350,647292350,760600220,760600220,325842874,325842874,478223830
# status f = 101743097,0,1 : PASS_RHO (rho 0.88588, T 1492.2, 0s)
f = 148506297,0,1 | route RHO | claimed 0.91136394909334004804 | coeffs 90694086,90694086,-181490684,-181490684,-132889806,-132889806,-219616975,-219616975,23380576,23380576,-94590390,-94590390,-118311865,-118311865,-63418077,-63418077,132459343,132459343,343037988,343037988,157403569,157403569,372042881,372042881,22646120,22646120,-65102120,-65102120,13155726,13155726,-126862440,-126862440,102208323,102208323,75661268,75661268,79870794,79870794,208965178,208965178,271747359,271747359,33638725,33638725,115754796,115754796,-4581899,-4581899,-71416614,-71416614,-99057841,-99057841,166681330,166681330,63577278,63577278,253946282,253946282,83884877,83884877,142284928,142284928,-89226652,-89226652
f = 148506297,0,1 | route T | claimed 2192.6285945725950451 | coeffs -120539713,-120539713,-254811293,-254811293,-215151604,-215151604,-435771628,-435771628,-533086943,-533086943,-669019769,-669019769,-600585892,-600585892,-350017219,-350017219,-523461144,-523461144,-372261196,-372261196,-336707824,-336707824,-267335210,-267335210,-560025285,-560025285,-496936224,-496936224,-587430336,-587430336,-409353993,-409353993,-148529196,-148529196,-307633483,-307633483,-177638924,-177638924,-546313157,-546313157,-353512872,-353512872,-309046550,-309046550,-293025019,-293025019,-341281114,-341281114,-357122656,-357122656,-376886193,-376886193,-95147080,-95147080,-74130156,-74130156,163587931,163587931,-44589373,-44589373,243769469,243769469,177669210,177669210
# status f = 148506297,0,1 : PASS_RHO (rho 0.91136, T 2192.6, 0s)
f = 153636295,0,1 | route RHO | claimed 0.92529951975101171014 | coeffs -867381106,-867381106,-635869526,-635869526,-612148051,-612148051,-699896291,-699896291,-762678472,-762678472,-865782524,-865782524,-817181646,-817181646,-1027760291,-1027760291,-798689528,-798689528,-678352833,-678352833,-619952782,-619952782,-737923748,-737923748,-388526987,-388526987,-259432603,-259432603,-525171774,-525171774,-252987004,-252987004,-57109584,-57109584,82908582,82908582,165024653,165024653,335086058,335086058,92088507,92088507,306727819,306727819,302518293,302518293,274877066,274877066,276344500,276344500,221450712,221450712,299708558,299708558,537817192,537817192,728186196,728186196,641459027,641459027,827093446,827093446,800546391,800546391
f = 153636295,0,1 | route T | claimed 2058.1526955525455634 | coeffs 103961322,55744748,55744748,67410115,67410115,88978757,88978757,356900752,356900752,267452894,267452894,83745535,83745535,317604153,317604153,401468244,401468244,29878216,29878216,46129691,46129691,45287045,45287045,252607906,252607906,225100997,225100997,269632614,269632614,-66723258,-66723258,85813661,85813661,76720735,76720735,-136120959,-136120959,-180325361,-180325361,40064719,40064719,284638041,284638041,333736782,333736782,414774763,414774763,306348846,306348846,554507304,554507304,522188943,522188943,87912911,87912911,231277417,231277417,270675186,270675186,136803245,136803245,-67565304,-67565304,-103961322
# status f = 153636295,0,1 : PASS_RHO (rho 0.92530, T 2058.2, 0s)
f = 155643806,0,1 | route RHO | claimed 0.93875228332265324612 | coeffs -87066036,142801123,142801123,256108993,256108993,349769584,349769584,504847827,504847827,403758286,403758286,54083798,54083798,60978461,60978461,148673940,148673940,62596639,62596639,171566800,171566800,182593224,182593224,37309566,37309566,-234297750,-234297750,-234977310,-234977310,-196478092,-196478092,-348859048,-348859048,-139756191,-139756191,-299496374,-299496374,-131431952,-131431952,-97571728,-97571728,-203361596,-203361596,-206994280,-206994280,-231339548,-231339548,-312401960,-312401960,122355386,122355386,78612359,78612359,53546119,53546119,110025945,110025945,-35326523,-35326523,-107869372,-107869372,106016659,106016659,87066036
f = 155643806,0,1 | route T | claimed 2369.432889179621809 | coeffs -206452440,64467165,64467165,113284566,113284566,65622004,65622004,214399712,214399712,201294656,201294656,-107633797,-107633797,153658178,153658178,42822274,42822274,211691016,211691016,204341282,204341282,189877502,189877502,50629714,50629714,-15998251,-15998251,273355306,273355306,324162044,324162044,210022999,210022999,73964361,73964361,195589512,195589512,231855743,231855743,196468072,196468072,155997584,155997584,331645078,331645078,270341373,270341373,-145168799,-145168799,118951104,118951104,355601153,355601153,74891845,74891845,293465942,293465942,416088433,416088433,358520679,358520679,282153164,282153164,206452440
# status f = 155643806,0,1 : PASS_RHO (rho 0.93875, T 2369.4, 0s)
f = 184724680,0,1 | route RHO | claimed 0.91073091262881544005 | coeffs -171413235,-260639887,-260639887,-273795613,-273795613,-357680490,-357680490,-335034370,-335034370,-271457092,-271457092,-428860661,-428860661,-329802820,-329802820,-197343477,-197343477,-201925376,-201925376,-83613511,-83613511,-117252236,-117252236,-93871660,-93871660,115093518,115093518,247983324,247983324,172322056,172322056,263016142,263016142,136153702,136153702,278438630,278438630,343540750,343540750,89594468,89594468,461637349,461637349,628318679,628318679,285280691,285280691,356697305,356697305,293279228,293279228,409034024,409034024,503624414,503624414,231877055,231877055,12260080,12260080,92130874,92130874,273621558,273621558,171413235
f = 184724680,0,1 | route T | claimed 2629.9323253625202176 | coeffs -171413235,-260639887,-260639887,-273795613,-273795613,-357680490,-357680490,-335034370,-335034370,-271457092,-271457092,-428860661,-428860661,-329802820,-329802820,-197343477,-197343477,-201925376,-201925376,-83613511,-83613511,-117252236,-117252236,-93871660,-93871660,115093518,115093518,247983324,247983324,172322056,172322056,263016142,263016142,136153702,136153702,278438630,278438630,343540750,343540750,89594468,89594468,461637349,461637349,628318679,628318679,285280691,285280691,356697305,356697305,293279228,293279228,409034024,409034024,503624414,503624414,231877055,231877055,12260080,12260080,92130874,92130874,273621558,273621558,171413235
# status f = 184724680,0,1 : PASS_RHO (rho 0.91073, T 2629.9, 0s)
f = 289535416,0,1 | route RHO | claimed 0.91503690515543474957 | coeffs -1249275,23816965,23816965,132787126,132787126,567544472,567544472,479848993,479848993,504194261,504194261,154519773,154519773,48729905,48729905,-106348338,-106348338,-274412760,-274412760,-161104890,-161104890,47997967,47997967,29047344,29047344,-9451874,-9451874,63090975,63090975,-208516341,-208516341,-152036515,-152036515,-163062939,-163062939,-119319912,-119319912,-205397213,-205397213,-286459625,-286459625,-293354288,-293354288,-289721604,-289721604,-390811145,-390811145,-356950921,-356950921,-450611512,-450611512,-290871329,-290871329,-61004170,-61004170,-213385126,-213385126,500905,500905,1180465,1180465,146532933,146532933,1249275
f = 289535416,0,1 | route T | claimed 2220.241186441293884 | coeffs -482462808,-66239928,-66239928,-45675857,-45675857,-276347356,-276347356,-173532642,-173532642,-107526515,-107526515,-392911058,-392911058,-202341723,-202341723,-115457043,-115457043,-152647193,-152647193,-12682861,-12682861,72551794,72551794,1077287,1077287,252545272,252545272,281230949,281230949,177951941,177951941,412013712,412013712,877264331,877264331,762055765,762055765,576393008,576393008,620348047,620348047,367064247,367064247,354719320,354719320,443225470,443225470,381188267,381188267,397161581,397161581,457033001,457033001,457514315,457514315,406214854,406214854,520007980,520007980,186584967,186584967,417150971,417150971,482462808
# status f = 289535416,0,1 : PASS_RHO (rho 0.91504, T 2220.2, 0s)
f = 290741294,0,1 | route RHO | claimed 0.88269511619387873712 | coeffs 229510837,229510837,371795765,371795765,447457033,447457033,470837609,470837609,475419508,475419508,318015939,318015939,401900816,401900816,504109139,504109139,284492164,284492164,168737368,168737368,-174300620,-174300620,79645662,79645662,-47216778,-47216778,-180106584,-180106584,-213745309,-213745309,-346204652,-346204652,-282627374,-282627374,-269471648,-269471648,-450962332,-450962332,-722709691,-722709691,-659291614,-659291614,-492610284,-492610284,-557712404,-557712404,-467018318,-467018318,-675983496,-675983496,-557671631,-557671631,-656729472,-656729472,-634083352,-634083352,-544856700,-544856700,-624727494,-624727494,-530137104,-530137104,-601553718,-601553718
f = 290741294,0,1 | route T | claimed 2129.8202643663197181 | coeffs -164119188,-164119188,-76370948,-76370948,-77838382,-77838382,51256002,51256002,27534527,27534527,55175754,55175754,404572515,404572515,173060935,173060935,177270461,177270461,59299495,59299495,126134210,126134210,-88505102,-88505102,-30105051,-30105051,-56652106,-56652106,186345445,186345445,306682140,306682140,492316559,492316559,322255154,322255154,551325917,551325917,464598748,464598748,382482677,382482677,171904032,171904032,362273036,362273036,222254870,222254870,270855748,270855748,508964382,508964382,313086962,313086962,209982910,209982910,288240756,288240756,16055986,16055986,-46726195,-46726195,-101619983,-101619983
# status f = 290741294,0,1 : PASS_RHO (rho 0.88270, T 2129.8, 0s)
f = 382553730,0,1 | route RHO | claimed 0.91503690515543474957 | coeffs 450611512,356950921,356950921,390811145,390811145,289721604,289721604,293354288,293354288,286459625,286459625,205397213,205397213,119319912,119319912,163062939,163062939,152036515,152036515,208516341,208516341,-63090975,-63090975,9451874,9451874,-29047344,-29047344,-47997967,-47997967,161104890,161104890,274412760,274412760,106348338,106348338,-48729905,-48729905,-154519773,-154519773,-504194261,-504194261,-479848993,-479848993,-567544472,-567544472,-132787126,-132787126,-23816965,-23816965,1249275,1249275,146532933,146532933,1180465,1180465,500905,500905,-213385126,-213385126,-61004170,-61004170,-290871329,-290871329,-450611512
f = 382553730,0,1 | route T | claimed 1705.3687087225643241 | coeffs -106348338,48729905,48729905,154519773,154519773,504194261,504194261,479848993,479848993,567544472,567544472,132787126,132787126,23816965,23816965,-1249275,-1249275,-146532933,-146532933,-1180465,-1180465,-500905,-500905,213385126,213385126,61004170,61004170,290871329,290871329,450611512,450611512,356950921,356950921,390811145,390811145,289721604,289721604,293354288,293354288,286459625,286459625,205397213,205397213,119319912,119319912,163062939,163062939,152036515,152036515,208516341,208516341,-63090975,-63090975,9451874,9451874,-29047344,-29047344,-47997967,-47997967,161104890,161104890,274412760,274412760,106348338
# status f = 382553730,0,1 : PASS_RHO (rho 0.91504, T 1705.4, 0s)
f = 392014557,0,1 | route RHO | claimed 0.89520029485784362339 | coeffs 152911227,366797258,366797258,221513600,221513600,-213243746,-213243746,136430742,136430742,304495164,304495164,323445787,323445787,595053103,595053103,551310076,551310076,558204739,558204739,524344515,524344515,294477356,294477356,293797796,293797796,318864036,318864036,231168557,231168557,125378689,125378689,238686559,238686559,200187341,200187341,256667167,256667167,170589866,170589866,174222550,174222550,80561959,80561959,-71818997,-71818997,73533471,73533471,-35436690,-35436690,-59781958,-59781958,95296285,95296285,-113806572,-113806572,-186349421,-186349421,-175322997,-175322997,-94260585,-94260585,6828956,6828956,-152911227
f = 392014557,0,1 | route T | claimed 1929.0650362977532805 | coeffs 152911227,366797258,366797258,221513600,221513600,-213243746,-213243746,136430742,136430742,304495164,304495164,323445787,323445787,595053103,595053103,551310076,551310076,558204739,558204739,524344515,524344515,294477356,294477356,293797796,293797796,318864036,318864036,231168557,231168557,125378689,125378689,238686559,238686559,200187341,200187341,256667167,256667167,170589866,170589866,174222550,174222550,80561959,80561959,-71818997,-71818997,73533471,73533471,-35436690,-35436690,-59781958,-59781958,95296285,95296285,-113806572,-113806572,-186349421,-186349421,-175322997,-175322997,-94260585,-94260585,6828956,6828956,-152911227
# status f = 392014557,0,1 : PASS_RHO (rho 0.89520, T 1929.1, 0s)
f = 400539367,0,1 | route RHO | claimed 0.91136394909334004804 | coeffs -343037988,-343037988,-132459343,-132459343,63418077,63418077,118311865,118311865,94590390,94590390,-23380576,-23380576,219616975,219616975,132889806,132889806,181490684,181490684,-90694086,-90694086,-89226652,-89226652,142284928,142284928,83884877,83884877,253946282,253946282,63577278,63577278,166681330,166681330,-99057841,-99057841,-71416614,-71416614,-4581899,-4581899,115754796,115754796,33638725,33638725,271747359,271747359,208965178,208965178,79870794,79870794,75661268,75661268,102208323,102208323,-126862440,-126862440,13155726,13155726,-65102120,-65102120,22646120,22646120,372042881,372042881,157403569,157403569
f = 400539367,0,1 | route T | claimed 2028.0126473538854561 | coeffs 63418077,0,118311865,0,94590390,0,-23380576,0,219616975,0,132889806,0,181490684,0,-90694086,0,-89226652,0,142284928,0,83884877,0,253946282,0,63577278,0,166681330,0,-99057841,0,-71416614,0,-4581899,0,115754796,0,33638725,0,271747359,0,208965178,0,79870794,0,75661268,0,102208323,0,-126862440,0,13155726,0,-65102120,0,22646120,0,372042881,0,157403569,0,343037988,0,132459343,0
# status f = 400539367,0,1 : PASS_RHO (rho 0.91136, T 2028.0, 0s)
f = 487501451,0,1 | route RHO | claimed 0.92529951975101171014 | coeffs 335086058,165024653,165024653,82908582,82908582,-57109584,-57109584,-252987004,-252987004,-525171774,-525171774,-259432603,-259432603,-388526987,-388526987,-737923748,-737923748,-619952782,-619952782,-678352833,-678352833,-798689528,-798689528,-1027760291,-1027760291,-817181646,-817181646,-865782524,-865782524,-762678472,-762678472,-699896291,-699896291,-612148051,-612148051,-635869526,-635869526,-867381106,-867381106,-800546391,-800546391,-827093446,-827093446,-641459027,-641459027,-728186196,-728186196,-537817192,-537817192,-299708558,-299708558,-221450712,-221450712,-276344500,-276344500,-274877066,-274877066,-302518293,-302518293,-306727819,-306727819,-92088507,-92088507,-335086058
f = 487501451,0,1 | route T | claimed 2080.3847829404896139 | coeffs 551645873,781513032,781513032,708970183,708970183,734036423,734036423,652974011,652974011,758763879,758763879,599023696,599023696,560524478,560524478,415240820,415240820,501318121,501318121,151643633,151643633,57983042,57983042,76933665,76933665,-68418803,-68418803,-24675776,-24675776,-49021044,-49021044,-82881268,-82881268,126221589,126221589,126901149,126901149,137927573,137927573,50232094,50232094,-50857447,-50857447,-164165317,-164165317,-378051348,-378051348,-321571522,-321571522,-756328868,-756328868,-759961552,-759961552,-928025974,-928025974,-1080406930,-1080406930,-808799614,-808799614,-699829453,-699829453,-706724116,-706724116,-551645873
# status f = 487501451,0,1 : PASS_RHO (rho 0.92530, T 2080.4, 0s)
f = 512853942,0,1 | route RHO | claimed 0.88682655505995593747 | coeffs -101861717,-101861717,346606,346606,343384594,343384594,210494788,210494788,146917510,146917510,-124829849,-124829849,-59727729,-59727729,58584136,58584136,-30642516,-30642516,-102059130,-102059130,-26397862,-26397862,131005707,131005707,-88611268,-88611268,-342557550,-342557550,-376196275,-376196275,-389352001,-389352001,-325933924,-325933924,-416628010,-416628010,-515685851,-515685851,-435815057,-435815057,-63772176,-63772176,-40391600,-40391600,-124276477,-124276477,-240031273,-240031273,-113168833,-113168833,-245628176,-245628176,-64137492,-64137492,102543838,102543838,311509016,311509016,334155136,334155136,239564746,239564746,97279818,97279818
f = 512853942,0,1 | route T | claimed 1981.9617833905110928 | coeffs -68885057,-68885057,-63431210,-63431210,102059532,102059532,-233845914,-233845914,-81587422,-81587422,-40979442,-40979442,94388959,94388959,24184631,24184631,60520564,60520564,-101066456,-101066456,-453045633,-453045633,-444276803,-444276803,-510717629,-510717629,-389807571,-389807571,-547065043,-547065043,-499965587,-499965587,-359745762,-359745762,-420886380,-420886380,-275359857,-275359857,-566656281,-566656281,-394388389,-394388389,-423017063,-423017063,-220626380,-220626380,-403145539,-403145539,-522225679,-522225679,-423653903,-423653903,-198811029,-198811029,-423948521,-423948521,-135948875,-135948875,-121213552,-121213552,28765865,28765865,-173573848,-173573848
# status f = 512853942,0,1 : PASS_RHO (rho 0.88683, T 1982.0, 0s)
f = 599816026,0,1 | route RHO | claimed 0.92057607740506240875 | coeffs 48071545,-84387798,-84387798,-147805875,-147805875,-29494010,-29494010,-124084400,-124084400,-147464976,-147464976,-367081951,-367081951,-234192145,-234192145,-415682829,-415682829,-506376915,-506376915,-417150263,-417150263,-274865335,-274865335,-358750212,-358750212,-104803930,-104803930,-168381208,-168381208,-1699878,-1699878,97357963,97357963,25941349,25941349,30523248,30523248,146278044,146278044,112639319,112639319,384386678,384386678,175421500,175421500,255292294,255292294,179631026,179631026,281839349,281839349,408701789,408701789,421857515,421857515,486959635,486959635,509605755,509605755,137562874,137562874,294966443,294966443,-48071545
f = 599816026,0,1 | route T | claimed 2044.2022511360638706 | coeffs 146278044,112639319,112639319,384386678,384386678,175421500,175421500,255292294,255292294,179631026,179631026,281839349,281839349,408701789,408701789,421857515,421857515,486959635,486959635,509605755,509605755,137562874,137562874,294966443,294966443,-48071545,-48071545,84387798,84387798,147805875,147805875,29494010,29494010,124084400,124084400,147464976,147464976,367081951,367081951,234192145,234192145,415682829,415682829,506376915,506376915,417150263,417150263,274865335,274865335,358750212,358750212,104803930,104803930,168381208,168381208,1699878,1699878,-97357963,-97357963,-25941349,-25941349,-30523248,-30523248,-146278044
# status f = 599816026,0,1 : PASS_RHO (rho 0.92058, T 2044.2, 0s)
f = 608340836,0,1 | route RHO | claimed 0.95429345295610961879 | coeffs 671185682,671185682,587300805,587300805,468988940,468988940,342126500,342126500,270709886,270709886,452200570,452200570,294797001,294797001,85831823,85831823,-168114459,-168114459,-262704849,-262704849,-249549123,-249549123,-254131022,-254131022,-344825108,-344825108,-687863096,-687863096,-767733890,-767733890,-831311168,-831311168,-807930592,-807930592,-873032712,-873032712,-757277916,-757277916,-846504568,-846504568,-978963911,-978963911,-1054625179,-1054625179,-1221306509,-1221306509,-1440923484,-1440923484,-1418277364,-1418277364,-1384638639,-1384638639,-1242353711,-1242353711,-1178935634,-1178935634,-1281143957,-1281143957,-1182086116,-1182086116,-1314975922,-1314975922,-942933041,-942933041
f = 608340836,0,1 | route T | claimed 2576.8189706033358449 | coeffs -188722993,-12505502,-12505502,-178406060,-178406060,-72396630,-72396630,72916310,72916310,139976140,139976140,-131442006,-131442006,-52915307,-52915307,12017096,12017096,-254554503,-254554503,-162482538,-162482538,-172083258,-172083258,-169917051,-169917051,-213314401,-213314401,-480084566,-480084566,-413649372,-413649372,-504609790,-504609790,-427393658,-427393658,-579442391,-579442391,-671911537,-671911537,-539647157,-539647157,-805512327,-805512327,-379250725,-379250725,-540913207,-540913207,-500094267,-500094267,-190646162,-190646162,-343350996,-343350996,-459726661,-459726661,-434795796,-434795796,-216781691,-216781691,141831232,141831232,95614440,95614440,188722993
# status f = 608340836,0,1 : PASS_RHO (rho 0.95429, T 2576.8, 0s)
f = 617801663,0,1 | route RHO | claimed 0.89102785224268941514 | coeffs 438034218,322279422,322279422,113314244,113314244,11105921,11105921,76208041,76208041,-81195528,-81195528,-17777451,-17777451,-41158027,-41158027,140332657,140332657,282617585,282617585,346194863,346194863,274778249,274778249,308416974,308416974,388287768,388287768,261425328,261425328,284071448,284071448,627109436,627109436,508797571,508797571,289180596,289180596,379874682,379874682,295989805,295989805,129308475,129308475,133890374,133890374,-137856985,-137856985,-213518253,-213518253,-226673979,-226673979,-598716860,-598716860,-731176203,-731176203,-636585813,-636585813,-503696007,-503696007,-592922659,-592922659,-338976377,-338976377,-438034218
f = 617801663,0,1 | route T | claimed 2354.7547163078852015 | coeffs -83779187,-40036160,-40036160,-29009736,-29009736,27470090,27470090,299077406,299077406,371620255,371620255,410119473,410119473,391168850,391168850,182065993,182065993,295373863,295373863,463438285,463438285,308360042,308360042,414149910,414149910,64475422,64475422,40130154,40130154,-47565325,-47565325,-482322671,-482322671,-373352510,-373352510,-398418750,-398418750,-253135092,-253135092,-107782624,-107782624,-108462184,-108462184,105423847,105423847,257804803,257804803,487671962,487671962,327931779,327931779,234271188,234271188,200410964,200410964,99321423,99321423,95688739,95688739,88794076,88794076,169856488,169856488,83779187
# status f = 617801663,0,1 : PASS_RHO (rho 0.89103, T 2354.8, 0s)
f = 709614099,0,1 | route RHO | claimed 0.93875228332265324612 | coeffs 37309566,182593224,182593224,171566800,171566800,62596639,62596639,148673940,148673940,60978461,60978461,54083798,54083798,403758286,403758286,504847827,504847827,349769584,349769584,256108993,256108993,142801123,142801123,-87066036,-87066036,-106016659,-106016659,107869372,107869372,35326523,35326523,-110025945,-110025945,-53546119,-53546119,-78612359,-78612359,-122355386,-122355386,312401960,312401960,231339548,231339548,206994280,206994280,203361596,203361596,97571728,97571728,131431952,131431952,299496374,299496374,139756191,139756191,348859048,348859048,196478092,196478092,234977310,234977310,234297750,234297750,-37309566
f = 709614099,0,1 | route T | claimed 1914.7375749713445678 | coeffs 37309566,182593224,182593224,171566800,171566800,62596639,62596639,148673940,148673940,60978461,60978461,54083798,54083798,403758286,403758286,504847827,504847827,349769584,349769584,256108993,256108993,142801123,142801123,-87066036,-87066036,-106016659,-106016659,107869372,107869372,35326523,35326523,-110025945,-110025945,-53546119,-53546119,-78612359,-78612359,-122355386,-122355386,312401960,312401960,231339548,231339548,206994280,206994280,203361596,203361596,97571728,97571728,131431952,131431952,299496374,299496374,139756191,139756191,348859048,348859048,196478092,196478092,234977310,234977310,234297750,234297750,-37309566
# status f = 709614099,0,1 : PASS_RHO (rho 0.93875, T 1914.7, 0s)
f = 710819977,0,1 | route RHO | claimed 0.89102785224268941514 | coeffs -274778249,-346194863,-346194863,-282617585,-282617585,-140332657,-140332657,41158027,41158027,17777451,17777451,81195528,81195528,-76208041,-76208041,-11105921,-11105921,-113314244,-113314244,-322279422,-322279422,-438034218,-438034218,-338976377,-338976377,-592922659,-592922659,-503696007,-503696007,-636585813,-636585813,-731176203,-731176203,-598716860,-598716860,-226673979,-226673979,-213518253,-213518253,-137856985,-137856985,133890374,133890374,129308475,129308475,295989805,295989805,379874682,379874682,289180596,289180596,508797571,508797571,627109436,627109436,284071448,284071448,261425328,261425328,388287768,388287768,308416974,308416974,274778249
f = 710819977,0,1 | route T | claimed 2135.0076562981952902 | coeffs -598716860,-226673979,-226673979,-213518253,-213518253,-137856985,-137856985,133890374,133890374,129308475,129308475,295989805,295989805,379874682,379874682,289180596,289180596,508797571,508797571,627109436,627109436,284071448,284071448,261425328,261425328,388287768,388287768,308416974,308416974,274778249,274778249,346194863,346194863,282617585,282617585,140332657,140332657,-41158027,-41158027,-17777451,-17777451,-81195528,-81195528,76208041,76208041,11105921,11105921,113314244,113314244,322279422,322279422,438034218,438034218,338976377,338976377,592922659,592922659,503696007,503696007,636585813,636585813,731176203,731176203,598716860
# status f = 710819977,0,1 : PASS_RHO (rho 0.89103, T 2135.0, 0s)
f = 815630713,0,1 | route RHO | claimed 0.93010687381960142292 | coeffs 33000310,146308180,146308180,-125299136,-125299136,-206361548,-206361548,-300022139,-300022139,-299342579,-299342579,-734099925,-734099925,-579021682,-579021682,-540522464,-540522464,-584265491,-584265491,-483175950,-483175950,-330794994,-330794994,-305728754,-305728754,-655403242,-655403242,-446300385,-446300385,-389820559,-389820559,-396715222,-396715222,-236975039,-236975039,-91622571,-91622571,-3927092,-3927092,164137330,164137330,91594481,91594481,177671782,177671782,143811558,143811558,-70074473,-70074473,38895688,38895688,-66894180,-66894180,-85844803,-85844803,-96871227,-96871227,-93238543,-93238543,136628616,136628616,-8655042,-8655042,-33000310
f = 815630713,0,1 | route T | claimed 2071.3434667708540399 | coeffs 38895688,38895688,-66894180,-66894180,-85844803,-85844803,-96871227,-96871227,-93238543,-93238543,136628616,136628616,-8655042,-8655042,-33000310,-33000310,-146308180,-146308180,125299136,125299136,206361548,206361548,300022139,300022139,299342579,299342579,734099925,734099925,579021682,579021682,540522464,540522464,584265491,584265491,483175950,483175950,330794994,330794994,305728754,305728754,655403242,655403242,446300385,446300385,389820559,389820559,396715222,396715222,236975039,236975039,91622571,91622571,3927092,3927092,-164137330,-164137330,-91594481,-91594481,-177671782,-177671782,-143811558,-143811558,70074473,70074473
# status f = 815630713,0,1 : PASS_RHO (rho 0.93011, T 2071.3, 0s)
f = 844711587,0,1 | route RHO | claimed 0.88269511619387873712 | coeffs 492610284,492610284,659291614,659291614,722709691,722709691,450962332,450962332,269471648,269471648,282627374,282627374,346204652,346204652,213745309,213745309,180106584,180106584,47216778,47216778,-79645662,-79645662,174300620,174300620,-168737368,-168737368,-284492164,-284492164,-504109139,-504109139,-401900816,-401900816,-318015939,-318015939,-475419508,-475419508,-470837609,-470837609,-447457033,-447457033,-371795765,-371795765,-229510837,-229510837,-601553718,-601553718,-530137104,-530137104,-624727494,-624727494,-544856700,-544856700,-634083352,-634083352,-656729472,-656729472,-557671631,-557671631,-675983496,-675983496,-467018318,-467018318,-557712404,-557712404
f = 844711587,0,1 | route T | claimed 1829.6252138680332853 | coeffs -57966497,-54333813,-54333813,-78679081,-78679081,2383331,2383331,437140677,437140677,480883704,480883704,455817464,455817464,399337638,399337638,253985170,253985170,326528019,326528019,540414050,540414050,559364673,559364673,329497514,329497514,442805384,442805384,349144793,349144793,504223036,504223036,605312577,605312577,255638089,255638089,248743426,248743426,336438905,336438905,422516206,422516206,531486367,531486367,520459943,520459943,375176285,375176285,646783601,646783601,646104041,646104041,607604823,607604823,455223867,455223867,246121010,246121010,86380827,86380827,-81683595,-81683595,-47823371,-47823371,57966497
# status f = 844711587,0,1 : PASS_RHO (rho 0.88270, T 1829.6, 0s)
f = 846719098,0,1 | route RHO | claimed 0.88682655505995593747 | coeffs -30642516,-30642516,58584136,58584136,-59727729,-59727729,-124829849,-124829849,146917510,146917510,210494788,210494788,343384594,343384594,346606,346606,-101861717,-101861717,-97279818,-97279818,-239564746,-239564746,-334155136,-334155136,-311509016,-311509016,-102543838,-102543838,64137492,64137492,245628176,245628176,113168833,113168833,240031273,240031273,124276477,124276477,40391600,40391600,63772176,63772176,435815057,435815057,515685851,515685851,416628010,416628010,325933924,325933924,389352001,389352001,376196275,376196275,342557550,342557550,88611268,88611268,-131005707,-131005707,26397862,26397862,102059130,102059130
f = 846719098,0,1 | route T | claimed 1774.4837692733743051 | coeffs 64137492,64137492,245628176,245628176,113168833,113168833,240031273,240031273,124276477,124276477,40391600,40391600,63772176,63772176,435815057,435815057,515685851,515685851,416628010,416628010,325933924,325933924,389352001,389352001,376196275,376196275,342557550,342557550,88611268,88611268,-131005707,-131005707,26397862,26397862,102059130,102059130,30642516,30642516,-58584136,-58584136,59727729,59727729,124829849,124829849,-146917510,-146917510,-210494788,-210494788,-343384594,-343384594,-346606,-346606,101861717,101861717,97279818,97279818,239564746,239564746,334155136,334155136,311509016,311509016,102543838,102543838
# status f = 846719098,0,1 : PASS_RHO (rho 0.88683, T 1774.5, 0s)
f = 851849096,0,1 | route RHO | claimed 0.92057607740506240875 | coeffs -97357963,1699878,1699878,168381208,168381208,104803930,104803930,358750212,358750212,274865335,274865335,417150263,417150263,506376915,506376915,415682829,415682829,234192145,234192145,367081951,367081951,147464976,147464976,124084400,124084400,29494010,29494010,147805875,147805875,84387798,84387798,-48071545,-48071545,294966443,294966443,137562874,137562874,509605755,509605755,486959635,486959635,421857515,421857515,408701789,408701789,281839349,281839349,179631026,179631026,255292294,255292294,175421500,175421500,384386678,384386678,112639319,112639319,146278044,146278044,30523248,30523248,25941349,25941349,97357963
f = 851849096,0,1 | route T | claimed 1938.1384190379853201 | coeffs -342601530,-338968846,-338968846,-313902606,-313902606,-294951983,-294951983,-396041524,-396041524,-287071363,-287071363,-248572145,-248572145,-214711921,-214711921,220045425,220045425,147502576,147502576,53841985,53841985,-33853494,-33853494,237753822,237753822,397494005,397494005,421839273,421839273,365359447,365359447,595226606,595226606,245552118,245552118,256578542,256578542,104197586,104197586,-1592282,-1592282,-45335309,-45335309,168550722,168550722,13472479,13472479,99549780,99549780,100229340,100229340,-67835082,-67835082,13227330,13227330,158579798,158579798,271887668,271887668,278782331,278782331,133498673,133498673,342601530
# status f = 851849096,0,1 : PASS_RHO (rho 0.92058, T 1938.1, 0s)
f = 898612296,0,1 | route RHO | claimed 0.90124632780620618663 | coeffs 96705368,96705368,22534036,22534036,239572318,239572318,-126782522,-126782522,-39981654,-39981654,-134880516,-134880516,-169297024,-169297024,-62782977,-62782977,-229143513,-229143513,-146673232,-146673232,45925601,45925601,86746392,86746392,-147344068,-147344068,17983499,17983499,75789471,75789471,84770313,84770313,284392913,284392913,25563231,25563231,-163384634,-163384634,-280233906,-280233906,-241579322,-241579322,-521886574,-521886574,-508607740,-508607740,-383741938,-383741938,-415580036,-415580036,-206356716,-206356716,-106573475,-106573475,-218305208,-218305208,-189841540,-189841540,10475526,10475526,-361903691,-361903691,-130610752,-130610752
f = 898612296,0,1 | route T | claimed 2035.1527928220605332 | coeffs 80855290,139153656,139153656,250207079,250207079,103677577,103677577,-40873636,-40873636,-4273140,-4273140,-80910055,-80910055,-40894600,-40894600,270017149,270017149,150946372,150946372,34984454,34984454,-45851792,-45851792,-122673081,-122673081,-168929871,-168929871,-110773925,-110773925,-38918521,-38918521,-161719832,-161719832,143366640,143366640,274158559,274158559,319152427,319152427,403299154,403299154,378519934,378519934,234449181,234449181,64589511,64589511,12280882,12280882,-172163218,-172163218,-127875706,-127875706,153715697,153715697,177560658,177560658,161687692,161687692,489779397,489779397,-23104945,-23104945,-80855290
# status f = 898612296,0,1 : PASS_RHO (rho 0.90125, T 2035.2, 0s)
f = 900495178,0,1 | route RHO | claimed 0.90124632780620618663 | coeffs 163384634,163384634,-25563231,-25563231,-284392913,-284392913,-84770313,-84770313,-75789471,-75789471,-17983499,-17983499,147344068,147344068,-86746392,-86746392,-45925601,-45925601,146673232,146673232,229143513,229143513,62782977,62782977,169297024,169297024,134880516,134880516,39981654,39981654,126782522,126782522,-239572318,-239572318,-22534036,-22534036,-96705368,-96705368,-130610752,-130610752,-361903691,-361903691,10475526,10475526,-189841540,-189841540,-218305208,-218305208,-106573475,-106573475,-206356716,-206356716,-415580036,-415580036,-383741938,-383741938,-508607740,-508607740,-521886574,-521886574,-241579322,-241579322,-280233906,-280233906
f = 900495178,0,1 | route T | claimed 2188.24671242506165 | coeffs 457355113,457355113,95670719,95670719,135403582,135403582,488204849,488204849,685493735,685493735,758907834,758907834,933189905,933189905,999314478,999314478,709287762,709287762,698532379,698532379,486027749,486027749,482265453,482265453,827236977,827236977,736298019,736298019,585350825,585350825,712360954,712360954,686874958,686874958,738966825,738966825,706628659,706628659,439751845,439751845,378772098,378772098,234846791,234846791,79225184,79225184,-88101688,-88101688,-69880014,-69880014,-164136139,-164136139,-256794585,-256794585,-289566703,-289566703,-491247413,-491247413,-593310593,-593310593,-446703798,-446703798,-322305173,-322305173
# status f = 900495178,0,1 : PASS_RHO (rho 0.90125, T 2188.2, 0s)
f = 903028606,0,1 | route RHO | claimed 0.90867815708630911163 | coeffs -185173934,-128694108,-128694108,-22904240,-22904240,-23583800,-23583800,-30478463,-30478463,-11527840,-11527840,423229506,423229506,582969689,582969689,593996113,593996113,438917870,438917870,584270338,584270338,580637654,580637654,542138436,542138436,629833915,629833915,399966756,399966756,443709783,443709783,611774205,611774205,757057863,757057863,655968322,655968322,583425473,583425473,607770741,607770741,455389785,455389785,541467086,541467086,654774956,654774956,629708716,629708716,595848492,595848492,324241176,324241176,673915664,673915664,460029633,460029633,378967221,378967221,169864364,169864364,278834525,278834525,185173934
f = 903028606,0,1 | route T | claimed 1465.2057348650638036 | coeffs -30478463,-30478463,-11527840,-11527840,423229506,423229506,582969689,582969689,593996113,593996113,438917870,438917870,584270338,584270338,580637654,580637654,542138436,542138436,629833915,629833915,399966756,399966756,443709783,443709783,611774205,611774205,757057863,757057863,655968322,655968322,583425473,583425473,607770741,607770741,455389785,455389785,541467086,541467086,654774956,654774956,629708716,629708716,595848492,595848492,324241176,324241176,673915664,673915664,460029633,460029633,378967221,378967221,169864364,169864364,278834525,278834525,185173934,185173934,128694108,128694108,22904240,22904240,23583800,23583800
# status f = 903028606,0,1 : PASS_RHO (rho 0.90868, T 1465.2, 0s)
f = 909218487,0,1 | route RHO | claimed 0.91318675244762458449 | coeffs 118512464,118512464,461550452,461550452,484931028,484931028,574157680,574157680,407476350,407476350,373837625,373837625,271629302,271629302,-100413579,-100413579,17898286,17898286,199388970,199388970,453335252,453335252,448753353,448753353,528624147,528624147,463522027,463522027,595981370,595981370,376364395,376364395,234079467,234079467,333137308,333137308,61389949,61389949,188252389,188252389,30848820,30848820,125439210,125439210,34745124,34745124,98322402,98322402,214077198,214077198,289738466,289738466,312384586,312384586,248966509,248966509,116076703,116076703,32191826,32191826,103608440,103608440,-105356738,-105356738
f = 909218487,0,1 | route T | claimed 2306.6532556243938852 | coeffs 91487077,91487077,89553541,89553541,80161999,80161999,-43115979,-43115979,-115541184,-115541184,140846807,140846807,-128688388,-128688388,-326449198,-326449198,-64212026,-64212026,-80010228,-80010228,-92940760,-92940760,-57789796,-57789796,-30010869,-30010869,-230162929,-230162929,29306543,29306543,-336917227,-336917227,-388263197,-388263197,-490886066,-490886066,-766395721,-766395721,-546874835,-546874835,-693523021,-693523021,-580710957,-580710957,-605280470,-605280470,-386081585,-386081585,-343740888,-343740888,-329059367,-329059367,46388020,46388020,15308109,15308109,244102697,244102697,134731824,134731824,81749813,81749813,23731829,23731829
# status f = 909218487,0,1 : PASS_RHO (rho 0.91319, T 2306.7, 0s)
f = 976390238,0,1 | route RHO | claimed 0.89520029485784362339 | coeffs 170589866,170589866,256667167,256667167,200187341,200187341,238686559,238686559,125378689,125378689,231168557,231168557,318864036,318864036,293797796,293797796,294477356,294477356,524344515,524344515,558204739,558204739,551310076,551310076,595053103,595053103,323445787,323445787,304495164,304495164,136430742,136430742,-213243746,-213243746,221513600,221513600,366797258,366797258,152911227,152911227,-6828956,-6828956,94260585,94260585,175322997,175322997,186349421,186349421,113806572,113806572,-95296285,-95296285,59781958,59781958,35436690,35436690,-73533471,-73533471,71818997,71818997,-80561959,-80561959,-174222550,-174222550
f = 976390238,0,1 | route T | claimed 2671.1518509430913236 | coeffs 170589866,170589866,256667167,256667167,200187341,200187341,238686559,238686559,125378689,125378689,231168557,231168557,318864036,318864036,293797796,293797796,294477356,294477356,524344515,524344515,558204739,558204739,551310076,551310076,595053103,595053103,323445787,323445787,304495164,304495164,136430742,136430742,-213243746,-213243746,221513600,221513600,366797258,366797258,152911227,152911227,-6828956,-6828956,94260585,94260585,175322997,175322997,186349421,186349421,113806572,113806572,-95296285,-95296285,59781958,59781958,35436690,35436690,-73533471,-73533471,71818997,71818997,-80561959,-80561959,-174222550,-174222550
# status f = 976390238,0,1 : PASS_RHO (rho 0.89520, T 2671.2, 0s)
f = 999293203,0,1 | route RHO | claimed 0.93010687381960142292 | coeffs 300022139,300022139,206361548,206361548,125299136,125299136,-146308180,-146308180,-33000310,-33000310,-8655042,-8655042,136628616,136628616,-93238543,-93238543,-96871227,-96871227,-85844803,-85844803,-66894180,-66894180,38895688,38895688,-70074473,-70074473,143811558,143811558,177671782,177671782,91594481,91594481,164137330,164137330,-3927092,-3927092,-91622571,-91622571,-236975039,-236975039,-396715222,-396715222,-389820559,-389820559,-446300385,-446300385,-655403242,-655403242,-305728754,-305728754,-330794994,-330794994,-483175950,-483175950,-584265491,-584265491,-540522464,-540522464,-579021682,-579021682,-734099925,-734099925,-299342579,-299342579
f = 999293203,0,1 | route T | claimed 2265.8322441617279397 | coeffs -70074473,-70074473,143811558,143811558,177671782,177671782,91594481,91594481,164137330,164137330,-3927092,-3927092,-91622571,-91622571,-236975039,-236975039,-396715222,-396715222,-389820559,-389820559,-446300385,-446300385,-655403242,-655403242,-305728754,-305728754,-330794994,-330794994,-483175950,-483175950,-584265491,-584265491,-540522464,-540522464,-579021682,-579021682,-734099925,-734099925,-299342579,-299342579,-300022139,-300022139,-206361548,-206361548,-125299136,-125299136,146308180,146308180,33000310,33000310,8655042,8655042,-136628616,-136628616,93238543,93238543,96871227,96871227,85844803,85844803,66894180,66894180,-38895688,-38895688
# status f = 999293203,0,1 : PASS_RHO (rho 0.93011, T 2265.8, 0s)
# summary n = 7 l = 1000355393 : EXCLUSION_CANDIDATE ; PASS 32 / 32 ; OPEN_NEAR 0 ; OPEN_FAR 0 ; 14s
