# FAMILY WITNESS FILE (generator family_gen.sage r10). n = 7 ; l = 1000374337 ; m = 64 ; deg = 2 ; ncomp = 32 ; bar_T = 4224 ; L_n = 16.3328709449664096755483535644
# line: f = c0,...,c_deg (monic, over F_l) | route RHO|T | claimed (rho or T, float) | coeffs a_0..a_{m-1}
f = 8310474,0,1 | route RHO | claimed 0.94827528262982074294 | coeffs 945259874,945259874,912892565,912892565,782146767,782146767,684969149,684969149,744555810,744555810,723945776,723945776,890653769,890653769,775658069,775658069,370029065,370029065,162704149,162704149,277444779,277444779,263892693,263892693,231448469,231448469,296176103,296176103,330717737,330717737,260403734,260403734,292637432,292637432,114896576,114896576,277320678,277320678,245532718,245532718,-53656278,-53656278,-339409452,-339409452,-234084314,-234084314,-365370974,-365370974,-440014128,-440014128,-326278887,-326278887,-713053924,-713053924,-743345194,-743345194,-774588313,-774588313,-1032041448,-1032041448,-854033934,-854033934,-919718327,-919718327
f = 8310474,0,1 | route T | claimed 1842.4423531626624463 | coeffs 339409452,339409452,234084314,234084314,365370974,365370974,440014128,440014128,326278887,326278887,713053924,713053924,743345194,743345194,774588313,774588313,1032041448,1032041448,854033934,854033934,919718327,919718327,945259874,945259874,912892565,912892565,782146767,782146767,684969149,684969149,744555810,744555810,723945776,723945776,890653769,890653769,775658069,775658069,370029065,370029065,162704149,162704149,277444779,277444779,263892693,263892693,231448469,231448469,296176103,296176103,330717737,330717737,260403734,260403734,292637432,292637432,114896576,114896576,277320678,277320678,245532718,245532718,-53656278,-53656278
# status f = 8310474,0,1 : PASS_RHO (rho 0.94828, T 1842.4, 1s)
f = 17286312,0,1 | route RHO | claimed 0.9485830223535150284 | coeffs 708374494,319934685,319934685,256766022,256766022,13001839,13001839,228483029,228483029,55652169,55652169,36728628,36728628,129249085,129249085,-12447979,-12447979,254119258,254119258,161086745,161086745,-91092906,-91092906,-227666987,-227666987,-104357124,-104357124,-238266735,-238266735,-266047708,-266047708,-49632610,-49632610,-412312643,-412312643,-359381645,-359381645,-444770963,-444770963,-783072980,-783072980,-830551689,-830551689,-691548402,-691548402,-771878825,-771878825,-604456413,-604456413,-523986481,-523986481,-594410966,-594410966,-530913917,-530913917,-446970973,-446970973,-406415518,-406415518,-442419145,-442419145,-593730409,-593730409,-708374494
f = 17286312,0,1 | route T | claimed 2881.2419899921972236 | coeffs -13001839,-13001839,-228483029,-228483029,-55652169,-55652169,-36728628,-36728628,-129249085,-129249085,12447979,12447979,-254119258,-254119258,-161086745,-161086745,91092906,91092906,227666987,227666987,104357124,104357124,238266735,238266735,266047708,266047708,49632610,49632610,412312643,412312643,359381645,359381645,444770963,444770963,783072980,783072980,830551689,830551689,691548402,691548402,771878825,771878825,604456413,604456413,523986481,523986481,594410966,594410966,530913917,530913917,446970973,446970973,406415518,406415518,442419145,442419145,593730409,593730409,708374494,708374494,319934685,319934685,256766022,256766022
# status f = 17286312,0,1 : PASS_RHO (rho 0.94858, T 2881.2, 0s)
f = 18588447,0,1 | route RHO | claimed 0.94827528262982074294 | coeffs -292637432,-260403734,-260403734,-330717737,-330717737,-296176103,-296176103,-231448469,-231448469,-263892693,-263892693,-277444779,-277444779,-162704149,-162704149,-370029065,-370029065,-775658069,-775658069,-890653769,-890653769,-723945776,-723945776,-744555810,-744555810,-684969149,-684969149,-782146767,-782146767,-912892565,-912892565,-945259874,-945259874,-919718327,-919718327,-854033934,-854033934,-1032041448,-1032041448,-774588313,-774588313,-743345194,-743345194,-713053924,-713053924,-326278887,-326278887,-440014128,-440014128,-365370974,-365370974,-234084314,-234084314,-339409452,-339409452,-53656278,-53656278,245532718,245532718,277320678,277320678,114896576,114896576,292637432
f = 18588447,0,1 | route T | claimed 3468.6968227423281132 | coeffs -210727961,-210727961,-71142664,-71142664,23301040,23301040,-226679870,-226679870,247461636,247461636,52809634,52809634,134704417,134704417,342538485,342538485,36780614,36780614,42319314,42319314,43969558,43969558,-134100165,-134100165,-83902193,-83902193,78334460,78334460,107791721,107791721,-89104049,-89104049,-209224914,-209224914,-430185160,-430185160,-182642745,-182642745,-190432230,-190432230,-101213610,-101213610,325063474,325063474,318469201,318469201,346229406,346229406,211695154,211695154,246660977,246660977,418896613,418896613,254408837,254408837,123637641,123637641,81703877,81703877,133485030,133485030,234464113,234464113
# status f = 18588447,0,1 : PASS_RHO (rho 0.94828, T 3468.7, 0s)
f = 147011342,0,1 | route RHO | claimed 0.95193375343708339491 | coeffs 446538332,553800065,553800065,500743398,500743398,385837447,385837447,221830706,221830706,195649916,195649916,271911891,271911891,407502177,407502177,584783807,584783807,499680497,499680497,538283843,538283843,441446640,441446640,293638643,293638643,113492128,113492128,67779808,67779808,73620523,73620523,149385214,149385214,324928117,324928117,204310073,204310073,426349341,426349341,140533793,140533793,199013494,199013494,-212128474,-212128474,-475909608,-475909608,-116992289,-116992289,-121452807,-121452807,-15460245,-15460245,-90056474,-90056474,104742858,104742858,48378058,48378058,-33749414,-33749414,-164219451,-164219451,-446538332
f = 147011342,0,1 | route T | claimed 2659.2978764075425823 | coeffs 212128474,475909608,475909608,116992289,116992289,121452807,121452807,15460245,15460245,90056474,90056474,-104742858,-104742858,-48378058,-48378058,33749414,33749414,164219451,164219451,446538332,446538332,553800065,553800065,500743398,500743398,385837447,385837447,221830706,221830706,195649916,195649916,271911891,271911891,407502177,407502177,584783807,584783807,499680497,499680497,538283843,538283843,441446640,441446640,293638643,293638643,113492128,113492128,67779808,67779808,73620523,73620523,149385214,149385214,324928117,324928117,204310073,204310073,426349341,426349341,140533793,140533793,199013494,199013494,-212128474
# status f = 147011342,0,1 : PASS_RHO (rho 0.95193, T 2659.3, 0s)
f = 156693787,0,1 | route RHO | claimed 0.9581447630878707125 | coeffs 227884165,227884165,97476502,97476502,166385230,166385230,283439203,283439203,270644054,270644054,69228826,69228826,145537726,145537726,-92658116,-92658116,54793448,54793448,235494219,235494219,192513553,192513553,289312131,289312131,299141099,299141099,262454647,262454647,-73945791,-73945791,98592671,98592671,-280127081,-280127081,-130889659,-130889659,-255200574,-255200574,-207176762,-207176762,-253153217,-253153217,-70424988,-70424988,-350865556,-350865556,-379832481,-379832481,-230087889,-230087889,-303024372,-303024372,73400090,73400090,124101248,124101248,-174785153,-174785153,-16292274,-16292274,27359810,27359810,-24875272,-24875272
f = 156693787,0,1 | route T | claimed 2730.7382291978883132 | coeffs -275458733,-275458733,-412032814,-412032814,-678600051,-678600051,-697523592,-697523592,-453759409,-453759409,-339115324,-339115324,-298559869,-298559869,-228135384,-228135384,-308465807,-308465807,29836210,29836210,-332843823,-332843823,-198934212,-198934212,-451113863,-451113863,-309416799,-309416799,-482247659,-482247659,-419078996,-419078996,-267767732,-267767732,-183824788,-183824788,-264294720,-264294720,-125291433,-125291433,-39902115,-39902115,176512983,176512983,53203120,53203120,-39829393,-39829393,-132349850,-132349850,83131340,83131340,471571149,471571149,507574776,507574776,571071825,571071825,403649413,403649413,356170704,356170704,303239706,303239706
# status f = 156693787,0,1 : PASS_RHO (rho 0.95814, T 2730.7, 0s)
f = 217959385,0,1 | route RHO | claimed 0.9672838276860152622 | coeffs 325471413,325471413,293358806,293358806,112187611,112187611,216219883,216219883,89856454,89856454,113353536,113353536,-133781155,-133781155,-85348841,-85348841,-261589094,-261589094,-362561824,-362561824,-743396931,-743396931,-464126063,-464126063,-364112885,-364112885,-576530606,-576530606,-383458263,-383458263,-390538475,-390538475,-416843956,-416843956,-362762399,-362762399,-260123106,-260123106,-325447198,-325447198,-346715911,-346715911,-220825307,-220825307,-265427428,-265427428,-670306391,-670306391,-512266598,-512266598,-433789847,-433789847,-346223373,-346223373,-313801157,-313801157,-250933915,-250933915,-579730129,-579730129,-456440238,-456440238,-348617343,-348617343
f = 217959385,0,1 | route T | claimed 3127.249786871190386 | coeffs -525112223,-525112223,-768671081,-768671081,-470287773,-470287773,-182422665,-182422665,26358328,26358328,-143882155,-143882155,-155437410,-155437410,41383767,41383767,-5648620,-5648620,124607013,124607013,104868285,104868285,216918380,216918380,123078403,123078403,121256162,121256162,-17836919,-17836919,269777881,269777881,314578974,314578974,445657476,445657476,338151932,338151932,456227776,456227776,495569512,495569512,169176925,169176925,432614768,432614768,556310324,556310324,553540092,553540092,530869997,530869997,423582553,423582553,381869924,381869924,209692687,209692687,506777276,506777276,655625084,655625084,831151615,831151615
# status f = 217959385,0,1 : PASS_RHO (rho 0.96728, T 3127.2, 1s)
f = 246635893,0,1 | route RHO | claimed 0.9672838276860152622 | coeffs -113353536,-113353536,-89856454,-89856454,-216219883,-216219883,-112187611,-112187611,-293358806,-293358806,-325471413,-325471413,-348617343,-348617343,-456440238,-456440238,-579730129,-579730129,-250933915,-250933915,-313801157,-313801157,-346223373,-346223373,-433789847,-433789847,-512266598,-512266598,-670306391,-670306391,-265427428,-265427428,-220825307,-220825307,-346715911,-346715911,-325447198,-325447198,-260123106,-260123106,-362762399,-362762399,-416843956,-416843956,-390538475,-390538475,-383458263,-383458263,-576530606,-576530606,-364112885,-364112885,-464126063,-464126063,-743396931,-743396931,-362561824,-362561824,-261589094,-261589094,-85348841,-85348841,-133781155,-133781155
f = 246635893,0,1 | route T | claimed 3100.2244890092756942 | coeffs 348617343,348617343,456440238,456440238,579730129,579730129,250933915,250933915,313801157,313801157,346223373,346223373,433789847,433789847,512266598,512266598,670306391,670306391,265427428,265427428,220825307,220825307,346715911,346715911,325447198,325447198,260123106,260123106,362762399,362762399,416843956,416843956,390538475,390538475,383458263,383458263,576530606,576530606,364112885,364112885,464126063,464126063,743396931,743396931,362561824,362561824,261589094,261589094,85348841,85348841,133781155,133781155,-113353536,-113353536,-89856454,-89856454,-216219883,-216219883,-112187611,-112187611,-293358806,-293358806,-325471413,-325471413
# status f = 246635893,0,1 : PASS_RHO (rho 0.96728, T 3100.2, 1s)
f = 257414484,0,1 | route RHO | claimed 0.99086906355153362329 | coeffs 151246503,87765958,87765958,230369088,230369088,268704967,268704967,528585338,528585338,115134841,115134841,397457936,397457936,484194724,484194724,514418770,514418770,573861096,573861096,381672212,381672212,195389799,195389799,-4090194,-4090194,-161687562,-161687562,41813878,41813878,164184735,164184735,32304408,32304408,-121152926,-121152926,-60068803,-60068803,-128468379,-128468379,-157587505,-157587505,95971956,95971956,-20210762,-20210762,208694598,208694598,218559956,218559956,74949408,74949408,-35642848,-35642848,62061675,62061675,-61637255,-61637255,153166372,153166372,61671558,61671558,-97503612,-97503612,-151246503
f = 257414484,0,1 | route T | claimed 2457.381619466881106 | coeffs -967896691,-967896691,-960889452,-960889452,-1010369819,-1010369819,-849366643,-849366643,-796738240,-796738240,-858243425,-858243425,-900537482,-900537482,-975661309,-975661309,-1086766374,-1086766374,-905034346,-905034346,-954815598,-954815598,-961785444,-961785444,-854019595,-854019595,-643552472,-643552472,-701115021,-701115021,-351492581,-351492581,-86234569,-86234569,119569202,119569202,209602594,209602594,310675320,310675320,178091028,178091028,359511881,359511881,366120621,366120621,364955744,364955744,678339902,678339902,1110205673,1110205673,1082369793,1082369793,768836182,768836182,743651070,743651070,880650464,880650464,875105165,875105165,1119748345,1119748345
# status f = 257414484,0,1 : PASS_RHO (rho 0.99087, T 2457.4, 1s)
f = 335636590,0,1 | route RHO | claimed 0.95551677566493793918 | coeffs 468871046,445725116,445725116,413302900,413302900,457905021,457905021,403823464,403823464,303810286,303810286,255377972,255377972,436549167,436549167,107752953,107752953,265792746,265792746,200468654,200468654,393540997,393540997,292568267,292568267,166204838,166204838,58381943,58381943,-29184531,-29184531,-155075135,-155075135,-128769654,-128769654,-408040522,-408040522,-160905831,-160905831,-128793224,-128793224,-65925982,-65925982,-470804945,-470804945,-368165652,-368165652,-580583373,-580583373,-756823626,-756823626,-652791354,-652791354,-776081245,-776081245,-854557996,-854557996,-833289283,-833289283,-826209071,-826209071,-445373964,-445373964,-468871046
f = 335636590,0,1 | route T | claimed 3268.6171866029558111 | coeffs 143072700,-32470203,-32470203,43791772,43791772,-30804457,-30804457,-106569148,-106569148,-132749938,-132749938,-26757376,-26757376,-32598091,-32598091,-196604832,-196604832,-201065350,-201065350,-155353030,-155353030,-270258981,-270258981,88658338,88658338,268804853,268804853,215748186,215748186,-48032948,-48032948,99775049,99775049,207036782,207036782,-204105186,-204105186,-107267983,-107267983,175050898,175050898,233530599,233530599,194927253,194927253,325397290,325397290,39581742,39581742,124685052,124685052,206812524,206812524,428851792,428851792,251570162,251570162,307934962,307934962,187316918,187316918,51726632,51726632,-143072700
# status f = 335636590,0,1 : PASS_RHO (rho 0.95552, T 3268.6, 1s)
f = 341819820,0,1 | route RHO | claimed 0.95132392498571614056 | coeffs 52564141,131040892,131040892,107894962,107894962,59462648,59462648,252534991,252534991,126644387,126644387,189511629,189511629,293543901,293543901,674379008,674379008,728460565,728460565,570420772,570420772,678243667,678243667,431108976,431108976,643526697,643526697,622257984,622257984,589835768,589835768,771006963,771006963,670034233,670034233,696339714,696339714,291460751,291460751,168170860,168170860,144673778,144673778,244686956,244686956,310011048,310011048,397577522,397577522,365464915,365464915,541705168,541705168,534624956,534624956,579227077,579227077,250430863,250430863,124067434,124067434,-155203434,-155203434,-52564141
f = 341819820,0,1 | route T | claimed 2135.1670283519164431 | coeffs 513811789,310310349,310310349,271974470,271974470,281839828,281839828,124242460,124242460,266845590,266845590,37940230,37940230,237420223,237420223,300900768,300900768,184718050,184718050,-1564363,-1564363,52178528,52178528,-201380933,-201380933,-9192049,-9192049,-168367219,-168367219,-197486345,-197486345,-138044019,-138044019,-46549205,-46549205,21850371,21850371,-8373675,-8373675,206429952,206429952,267514075,267514075,354250863,354250863,477949793,477949793,631407127,631407127,349084032,349084032,446788555,446788555,314908228,314908228,-98542269,-98542269,12049987,12049987,-110320870,-110320870,-370201241,-370201241,-513811789
# status f = 341819820,0,1 : PASS_RHO (rho 0.95132, T 2135.2, 0s)
f = 373206281,0,1 | route RHO | claimed 0.95307806936926084865 | coeffs -204649591,-204649591,-610278595,-610278595,-741565255,-741565255,-908273248,-908273248,-622520074,-622520074,-562933413,-562933413,-594721373,-594721373,-463975575,-463975575,-286234719,-286234719,-260693172,-260693172,-331007175,-331007175,-152999661,-152999661,-217727295,-217727295,-186484176,-186484176,-200036262,-200036262,-586811299,-586811299,-379486383,-379486383,-304843229,-304843229,-419838929,-419838929,-314513791,-314513791,-293903757,-293903757,5285239,5285239,-91892379,-91892379,70531723,70531723,102899032,102899032,70665334,70665334,136349727,136349727,170891361,170891361,-86561774,-86561774,-54117550,-54117550,-23826280,-23826280,90914350,90914350
f = 373206281,0,1 | route T | claimed 2781.8938667751986746 | coeffs 200036262,586811299,586811299,379486383,379486383,304843229,304843229,419838929,419838929,314513791,314513791,293903757,293903757,-5285239,-5285239,91892379,91892379,-70531723,-70531723,-102899032,-102899032,-70665334,-70665334,-136349727,-136349727,-170891361,-170891361,86561774,86561774,54117550,54117550,23826280,23826280,-90914350,-90914350,-204649591,-204649591,-610278595,-610278595,-741565255,-741565255,-908273248,-908273248,-622520074,-622520074,-562933413,-562933413,-594721373,-594721373,-463975575,-463975575,-286234719,-286234719,-260693172,-260693172,-331007175,-331007175,-152999661,-152999661,-217727295,-217727295,-186484176,-186484176,-200036262
# status f = 373206281,0,1 : PASS_RHO (rho 0.95308, T 2781.9, 1s)
f = 419995556,0,1 | route RHO | claimed 0.97402045728263820442 | coeffs -482434746,-681914739,-681914739,-835372073,-835372073,-951554791,-951554791,-853850268,-853850268,-907593159,-907593159,-494142662,-494142662,-301953778,-301953778,-424324635,-424324635,-395205509,-395205509,-251594961,-251594961,-160100147,-160100147,-121764268,-121764268,-91540222,-91540222,-249137590,-249137590,-188053467,-188053467,40851893,40851893,-82847037,-82847037,-19366492,-19366492,-301689587,-301689587,-115407174,-115407174,16473153,16473153,-237086308,-237086308,-126494052,-126494052,32681118,32681118,292561489,292561489,352003815,352003815,555505255,555505255,487105679,487105679,496971037,496971037,711774664,711774664,569171534,569171534,482434746
f = 419995556,0,1 | route T | claimed 3508.0194731871946666 | coeffs 43265264,43265264,126960289,126960289,13578703,13578703,191000804,191000804,7972591,7972591,-165540822,-165540822,47488830,47488830,54341914,54341914,38154838,38154838,356489725,356489725,319195210,319195210,307370596,307370596,365661401,365661401,231898611,231898611,250236815,250236815,217504287,217504287,94067468,94067468,8438561,8438561,73460630,73460630,137071670,137071670,-4402480,-4402480,-124937587,-124937587,-500646776,-500646776,-551327097,-551327097,-770525765,-770525765,-630224323,-630224323,-663031218,-663031218,-279711829,-279711829,200015540,200015540,211243652,211243652,290632332,290632332,-4948419,-4948419
# status f = 419995556,0,1 : PASS_RHO (rho 0.97402, T 3508.0, 1s)
f = 446581602,0,1 | route RHO | claimed 0.97402045728263820442 | coeffs 16473153,16473153,-115407174,-115407174,-301689587,-301689587,-19366492,-19366492,-82847037,-82847037,40851893,40851893,-188053467,-188053467,-249137590,-249137590,-91540222,-91540222,-121764268,-121764268,-160100147,-160100147,-251594961,-251594961,-395205509,-395205509,-424324635,-424324635,-301953778,-301953778,-494142662,-494142662,-907593159,-907593159,-853850268,-853850268,-951554791,-951554791,-835372073,-835372073,-681914739,-681914739,-482434746,-482434746,-569171534,-569171534,-711774664,-711774664,-496971037,-496971037,-487105679,-487105679,-555505255,-555505255,-352003815,-352003815,-292561489,-292561489,-32681118,-32681118,126494052,126494052,237086308,237086308
f = 446581602,0,1 | route T | claimed 2408.0459144861725671 | coeffs 16473153,16473153,-115407174,-115407174,-301689587,-301689587,-19366492,-19366492,-82847037,-82847037,40851893,40851893,-188053467,-188053467,-249137590,-249137590,-91540222,-91540222,-121764268,-121764268,-160100147,-160100147,-251594961,-251594961,-395205509,-395205509,-424324635,-424324635,-301953778,-301953778,-494142662,-494142662,-907593159,-907593159,-853850268,-853850268,-951554791,-951554791,-835372073,-835372073,-681914739,-681914739,-482434746,-482434746,-569171534,-569171534,-711774664,-711774664,-496971037,-496971037,-487105679,-487105679,-555505255,-555505255,-352003815,-352003815,-292561489,-292561489,-32681118,-32681118,126494052,126494052,237086308,237086308
# status f = 446581602,0,1 : PASS_RHO (rho 0.97402, T 2408.0, 1s)
f = 462610868,0,1 | route RHO | claimed 0.97123703948816696978 | coeffs -52868133,-52868133,50025610,50025610,227706046,227706046,247868906,247868906,485144149,485144149,547614858,547614858,333728598,333728598,248804902,248804902,435169320,435169320,-96368204,-96368204,-89492856,-89492856,-235455971,-235455971,-302172311,-302172311,27061331,27061331,112076252,112076252,-83697975,-83697975,59624917,59624917,278480375,278480375,-67348586,-67348586,-156011373,-156011373,-114574123,-114574123,-103012684,-103012684,-191039304,-191039304,-125915141,-125915141,-345900172,-345900172,-162213673,-162213673,36105657,36105657,-65206135,-65206135,-287554275,-287554275,-157709973,-157709973,-92066160,-92066160,-22964967,-22964967
f = 462610868,0,1 | route T | claimed 3429.1377903168093217 | coeffs 167745791,167745791,383226981,383226981,20546948,20546948,-15456679,-15456679,236722972,236722972,69300560,69300560,-103530300,-103530300,-50599302,-50599302,-201910566,-201910566,-65336485,-65336485,-145806417,-145806417,-164729958,-164729958,-250119276,-250119276,-364763361,-364763361,-488073224,-488073224,-417648739,-417648739,-325128282,-325128282,-663430299,-663430299,-274990490,-274990490,-141080879,-141080879,-204577928,-204577928,-346274992,-346274992,-393753701,-393753701,-330585038,-330585038,-302804065,-302804065,-386747009,-386747009,-120179772,-120179772,18823515,18823515,262587698,262587698,46172600,46172600,5617145,5617145,-87415368,-87415368
# status f = 462610868,0,1 : PASS_RHO (rho 0.97124, T 3429.1, 0s)
f = 477407566,0,1 | route RHO | claimed 0.93555776250449769678 | coeffs 291727233,215465258,215465258,330371209,330371209,48052328,48052328,-8312472,-8312472,97680090,97680090,-166101044,-166101044,-451916592,-451916592,-276373689,-276373689,-322086009,-322086009,-418923212,-418923212,-241641582,-241641582,-267822372,-267822372,-320879039,-320879039,-190409002,-190409002,-385208334,-385208334,-380747816,-380747816,30394152,30394152,-191645116,-191645116,-267409807,-267409807,-87263292,-87263292,-125866638,-125866638,-261456924,-261456924,-97450183,-97450183,-204711916,-204711916,-286839388,-286839388,-361435617,-361435617,-2518298,-2518298,55961403,55961403,-64656641,-64656641,-58815926,-58815926,-206623923,-206623923,-291727233
f = 477407566,0,1 | route T | claimed 1630.5693064516272562 | coeffs -206623923,-291727233,-291727233,-215465258,-215465258,-330371209,-330371209,-48052328,-48052328,8312472,8312472,-97680090,-97680090,166101044,166101044,451916592,451916592,276373689,276373689,322086009,322086009,418923212,418923212,241641582,241641582,267822372,267822372,320879039,320879039,190409002,190409002,385208334,385208334,380747816,380747816,-30394152,-30394152,191645116,191645116,267409807,267409807,87263292,87263292,125866638,125866638,261456924,261456924,97450183,97450183,204711916,204711916,286839388,286839388,361435617,361435617,2518298,2518298,-55961403,-55961403,64656641,64656641,58815926,58815926,206623923
# status f = 477407566,0,1 : PASS_RHO (rho 0.93556, T 1630.6, 0s)
f = 485934363,0,1 | route RHO | claimed 0.99953137613904761041 | coeffs -401810252,-315073464,-315073464,-204481208,-204481208,-46883840,-46883840,-100626731,-100626731,-169026307,-169026307,113296788,113296788,256907336,256907336,456387329,456387329,297212159,297212159,358296282,358296282,-55154215,-55154215,-65019573,-65019573,121262840,121262840,29768026,29768026,-123689308,-123689308,136191063,136191063,-92714297,-92714297,99474587,99474587,314278214,314278214,182397887,182397887,220733766,220733766,336916484,336916484,277474158,277474158,153775228,153775228,276146085,276146085,418749215,418749215,165189754,165189754,134965708,134965708,232670231,232670231,436171671,436171671,372691126,372691126,401810252
f = 485934363,0,1 | route T | claimed 3271.2085594055761582 | coeffs 606711730,699232187,699232187,584588102,584588102,504118170,504118170,557049168,557049168,809228819,809228819,1024710009,1024710009,1065265464,1065265464,926262177,926262177,898481204,898481204,1040178268,1040178268,651738459,651738459,581313974,581313974,666703292,666703292,530129211,530129211,702960071,702960071,738963698,738963698,658633275,658633275,442218177,442218177,708785414,708785414,771954077,771954077,708457028,708457028,370155011,370155011,246845148,246845148,227921607,227921607,76610343,76610343,-90812069,-90812069,-453492102,-453492102,-360459589,-360459589,-604223772,-604223772,-520280828,-520280828,-472802119,-472802119,-606711730
# status f = 485934363,0,1 : PASS_RHO (rho 0.99953, T 3271.2, 1s)
f = 514439974,0,1 | route RHO | claimed 0.95193375343708339491 | coeffs 385837447,500743398,500743398,553800065,553800065,446538332,446538332,164219451,164219451,33749414,33749414,-48378058,-48378058,-104742858,-104742858,90056474,90056474,15460245,15460245,121452807,121452807,116992289,116992289,475909608,475909608,212128474,212128474,-199013494,-199013494,-140533793,-140533793,-426349341,-426349341,-204310073,-204310073,-324928117,-324928117,-149385214,-149385214,-73620523,-73620523,-67779808,-67779808,-113492128,-113492128,-293638643,-293638643,-441446640,-441446640,-538283843,-538283843,-499680497,-499680497,-584783807,-584783807,-407502177,-407502177,-271911891,-271911891,-195649916,-195649916,-221830706,-221830706,-385837447
f = 514439974,0,1 | route T | claimed 2423.2883348220449025 | coeffs 218021954,604796991,604796991,319043817,319043817,286810119,286810119,273258033,273258033,106550040,106550040,74182731,74182731,42939612,42939612,174226272,174226272,336650374,336650374,271922740,271922740,-133706264,-133706264,-36528646,-36528646,-214536160,-214536160,-100800919,-100800919,198388077,198388077,128074074,128074074,13333444,13333444,-7276590,-7276590,-32818137,-32818137,-2526867,-2526867,102798271,102798271,280539127,280539127,248094903,248094903,363090603,363090603,232344805,232344805,-25108330,-25108330,49534824,49534824,17746864,17746864,-16794770,-16794770,-224119686,-224119686,-283706347,-283706347,-218021954
# status f = 514439974,0,1 : PASS_RHO (rho 0.95193, T 2423.3, 0s)
f = 522966771,0,1 | route RHO | claimed 0.95307806936926084865 | coeffs -70531723,91892379,91892379,-5285239,-5285239,293903757,293903757,314513791,314513791,419838929,419838929,304843229,304843229,379486383,379486383,586811299,586811299,200036262,200036262,186484176,186484176,217727295,217727295,152999661,152999661,331007175,331007175,260693172,260693172,286234719,286234719,463975575,463975575,594721373,594721373,562933413,562933413,622520074,622520074,908273248,908273248,741565255,741565255,610278595,610278595,204649591,204649591,90914350,90914350,-23826280,-23826280,-54117550,-54117550,-86561774,-86561774,170891361,170891361,136349727,136349727,70665334,70665334,102899032,102899032,70531723
f = 522966771,0,1 | route T | claimed 2104.5153299401831371 | coeffs -454500871,-470640645,-470640645,-401982258,-401982258,-348519444,-348519444,-109916474,-109916474,356262578,356262578,215655405,215655405,169633590,169633590,522710194,522710194,316422496,316422496,280907762,280907762,351329022,351329022,318426976,318426976,685849167,685849167,705746342,705746342,714659731,714659731,733197478,733197478,962648226,962648226,1032198567,1032198567,814129753,814129753,1003108098,1003108098,1001369371,1001369371,1020900901,1020900901,977120365,977120365,930308772,930308772,1098927314,1098927314,1156444499,1156444499,875772568,875772568,848532632,848532632,928757841,928757841,697762388,697762388,514326466,514326466,454500871
# status f = 522966771,0,1 : PASS_RHO (rho 0.95308, T 2104.5, 1s)
f = 537763469,0,1 | route RHO | claimed 0.95551677566493793918 | coeffs -58381943,-166204838,-166204838,-292568267,-292568267,-393540997,-393540997,-200468654,-200468654,-265792746,-265792746,-107752953,-107752953,-436549167,-436549167,-255377972,-255377972,-303810286,-303810286,-403823464,-403823464,-457905021,-457905021,-413302900,-413302900,-445725116,-445725116,-468871046,-468871046,-445373964,-445373964,-826209071,-826209071,-833289283,-833289283,-854557996,-854557996,-776081245,-776081245,-652791354,-652791354,-756823626,-756823626,-580583373,-580583373,-368165652,-368165652,-470804945,-470804945,-65925982,-65925982,-128793224,-128793224,-160905831,-160905831,-408040522,-408040522,-128769654,-128769654,-155075135,-155075135,-29184531,-29184531,58381943
f = 537763469,0,1 | route T | claimed 2837.1033788589539143 | coeffs 436549167,436549167,255377972,255377972,303810286,303810286,403823464,403823464,457905021,457905021,413302900,413302900,445725116,445725116,468871046,468871046,445373964,445373964,826209071,826209071,833289283,833289283,854557996,854557996,776081245,776081245,652791354,652791354,756823626,756823626,580583373,580583373,368165652,368165652,470804945,470804945,65925982,65925982,128793224,128793224,160905831,160905831,408040522,408040522,128769654,128769654,155075135,155075135,29184531,29184531,-58381943,-58381943,-166204838,-166204838,-292568267,-292568267,-393540997,-393540997,-200468654,-200468654,-265792746,-265792746,-107752953,-107752953
# status f = 537763469,0,1 : PASS_RHO (rho 0.95552, T 2837.1, 1s)
f = 553792735,0,1 | route RHO | claimed 0.94712948819459531188 | coeffs -547551049,-547551049,-568161083,-568161083,-162532079,-162532079,-176084165,-176084165,-210625799,-210625799,-388366655,-388366655,-89177659,-89177659,-220464319,-220464319,166310718,166310718,-91142417,-91142417,-65600870,-65600870,31576748,31576748,198284741,198284741,405609657,405609657,373165433,373165433,443479436,443479436,605903538,605903538,891656712,891656712,817013558,817013558,847304828,847304828,1025312342,1025312342,992945033,992945033,933358372,933358372,818362672,818362672,703622042,703622042,768349676,768349676,736115978,736115978,704328018,704328018,599002880,599002880,712738121,712738121,743981240,743981240,678296847,678296847
f = 553792735,0,1 | route T | claimed 2196.3698423923046691 | coeffs 31576748,198284741,198284741,405609657,405609657,373165433,373165433,443479436,443479436,605903538,605903538,891656712,891656712,817013558,817013558,847304828,847304828,1025312342,1025312342,992945033,992945033,933358372,933358372,818362672,818362672,703622042,703622042,768349676,768349676,736115978,736115978,704328018,704328018,599002880,599002880,712738121,712738121,743981240,743981240,678296847,678296847,547551049,547551049,568161083,568161083,162532079,162532079,176084165,176084165,210625799,210625799,388366655,388366655,89177659,89177659,220464319,220464319,-166310718,-166310718,91142417,91142417,65600870,65600870,-31576748
# status f = 553792735,0,1 : PASS_RHO (rho 0.94713, T 2196.4, 1s)
f = 580378781,0,1 | route RHO | claimed 0.94712948819459531188 | coeffs -388366655,-210625799,-210625799,-176084165,-176084165,-162532079,-162532079,-568161083,-568161083,-547551049,-547551049,-678296847,-678296847,-743981240,-743981240,-712738121,-712738121,-599002880,-599002880,-704328018,-704328018,-736115978,-736115978,-768349676,-768349676,-703622042,-703622042,-818362672,-818362672,-933358372,-933358372,-992945033,-992945033,-1025312342,-1025312342,-847304828,-847304828,-817013558,-817013558,-891656712,-891656712,-605903538,-605903538,-443479436,-443479436,-373165433,-373165433,-405609657,-405609657,-198284741,-198284741,-31576748,-31576748,65600870,65600870,91142417,91142417,-166310718,-166310718,220464319,220464319,89177659,89177659,388366655
f = 580378781,0,1 | route T | claimed 3036.6684122879109733 | coeffs 65600870,65600870,91142417,91142417,-166310718,-166310718,220464319,220464319,89177659,89177659,388366655,388366655,210625799,210625799,176084165,176084165,162532079,162532079,568161083,568161083,547551049,547551049,678296847,678296847,743981240,743981240,712738121,712738121,599002880,599002880,704328018,704328018,736115978,736115978,768349676,768349676,703622042,703622042,818362672,818362672,933358372,933358372,992945033,992945033,1025312342,1025312342,847304828,847304828,817013558,817013558,891656712,891656712,605903538,605903538,443479436,443479436,373165433,373165433,405609657,405609657,198284741,198284741,31576748,31576748
# status f = 580378781,0,1 : PASS_RHO (rho 0.94713, T 3036.7, 1s)
f = 627168056,0,1 | route RHO | claimed 0.93555776250449769678 | coeffs 55961403,-2518298,-2518298,-361435617,-361435617,-286839388,-286839388,-204711916,-204711916,-97450183,-97450183,-261456924,-261456924,-125866638,-125866638,-87263292,-87263292,-267409807,-267409807,-191645116,-191645116,30394152,30394152,-380747816,-380747816,-385208334,-385208334,-190409002,-190409002,-320879039,-320879039,-267822372,-267822372,-241641582,-241641582,-418923212,-418923212,-322086009,-322086009,-276373689,-276373689,-451916592,-451916592,-166101044,-166101044,97680090,97680090,-8312472,-8312472,48052328,48052328,330371209,330371209,215465258,215465258,291727233,291727233,206623923,206623923,58815926,58815926,64656641,64656641,-55961403
f = 627168056,0,1 | route T | claimed 2695.8293412580815788 | coeffs -380747816,-385208334,-385208334,-190409002,-190409002,-320879039,-320879039,-267822372,-267822372,-241641582,-241641582,-418923212,-418923212,-322086009,-322086009,-276373689,-276373689,-451916592,-451916592,-166101044,-166101044,97680090,97680090,-8312472,-8312472,48052328,48052328,330371209,330371209,215465258,215465258,291727233,291727233,206623923,206623923,58815926,58815926,64656641,64656641,-55961403,-55961403,2518298,2518298,361435617,361435617,286839388,286839388,204711916,204711916,97450183,97450183,261456924,261456924,125866638,125866638,87263292,87263292,267409807,267409807,191645116,191645116,-30394152,-30394152,380747816
# status f = 627168056,0,1 : PASS_RHO (rho 0.93556, T 2695.8, 0s)
f = 658554517,0,1 | route RHO | claimed 0.9485830223535150284 | coeffs 129249085,129249085,36728628,36728628,55652169,55652169,228483029,228483029,13001839,13001839,256766022,256766022,319934685,319934685,708374494,708374494,593730409,593730409,442419145,442419145,406415518,406415518,446970973,446970973,530913917,530913917,594410966,594410966,523986481,523986481,604456413,604456413,771878825,771878825,691548402,691548402,830551689,830551689,783072980,783072980,444770963,444770963,359381645,359381645,412312643,412312643,49632610,49632610,266047708,266047708,238266735,238266735,104357124,104357124,227666987,227666987,91092906,91092906,-161086745,-161086745,-254119258,-254119258,12447979,12447979
f = 658554517,0,1 | route T | claimed 3086.2936477393904575 | coeffs 907022282,907022282,902561764,902561764,955618431,955618431,1052455634,1052455634,1338271182,1338271182,1394635982,1394635982,1470897957,1470897957,1476738672,1476738672,1835655991,1835655991,1728394258,1728394258,1689790912,1689790912,1467751644,1467751644,1272952312,1272952312,1246771522,1246771522,1201059202,1201059202,937278068,937278068,654959187,654959187,740062497,740062497,860680541,860680541,935276770,935276770,771270029,771270029,591123514,591123514,179981546,179981546,49511509,49511509,-127770121,-127770121,-303313024,-303313024,-409305586,-409305586,-524211537,-524211537,-672019534,-672019534,-613539833,-613539833,-695667305,-695667305,-831257591,-831257591
# status f = 658554517,0,1 : PASS_RHO (rho 0.94858, T 3086.3, 0s)
f = 664737747,0,1 | route RHO | claimed 0.97123703948816696978 | coeffs -278480375,-278480375,-59624917,-59624917,83697975,83697975,-112076252,-112076252,-27061331,-27061331,302172311,302172311,235455971,235455971,89492856,89492856,96368204,96368204,-435169320,-435169320,-248804902,-248804902,-333728598,-333728598,-547614858,-547614858,-485144149,-485144149,-247868906,-247868906,-227706046,-227706046,-50025610,-50025610,52868133,52868133,-22964967,-22964967,-92066160,-92066160,-157709973,-157709973,-287554275,-287554275,-65206135,-65206135,36105657,36105657,-162213673,-162213673,-345900172,-345900172,-125915141,-125915141,-191039304,-191039304,-103012684,-103012684,-114574123,-114574123,-156011373,-156011373,-67348586,-67348586
f = 664737747,0,1 | route T | claimed 2044.6267654150611532 | coeffs 806196447,806196447,578018164,578018164,748750210,748750210,761846747,761846747,522008852,522008852,553522349,553522349,577342400,577342400,539415199,539415199,429422777,429422777,724152360,724152360,427263972,427263972,673551619,673551619,771838619,771838619,611798559,611798559,538225560,538225560,424308271,424308271,424417051,424417051,444844459,444844459,637882800,637882800,547514278,547514278,475085045,475085045,773819245,773819245,360002883,360002883,34963955,34963955,-46204879,-46204879,-234107925,-234107925,-462837365,-462837365,-483448255,-483448255,-671324333,-671324333,-921585270,-921585270,-690586013,-690586013,-760088566,-760088566
# status f = 664737747,0,1 : PASS_RHO (rho 0.97124, T 2044.6, 0s)
f = 742959853,0,1 | route RHO | claimed 0.9581447630878707125 | coeffs 283439203,166385230,166385230,97476502,97476502,227884165,227884165,24875272,24875272,-27359810,-27359810,16292274,16292274,174785153,174785153,-124101248,-124101248,-73400090,-73400090,303024372,303024372,230087889,230087889,379832481,379832481,350865556,350865556,70424988,70424988,253153217,253153217,207176762,207176762,255200574,255200574,130889659,130889659,280127081,280127081,-98592671,-98592671,73945791,73945791,-262454647,-262454647,-299141099,-299141099,-289312131,-289312131,-192513553,-192513553,-235494219,-235494219,-54793448,-54793448,92658116,92658116,-145537726,-145537726,-69228826,-69228826,-270644054,-270644054,-283439203
f = 742959853,0,1 | route T | claimed 2094.9529448743827582 | coeffs 101384789,101384789,96924271,96924271,14796799,14796799,129702750,129702750,-47578880,-47578880,132567635,132567635,253185679,253185679,516966813,516966813,322167481,322167481,429429214,429429214,505691189,505691189,408853986,408853986,484618677,484618677,543098378,543098378,649090940,649090940,518620903,518620903,682627644,682627644,767730954,767730954,813443274,813443274,591404006,591404006,232486687,232486687,288851487,288851487,235794820,235794820,371385106,371385106,223577109,223577109,399120012,399120012,-12021956,-12021956,-86618185,-86618185,-368937066,-368937066,-342756276,-342756276,-381359622,-381359622,-387200337,-387200337
# status f = 742959853,0,1 : PASS_RHO (rho 0.95814, T 2095.0, 0s)
f = 753738444,0,1 | route RHO | claimed 0.95687436874424968248 | coeffs -729537587,-907545101,-907545101,-939333061,-939333061,-533704057,-533704057,-276250922,-276250922,-113826820,-113826820,1168880,1168880,32411999,32411999,-145328857,-145328857,-312036850,-312036850,-281745580,-281745580,-249511882,-249511882,-228901848,-228901848,157873189,157873189,87559186,87559186,27972525,27972525,-85762716,-85762716,-51221082,-51221082,45956536,45956536,120599690,120599690,185327324,185327324,316073122,316073122,447359782,447359782,414915558,414915558,447282867,447282867,341957729,341957729,328405643,328405643,302864096,302864096,588617270,588617270,703357900,703357900,637673507,637673507,936862503,936862503,729537587
f = 753738444,0,1 | route T | claimed 2025.2699237656407169 | coeffs 230534719,230534719,224694004,224694004,-57624877,-57624877,117918026,117918026,64861359,64861359,-157177909,-157177909,6828832,6828832,65308533,65308533,141570508,141570508,405351642,405351642,228070012,228070012,223609494,223609494,262212840,262212840,336809069,336809069,484617066,484617066,428252266,428252266,382539946,382539946,513009983,513009983,437245292,437245292,329983559,329983559,209365515,209365515,94459564,94459564,380275112,380275112,406455902,406455902,-4686066,-4686066,130904220,130904220,-228013099,-228013099,-142909789,-142909789,-36917227,-36917227,-133754430,-133754430,-328553762,-328553762,-148407247,-148407247
# status f = 753738444,0,1 : PASS_RHO (rho 0.95687, T 2025.3, 0s)
f = 782414952,0,1 | route RHO | claimed 0.95687436874424968248 | coeffs -157873189,228901848,228901848,249511882,249511882,281745580,281745580,312036850,312036850,145328857,145328857,-32411999,-32411999,-1168880,-1168880,113826820,113826820,276250922,276250922,533704057,533704057,939333061,939333061,907545101,907545101,729537587,729537587,936862503,936862503,637673507,637673507,703357900,703357900,588617270,588617270,302864096,302864096,328405643,328405643,341957729,341957729,447282867,447282867,414915558,414915558,447359782,447359782,316073122,316073122,185327324,185327324,120599690,120599690,45956536,45956536,-51221082,-51221082,-85762716,-85762716,27972525,27972525,87559186,87559186,157873189
f = 782414952,0,1 | route T | claimed 2711.8958828742830651 | coeffs -157873189,228901848,228901848,249511882,249511882,281745580,281745580,312036850,312036850,145328857,145328857,-32411999,-32411999,-1168880,-1168880,113826820,113826820,276250922,276250922,533704057,533704057,939333061,939333061,907545101,907545101,729537587,729537587,936862503,936862503,637673507,637673507,703357900,703357900,588617270,588617270,302864096,302864096,328405643,328405643,341957729,341957729,447282867,447282867,414915558,414915558,447359782,447359782,316073122,316073122,185327324,185327324,120599690,120599690,45956536,45956536,-51221082,-51221082,-85762716,-85762716,27972525,27972525,87559186,87559186,157873189
# status f = 782414952,0,1 : PASS_RHO (rho 0.95687, T 2711.9, 0s)
f = 843680550,0,1 | route RHO | claimed 0.99086906355153362329 | coeffs -4090194,195389799,195389799,381672212,381672212,573861096,573861096,514418770,514418770,484194724,484194724,397457936,397457936,115134841,115134841,528585338,528585338,268704967,268704967,230369088,230369088,87765958,87765958,151246503,151246503,97503612,97503612,-61671558,-61671558,-153166372,-153166372,61637255,61637255,-62061675,-62061675,35642848,35642848,-74949408,-74949408,-218559956,-218559956,-208694598,-208694598,20210762,20210762,-95971956,-95971956,157587505,157587505,128468379,128468379,60068803,60068803,121152926,121152926,-32304408,-32304408,-164184735,-164184735,-41813878,-41813878,161687562,161687562,4090194
f = 843680550,0,1 | route T | claimed 2788.4500217216803787 | coeffs -768836182,-1082369793,-1082369793,-1110205673,-1110205673,-678339902,-678339902,-364955744,-364955744,-366120621,-366120621,-359511881,-359511881,-178091028,-178091028,-310675320,-310675320,-209602594,-209602594,-119569202,-119569202,86234569,86234569,351492581,351492581,701115021,701115021,643552472,643552472,854019595,854019595,961785444,961785444,954815598,954815598,905034346,905034346,1086766374,1086766374,975661309,975661309,900537482,900537482,858243425,858243425,796738240,796738240,849366643,849366643,1010369819,1010369819,960889452,960889452,967896691,967896691,1119748345,1119748345,875105165,875105165,880650464,880650464,743651070,743651070,768836182
# status f = 843680550,0,1 : PASS_RHO (rho 0.99087, T 2788.5, 1s)
f = 853362995,0,1 | route RHO | claimed 0.99953137613904761041 | coeffs 65019573,65019573,55154215,55154215,-358296282,-358296282,-297212159,-297212159,-456387329,-456387329,-256907336,-256907336,-113296788,-113296788,169026307,169026307,100626731,100626731,46883840,46883840,204481208,204481208,315073464,315073464,401810252,401810252,372691126,372691126,436171671,436171671,232670231,232670231,134965708,134965708,165189754,165189754,418749215,418749215,276146085,276146085,153775228,153775228,277474158,277474158,336916484,336916484,220733766,220733766,182397887,182397887,314278214,314278214,99474587,99474587,-92714297,-92714297,136191063,136191063,-123689308,-123689308,29768026,29768026,121262840,121262840
f = 853362995,0,1 | route T | claimed 3781.3239486618687836 | coeffs 249786649,249786649,-176490435,-176490435,-56369570,-56369570,121700153,121700153,39805370,39805370,-99779927,-99779927,-230551123,-230551123,-202790918,-202790918,44751497,44751497,206988150,206988150,-98769721,-98769721,-348750631,-348750631,-400531784,-400531784,-435497607,-435497607,-524716227,-524716227,-327820457,-327820457,-329470701,-329470701,-134818699,-134818699,-158554851,-158554851,-323042627,-323042627,-329636900,-329636900,-550597146,-550597146,-500399174,-500399174,-292565106,-292565106,-198121402,-198121402,-156187638,-156187638,-21653386,-21653386,-13863901,-13863901,-43321162,-43321162,-48859862,-48859862,-523001368,-523001368,-422022285,-422022285
# status f = 853362995,0,1 : PASS_RHO (rho 0.99953, T 3781.3, 1s)
f = 981785890,0,1 | route RHO | claimed 0.9346819797373650084 | coeffs 3465755,289281303,289281303,153691017,153691017,259683579,259683579,79537064,79537064,361855945,361855945,139816677,139816677,63554702,63554702,59094184,59094184,-88713813,-88713813,41756224,41756224,162374268,162374268,188555058,188555058,547472377,547472377,450635174,450635174,532762646,532762646,357219743,357219743,521226484,521226484,257445350,257445350,296048696,296048696,352413496,352413496,276648805,276648805,391554756,391554756,-19587212,-19587212,-104690522,-104690522,-299489854,-299489854,-305330569,-305330569,-252273902,-252273902,-193794201,-193794201,-16512571,-16512571,58083658,58083658,103795978,103795978,-3465755
f = 981785890,0,1 | route T | claimed 3181.1817196260352969 | coeffs 269074155,269074155,14826381,14826381,147474978,147474978,359579436,359579436,350422755,350422755,466112877,466112877,449246745,449246745,347260258,347260258,451600963,451600963,693830881,693830881,854041609,854041609,727637608,727637608,649125442,649125442,488345931,488345931,527159115,527159115,784297736,784297736,970777562,970777562,809865514,809865514,815531197,815531197,707875360,707875360,456593854,456593854,457921129,457921129,614859717,614859717,629664027,629664027,425171022,425171022,546883578,546883578,82736715,82736715,28048722,28048722,-49724479,-49724479,-359139423,-359139423,-2028328,-2028328,-59529022,-59529022
# status f = 981785890,0,1 : PASS_RHO (rho 0.93468, T 3181.2, 0s)
f = 983088025,0,1 | route RHO | claimed 0.95132392498571614056 | coeffs -59462648,-107894962,-107894962,-131040892,-131040892,-52564141,-52564141,-155203434,-155203434,124067434,124067434,250430863,250430863,579227077,579227077,534624956,534624956,541705168,541705168,365464915,365464915,397577522,397577522,310011048,310011048,244686956,244686956,144673778,144673778,168170860,168170860,291460751,291460751,696339714,696339714,670034233,670034233,771006963,771006963,589835768,589835768,622257984,622257984,643526697,643526697,431108976,431108976,678243667,678243667,570420772,570420772,728460565,728460565,674379008,674379008,293543901,293543901,189511629,189511629,126644387,126644387,252534991,252534991,59462648
f = 983088025,0,1 | route T | claimed 2460.7839505052443571 | coeffs -99075553,144483305,144483305,251770749,251770749,369846593,369846593,463686570,463686570,293446087,293446087,442293895,442293895,318598339,318598339,363399432,363399432,233143799,233143799,531527107,531527107,489814478,489814478,450472742,450472742,448650501,448650501,460205756,460205756,284679225,284679225,281908993,281908993,150830491,150830491,131091763,131091763,-156773345,-156773345,15403892,15403892,-310988695,-310988695,-171895614,-171895614,24925563,24925563,-281113829,-281113829,-258443734,-258443734,-365949278,-365949278,-477999373,-477999373,-269218380,-269218380,27866209,27866209,-235571634,-235571634,52043166,52043166,99075553
# status f = 983088025,0,1 : PASS_RHO (rho 0.95132, T 2460.8, 0s)
f = 992063863,0,1 | route RHO | claimed 0.9346819797373650084 | coeffs 58083658,-16512571,-16512571,-193794201,-193794201,-252273902,-252273902,-305330569,-305330569,-299489854,-299489854,-104690522,-104690522,-19587212,-19587212,391554756,391554756,276648805,276648805,352413496,352413496,296048696,296048696,257445350,257445350,521226484,521226484,357219743,357219743,532762646,532762646,450635174,450635174,547472377,547472377,188555058,188555058,162374268,162374268,41756224,41756224,-88713813,-88713813,59094184,59094184,63554702,63554702,139816677,139816677,361855945,361855945,79537064,79537064,259683579,259683579,153691017,153691017,289281303,289281303,3465755,3465755,-103795978,-103795978,-58083658
f = 992063863,0,1 | route T | claimed 2583.2963100213098635 | coeffs -19587212,391554756,391554756,276648805,276648805,352413496,352413496,296048696,296048696,257445350,257445350,521226484,521226484,357219743,357219743,532762646,532762646,450635174,450635174,547472377,547472377,188555058,188555058,162374268,162374268,41756224,41756224,-88713813,-88713813,59094184,59094184,63554702,63554702,139816677,139816677,361855945,361855945,79537064,79537064,259683579,259683579,153691017,153691017,289281303,289281303,3465755,3465755,-103795978,-103795978,-58083658,-58083658,16512571,16512571,193794201,193794201,252273902,252273902,305330569,305330569,299489854,299489854,104690522,104690522,19587212
# status f = 992063863,0,1 : PASS_RHO (rho 0.93468, T 2583.3, 0s)
# summary n = 7 l = 1000374337 : EXCLUSION_CANDIDATE ; PASS 32 / 32 ; OPEN_NEAR 0 ; OPEN_FAR 0 ; 16s
