# FAMILY WITNESS FILE (generator family_gen.sage r10). n = 7 ; l = 1001058241 ; m = 64 ; deg = 2 ; ncomp = 32 ; bar_T = 4224 ; L_n = 16.3328709449664096755483535644
# line: f = c0,...,c_deg (monic, over F_l) | route RHO|T | claimed (rho or T, float) | coeffs a_0..a_{m-1}
f = 50965474,0,1 | route RHO | claimed 0.93002639249588808826 | coeffs -13507314,129285671,129285671,180686393,180686393,-129472724,-129472724,-171654718,-171654718,-233267516,-233267516,-143896129,-143896129,-295794665,-295794665,-139470751,-139470751,-171652184,-171652184,89186009,89186009,-276971257,-276971257,-429487659,-429487659,-407661077,-407661077,23029476,23029476,-4901477,-4901477,-87999930,-87999930,-121219059,-121219059,12013552,12013552,-62774774,-62774774,32811543,32811543,-112139853,-112139853,63814323,63814323,-57744978,-57744978,-14227327,-14227327,220029966,220029966,195908915,195908915,293600547,293600547,167452902,167452902,182663211,182663211,42804448,42804448,69635803,69635803,13507314
f = 50965474,0,1 | route T | claimed 2750.4303485796615683 | coeffs 1024996542,922294595,922294595,916948487,916948487,890469530,890469530,904665137,904665137,1180260399,1180260399,1318043146,1318043146,1134368902,1134368902,952695839,952695839,697827567,697827567,648425822,648425822,405033361,405033361,526655812,526655812,298022971,298022971,170109114,170109114,146117903,146117903,181828765,181828765,-235948857,-235948857,37487043,37487043,56825382,56825382,-230509092,-230509092,-103099059,-103099059,-124177147,-124177147,-125294613,-125294613,-123689517,-123689517,-540179691,-540179691,-584645033,-584645033,-634121932,-634121932,-821438643,-821438643,-882110022,-882110022,-912845513,-912845513,-861300184,-861300184,-1024996542
# status f = 50965474,0,1 : PASS_RHO (rho 0.93003, T 2750.4, 1s)
f = 98348443,0,1 | route RHO | claimed 0.94449963948509425675 | coeffs 293507522,293507522,12156599,12156599,128546860,128546860,-128463386,-128463386,-193455434,-193455434,82276495,82276495,-15001007,-15001007,69022771,69022771,169621026,169621026,240266228,240266228,344493023,344493023,589094844,589094844,557413946,557413946,587779460,587779460,808694627,808694627,753759852,753759852,873267375,873267375,966431115,966431115,830137793,830137793,857261650,857261650,778260323,778260323,773933648,773933648,519498235,519498235,362992167,362992167,435672855,435672855,46043612,46043612,446380137,446380137,326429410,326429410,145611409,145611409,156641863,156641863,16102410,16102410,-103459567,-103459567
f = 98348443,0,1 | route T | claimed 2287.3966141911735726 | coeffs -148762744,-90807821,-90807821,312979041,312979041,561817433,561817433,367036740,367036740,373794557,373794557,688827514,688827514,814728156,814728156,974045905,974045905,1176613739,1176613739,782964686,782964686,882464706,882464706,1015647897,1015647897,928169614,928169614,980482113,980482113,1091273094,1091273094,789988298,789988298,887277292,887277292,883703940,883703940,687378094,687378094,945114061,945114061,975684408,975684408,755782193,755782193,829382058,829382058,811883842,811883842,763557502,763557502,709142077,709142077,691170482,691170482,577923159,577923159,458570252,458570252,263120660,263120660,68279846,68279846,148762744
# status f = 98348443,0,1 : PASS_RHO (rho 0.94450, T 2287.4, 0s)
f = 165146037,0,1 | route RHO | claimed 0.93833890731214266821 | coeffs 703676456,539914005,539914005,652293252,652293252,671209469,671209469,622846915,622846915,659193924,659193924,837788321,837788321,709385102,709385102,425256480,425256480,412214068,412214068,384852541,384852541,358241847,358241847,385318725,385318725,428417944,428417944,364097787,364097787,256178622,256178622,176128066,176128066,104962762,104962762,170190755,170190755,-162617683,-162617683,133857914,133857914,-176190267,-176190267,-15700624,-15700624,-207905516,-207905516,-85383290,-85383290,-154338128,-154338128,-101298698,-101298698,-327097540,-327097540,-385747169,-385747169,-484933387,-484933387,-779475259,-779475259,-488047099,-488047099,-703676456
f = 165146037,0,1 | route T | claimed 2991.364019119029683 | coeffs -133857914,176190267,176190267,15700624,15700624,207905516,207905516,85383290,85383290,154338128,154338128,101298698,101298698,327097540,327097540,385747169,385747169,484933387,484933387,779475259,779475259,488047099,488047099,703676456,703676456,539914005,539914005,652293252,652293252,671209469,671209469,622846915,622846915,659193924,659193924,837788321,837788321,709385102,709385102,425256480,425256480,412214068,412214068,384852541,384852541,358241847,358241847,385318725,385318725,428417944,428417944,364097787,364097787,256178622,256178622,176128066,176128066,104962762,104962762,170190755,170190755,-162617683,-162617683,133857914
# status f = 165146037,0,1 : PASS_RHO (rho 0.93834, T 2991.4, 0s)
f = 170982339,0,1 | route RHO | claimed 0.90438746620817807484 | coeffs -398178329,-398178329,-434511170,-434511170,-137340136,-137340136,256387954,256387954,-11192491,-11192491,401339350,401339350,559175197,559175197,553237886,553237886,503046708,503046708,787495179,787495179,636279319,636279319,421337913,421337913,594097325,594097325,406127604,406127604,418143149,418143149,434058557,434058557,261819235,261819235,291265572,291265572,237698184,237698184,216477246,216477246,85181782,85181782,154864448,154864448,225040545,225040545,276423749,276423749,308138998,308138998,308605182,308605182,256738276,256738276,406296814,406296814,352324593,352324593,428123396,428123396,441695980,441695980,401292041,401292041
f = 170982339,0,1 | route T | claimed 1950.732290218290648 | coeffs 256387954,256387954,-11192491,-11192491,401339350,401339350,559175197,559175197,553237886,553237886,503046708,503046708,787495179,787495179,636279319,636279319,421337913,421337913,594097325,594097325,406127604,406127604,418143149,418143149,434058557,434058557,261819235,261819235,291265572,291265572,237698184,237698184,216477246,216477246,85181782,85181782,154864448,154864448,225040545,225040545,276423749,276423749,308138998,308138998,308605182,308605182,256738276,256738276,406296814,406296814,352324593,352324593,428123396,428123396,441695980,441695980,401292041,401292041,398178329,398178329,434511170,434511170,137340136,137340136
# status f = 170982339,0,1 : PASS_RHO (rho 0.90439, T 1950.7, 0s)
f = 174733935,0,1 | route RHO | claimed 0.94449963948509425675 | coeffs -446380137,-446380137,-46043612,-46043612,-435672855,-435672855,-362992167,-362992167,-519498235,-519498235,-773933648,-773933648,-778260323,-778260323,-857261650,-857261650,-830137793,-830137793,-966431115,-966431115,-873267375,-873267375,-753759852,-753759852,-808694627,-808694627,-587779460,-587779460,-557413946,-557413946,-589094844,-589094844,-344493023,-344493023,-240266228,-240266228,-169621026,-169621026,-69022771,-69022771,15001007,15001007,-82276495,-82276495,193455434,193455434,128463386,128463386,-128546860,-128546860,-12156599,-12156599,-293507522,-293507522,-103459567,-103459567,16102410,16102410,156641863,156641863,145611409,145611409,326429410,326429410
f = 174733935,0,1 | route T | claimed 2534.0452251951189203 | coeffs 917743788,834645335,834645335,861476690,861476690,430786137,430786137,415575828,415575828,263059426,263059426,360751058,360751058,99912865,99912865,-134344428,-134344428,21979486,21979486,-99579815,-99579815,-188951202,-188951202,-43999806,-43999806,-86181800,-86181800,-160970126,-160970126,-212370848,-212370848,-179151719,-179151719,-123023230,-123023230,-150954183,-150954183,-290812946,-290812946,-312639528,-312639528,-186491883,-186491883,-552649149,-552649149,-576770200,-576770200,-544588767,-544588767,-588106418,-588106418,-740004954,-740004954,-564050778,-564050778,-502437980,-502437980,-598024297,-598024297,-908183414,-908183414,-774950803,-774950803,-917743788
# status f = 174733935,0,1 : PASS_RHO (rho 0.94450, T 2534.0, 0s)
f = 191886789,0,1 | route RHO | claimed 0.93353593034521968872 | coeffs 417344255,417344255,23616165,23616165,37188749,37188749,37654933,37654933,-93640531,-93640531,-77725123,-77725123,-228940983,-228940983,183590858,183590858,186704570,186704570,37146032,37146032,-33030065,-33030065,-62476402,-62476402,-235235814,-235235814,-229298503,-229298503,-526469537,-526469537,-450670734,-450670734,-418955485,-418955485,-440176423,-440176423,-428160878,-428160878,-143712407,-143712407,-411292852,-411292852,-370888913,-370888913,-319022007,-319022007,-388704673,-388704673,-216465351,-216465351,-1523945,-1523945,-159359792,-159359792,-123026951,-123026951,-176999172,-176999172,-125615968,-125615968,-179183356,-179183356,-367153077,-367153077
f = 191886789,0,1 | route T | claimed 2373.7784546156666855 | coeffs 298209864,298209864,270848337,270848337,434610788,434610788,312088562,312088562,204169397,204169397,25575000,25575000,124761218,124761218,421236815,421236815,447847509,447847509,560226756,560226756,491271918,491271918,571322474,571322474,442919255,442919255,148377383,148377383,458425564,458425564,485502442,485502442,466586225,466586225,413546795,413546795,342381491,342381491,626510113,626510113,335081953,335081953,495571596,495571596,452472377,452472377,404109823,404109823,178310981,178310981,113082988,113082988,100040576,100040576,-115588781,-115588781,76616111,76616111,12295954,12295954,-24051055,-24051055,34598574,34598574
# status f = 191886789,0,1 : PASS_RHO (rho 0.93354, T 2373.8, 0s)
f = 202701222,0,1 | route RHO | claimed 0.93943260137490609091 | coeffs -441555779,-441555779,-751714896,-751714896,-595390982,-595390982,-573564400,-573564400,-440331789,-440331789,-561891090,-561891090,-688038735,-688038735,-830831720,-830831720,-920203107,-920203107,-554045841,-554045841,-470947388,-470947388,-325995992,-325995992,-301874941,-301874941,-328706296,-328706296,-370888290,-370888290,-403069723,-403069723,27620830,27620830,-47167496,-47167496,-3649845,-3649845,11560464,11560464,-39840258,-39840258,112058278,112058278,264574680,264574680,297793809,297793809,121839633,121839633,24148001,24148001,80276490,80276490,18663692,18663692,279501885,279501885,251570932,251570932,347157249,347157249,581414542,581414542
f = 202701222,0,1 | route T | claimed 2214.8577142996287782 | coeffs -39840258,-39840258,112058278,112058278,264574680,264574680,297793809,297793809,121839633,121839633,24148001,24148001,80276490,80276490,18663692,18663692,279501885,279501885,251570932,251570932,347157249,347157249,581414542,581414542,441555779,441555779,751714896,751714896,595390982,595390982,573564400,573564400,440331789,440331789,561891090,561891090,688038735,688038735,830831720,830831720,920203107,920203107,554045841,554045841,470947388,470947388,325995992,325995992,301874941,301874941,328706296,328706296,370888290,370888290,403069723,403069723,-27620830,-27620830,47167496,47167496,3649845,3649845,-11560464,-11560464
# status f = 202701222,0,1 : PASS_RHO (rho 0.93943, T 2214.9, 0s)
f = 210813635,0,1 | route RHO | claimed 0.90438746620817807484 | coeffs 276423749,276423749,225040545,225040545,154864448,154864448,85181782,85181782,216477246,216477246,237698184,237698184,291265572,291265572,261819235,261819235,434058557,434058557,418143149,418143149,406127604,406127604,594097325,594097325,421337913,421337913,636279319,636279319,787495179,787495179,503046708,503046708,553237886,553237886,559175197,559175197,401339350,401339350,-11192491,-11192491,256387954,256387954,-137340136,-137340136,-434511170,-434511170,-398178329,-398178329,-401292041,-401292041,-441695980,-441695980,-428123396,-428123396,-352324593,-352324593,-406296814,-406296814,-256738276,-256738276,-308605182,-308605182,-308138998,-308138998
f = 210813635,0,1 | route T | claimed 2466.0443235748890739 | coeffs 204643508,204643508,501119105,501119105,209690945,209690945,237052472,237052472,-72995709,-72995709,142633648,142633648,169244342,169244342,329733985,329733985,165971534,165971534,138894656,138894656,-53310236,-53310236,59069011,59069011,15969792,15969792,138492018,138492018,157408235,157408235,221728392,221728392,152773554,152773554,104411000,104411000,212330165,212330165,265369595,265369595,301716604,301716604,381767160,381767160,155968318,155968318,334562715,334562715,405728019,405728019,347078390,347078390,218675171,218675171,153447178,153447178,54260960,54260960,-229867662,-229867662,102940776,102940776,-191601096,-191601096
# status f = 210813635,0,1 : PASS_RHO (rho 0.90439, T 2466.0, 0s)
f = 312374497,0,1 | route RHO | claimed 0.94472998749407354457 | coeffs -154649356,-227279587,-227279587,-141172384,-141172384,-181374557,-181374557,-554874646,-554874646,-333620324,-333620324,-406865715,-406865715,-271033742,-271033742,-201358009,-201358009,-441968176,-441968176,-601367611,-601367611,-493360551,-493360551,-427078128,-427078128,-579466434,-579466434,-283615693,-283615693,-140784112,-140784112,-221807322,-221807322,-383722612,-383722612,-323659360,-323659360,-348905758,-348905758,-286572726,-286572726,-61318566,-61318566,10818984,10818984,47122463,47122463,81940717,81940717,-14134975,-14134975,433590183,433590183,212152249,212152249,136922218,136922218,244083276,244083276,141975818,141975818,217096795,217096795,154649356
f = 312374497,0,1 | route T | claimed 2511.3616530189281361 | coeffs 179875982,179875982,335199553,335199553,422953685,422953685,537872587,537872587,452576554,452576554,290352952,290352952,336217139,336217139,448070066,448070066,356173223,356173223,329825078,329825078,473745435,473745435,754047840,754047840,444877005,444877005,427638946,427638946,255635799,255635799,316018166,316018166,462972230,462972230,209546827,209546827,54900820,54900820,91121789,91121789,208605058,208605058,156135581,156135581,406065906,406065906,283789076,283789076,336936726,336936726,563489769,563489769,176971610,176971610,300939005,300939005,182301598,182301598,132687380,132687380,-144366669,-144366669,103758743,103758743
# status f = 312374497,0,1 : PASS_RHO (rho 0.94473, T 2511.4, 0s)
f = 323888739,0,1 | route RHO | claimed 0.93353593034521968872 | coeffs -23616165,-417344255,-417344255,-367153077,-367153077,-179183356,-179183356,-125615968,-125615968,-176999172,-176999172,-123026951,-123026951,-159359792,-159359792,-1523945,-1523945,-216465351,-216465351,-388704673,-388704673,-319022007,-319022007,-370888913,-370888913,-411292852,-411292852,-143712407,-143712407,-428160878,-428160878,-440176423,-440176423,-418955485,-418955485,-450670734,-450670734,-526469537,-526469537,-229298503,-229298503,-235235814,-235235814,-62476402,-62476402,-33030065,-33030065,37146032,37146032,186704570,186704570,183590858,183590858,-228940983,-228940983,-77725123,-77725123,-93640531,-93640531,37654933,37654933,37188749,37188749,23616165
f = 323888739,0,1 | route T | claimed 2209.1059305757307277 | coeffs 37188749,23616165,23616165,417344255,417344255,367153077,367153077,179183356,179183356,125615968,125615968,176999172,176999172,123026951,123026951,159359792,159359792,1523945,1523945,216465351,216465351,388704673,388704673,319022007,319022007,370888913,370888913,411292852,411292852,143712407,143712407,428160878,428160878,440176423,440176423,418955485,418955485,450670734,450670734,526469537,526469537,229298503,229298503,235235814,235235814,62476402,62476402,33030065,33030065,-37146032,-37146032,-186704570,-186704570,-183590858,-183590858,228940983,228940983,77725123,77725123,93640531,93640531,-37654933,-37654933,-37188749
# status f = 323888739,0,1 : PASS_RHO (rho 0.93354, T 2209.1, 0s)
f = 328752045,0,1 | route RHO | claimed 0.93833890731214266821 | coeffs -176190267,133857914,133857914,-162617683,-162617683,170190755,170190755,104962762,104962762,176128066,176128066,256178622,256178622,364097787,364097787,428417944,428417944,385318725,385318725,358241847,358241847,384852541,384852541,412214068,412214068,425256480,425256480,709385102,709385102,837788321,837788321,659193924,659193924,622846915,622846915,671209469,671209469,652293252,652293252,539914005,539914005,703676456,703676456,488047099,488047099,779475259,779475259,484933387,484933387,385747169,385747169,327097540,327097540,101298698,101298698,154338128,154338128,85383290,85383290,207905516,207905516,15700624,15700624,176190267
f = 328752045,0,1 | route T | claimed 2207.6086281940537126 | coeffs -162617683,170190755,170190755,104962762,104962762,176128066,176128066,256178622,256178622,364097787,364097787,428417944,428417944,385318725,385318725,358241847,358241847,384852541,384852541,412214068,412214068,425256480,425256480,709385102,709385102,837788321,837788321,659193924,659193924,622846915,622846915,671209469,671209469,652293252,652293252,539914005,539914005,703676456,703676456,488047099,488047099,779475259,779475259,484933387,484933387,385747169,385747169,327097540,327097540,101298698,101298698,154338128,154338128,85383290,85383290,207905516,207905516,15700624,15700624,176190267,176190267,-133857914,-133857914,162617683
# status f = 328752045,0,1 : PASS_RHO (rho 0.93834, T 2207.6, 0s)
f = 347415102,0,1 | route RHO | claimed 0.91398843058057522557 | coeffs 234731060,365302176,365302176,108974058,108974058,353260655,353260655,371342729,371342729,114325179,114325179,46957125,46957125,212423943,212423943,125325755,125325755,-147291350,-147291350,-106464007,-106464007,-298779835,-298779835,-177622337,-177622337,-74693295,-74693295,-381092400,-381092400,-171582377,-171582377,-111644310,-111644310,-213067782,-213067782,-402133392,-402133392,-348806640,-348806640,-472341124,-472341124,-457590483,-457590483,-322549479,-322549479,-600952784,-600952784,-166571050,-166571050,-191429987,-191429987,-263139227,-263139227,-353101129,-353101129,-195513046,-195513046,-464918655,-464918655,-470468889,-470468889,-236756708,-236756708,-234731060
f = 347415102,0,1 | route T | claimed 2589.6839172518855533 | coeffs 178528109,178528109,45295498,45295498,13114065,13114065,-43014424,-43014424,78544877,78544877,509235430,509235430,570848228,570848228,696995873,696995873,622207547,622207547,361369354,361369354,504162339,504162339,547679990,547679990,575610943,575610943,664982330,664982330,680192639,680192639,584606322,584606322,218449056,218449056,167048334,167048334,-67208959,-67208959,-150307412,-150307412,1591124,1591124,141449887,141449887,-3501509,-3501509,149014893,149014893,-161144224,-161144224,-185265275,-185265275,-152046146,-152046146,4277768,4277768,31109123,31109123,-144845053,-144845053,-123018471,-123018471,-80836477,-80836477
# status f = 347415102,0,1 : PASS_RHO (rho 0.91399, T 2589.7, 1s)
f = 375371098,0,1 | route RHO | claimed 0.93370096456056808123 | coeffs -879593200,-664651794,-664651794,-594475697,-594475697,-630808538,-630808538,-803567950,-803567950,-752184746,-752184746,-455013712,-455013712,-267043991,-267043991,-235328742,-235328742,158399348,158399348,146383803,146383803,146849987,146849987,-120730458,-120730458,-136645866,-136645866,-188512772,-188512772,224019069,224019069,396258391,396258391,545816929,545816929,703652776,703652776,674206439,674206439,620234218,620234218,614296907,614296907,667864295,667864295,743663098,743663098,693471920,693471920,714692858,714692858,728265442,728265442,1012713913,1012713913,1144009377,1144009377,1103605438,1103605438,952389578,952389578,882706912,882706912,879593200
f = 375371098,0,1 | route T | claimed 2693.8578858998067564 | coeffs 439688563,439688563,637311331,637311331,581996588,581996588,912047773,912047773,1210945546,1210945546,1040561576,1040561576,814224477,814224477,896132337,896132337,902177674,902177674,943228593,943228593,882896133,882896133,653277310,653277310,634038490,634038490,396434730,396434730,251579048,251579048,346429910,346429910,306403709,306403709,250739468,250739468,314128895,314128895,171112621,171112621,56938040,56938040,231947084,231947084,-188094995,-188094995,-210126534,-210126534,-153638343,-153638343,-439187527,-439187527,-474168261,-474168261,-632806574,-632806574,-473232759,-473232759,-443040089,-443040089,-496941940,-496941940,-538266931,-538266931
# status f = 375371098,0,1 : PASS_RHO (rho 0.93370, T 2693.9, 0s)
f = 408405501,0,1 | route RHO | claimed 0.93943260137490609091 | coeffs 47167496,-27620830,-27620830,403069723,403069723,370888290,370888290,328706296,328706296,301874941,301874941,325995992,325995992,470947388,470947388,554045841,554045841,920203107,920203107,830831720,830831720,688038735,688038735,561891090,561891090,440331789,440331789,573564400,573564400,595390982,595390982,751714896,751714896,441555779,441555779,581414542,581414542,347157249,347157249,251570932,251570932,279501885,279501885,18663692,18663692,80276490,80276490,24148001,24148001,121839633,121839633,297793809,297793809,264574680,264574680,112058278,112058278,-39840258,-39840258,11560464,11560464,-3649845,-3649845,-47167496
f = 408405501,0,1 | route T | claimed 2992.2973149415695559 | coeffs 106054206,139272940,139272940,274112752,274112752,80016029,80016029,-24498997,-24498997,-15026873,-15026873,-438630980,-438630980,-186518526,-186518526,-40972634,-40972634,365386805,365386805,202770027,202770027,300587209,300587209,240721987,240721987,-23668895,-23668895,169626968,169626968,-33800610,-33800610,157341558,157341558,68620375,68620375,106371680,106371680,-200515844,-200515844,77397928,77397928,241160854,241160854,139722096,139722096,48946588,48946588,73841309,73841309,146286543,146286543,250103169,250103169,120808348,120808348,43521977,43521977,-33255582,-33255582,104252343,104252343,-132212288,-132212288,-106054206
# status f = 408405501,0,1 : PASS_RHO (rho 0.93943, T 2992.3, 0s)
f = 466682019,0,1 | route RHO | claimed 0.9577293885909251535 | coeffs 81463503,56217105,56217105,-391508053,-391508053,-318877822,-318877822,-249202089,-249202089,-392033670,-392033670,-319896120,-319896120,-427057178,-427057178,-53557089,-53557089,54449971,54449971,-5613281,-5613281,-101688973,-101688973,-39241534,-39241534,-175073507,-175073507,120777234,120777234,-104476926,-104476926,-179706957,-179706957,-219909130,-219909130,-60509695,-60509695,-222424985,-222424985,-257243239,-257243239,-182122262,-182122262,-255367653,-255367653,-102979347,-102979347,-40646315,-40646315,180791619,180791619,94684416,94684416,-145925751,-145925751,-64902541,-64902541,-28599062,-28599062,73508396,73508396,-147745926,-147745926,-81463503
f = 466682019,0,1 | route T | claimed 2290.4483506556690085 | coeffs 559844025,530003577,530003577,659494450,659494450,834753785,834753785,514060922,514060922,628840486,628840486,564865571,564865571,457503526,457503526,261202689,261202689,105814300,105814300,26019025,26019025,122037380,122037380,-58787318,-58787318,-258308336,-258308336,28593226,28593226,-193717083,-193717083,-112274856,-112274856,-251407572,-251407572,-53936927,-53936927,-104998783,-104998783,247332954,247332954,-256997760,-256997760,-454426234,-454426234,-410403751,-410403751,-485584264,-485584264,-485270466,-485270466,-527918430,-527918430,-495027850,-495027850,-532446322,-532446322,-709196856,-709196856,-711768840,-711768840,-525139752,-525139752,-559844025
# status f = 466682019,0,1 : PASS_RHO (rho 0.95773, T 2290.4, 0s)
f = 491354086,0,1 | route RHO | claimed 0.93370096456056808123 | coeffs 188512772,188512772,136645866,136645866,120730458,120730458,-146849987,-146849987,-146383803,-146383803,-158399348,-158399348,235328742,235328742,267043991,267043991,455013712,455013712,752184746,752184746,803567950,803567950,630808538,630808538,594475697,594475697,664651794,664651794,879593200,879593200,882706912,882706912,952389578,952389578,1103605438,1103605438,1144009377,1144009377,1012713913,1012713913,728265442,728265442,714692858,714692858,693471920,693471920,743663098,743663098,667864295,667864295,614296907,614296907,620234218,620234218,674206439,674206439,703652776,703652776,545816929,545816929,396258391,396258391,224019069,224019069
f = 491354086,0,1 | route T | claimed 2849.8997118285892353 | coeffs -351420692,-351420692,-340441427,-340441427,-381905375,-381905375,-133789745,-133789745,-50041064,-50041064,186121280,186121280,139043814,139043814,284525283,284525283,489308531,489308531,523775159,523775159,338507474,338507474,24612666,24612666,168875929,168875929,297213529,297213529,519644029,519644029,856377067,856377067,750942773,750942773,740964676,740964676,527356452,527356452,557268973,557268973,387417581,387417581,631587133,631587133,491063060,491063060,266500940,266500940,615538880,615538880,682837492,682837492,777658525,777658525,740859500,740859500,823051142,823051142,644264458,644264458,615662921,615662921,497375866,497375866
# status f = 491354086,0,1 : PASS_RHO (rho 0.93370, T 2849.9, 0s)
f = 509704155,0,1 | route RHO | claimed 0.87371165331167437391 | coeffs -309598935,-309598935,-238433631,-238433631,-265795158,-265795158,-284711375,-284711375,-226061746,-226061746,-536109927,-536109927,-471789770,-471789770,-600192989,-600192989,-815822346,-815822346,-746867508,-746867508,-681639515,-681639515,-655028821,-655028821,-703391375,-703391375,-802577593,-802577593,-963067236,-963067236,-1070986401,-1070986401,-786857779,-786857779,-950620230,-950620230,-897580800,-897580800,-564772362,-564772362,-537695484,-537695484,-574042493,-574042493,-279500621,-279500621,-471705513,-471705513,-391654957,-391654957,-404697369,-404697369,-517076616,-517076616,-291277774,-291277774,5197823,5197823,-37901396,-37901396,140693001,140693001,432121161,432121161
f = 509704155,0,1 | route T | claimed 2411.2187066609277906 | coeffs -51810630,68824874,68824874,-92893826,-92893826,29830888,29830888,-106234632,-106234632,-159379481,-159379481,94298749,94298749,-32656644,-32656644,271182770,271182770,241349295,241349295,289047171,289047171,230369062,230369062,272501842,272501842,321283413,321283413,19956136,19956136,-175458830,-175458830,-298049031,-298049031,-246096036,-246096036,-100633443,-100633443,-320032741,-320032741,-181360050,-181360050,-46954345,-46954345,63663142,63663142,142130035,142130035,228343402,228343402,-137756468,-137756468,-70160811,-70160811,71708022,71708022,266868132,266868132,-57350631,-57350631,155941054,155941054,200721007,200721007,51810630
# status f = 509704155,0,1 : PASS_RHO (rho 0.87371, T 2411.2, 0s)
f = 534376222,0,1 | route RHO | claimed 0.93002639249588808826 | coeffs 112139853,-32811543,-32811543,62774774,62774774,-12013552,-12013552,121219059,121219059,87999930,87999930,4901477,4901477,-23029476,-23029476,407661077,407661077,429487659,429487659,276971257,276971257,-89186009,-89186009,171652184,171652184,139470751,139470751,295794665,295794665,143896129,143896129,233267516,233267516,171654718,171654718,129472724,129472724,-180686393,-180686393,-129285671,-129285671,13507314,13507314,69635803,69635803,42804448,42804448,182663211,182663211,167452902,167452902,293600547,293600547,195908915,195908915,220029966,220029966,-14227327,-14227327,-57744978,-57744978,63814323,63814323,-112139853
f = 534376222,0,1 | route T | claimed 2490.6491629112275689 | coeffs 112139853,-32811543,-32811543,62774774,62774774,-12013552,-12013552,121219059,121219059,87999930,87999930,4901477,4901477,-23029476,-23029476,407661077,407661077,429487659,429487659,276971257,276971257,-89186009,-89186009,171652184,171652184,139470751,139470751,295794665,295794665,143896129,143896129,233267516,233267516,171654718,171654718,129472724,129472724,-180686393,-180686393,-129285671,-129285671,13507314,13507314,69635803,69635803,42804448,42804448,182663211,182663211,167452902,167452902,293600547,293600547,195908915,195908915,220029966,220029966,-14227327,-14227327,-57744978,-57744978,63814323,63814323,-112139853
# status f = 534376222,0,1 : PASS_RHO (rho 0.93003, T 2490.6, 0s)
f = 592652740,0,1 | route RHO | claimed 0.94749203364891069205 | coeffs -157646212,-388696005,-388696005,-426734645,-426734645,-318667677,-318667677,-435530931,-435530931,-371962116,-371962116,-415077241,-415077241,-230769741,-230769741,-165087483,-165087483,-598420007,-598420007,-258893437,-258893437,-366527874,-366527874,-370275000,-370275000,-455453668,-455453668,-463778076,-463778076,-383706908,-383706908,-431788818,-431788818,-353894719,-353894719,-446391399,-446391399,-326096189,-326096189,-113799938,-113799938,-447702995,-447702995,-389363480,-389363480,-398326740,-398326740,-506335197,-506335197,-676310869,-676310869,-716747239,-716747239,-624176662,-624176662,-566729821,-566729821,-403988754,-403988754,-406741661,-406741661,-126529867,-126529867,157646212
f = 592652740,0,1 | route T | claimed 2932.7168748213788978 | coeffs -648988055,-662558164,-662558164,-536658792,-536658792,-698816147,-698816147,-638103930,-638103930,-474589627,-474589627,-284041512,-284041512,-170659687,-170659687,-146191236,-146191236,-327524736,-327524736,-227476230,-227476230,-194232254,-194232254,-153496093,-153496093,-483483732,-483483732,-407591282,-407591282,-284859812,-284859812,-235379792,-235379792,-294752330,-294752330,46259758,46259758,-64248001,-64248001,-253398401,-253398401,-330582075,-330582075,-452530377,-452530377,-208295122,-208295122,-290935962,-290935962,-268144911,-268144911,-45589079,-45589079,-196243025,-196243025,-24243900,-24243900,-173725207,-173725207,83562772,83562772,168838214,168838214,648988055
# status f = 592652740,0,1 : PASS_RHO (rho 0.94749, T 2932.7, 0s)
f = 625687143,0,1 | route RHO | claimed 0.87371165331167437391 | coeffs 265795158,265795158,238433631,238433631,309598935,309598935,432121161,432121161,140693001,140693001,-37901396,-37901396,5197823,5197823,-291277774,-291277774,-517076616,-517076616,-404697369,-404697369,-391654957,-391654957,-471705513,-471705513,-279500621,-279500621,-574042493,-574042493,-537695484,-537695484,-564772362,-564772362,-897580800,-897580800,-950620230,-950620230,-786857779,-786857779,-1070986401,-1070986401,-963067236,-963067236,-802577593,-802577593,-703391375,-703391375,-655028821,-655028821,-681639515,-681639515,-746867508,-746867508,-815822346,-815822346,-600192989,-600192989,-471789770,-471789770,-536109927,-536109927,-226061746,-226061746,-284711375,-284711375
f = 625687143,0,1 | route T | claimed 1492.685656546930633 | coeffs 37901396,-5197823,-5197823,291277774,291277774,517076616,517076616,404697369,404697369,391654957,391654957,471705513,471705513,279500621,279500621,574042493,574042493,537695484,537695484,564772362,564772362,897580800,897580800,950620230,950620230,786857779,786857779,1070986401,1070986401,963067236,963067236,802577593,802577593,703391375,703391375,655028821,655028821,681639515,681639515,746867508,746867508,815822346,815822346,600192989,600192989,471789770,471789770,536109927,536109927,226061746,226061746,284711375,284711375,265795158,265795158,238433631,238433631,309598935,309598935,432121161,432121161,140693001,140693001,-37901396
# status f = 625687143,0,1 : PASS_RHO (rho 0.87371, T 1492.7, 0s)
f = 653643139,0,1 | route RHO | claimed 0.94472998749407354457 | coeffs 427078128,427078128,493360551,493360551,601367611,601367611,441968176,441968176,201358009,201358009,271033742,271033742,406865715,406865715,333620324,333620324,554874646,554874646,181374557,181374557,141172384,141172384,227279587,227279587,154649356,154649356,217096795,217096795,141975818,141975818,244083276,244083276,136922218,136922218,212152249,212152249,433590183,433590183,-14134975,-14134975,81940717,81940717,47122463,47122463,10818984,10818984,-61318566,-61318566,-286572726,-286572726,-348905758,-348905758,-323659360,-323659360,-383722612,-383722612,-221807322,-221807322,-140784112,-140784112,-283615693,-283615693,-579466434,-579466434
f = 653643139,0,1 | route T | claimed 2564.081426497029923 | coeffs 536683538,360729362,360729362,338902780,338902780,381084774,381084774,478776406,478776406,612009017,612009017,579827584,579827584,635956073,635956073,757515374,757515374,326824821,326824821,388437619,388437619,262289974,262289974,187501648,187501648,448339841,448339841,591132826,591132826,547615175,547615175,575546128,575546128,486174741,486174741,501385050,501385050,596971367,596971367,230814101,230814101,282214823,282214823,47957530,47957530,131055983,131055983,282954519,282954519,143095756,143095756,-1855640,-1855640,-154372042,-154372042,-464531159,-464531159,-440410108,-440410108,-407190979,-407190979,-563514893,-563514893,-536683538
# status f = 653643139,0,1 : PASS_RHO (rho 0.94473, T 2564.1, 0s)
f = 672306196,0,1 | route RHO | claimed 0.84890302309937201712 | coeffs 219281770,187100337,187100337,282686654,282686654,309518009,309518009,48679816,48679816,193631212,193631212,249759701,249759701,-116397565,-116397565,59556611,59556611,-83236374,-83236374,69280028,69280028,190839329,190839329,242240051,242240051,264066633,264066633,307584284,307584284,617743401,617743401,187052848,187052848,-47204445,-47204445,-89386439,-89386439,-117317392,-117317392,-141438443,-141438443,-79825645,-79825645,3272808,3272808,-94418824,-94418824,-5047437,-5047437,-38266566,-38266566,-164414211,-164414211,-12515675,-12515675,-145748286,-145748286,-160958595,-160958595,-4634681,-4634681,-79423007,-79423007,-219281770
f = 672306196,0,1 | route T | claimed 1670.8007179442435523 | coeffs -3272808,-3272808,94418824,94418824,5047437,5047437,38266566,38266566,164414211,164414211,12515675,12515675,145748286,145748286,160958595,160958595,4634681,4634681,79423007,79423007,219281770,219281770,187100337,187100337,282686654,282686654,309518009,309518009,48679816,48679816,193631212,193631212,249759701,249759701,-116397565,-116397565,59556611,59556611,-83236374,-83236374,69280028,69280028,190839329,190839329,242240051,242240051,264066633,264066633,307584284,307584284,617743401,617743401,187052848,187052848,-47204445,-47204445,-89386439,-89386439,-117317392,-117317392,-141438443,-141438443,-79825645,-79825645
# status f = 672306196,0,1 : PASS_RHO (rho 0.84890, T 1670.8, 0s)
f = 677169502,0,1 | route RHO | claimed 0.92193253025287040936 | coeffs -173517458,-215699452,-215699452,-72906467,-72906467,66952296,66952296,-30739336,-30739336,-74256987,-74256987,70694409,70694409,-62538202,-62538202,-34607249,-34607249,117909153,117909153,150090586,150090586,60719199,60719199,370878316,370878316,314749827,314749827,329960136,329960136,305839085,305839085,184279784,184279784,279866101,279866101,246646972,246646972,677337525,677337525,311180259,311180259,467504173,467504173,405891375,405891375,457292097,457292097,430460742,430460742,556608387,556608387,322351094,322351094,146396918,146396918,221185244,221185244,304283697,304283697,282457115,282457115,21618922,21618922,173517458
f = 677169502,0,1 | route T | claimed 2185.8235956471730147 | coeffs -193582769,-193582769,-109358113,-109358113,-101528403,-101528403,-430667243,-430667243,-482070173,-482070173,-693632987,-693632987,-691325479,-691325479,-463306859,-463306859,-716269107,-716269107,-385951738,-385951738,-250928532,-250928532,28148022,28148022,-206431926,-206431926,-164201529,-164201529,-229106545,-229106545,-499557160,-499557160,-280971755,-280971755,-363087402,-363087402,-213616394,-213616394,-305976354,-305976354,-447481833,-447481833,-362711716,-362711716,-240513273,-240513273,-78284185,-78284185,-114111104,-114111104,-148919950,-148919950,61594133,61594133,168068891,168068891,419493212,419493212,180643276,180643276,94044749,94044749,137101773,137101773
# status f = 677169502,0,1 : PASS_RHO (rho 0.92193, T 2185.8, 0s)
f = 688683744,0,1 | route RHO | claimed 0.91398843058057522557 | coeffs 171582377,171582377,381092400,381092400,74693295,74693295,177622337,177622337,298779835,298779835,106464007,106464007,147291350,147291350,-125325755,-125325755,-212423943,-212423943,-46957125,-46957125,-114325179,-114325179,-371342729,-371342729,-353260655,-353260655,-108974058,-108974058,-365302176,-365302176,-234731060,-234731060,-236756708,-236756708,-470468889,-470468889,-464918655,-464918655,-195513046,-195513046,-353101129,-353101129,-263139227,-263139227,-191429987,-191429987,-166571050,-166571050,-600952784,-600952784,-322549479,-322549479,-457590483,-457590483,-472341124,-472341124,-348806640,-348806640,-402133392,-402133392,-213067782,-213067782,-111644310,-111644310
f = 688683744,0,1 | route T | claimed 1789.186898652459941 | coeffs -106464007,-106464007,-147291350,-147291350,125325755,125325755,212423943,212423943,46957125,46957125,114325179,114325179,371342729,371342729,353260655,353260655,108974058,108974058,365302176,365302176,234731060,234731060,236756708,236756708,470468889,470468889,464918655,464918655,195513046,195513046,353101129,353101129,263139227,263139227,191429987,191429987,166571050,166571050,600952784,600952784,322549479,322549479,457590483,457590483,472341124,472341124,348806640,348806640,402133392,402133392,213067782,213067782,111644310,111644310,171582377,171582377,381092400,381092400,74693295,74693295,177622337,177622337,298779835,298779835
# status f = 688683744,0,1 : PASS_RHO (rho 0.91399, T 1789.2, 0s)
f = 790244606,0,1 | route RHO | claimed 0.93942152844311067362 | coeffs -178594397,71165304,71165304,58649629,58649629,-128403219,-128403219,65227993,65227993,-99186218,-99186218,284128622,284128622,332808438,332808438,294541872,294541872,-13042412,-13042412,296475597,296475597,291428160,291428160,27361527,27361527,310048181,310048181,215629357,215629357,-26610694,-26610694,160489643,160489643,163762451,163762451,-27076878,-27076878,192204892,192204892,112379247,112379247,43099219,43099219,122522226,122522226,-18916217,-18916217,64320157,64320157,68954838,68954838,-48362554,-48362554,-107919165,-107919165,53039430,53039430,-36347009,-36347009,80050556,80050556,225798842,225798842,178594397
f = 790244606,0,1 | route T | claimed 2700.7164468019127988 | coeffs 607330151,297171034,297171034,36332841,36332841,3113712,3113712,-40403939,-40403939,-13572584,-13572584,75798803,75798803,53972221,53972221,149558538,149558538,51866906,51866906,466184,466184,-31715249,-31715249,51383204,51383204,-70176097,-70176097,69682666,69682666,131295464,131295464,-21220938,-21220938,53567388,53567388,29446337,29446337,172239322,172239322,15915408,15915408,-12015545,-12015545,-187969721,-187969721,-172759412,-172759412,-214941406,-214941406,151215860,151215860,284448471,284448471,50191178,50191178,-5937311,-5937311,-157835847,-157835847,-588526400,-588526400,-733477796,-733477796,-607330151
# status f = 790244606,0,1 : PASS_RHO (rho 0.93942, T 2700.7, 0s)
f = 798357019,0,1 | route RHO | claimed 0.94749203364891069205 | coeffs -157646212,-157646212,126529867,126529867,406741661,406741661,403988754,403988754,566729821,566729821,624176662,624176662,716747239,716747239,676310869,676310869,506335197,506335197,398326740,398326740,389363480,389363480,447702995,447702995,113799938,113799938,326096189,326096189,446391399,446391399,353894719,353894719,431788818,431788818,383706908,383706908,463778076,463778076,455453668,455453668,370275000,370275000,366527874,366527874,258893437,258893437,598420007,598420007,165087483,165087483,230769741,230769741,415077241,415077241,371962116,371962116,435530931,435530931,318667677,318667677,426734645,426734645,388696005,388696005
f = 798357019,0,1 | route T | claimed 3103.6320806793464617 | coeffs -174142242,-174142242,-364287936,-364287936,-316516975,-316516975,-431323573,-431323573,-629001891,-629001891,-565621321,-565621321,-704169761,-704169761,-604341112,-604341112,-673923233,-673923233,-654699974,-654699974,-276945200,-276945200,-340020584,-340020584,-319714386,-319714386,-239626624,-239626624,-331359008,-331359008,-535973546,-535973546,-270590360,-270590360,-330128272,-330128272,-534566838,-534566838,-309599552,-309599552,-315878257,-315878257,-242975635,-242975635,37533950,37533950,-49427997,-49427997,-103459931,-103459931,275277627,275277627,302368077,302368077,223161014,223161014,403110815,403110815,486115798,486115798,32889985,32889985,58450994,58450994
# status f = 798357019,0,1 : PASS_RHO (rho 0.94749, T 3103.6, 0s)
f = 809171452,0,1 | route RHO | claimed 0.92193253025287040936 | coeffs 221185244,146396918,146396918,322351094,322351094,556608387,556608387,430460742,430460742,457292097,457292097,405891375,405891375,467504173,467504173,311180259,311180259,677337525,677337525,246646972,246646972,279866101,279866101,184279784,184279784,305839085,305839085,329960136,329960136,314749827,314749827,370878316,370878316,60719199,60719199,150090586,150090586,117909153,117909153,-34607249,-34607249,-62538202,-62538202,70694409,70694409,-74256987,-74256987,-30739336,-30739336,66952296,66952296,-72906467,-72906467,-215699452,-215699452,-173517458,-173517458,-21618922,-21618922,-282457115,-282457115,-304283697,-304283697,-221185244
f = 809171452,0,1 | route T | claimed 2333.6509073556381802 | coeffs -68457509,-97873494,-97873494,353965426,353965426,250582553,250582553,143418797,143418797,145769635,145769635,197787112,197787112,-35537050,-35537050,218923853,218923853,344922234,344922234,496043637,496043637,690858956,690858956,880461512,880461512,632811581,632811581,630604243,630604243,479561877,479561877,417672049,417672049,528888105,528888105,396404180,396404180,162793895,162793895,365188235,365188235,127793545,127793545,-91099780,-91099780,-212844179,-212844179,-18839644,-18839644,-32469898,-32469898,50136975,50136975,210780490,210780490,-22601068,-22601068,-34668439,-34668439,136577706,136577706,129607196,129607196,68457509
# status f = 809171452,0,1 : PASS_RHO (rho 0.92193, T 2333.7, 0s)
f = 826324306,0,1 | route RHO | claimed 0.9359007717603763842 | coeffs 286700904,273658492,273658492,332308121,332308121,440227286,440227286,327848039,327848039,17799858,17799858,-266328764,-266328764,-40529922,-40529922,23790235,23790235,187552686,187552686,484028283,484028283,355625064,355625064,302585634,302585634,259486415,259486415,43857058,43857058,-288951380,-288951380,-110356983,-110356983,-41402145,-41402145,-68479023,-68479023,222949137,222949137,288177130,288177130,324524139,324524139,202001913,202001913,228612607,228612607,-65929265,-65929265,-137094569,-137094569,-185457123,-185457123,6747769,6747769,34109296,34109296,-65076922,-65076922,-145127478,-145127478,-126211261,-126211261,-286700904
f = 826324306,0,1 | route T | claimed 2363.0043341607949522 | coeffs -197327379,-81966572,-81966572,29722487,29722487,180740871,180740871,283990981,283990981,306751238,306751238,-155971781,-155971781,872223,872223,92269258,92269258,-35396451,-35396451,195851153,195851153,31100925,31100925,100583721,100583721,30873808,30873808,109786323,109786323,-151856811,-151856811,75100140,75100140,-48149914,-48149914,-102588319,-102588319,288026059,288026059,433304608,433304608,450735400,450735400,488702817,488702817,502271099,502271099,266378856,266378856,303132717,303132717,142390916,142390916,24547627,24547627,-232219468,-232219468,-105606844,-105606844,-121337243,-121337243,61341425,61341425,197327379
# status f = 826324306,0,1 : PASS_RHO (rho 0.93590, T 2363.0, 0s)
f = 830075902,0,1 | route RHO | claimed 0.93942152844311067362 | coeffs 71165304,-178594397,-178594397,-225798842,-225798842,-80050556,-80050556,36347009,36347009,-53039430,-53039430,107919165,107919165,48362554,48362554,-68954838,-68954838,-64320157,-64320157,18916217,18916217,-122522226,-122522226,-43099219,-43099219,-112379247,-112379247,-192204892,-192204892,27076878,27076878,-163762451,-163762451,-160489643,-160489643,26610694,26610694,-215629357,-215629357,-310048181,-310048181,-27361527,-27361527,-291428160,-291428160,-296475597,-296475597,13042412,13042412,-294541872,-294541872,-332808438,-332808438,-284128622,-284128622,99186218,99186218,-65227993,-65227993,128403219,128403219,-58649629,-58649629,-71165304
f = 830075902,0,1 | route T | claimed 2443.6599496924999459 | coeffs -75798803,-75798803,13572584,13572584,40403939,40403939,-3113712,-3113712,-36332841,-36332841,-297171034,-297171034,-607330151,-607330151,-733477796,-733477796,-588526400,-588526400,-157835847,-157835847,-5937311,-5937311,50191178,50191178,284448471,284448471,151215860,151215860,-214941406,-214941406,-172759412,-172759412,-187969721,-187969721,-12015545,-12015545,15915408,15915408,172239322,172239322,29446337,29446337,53567388,53567388,-21220938,-21220938,131295464,131295464,69682666,69682666,-70176097,-70176097,51383204,51383204,-31715249,-31715249,466184,466184,51866906,51866906,149558538,149558538,53972221,53972221
# status f = 830075902,0,1 : PASS_RHO (rho 0.93942, T 2443.7, 0s)
f = 835912204,0,1 | route RHO | claimed 0.84890302309937201712 | coeffs 617743401,307584284,307584284,264066633,264066633,242240051,242240051,190839329,190839329,69280028,69280028,-83236374,-83236374,59556611,59556611,-116397565,-116397565,249759701,249759701,193631212,193631212,48679816,48679816,309518009,309518009,282686654,282686654,187100337,187100337,219281770,219281770,79423007,79423007,4634681,4634681,160958595,160958595,145748286,145748286,12515675,12515675,164414211,164414211,38266566,38266566,5047437,5047437,94418824,94418824,-3272808,-3272808,79825645,79825645,141438443,141438443,117317392,117317392,89386439,89386439,47204445,47204445,-187052848,-187052848,-617743401
f = 835912204,0,1 | route T | claimed 1444.1635873280680486 | coeffs 617743401,307584284,307584284,264066633,264066633,242240051,242240051,190839329,190839329,69280028,69280028,-83236374,-83236374,59556611,59556611,-116397565,-116397565,249759701,249759701,193631212,193631212,48679816,48679816,309518009,309518009,282686654,282686654,187100337,187100337,219281770,219281770,79423007,79423007,4634681,4634681,160958595,160958595,145748286,145748286,12515675,12515675,164414211,164414211,38266566,38266566,5047437,5047437,94418824,94418824,-3272808,-3272808,79825645,79825645,141438443,141438443,117317392,117317392,89386439,89386439,47204445,47204445,-187052848,-187052848,-617743401
# status f = 835912204,0,1 : PASS_RHO (rho 0.84890, T 1444.2, 0s)
f = 902709798,0,1 | route RHO | claimed 0.9359007717603763842 | coeffs -440227286,-332308121,-332308121,-273658492,-273658492,-286700904,-286700904,-126211261,-126211261,-145127478,-145127478,-65076922,-65076922,34109296,34109296,6747769,6747769,-185457123,-185457123,-137094569,-137094569,-65929265,-65929265,228612607,228612607,202001913,202001913,324524139,324524139,288177130,288177130,222949137,222949137,-68479023,-68479023,-41402145,-41402145,-110356983,-110356983,-288951380,-288951380,43857058,43857058,259486415,259486415,302585634,302585634,355625064,355625064,484028283,484028283,187552686,187552686,23790235,23790235,-40529922,-40529922,-266328764,-266328764,17799858,17799858,327848039,327848039,440227286
f = 902709798,0,1 | route T | claimed 1790.2264099461796034 | coeffs 228612607,228612607,202001913,202001913,324524139,324524139,288177130,288177130,222949137,222949137,-68479023,-68479023,-41402145,-41402145,-110356983,-110356983,-288951380,-288951380,43857058,43857058,259486415,259486415,302585634,302585634,355625064,355625064,484028283,484028283,187552686,187552686,23790235,23790235,-40529922,-40529922,-266328764,-266328764,17799858,17799858,327848039,327848039,440227286,440227286,332308121,332308121,273658492,273658492,286700904,286700904,126211261,126211261,145127478,145127478,65076922,65076922,-34109296,-34109296,-6747769,-6747769,185457123,185457123,137094569,137094569,65929265,65929265
# status f = 902709798,0,1 : PASS_RHO (rho 0.93590, T 1790.2, 0s)
f = 950092767,0,1 | route RHO | claimed 0.9577293885909251535 | coeffs -104476926,-104476926,120777234,120777234,-175073507,-175073507,-39241534,-39241534,-101688973,-101688973,-5613281,-5613281,54449971,54449971,-53557089,-53557089,-427057178,-427057178,-319896120,-319896120,-392033670,-392033670,-249202089,-249202089,-318877822,-318877822,-391508053,-391508053,56217105,56217105,81463503,81463503,147745926,147745926,-73508396,-73508396,28599062,28599062,64902541,64902541,145925751,145925751,-94684416,-94684416,-180791619,-180791619,40646315,40646315,102979347,102979347,255367653,255367653,182122262,182122262,257243239,257243239,222424985,222424985,60509695,60509695,219909130,219909130,179706957,179706957
f = 950092767,0,1 | route T | claimed 2795.8286914689296845 | coeffs 79485407,79485407,108931744,108931744,160798650,160798650,-232929440,-232929440,-60170028,-60170028,-129852694,-129852694,-116280110,-116280110,-122217421,-122217421,50021901,50021901,50488085,50488085,347659119,347659119,562600525,562600525,431305061,431305061,355506258,355506258,197670411,197670411,213585819,213585819,181870570,181870570,218203411,218203411,66987551,66987551,88208489,88208489,34236268,34236268,446768109,446768109,434752564,434752564,486135768,486135768,489249480,489249480,204801009,204801009,151233621,151233621,1675083,1675083,269255528,269255528,81285807,81285807,11109710,11109710,-29294229,-29294229
# status f = 950092767,0,1 : PASS_RHO (rho 0.95773, T 2795.8, 0s)
# summary n = 7 l = 1001058241 : EXCLUSION_CANDIDATE ; PASS 32 / 32 ; OPEN_NEAR 0 ; OPEN_FAR 0 ; 14s
