# FAMILY WITNESS FILE (generator family_gen.sage r10). n = 7 ; l = 1000595521 ; m = 64 ; deg = 2 ; ncomp = 32 ; bar_T = 4224 ; L_n = 16.3328709449664096755483535644
# line: f = c0,...,c_deg (monic, over F_l) | route RHO|T | claimed (rho or T, float) | coeffs a_0..a_{m-1}
f = 2242556,0,1 | route RHO | claimed 0.91539878618351406624 | coeffs -475840367,-475840367,-634846064,-634846064,-572141342,-572141342,-443592708,-443592708,-706950069,-706950069,-617318910,-617318910,-657552817,-657552817,-646069328,-646069328,-565955424,-565955424,-400527798,-400527798,-823314322,-823314322,-1025637750,-1025637750,-1042221475,-1042221475,-785351252,-785351252,-787273979,-787273979,-634212342,-634212342,-464848948,-464848948,-419961890,-419961890,-466935406,-466935406,-301523786,-301523786,-224112495,-224112495,-120226760,-120226760,23444414,23444414,71313786,71313786,181305580,181305580,283930827,283930827,88658231,88658231,247505639,247505639,368196907,368196907,251631836,251631836,514019631,514019631,431649692,431649692
f = 2242556,0,1 | route T | claimed 2394.8904626763676267 | coeffs 140826912,155324179,155324179,16892060,16892060,261637698,261637698,289873087,289873087,368066602,368066602,514720090,514720090,719554772,719554772,766760193,766760193,596701553,596701553,456390630,456390630,592258132,592258132,548514957,548514957,584345887,584345887,661738496,661738496,818831828,818831828,863180792,863180792,838790499,838790499,764102214,764102214,636523146,636523146,892619287,892619287,799031360,799031360,668776081,668776081,639883410,639883410,522890514,522890514,516892051,516892051,231037641,231037641,409710887,409710887,180907878,180907878,6074286,6074286,20363002,20363002,275746968,275746968,-140826912
# status f = 2242556,0,1 : PASS_RHO (rho 0.91540, T 2394.9, 1s)
f = 18420166,0,1 | route RHO | claimed 0.9005944389966716203 | coeffs 38473156,-8732265,-8732265,-136311333,-136311333,-150600049,-150600049,19458591,19458591,275554732,275554732,20170766,20170766,160481689,160481689,66893762,66893762,483467642,483467642,347600140,347600140,217344861,217344861,231842128,231842128,275585303,275585303,246692632,246692632,108260513,108260513,72429583,72429583,-44563313,-44563313,200182325,200182325,122789716,122789716,116791253,116791253,145026642,145026642,-12066690,-12066690,-297921100,-297921100,-219727585,-219727585,-264076549,-264076549,-85403303,-85403303,61250185,61250185,85640478,85640478,-143162531,-143162531,61672151,61672151,136360436,136360436,-38473156
f = 18420166,0,1 | route T | claimed 1682.6318475113585441 | coeffs -8732265,-8732265,-136311333,-136311333,-150600049,-150600049,19458591,19458591,275554732,275554732,20170766,20170766,160481689,160481689,66893762,66893762,483467642,483467642,347600140,347600140,217344861,217344861,231842128,231842128,275585303,275585303,246692632,246692632,108260513,108260513,72429583,72429583,-44563313,-44563313,200182325,200182325,122789716,122789716,116791253,116791253,145026642,145026642,-12066690,-12066690,-297921100,-297921100,-219727585,-219727585,-264076549,-264076549,-85403303,-85403303,61250185,61250185,85640478,85640478,-143162531,-143162531,61672151,61672151,136360436,136360436,-38473156,-38473156
# status f = 18420166,0,1 : PASS_RHO (rho 0.90059, T 1682.6, 1s)
f = 75375282,0,1 | route RHO | claimed 0.95490707736266168802 | coeffs 227559895,227559895,371231069,371231069,212383661,212383661,256574336,256574336,346205495,346205495,768992019,768992019,922053656,922053656,844642365,844642365,947267612,947267612,684879817,684879817,556331183,556331183,636445087,636445087,379574864,379574864,332601348,332601348,284731976,284731976,405423244,405423244,246417547,246417547,286651454,286651454,84328026,84328026,-85035368,-85035368,18850367,18850367,214122963,214122963,131753024,131753024,-131604337,-131604337,-297031963,-297031963,-298954690,-298954690,-464366310,-464366310,-354374516,-354374516,-237809445,-237809445,-300514167,-300514167,-289030678,-289030678,-272446953,-272446953
f = 75375282,0,1 | route T | claimed 2796.4290578576673589 | coeffs -392212538,-375577372,-375577372,-477437124,-477437124,-422343869,-422343869,-711869916,-711869916,-820467566,-820467566,-704850396,-704850396,-1079483163,-1079483163,-877451910,-877451910,-735354778,-735354778,-638102808,-638102808,-862658490,-862658490,-649888669,-649888669,-895100536,-895100536,-878260603,-878260603,-609553583,-609553583,-527069513,-527069513,-205054588,-205054588,-58248072,-58248072,96564893,96564893,8050040,8050040,254567062,254567062,77558278,77558278,22601678,22601678,389743367,389743367,725240451,725240451,664398068,664398068,915917637,915917637,796136636,796136636,608845039,608845039,587634872,587634872,331458540,331458540,392212538
# status f = 75375282,0,1 : PASS_RHO (rho 0.95491, T 2796.4, 1s)
f = 76323107,0,1 | route RHO | claimed 0.92218713271395195121 | coeffs 332524759,332524759,461073393,461073393,317402219,317402219,151974593,151974593,272665861,272665861,425727498,425727498,488432220,488432220,384546485,384546485,304432581,304432581,463279989,463279989,461357262,461357262,302351565,302351565,224940274,224940274,213456785,213456785,18184189,18184189,275054412,275054412,230863737,230863737,65452117,65452117,105686024,105686024,208311271,208311271,191727546,191727546,274097485,274097485,321071001,321071001,231439842,231439842,341431636,341431636,139108208,139108208,-123279587,-123279587,-168166645,-168166645,95190716,95190716,143060088,143060088,-279726436,-279726436,-163161365,-163161365
f = 76323107,0,1 | route T | claimed 2426.4958984551489393 | coeffs 279726436,279726436,163161365,163161365,332524759,332524759,461073393,461073393,317402219,317402219,151974593,151974593,272665861,272665861,425727498,425727498,488432220,488432220,384546485,384546485,304432581,304432581,463279989,463279989,461357262,461357262,302351565,302351565,224940274,224940274,213456785,213456785,18184189,18184189,275054412,275054412,230863737,230863737,65452117,65452117,105686024,105686024,208311271,208311271,191727546,191727546,274097485,274097485,321071001,321071001,231439842,231439842,341431636,341431636,139108208,139108208,-123279587,-123279587,-168166645,-168166645,95190716,95190716,143060088,143060088
# status f = 76323107,0,1 : PASS_RHO (rho 0.92219, T 2426.5, 0s)
f = 103328282,0,1 | route RHO | claimed 0.95490707736266168802 | coeffs -84328026,-286651454,-286651454,-246417547,-246417547,-405423244,-405423244,-284731976,-284731976,-332601348,-332601348,-379574864,-379574864,-636445087,-636445087,-556331183,-556331183,-684879817,-684879817,-947267612,-947267612,-844642365,-844642365,-922053656,-922053656,-768992019,-768992019,-346205495,-346205495,-256574336,-256574336,-212383661,-212383661,-371231069,-371231069,-227559895,-227559895,-272446953,-272446953,-289030678,-289030678,-300514167,-300514167,-237809445,-237809445,-354374516,-354374516,-464366310,-464366310,-298954690,-298954690,-297031963,-297031963,-131604337,-131604337,131753024,131753024,214122963,214122963,18850367,18850367,-85035368,-85035368,84328026
f = 103328282,0,1 | route T | claimed 2156.6132405608365874 | coeffs 246417547,405423244,405423244,284731976,284731976,332601348,332601348,379574864,379574864,636445087,636445087,556331183,556331183,684879817,684879817,947267612,947267612,844642365,844642365,922053656,922053656,768992019,768992019,346205495,346205495,256574336,256574336,212383661,212383661,371231069,371231069,227559895,227559895,272446953,272446953,289030678,289030678,300514167,300514167,237809445,237809445,354374516,354374516,464366310,464366310,298954690,298954690,297031963,297031963,131604337,131604337,-131753024,-131753024,-214122963,-214122963,-18850367,-18850367,85035368,85035368,-84328026,-84328026,-286651454,-286651454,-246417547
# status f = 103328282,0,1 : PASS_RHO (rho 0.95491, T 2156.6, 1s)
f = 196512053,0,1 | route RHO | claimed 0.91539878618351406624 | coeffs 23444414,23444414,-120226760,-120226760,-224112495,-224112495,-301523786,-301523786,-466935406,-466935406,-419961890,-419961890,-464848948,-464848948,-634212342,-634212342,-787273979,-787273979,-785351252,-785351252,-1042221475,-1042221475,-1025637750,-1025637750,-823314322,-823314322,-400527798,-400527798,-565955424,-565955424,-646069328,-646069328,-657552817,-657552817,-617318910,-617318910,-706950069,-706950069,-443592708,-443592708,-572141342,-572141342,-634846064,-634846064,-475840367,-475840367,-431649692,-431649692,-514019631,-514019631,-251631836,-251631836,-368196907,-368196907,-247505639,-247505639,-88658231,-88658231,-283930827,-283930827,-181305580,-181305580,-71313786,-71313786
f = 196512053,0,1 | route T | claimed 2190.4986590392692682 | coeffs 373862072,359074036,359074036,620581549,620581549,410734337,410734337,453224615,453224615,336818877,336818877,356935994,356935994,445760269,445760269,588256444,588256444,124597309,124597309,-143642554,-143642554,-247725111,-247725111,-203404131,-203404131,-328141518,-328141518,-238733190,-238733190,-88259494,-88259494,58413175,58413175,147747457,147747457,251666243,251666243,254427732,254427732,146381317,146381317,73634781,73634781,160081436,160081436,75042922,75042922,204497316,204497316,258587108,258587108,64223023,64223023,-7465090,-7465090,-81291811,-81291811,-61248637,-61248637,-249962540,-249962540,-630113422,-630113422,-373862072
# status f = 196512053,0,1 : PASS_RHO (rho 0.91540, T 2190.5, 0s)
f = 338813884,0,1 | route RHO | claimed 0.94552383079368661187 | coeffs 603051179,859921402,859921402,597533607,597533607,444471970,444471970,488662645,488662645,533549703,533549703,596254425,596254425,430842805,430842805,694200166,694200166,798085901,798085901,757851994,757851994,709982622,709982622,629868718,629868718,732493965,732493965,309707441,309707441,150860033,150860033,167443758,167443758,50878687,50878687,48955960,48955960,131325899,131325899,-38037495,-38037495,120968202,120968202,73994686,73994686,202543320,202543320,125132029,125132029,35500870,35500870,179172044,179172044,190655533,190655533,80663739,80663739,-84763887,-84763887,-280036483,-280036483,-482359911,-482359911,-603051179
f = 338813884,0,1 | route T | claimed 2384.7384600218217687 | coeffs 460757950,716141916,716141916,760490880,760490880,774988147,774988147,849676432,849676432,604930794,604930794,861026935,861026935,939220450,939220450,1069475729,1069475729,864641047,864641047,747648151,747648151,577589511,577589511,863443921,863443921,727576419,727576419,498773410,498773410,534604340,534604340,520315624,520315624,363222292,363222292,-53351588,-53351588,-77741881,-77741881,-216174000,-216174000,-88594932,-88594932,-116830321,-116830321,-210418248,-210418248,-63764760,-63764760,-34872089,-34872089,-82077510,-82077510,-88075973,-88075973,-228386896,-228386896,-407060142,-407060142,-363316967,-363316967,-538150559,-538150559,-460757950
# status f = 338813884,0,1 : PASS_RHO (rho 0.94552, T 2384.7, 0s)
f = 357419919,0,1 | route RHO | claimed 0.90539475500092647889 | coeffs 24098412,24098412,106468351,106468351,108391078,108391078,-8173993,-8173993,-24757718,-24757718,-183605126,-183605126,239181398,239181398,341806645,341806645,421920549,421920549,374051177,374051177,414285084,414285084,518170819,518170819,254813458,254813458,89401838,89401838,26697116,26697116,71584174,71584174,27393499,27393499,-125668138,-125668138,136719657,136719657,393589880,393589880,272898612,272898612,475222040,475222040,279949444,279949444,445377070,445377070,335385276,335385276,323901787,323901787,467572961,467572961,557204120,557204120,479792829,479792829,351244195,351244195,304270679,304270679,145264982,145264982
f = 357419919,0,1 | route T | claimed 2949.0127374714346279 | coeffs 239181398,239181398,341806645,341806645,421920549,421920549,374051177,374051177,414285084,414285084,518170819,518170819,254813458,254813458,89401838,89401838,26697116,26697116,71584174,71584174,27393499,27393499,-125668138,-125668138,136719657,136719657,393589880,393589880,272898612,272898612,475222040,475222040,279949444,279949444,445377070,445377070,335385276,335385276,323901787,323901787,467572961,467572961,557204120,557204120,479792829,479792829,351244195,351244195,304270679,304270679,145264982,145264982,-24098412,-24098412,-106468351,-106468351,-108391078,-108391078,8173993,8173993,24757718,24757718,183605126,183605126
# status f = 357419919,0,1 : PASS_RHO (rho 0.90539, T 2949.0, 1s)
f = 358628446,0,1 | route RHO | claimed 0.92254042763542291535 | coeffs 154323314,33632046,33632046,-48737893,-48737893,13966829,13966829,-75664330,-75664330,4449574,4449574,206773002,206773002,204850275,204850275,159963217,159963217,237374508,237374508,189505136,189505136,-5767460,-5767460,110797611,110797611,154988286,154988286,283536920,283536920,323770827,323770827,489198453,489198453,505782178,505782178,658843815,658843815,705817331,705817331,809703066,809703066,699711272,699711272,858558680,858558680,596170885,596170885,755176582,755176582,491819221,491819221,480335732,480335732,57549208,57549208,-199321015,-199321015,-29957621,-29957621,-195369241,-195369241,-51698067,-51698067,-154323314
f = 358628446,0,1 | route T | claimed 2599.1966225393175496 | coeffs 273925603,273925603,316711555,316711555,360068769,360068769,340727670,340727670,305835947,305835947,191146292,191146292,-48229427,-48229427,14196306,14196306,287411083,287411083,38400995,38400995,-178167305,-178167305,12555086,12555086,-120741899,-120741899,-309172217,-309172217,-322137907,-322137907,-47870911,-47870911,-290386402,-290386402,-73825352,-73825352,126091067,126091067,-121286232,-121286232,-84067128,-84067128,-102455220,-102455220,-315377161,-315377161,-203540310,-203540310,113494954,113494954,40473166,40473166,142210431,142210431,180756041,180756041,63506479,63506479,-157395044,-157395044,128228355,128228355,-360150028,-360150028
# status f = 358628446,0,1 : PASS_RHO (rho 0.92254, T 2599.2, 0s)
f = 376946521,0,1 | route RHO | claimed 0.9005944389966716203 | coeffs -61250185,-61250185,85403303,85403303,264076549,264076549,219727585,219727585,297921100,297921100,12066690,12066690,-145026642,-145026642,-116791253,-116791253,-122789716,-122789716,-200182325,-200182325,44563313,44563313,-72429583,-72429583,-108260513,-108260513,-246692632,-246692632,-275585303,-275585303,-231842128,-231842128,-217344861,-217344861,-347600140,-347600140,-483467642,-483467642,-66893762,-66893762,-160481689,-160481689,-20170766,-20170766,-275554732,-275554732,-19458591,-19458591,150600049,150600049,136311333,136311333,8732265,8732265,-38473156,-38473156,136360436,136360436,61672151,61672151,-143162531,-143162531,85640478,85640478
f = 376946521,0,1 | route T | claimed 2374.2570439034670621 | coeffs -573241797,-573241797,-429570623,-429570623,-227247195,-227247195,-271437870,-271437870,-167552135,-167552135,255234389,255234389,337604328,337604328,415015619,415015619,249587993,249587993,-12799802,-12799802,152611818,152611818,72497914,72497914,189062985,189062985,142089469,142089469,130605980,130605980,9914712,9914712,54801770,54801770,95035677,95035677,-63811731,-63811731,105551663,105551663,15920504,15920504,211193100,211193100,364254737,364254737,627612098,627612098,524986851,524986851,523064124,523064124,394515490,394515490,284523696,284523696,541393919,541393919,478689197,478689197,430819825,430819825,414236100,414236100
# status f = 376946521,0,1 : PASS_RHO (rho 0.90059, T 2374.3, 0s)
f = 379481410,0,1 | route RHO | claimed 0.9125458061633365187 | coeffs 544451079,588194254,588194254,666387769,666387769,680676485,680676485,709569156,709569156,753918120,753918120,923976760,923976760,785544641,785544641,964217887,964217887,708121746,708121746,743952676,743952676,597299188,597299188,341915222,341915222,224922326,224922326,249312619,249312619,109001696,109001696,-135743942,-135743942,93059067,93059067,-528860,-528860,-77921469,-77921469,126913213,126913213,-289660667,-289660667,-283662204,-283662204,-358350489,-358350489,-494217991,-494217991,-465982602,-465982602,-640816194,-640816194,-510560915,-510560915,-353467583,-353467583,-400673004,-400673004,-386175737,-386175737,-672030147,-672030147,-544451079
f = 379481410,0,1 | route T | claimed 1957.0410574002546772 | coeffs 135743942,-93059067,-93059067,528860,528860,77921469,77921469,-126913213,-126913213,289660667,289660667,283662204,283662204,358350489,358350489,494217991,494217991,465982602,465982602,640816194,640816194,510560915,510560915,353467583,353467583,400673004,400673004,386175737,386175737,672030147,672030147,544451079,544451079,588194254,588194254,666387769,666387769,680676485,680676485,709569156,709569156,753918120,753918120,923976760,923976760,785544641,785544641,964217887,964217887,708121746,708121746,743952676,743952676,597299188,597299188,341915222,341915222,224922326,224922326,249312619,249312619,109001696,109001696,-135743942
# status f = 379481410,0,1 : PASS_RHO (rho 0.91255, T 1957.0, 0s)
f = 429167094,0,1 | route RHO | claimed 0.94043871308151235419 | coeffs -389052798,-505617869,-505617869,-700890465,-700890465,-653021093,-653021093,-575609802,-575609802,-530722744,-530722744,-532645471,-532645471,-734968899,-734968899,-654854995,-654854995,-565223836,-565223836,-502519114,-502519114,-420149175,-420149175,-540840443,-540840443,-643465690,-643465690,-787136864,-787136864,-952548484,-952548484,-1121911878,-1121911878,-1378782101,-1378782101,-955995577,-955995577,-967479066,-967479066,-704121705,-704121705,-545116008,-545116008,-282728213,-282728213,-123880805,-123880805,-13889011,-13889011,89996724,89996724,43023208,43023208,196084845,196084845,179501120,179501120,344928746,344928746,304694839,304694839,433243473,433243473,389052798
f = 429167094,0,1 | route T | claimed 2767.1619467067774722 | coeffs -567155351,-567155351,-455734840,-455734840,-745185877,-745185877,-848741905,-848741905,-866630679,-866630679,-841674678,-841674678,-684784437,-684784437,-589685087,-589685087,-837107701,-837107701,-612602528,-612602528,-506538832,-506538832,-656663636,-656663636,-633510598,-633510598,-464475966,-464475966,-440743602,-440743602,-141986493,-141986493,-220888509,-220888509,-470259659,-470259659,-781071478,-781071478,-614968253,-614968253,-838145551,-838145551,-622786527,-622786527,-531963328,-531963328,-449858411,-449858411,-431216743,-431216743,48899172,48899172,-153316925,-153316925,-32562744,-32562744,33082672,33082672,-37749134,-37749134,49109212,49109212,334064514,334064514
# status f = 429167094,0,1 : PASS_RHO (rho 0.94044, T 2767.2, 0s)
f = 431152496,0,1 | route RHO | claimed 0.95520735831225540656 | coeffs 56000522,56000522,11113464,11113464,273501259,273501259,71177831,71177831,-38813963,-38813963,-128445122,-128445122,-175418638,-175418638,-93048699,-93048699,-76464974,-76464974,26160273,26160273,-14073634,-14073634,-179485254,-179485254,-135294579,-135294579,121575644,121575644,316848240,316848240,305364751,305364751,382776042,382776042,223770345,223770345,225693072,225693072,384540480,384540480,464654384,464654384,360768649,360768649,298063927,298063927,451125564,451125564,330434296,330434296,165006670,165006670,308677844,308677844,437226478,437226478,267863084,267863084,151298013,151298013,-271488511,-271488511,-319357883,-319357883
f = 431152496,0,1 | route T | claimed 2979.3535735920061884 | coeffs 484956088,283274570,283274570,580402423,580402423,476260990,476260990,362784166,362784166,262912227,262912227,255295754,255295754,349602950,349602950,660219708,660219708,962958168,962958168,955663440,955663440,1012755969,1012755969,786457966,786457966,667602372,667602372,459847923,459847923,657056468,657056468,347660452,347660452,415269471,415269471,669638765,669638765,797808523,797808523,845514297,845514297,706004509,706004509,455530836,455530836,267305896,267305896,142192918,142192918,187444160,187444160,36478194,36478194,83320846,83320846,-1632919,-1632919,-276441178,-276441178,-278001914,-278001914,-602549137,-602549137,-484956088
# status f = 431152496,0,1 : PASS_RHO (rho 0.95521, T 2979.4, 0s)
f = 453214411,0,1 | route RHO | claimed 0.91854623731616991698 | coeffs 3956768,0,-164434443,0,-79334018,0,-291954587,0,-183395990,0,62786373,0,-408445603,0,-170489186,0,-152396001,0,-49175902,0,-23650182,0,11983563,0,-272683887,0,-247210486,0,17409182,0,-184995186,0,25692220,0,245386734,0,969566,0,-54961673,0,-30389791,0,-36878992,0,-239463271,0,2982314,0,82036631,0,7261220,0,-22979906,0,91458603,0,-159429163,0,158289,0,-156965310,0,-12365989,0
f = 453214411,0,1 | route T | claimed 2106.3108617087335796 | coeffs -275531044,-198119753,-198119753,4203675,4203675,66908397,66908397,169533644,169533644,170250,170250,11653739,11653739,274041534,274041534,170155799,170155799,153572074,153572074,25023440,25023440,220296036,220296036,265183094,265183094,185069190,185069190,267439129,267439129,411110303,411110303,154240080,154240080,-109117281,-109117281,49730127,49730127,96703643,96703643,262131269,262131269,306321944,306321944,258452572,258452572,256529845,256529845,166898686,166898686,46207418,46207418,211619038,211619038,634405562,634405562,475399865,475399865,585391659,585391659,432330022,432330022,392096115,392096115,275531044
# status f = 453214411,0,1 : PASS_RHO (rho 0.91855, T 2106.3, 0s)
f = 455417822,0,1 | route RHO | claimed 0.9125458061633365187 | coeffs 528860,528860,-93059067,-93059067,135743942,135743942,-109001696,-109001696,-249312619,-249312619,-224922326,-224922326,-341915222,-341915222,-597299188,-597299188,-743952676,-743952676,-708121746,-708121746,-964217887,-964217887,-785544641,-785544641,-923976760,-923976760,-753918120,-753918120,-709569156,-709569156,-680676485,-680676485,-666387769,-666387769,-588194254,-588194254,-544451079,-544451079,-672030147,-672030147,-386175737,-386175737,-400673004,-400673004,-353467583,-353467583,-510560915,-510560915,-640816194,-640816194,-465982602,-465982602,-494217991,-494217991,-358350489,-358350489,-283662204,-283662204,-289660667,-289660667,126913213,126913213,-77921469,-77921469
f = 455417822,0,1 | route T | claimed 2078.016107847444044 | coeffs -510560915,-640816194,-640816194,-465982602,-465982602,-494217991,-494217991,-358350489,-358350489,-283662204,-283662204,-289660667,-289660667,126913213,126913213,-77921469,-77921469,-528860,-528860,93059067,93059067,-135743942,-135743942,109001696,109001696,249312619,249312619,224922326,224922326,341915222,341915222,597299188,597299188,743952676,743952676,708121746,708121746,964217887,964217887,785544641,785544641,923976760,923976760,753918120,753918120,709569156,709569156,680676485,680676485,666387769,666387769,588194254,588194254,544451079,544451079,672030147,672030147,386175737,386175737,400673004,400673004,353467583,353467583,510560915
# status f = 455417822,0,1 : PASS_RHO (rho 0.91255, T 2078.0, 1s)
f = 466891750,0,1 | route RHO | claimed 0.94348287204586361831 | coeffs -277132168,-194762229,-194762229,-114648325,-114648325,-69761267,-69761267,-265033863,-265033863,-393582497,-393582497,-376998772,-376998772,-480884507,-480884507,-743272302,-743272302,-731788813,-731788813,-562425419,-562425419,-459800172,-459800172,-522504894,-522504894,-320181466,-320181466,-397592757,-397592757,-281027686,-281027686,-321261593,-321261593,-168199956,-168199956,-58208162,-58208162,100797535,100797535,523584059,523584059,358172439,358172439,237481171,237481171,327112330,327112330,325189603,325189603,373058975,373058975,417249650,417249650,251822024,251822024,298795540,298795540,139948132,139948132,-123409229,-123409229,133460994,133460994,277132168
f = 466891750,0,1 | route T | claimed 2077.0795738215656058 | coeffs 17846310,46081699,46081699,81912629,81912629,-48342650,-48342650,207041316,207041316,159835895,159835895,184226188,184226188,470080598,470080598,714826236,714826236,671083061,671083061,577495134,577495134,591783850,591783850,386949168,386949168,342600204,342600204,348598667,348598667,210166548,210166548,346034050,346034050,602130191,602130191,427296599,427296599,280643111,280643111,123549779,123549779,240542675,240542675,255039942,255039942,114729019,114729019,-12850049,-12850049,-241653058,-241653058,-319846573,-319846573,-397239182,-397239182,-368346511,-368346511,48227369,48227369,-121831271,-121831271,-196519556,-196519556,-17846310
# status f = 466891750,0,1 : PASS_RHO (rho 0.94348, T 2077.1, 0s)
f = 533703771,0,1 | route RHO | claimed 0.91854623731616991698 | coeffs 23650182,0,49175902,0,152396001,0,170489186,0,408445603,0,-62786373,0,183395990,0,291954587,0,79334018,0,164434443,0,-3956768,0,-12365989,0,-156965310,0,158289,0,-159429163,0,91458603,0,-22979906,0,7261220,0,82036631,0,2982314,0,-239463271,0,-36878992,0,-30389791,0,-54961673,0,969566,0,245386734,0,25692220,0,-184995186,0,17409182,0,-247210486,0,-272683887,0,11983563,0
f = 533703771,0,1 | route T | claimed 2468.3082427951315683 | coeffs 585509607,557165141,557165141,438994192,438994192,284176289,284176289,723321598,723321598,366976687,366976687,532174499,532174499,606230116,606230116,385002066,385002066,136246709,136246709,-46561258,-46561258,-223861116,-223861116,-30438024,-30438024,-174623197,-174623197,-147984120,-147984120,-167062179,-167062179,27051165,27051165,-83497014,-83497014,-302865334,-302865334,-348097766,-348097766,-229713283,-229713283,-162738255,-162738255,-315130141,-315130141,-352869448,-352869448,-286905449,-286905449,-239445156,-239445156,-129684452,-129684452,-304230750,-304230750,-444614408,-444614408,-386290600,-386290600,-525282070,-525282070,-605365266,-605365266,-585509607
# status f = 533703771,0,1 : PASS_RHO (rho 0.91855, T 2468.3, 0s)
f = 545177699,0,1 | route RHO | claimed 0.92120875902529995695 | coeffs 258275434,258275434,155650187,155650187,111459512,111459512,122943001,122943001,121020274,121020274,224906009,224906009,345597277,345597277,217048643,217048643,639835167,639835167,594948109,594948109,484956315,484956315,567326254,567326254,527092347,527092347,783962570,783962570,861373861,861373861,1020221269,1020221269,957516547,957516547,792088921,792088921,622725527,622725527,574856155,574856155,312468360,312468360,402099519,402099519,385515794,385515794,550927414,550927414,355654818,355654818,514660515,514660515,434546611,434546611,281484974,281484974,137813800,137813800,254378871,254378871,-8978490,-8978490,-211301918,-211301918
f = 545177699,0,1 | route T | claimed 2471.3495292575079241 | coeffs 211301918,258275434,258275434,155650187,155650187,111459512,111459512,122943001,122943001,121020274,121020274,224906009,224906009,345597277,345597277,217048643,217048643,639835167,639835167,594948109,594948109,484956315,484956315,567326254,567326254,527092347,527092347,783962570,783962570,861373861,861373861,1020221269,1020221269,957516547,957516547,792088921,792088921,622725527,622725527,574856155,574856155,312468360,312468360,402099519,402099519,385515794,385515794,550927414,550927414,355654818,355654818,514660515,514660515,434546611,434546611,281484974,281484974,137813800,137813800,254378871,254378871,-8978490,-8978490,-211301918
# status f = 545177699,0,1 : PASS_RHO (rho 0.92121, T 2471.3, 0s)
f = 547381110,0,1 | route RHO | claimed 0.94348287204586361831 | coeffs -168199956,-168199956,-321261593,-321261593,-281027686,-281027686,-397592757,-397592757,-320181466,-320181466,-522504894,-522504894,-459800172,-459800172,-562425419,-562425419,-731788813,-731788813,-743272302,-743272302,-480884507,-480884507,-376998772,-376998772,-393582497,-393582497,-265033863,-265033863,-69761267,-69761267,-114648325,-114648325,-194762229,-194762229,-277132168,-277132168,-133460994,-133460994,123409229,123409229,-139948132,-139948132,-298795540,-298795540,-251822024,-251822024,-417249650,-417249650,-373058975,-373058975,-325189603,-325189603,-327112330,-327112330,-237481171,-237481171,-358172439,-358172439,-523584059,-523584059,-100797535,-100797535,58208162,58208162
f = 547381110,0,1 | route T | claimed 2421.3002996634492861 | coeffs -397239182,-397239182,-319846573,-319846573,-241653058,-241653058,-12850049,-12850049,114729019,114729019,255039942,255039942,240542675,240542675,123549779,123549779,280643111,280643111,427296599,427296599,602130191,602130191,346034050,346034050,210166548,210166548,348598667,348598667,342600204,342600204,386949168,386949168,591783850,591783850,577495134,577495134,671083061,671083061,714826236,714826236,470080598,470080598,184226188,184226188,159835895,159835895,207041316,207041316,-48342650,-48342650,81912629,81912629,46081699,46081699,17846310,17846310,196519556,196519556,121831271,121831271,-48227369,-48227369,368346511,368346511
# status f = 547381110,0,1 : PASS_RHO (rho 0.94348, T 2421.3, 0s)
f = 569443025,0,1 | route RHO | claimed 0.92218713271395195121 | coeffs -461073393,-461073393,-332524759,-332524759,-163161365,-163161365,-279726436,-279726436,143060088,143060088,95190716,95190716,-168166645,-168166645,-123279587,-123279587,139108208,139108208,341431636,341431636,231439842,231439842,321071001,321071001,274097485,274097485,191727546,191727546,208311271,208311271,105686024,105686024,65452117,65452117,230863737,230863737,275054412,275054412,18184189,18184189,213456785,213456785,224940274,224940274,302351565,302351565,461357262,461357262,463279989,463279989,304432581,304432581,384546485,384546485,488432220,488432220,425727498,425727498,272665861,272665861,151974593,151974593,317402219,317402219
f = 569443025,0,1 | route T | claimed 3006.52584906987806 | coeffs -318872073,-318872073,-404984972,-404984972,-75452111,-75452111,132071325,132071325,465521720,465521720,259972238,259972238,291168214,291168214,553114979,553114979,501396656,501396656,298635183,298635183,465889619,465889619,777335868,777335868,824053583,824053583,813711477,813711477,686712507,686712507,739622870,739622870,894258509,894258509,790732344,790732344,687207543,687207543,540898978,540898978,741599795,741599795,637541729,637541729,709475323,709475323,898568253,898568253,508064713,508064713,367015188,367015188,186541312,186541312,116285835,116285835,52317949,52317949,121342989,121342989,67495179,67495179,197222743,197222743
# status f = 569443025,0,1 : PASS_RHO (rho 0.92219, T 3006.5, 0s)
f = 571428427,0,1 | route RHO | claimed 0.92254042763542291535 | coeffs -51698067,-51698067,-195369241,-195369241,-29957621,-29957621,-199321015,-199321015,57549208,57549208,480335732,480335732,491819221,491819221,755176582,755176582,596170885,596170885,858558680,858558680,699711272,699711272,809703066,809703066,705817331,705817331,658843815,658843815,505782178,505782178,489198453,489198453,323770827,323770827,283536920,283536920,154988286,154988286,110797611,110797611,-5767460,-5767460,189505136,189505136,237374508,237374508,159963217,159963217,204850275,204850275,206773002,206773002,4449574,4449574,-75664330,-75664330,13966829,13966829,-48737893,-48737893,33632046,33632046,154323314,154323314
f = 571428427,0,1 | route T | claimed 3138.8779901714494021 | coeffs 441376697,441376697,112258768,112258768,404903739,404903739,439347981,439347981,362293542,362293542,296700029,296700029,412112648,412112648,303167468,303167468,247699921,247699921,235457962,235457962,-1059066,-1059066,142952651,142952651,257566029,257566029,113484675,113484675,-55643240,-55643240,-5231772,-5231772,-426634754,-426634754,-647409453,-647409453,-388691943,-388691943,-340554926,-340554926,-401257399,-401257399,-398954158,-398954158,-527433808,-527433808,-472086622,-472086622,-271636076,-271636076,-185106949,-185106949,-441390014,-441390014,-99665119,-99665119,-140542880,-140542880,-336215237,-336215237,-44132083,-44132083,-368532103,-368532103
# status f = 571428427,0,1 : PASS_RHO (rho 0.92254, T 3138.9, 0s)
f = 621114111,0,1 | route RHO | claimed 0.92120875902529995695 | coeffs 402099519,402099519,312468360,312468360,574856155,574856155,622725527,622725527,792088921,792088921,957516547,957516547,1020221269,1020221269,861373861,861373861,783962570,783962570,527092347,527092347,567326254,567326254,484956315,484956315,594948109,594948109,639835167,639835167,217048643,217048643,345597277,345597277,224906009,224906009,121020274,121020274,122943001,122943001,111459512,111459512,155650187,155650187,258275434,258275434,211301918,211301918,8978490,8978490,-254378871,-254378871,-137813800,-137813800,-281484974,-281484974,-434546611,-434546611,-514660515,-514660515,-355654818,-355654818,-550927414,-550927414,-385515794,-385515794
f = 621114111,0,1 | route T | claimed 2364.8588268192716973 | coeffs 299599506,210265224,210265224,80810830,80810830,460961712,460961712,481078829,481078829,356341442,356341442,248295027,248295027,176606914,176606914,-84900599,-84900599,378758536,378758536,232085867,232085867,317124381,317124381,505838284,505838284,389432546,389432546,433753526,433753526,436515015,436515015,242150930,242150930,256938966,256938966,114442791,114442791,-36030905,-36030905,-122477560,-122477560,-142520734,-142520734,-100030456,-100030456,-204113013,-204113013,-100194227,-100194227,-46104435,-46104435,210146915,210146915,121322640,121322640,31914312,31914312,104660848,104660848,178487569,178487569,-31359643,-31359643,-299599506
# status f = 621114111,0,1 : PASS_RHO (rho 0.92121, T 2364.9, 0s)
f = 623649000,0,1 | route RHO | claimed 0.95543219845095278799 | coeffs 96137253,96137253,200022988,200022988,-222763536,-222763536,-140393597,-140393597,-217804888,-217804888,-383232514,-383232514,-120844719,-120844719,44566901,44566901,124680805,124680805,241245876,241245876,288219392,288219392,276735903,276735903,397427171,397427171,442314229,442314229,402080322,402080322,243232914,243232914,73869520,73869520,-15761639,-15761639,-211034235,-211034235,-57972598,-57972598,-321329959,-321329959,-423955206,-423955206,-422032479,-422032479,-550581113,-550581113,-440589319,-440589319,-183719096,-183719096,-121014374,-121014374,-168883746,-168883746,-152300021,-152300021,6705676,6705676,150376850,150376850,-51946578,-51946578
f = 623649000,0,1 | route T | claimed 2369.3802831132098484 | coeffs -227207032,-360120612,-360120612,-426939899,-426939899,-241054651,-241054651,11790038,11790038,202250863,202250863,180460941,180460941,84410224,84410224,-56792741,-56792741,-94249817,-94249817,-7561278,-7561278,-101195511,-101195511,302266183,302266183,502947819,502947819,464987726,464987726,409559903,409559903,367790307,367790307,398612716,398612716,380768874,380768874,472339913,472339913,311986637,311986637,313122317,313122317,276687650,276687650,97979821,97979821,408376956,408376956,256341922,256341922,462624002,462624002,134602513,134602513,-22896767,-22896767,-230351091,-230351091,19941074,19941074,278134705,278134705,227207032
# status f = 623649000,0,1 : PASS_RHO (rho 0.95543, T 2369.4, 1s)
f = 641967075,0,1 | route RHO | claimed 0.94043871308151235419 | coeffs -734968899,-734968899,-532645471,-532645471,-530722744,-530722744,-575609802,-575609802,-653021093,-653021093,-700890465,-700890465,-505617869,-505617869,-389052798,-389052798,-433243473,-433243473,-304694839,-304694839,-344928746,-344928746,-179501120,-179501120,-196084845,-196084845,-43023208,-43023208,-89996724,-89996724,13889011,13889011,123880805,123880805,282728213,282728213,545116008,545116008,704121705,704121705,967479066,967479066,955995577,955995577,1378782101,1378782101,1121911878,1121911878,952548484,952548484,787136864,787136864,643465690,643465690,540840443,540840443,420149175,420149175,502519114,502519114,565223836,565223836,654854995,654854995
f = 641967075,0,1 | route T | claimed 1825.6143882372750576 | coeffs -196084845,-43023208,-43023208,-89996724,-89996724,13889011,13889011,123880805,123880805,282728213,282728213,545116008,545116008,704121705,704121705,967479066,967479066,955995577,955995577,1378782101,1378782101,1121911878,1121911878,952548484,952548484,787136864,787136864,643465690,643465690,540840443,540840443,420149175,420149175,502519114,502519114,565223836,565223836,654854995,654854995,734968899,734968899,532645471,532645471,530722744,530722744,575609802,575609802,653021093,653021093,700890465,700890465,505617869,505617869,389052798,389052798,433243473,433243473,304694839,304694839,344928746,344928746,179501120,179501120,196084845
# status f = 641967075,0,1 : PASS_RHO (rho 0.94044, T 1825.6, 0s)
f = 643175602,0,1 | route RHO | claimed 0.94552383079368661187 | coeffs 150860033,309707441,309707441,732493965,732493965,629868718,629868718,709982622,709982622,757851994,757851994,798085901,798085901,694200166,694200166,430842805,430842805,596254425,596254425,533549703,533549703,488662645,488662645,444471970,444471970,597533607,597533607,859921402,859921402,603051179,603051179,482359911,482359911,280036483,280036483,84763887,84763887,-80663739,-80663739,-190655533,-190655533,-179172044,-179172044,-35500870,-35500870,-125132029,-125132029,-202543320,-202543320,-73994686,-73994686,-120968202,-120968202,38037495,38037495,-131325899,-131325899,-48955960,-48955960,-50878687,-50878687,-167443758,-167443758,-150860033
f = 643175602,0,1 | route T | claimed 2136.1281104493178008 | coeffs 150860033,309707441,309707441,732493965,732493965,629868718,629868718,709982622,709982622,757851994,757851994,798085901,798085901,694200166,694200166,430842805,430842805,596254425,596254425,533549703,533549703,488662645,488662645,444471970,444471970,597533607,597533607,859921402,859921402,603051179,603051179,482359911,482359911,280036483,280036483,84763887,84763887,-80663739,-80663739,-190655533,-190655533,-179172044,-179172044,-35500870,-35500870,-125132029,-125132029,-202543320,-202543320,-73994686,-73994686,-120968202,-120968202,38037495,38037495,-131325899,-131325899,-48955960,-48955960,-50878687,-50878687,-167443758,-167443758,-150860033
# status f = 643175602,0,1 : PASS_RHO (rho 0.94552, T 2136.1, 0s)
f = 661781637,0,1 | route RHO | claimed 0.90539475500092647889 | coeffs -8173993,108391078,108391078,106468351,106468351,24098412,24098412,-145264982,-145264982,-304270679,-304270679,-351244195,-351244195,-479792829,-479792829,-557204120,-557204120,-467572961,-467572961,-323901787,-323901787,-335385276,-335385276,-445377070,-445377070,-279949444,-279949444,-475222040,-475222040,-272898612,-272898612,-393589880,-393589880,-136719657,-136719657,125668138,125668138,-27393499,-27393499,-71584174,-71584174,-26697116,-26697116,-89401838,-89401838,-254813458,-254813458,-518170819,-518170819,-414285084,-414285084,-374051177,-374051177,-421920549,-421920549,-341806645,-341806645,-239181398,-239181398,183605126,183605126,24757718,24757718,8173993
f = 661781637,0,1 | route T | claimed 2049.2037360126648896 | coeffs 183605126,24757718,24757718,8173993,8173993,-108391078,-108391078,-106468351,-106468351,-24098412,-24098412,145264982,145264982,304270679,304270679,351244195,351244195,479792829,479792829,557204120,557204120,467572961,467572961,323901787,323901787,335385276,335385276,445377070,445377070,279949444,279949444,475222040,475222040,272898612,272898612,393589880,393589880,136719657,136719657,-125668138,-125668138,27393499,27393499,71584174,71584174,26697116,26697116,89401838,89401838,254813458,254813458,518170819,518170819,414285084,414285084,374051177,374051177,421920549,421920549,341806645,341806645,239181398,239181398,-183605126
# status f = 661781637,0,1 : PASS_RHO (rho 0.90539, T 2049.2, 1s)
f = 804083468,0,1 | route RHO | claimed 0.95253469784510591632 | coeffs 575811735,575811735,528838219,528838219,483951161,483951161,653314555,653314555,500252918,500252918,498330191,498330191,241459968,241459968,224876243,224876243,427199671,427199671,4413147,4413147,-161014479,-161014479,-80900575,-80900575,-92384064,-92384064,-132617971,-132617971,-222249130,-222249130,-485606491,-485606491,-614155125,-614155125,-551450403,-551450403,-392444706,-392444706,-436635381,-436635381,-519005320,-519005320,-781393115,-781393115,-897958186,-897958186,-1018649454,-1018649454,-859802046,-859802046,-664529450,-664529450,-561904203,-561904203,-671895997,-671895997,-624026625,-624026625,-767697799,-767697799,-663812064,-663812064,-741223355,-741223355
f = 804083468,0,1 | route T | claimed 2654.7531431474851641 | coeffs 80900575,92384064,92384064,132617971,132617971,222249130,222249130,485606491,485606491,614155125,614155125,551450403,551450403,392444706,392444706,436635381,436635381,519005320,519005320,781393115,781393115,897958186,897958186,1018649454,1018649454,859802046,859802046,664529450,664529450,561904203,561904203,671895997,671895997,624026625,624026625,767697799,767697799,663812064,663812064,741223355,741223355,575811735,575811735,528838219,528838219,483951161,483951161,653314555,653314555,500252918,500252918,498330191,498330191,241459968,241459968,224876243,224876243,427199671,427199671,4413147,4413147,-161014479,-161014479,-80900575
# status f = 804083468,0,1 : PASS_RHO (rho 0.95253, T 2654.8, 0s)
f = 897267239,0,1 | route RHO | claimed 0.92212614106048009132 | coeffs 223933466,223933466,304047370,304047370,432596004,432596004,170208209,170208209,67582962,67582962,-9828329,-9828329,-162889966,-162889966,259896558,259896558,170265399,170265399,214456074,214456074,373303482,373303482,516974656,516974656,561861714,561861714,545277989,545277989,556761478,556761478,619466200,619466200,736031271,736031271,626039477,626039477,460627857,460627857,462550584,462550584,297122958,297122958,560480319,560480319,478110380,478110380,282837784,282837784,386723519,386723519,556086913,556086913,353763485,353763485,313529578,313529578,154523881,154523881,33832613,33832613,-14036759,-14036759,32936757,32936757
f = 897267239,0,1 | route T | claimed 2553.3657967378407756 | coeffs 223933466,223933466,304047370,304047370,432596004,432596004,170208209,170208209,67582962,67582962,-9828329,-9828329,-162889966,-162889966,259896558,259896558,170265399,170265399,214456074,214456074,373303482,373303482,516974656,516974656,561861714,561861714,545277989,545277989,556761478,556761478,619466200,619466200,736031271,736031271,626039477,626039477,460627857,460627857,462550584,462550584,297122958,297122958,560480319,560480319,478110380,478110380,282837784,282837784,386723519,386723519,556086913,556086913,353763485,353763485,313529578,313529578,154523881,154523881,33832613,33832613,-14036759,-14036759,32936757,32936757
# status f = 897267239,0,1 : PASS_RHO (rho 0.92213, T 2553.4, 0s)
f = 924272414,0,1 | route RHO | claimed 0.95520735831225540656 | coeffs 273501259,11113464,11113464,56000522,56000522,319357883,319357883,271488511,271488511,-151298013,-151298013,-267863084,-267863084,-437226478,-437226478,-308677844,-308677844,-165006670,-165006670,-330434296,-330434296,-451125564,-451125564,-298063927,-298063927,-360768649,-360768649,-464654384,-464654384,-384540480,-384540480,-225693072,-225693072,-223770345,-223770345,-382776042,-382776042,-305364751,-305364751,-316848240,-316848240,-121575644,-121575644,135294579,135294579,179485254,179485254,14073634,14073634,-26160273,-26160273,76464974,76464974,93048699,93048699,175418638,175418638,128445122,128445122,38813963,38813963,-71177831,-71177831,-273501259
f = 924272414,0,1 | route T | claimed 2817.8857544152204798 | coeffs -11113464,-11113464,-56000522,-56000522,-319357883,-319357883,-271488511,-271488511,151298013,151298013,267863084,267863084,437226478,437226478,308677844,308677844,165006670,165006670,330434296,330434296,451125564,451125564,298063927,298063927,360768649,360768649,464654384,464654384,384540480,384540480,225693072,225693072,223770345,223770345,382776042,382776042,305364751,305364751,316848240,316848240,121575644,121575644,-135294579,-135294579,-179485254,-179485254,-14073634,-14073634,26160273,26160273,-76464974,-76464974,-93048699,-93048699,-175418638,-175418638,-128445122,-128445122,-38813963,-38813963,71177831,71177831,273501259,273501259
# status f = 924272414,0,1 : PASS_RHO (rho 0.95521, T 2817.9, 0s)
f = 925220239,0,1 | route RHO | claimed 0.92212614106048009132 | coeffs 162889966,162889966,9828329,9828329,-67582962,-67582962,-170208209,-170208209,-432596004,-432596004,-304047370,-304047370,-223933466,-223933466,32936757,32936757,-14036759,-14036759,33832613,33832613,154523881,154523881,313529578,313529578,353763485,353763485,556086913,556086913,386723519,386723519,282837784,282837784,478110380,478110380,560480319,560480319,297122958,297122958,462550584,462550584,460627857,460627857,626039477,626039477,736031271,736031271,619466200,619466200,556761478,556761478,545277989,545277989,561861714,561861714,516974656,516974656,373303482,373303482,214456074,214456074,170265399,170265399,259896558,259896558
f = 925220239,0,1 | route T | claimed 2590.8602125956250158 | coeffs -146495906,-146495906,-149446611,-149446611,33418489,33418489,-99475522,-99475522,-289716847,-289716847,-194057687,-194057687,-336678261,-336678261,-411720801,-411720801,-215208639,-215208639,-137894214,-137894214,-75636616,-75636616,-121922962,-121922962,-237872852,-237872852,-536986620,-536986620,-546440839,-546440839,-342041650,-342041650,-347527439,-347527439,-137665437,-137665437,-10449127,-10449127,254434194,254434194,71412587,71412587,229686026,229686026,340906155,340906155,430154788,430154788,777833995,777833995,508601375,508601375,569159562,569159562,813598167,813598167,549985108,549985108,605093903,605093903,660311025,660311025,296238934,296238934
# status f = 925220239,0,1 : PASS_RHO (rho 0.92213, T 2590.9, 0s)
f = 982175355,0,1 | route RHO | claimed 0.95543219845095278799 | coeffs 222763536,-200022988,-200022988,-96137253,-96137253,-51946578,-51946578,150376850,150376850,6705676,6705676,-152300021,-152300021,-168883746,-168883746,-121014374,-121014374,-183719096,-183719096,-440589319,-440589319,-550581113,-550581113,-422032479,-422032479,-423955206,-423955206,-321329959,-321329959,-57972598,-57972598,-211034235,-211034235,-15761639,-15761639,73869520,73869520,243232914,243232914,402080322,402080322,442314229,442314229,397427171,397427171,276735903,276735903,288219392,288219392,241245876,241245876,124680805,124680805,44566901,44566901,-120844719,-120844719,-383232514,-383232514,-217804888,-217804888,-140393597,-140393597,-222763536
f = 982175355,0,1 | route T | claimed 2194.7020335965101592 | coeffs -44566901,120844719,120844719,383232514,383232514,217804888,217804888,140393597,140393597,222763536,222763536,-200022988,-200022988,-96137253,-96137253,-51946578,-51946578,150376850,150376850,6705676,6705676,-152300021,-152300021,-168883746,-168883746,-121014374,-121014374,-183719096,-183719096,-440589319,-440589319,-550581113,-550581113,-422032479,-422032479,-423955206,-423955206,-321329959,-321329959,-57972598,-57972598,-211034235,-211034235,-15761639,-15761639,73869520,73869520,243232914,243232914,402080322,402080322,442314229,442314229,397427171,397427171,276735903,276735903,288219392,288219392,241245876,241245876,124680805,124680805,44566901
# status f = 982175355,0,1 : PASS_RHO (rho 0.95543, T 2194.7, 1s)
f = 998352965,0,1 | route RHO | claimed 0.95253469784510591632 | coeffs -663812064,-767697799,-767697799,-624026625,-624026625,-671895997,-671895997,-561904203,-561904203,-664529450,-664529450,-859802046,-859802046,-1018649454,-1018649454,-897958186,-897958186,-781393115,-781393115,-519005320,-519005320,-436635381,-436635381,-392444706,-392444706,-551450403,-551450403,-614155125,-614155125,-485606491,-485606491,-222249130,-222249130,-132617971,-132617971,-92384064,-92384064,-80900575,-80900575,-161014479,-161014479,4413147,4413147,427199671,427199671,224876243,224876243,241459968,241459968,498330191,498330191,500252918,500252918,653314555,653314555,483951161,483951161,528838219,528838219,575811735,575811735,741223355,741223355,663812064
f = 998352965,0,1 | route T | claimed 2285.004837943583058 | coeffs -46069628,4858045,4858045,212312369,212312369,6030289,6030289,184738118,184738118,345091394,345091394,314268985,314268985,352229078,352229078,445863311,445863311,587066276,587066276,396605451,396605451,463424738,463424738,721618369,721618369,564119089,564119089,412084055,412084055,375649388,375649388,467220427,467220427,425450831,425450831,626132467,626132467,712821006,712821006,616770289,616770289,869614978,869614978,736701398,736701398,486409233,486409233,814430722,814430722,504033587,504033587,502897907,502897907,520741749,520741749,576169572,576169572,172707878,172707878,210164954,210164954,231954876,231954876,46069628
# status f = 998352965,0,1 : PASS_RHO (rho 0.95253, T 2285.0, 0s)
# summary n = 7 l = 1000595521 : EXCLUSION_CANDIDATE ; PASS 32 / 32 ; OPEN_NEAR 0 ; OPEN_FAR 0 ; 16s
