# FAMILY WITNESS FILE (generator family_gen.sage r10). n = 7 ; l = 1001203649 ; m = 64 ; deg = 2 ; ncomp = 32 ; bar_T = 4224 ; L_n = 16.3328709449664096755483535644
# line: f = c0,...,c_deg (monic, over F_l) | route RHO|T | claimed (rho or T, float) | coeffs a_0..a_{m-1}
f = 34105594,0,1 | route RHO | claimed 0.89929867418758310066 | coeffs 228513353,228513353,277662058,277662058,283812754,283812754,542622193,542622193,506104766,506104766,474883815,474883815,663444036,663444036,639215559,639215559,582033105,582033105,601363912,601363912,538587848,538587848,538021103,538021103,660809862,660809862,576297031,576297031,734396064,734396064,750563903,750563903,783999647,783999647,703242243,703242243,765525451,765525451,983458955,983458955,838696376,838696376,802850626,802850626,986202301,986202301,1091395717,1091395717,1196967446,1196967446,1198516001,1198516001,914711253,914711253,699815690,699815690,444551610,444551610,333465714,333465714,192501282,192501282,179599796,179599796
f = 34105594,0,1 | route T | claimed 2482.7298976812089081 | coeffs 228513353,228513353,277662058,277662058,283812754,283812754,542622193,542622193,506104766,506104766,474883815,474883815,663444036,663444036,639215559,639215559,582033105,582033105,601363912,601363912,538587848,538587848,538021103,538021103,660809862,660809862,576297031,576297031,734396064,734396064,750563903,750563903,783999647,783999647,703242243,703242243,765525451,765525451,983458955,983458955,838696376,838696376,802850626,802850626,986202301,986202301,1091395717,1091395717,1196967446,1196967446,1198516001,1198516001,914711253,914711253,699815690,699815690,444551610,444551610,333465714,333465714,192501282,192501282,179599796,179599796
# status f = 34105594,0,1 : PASS_RHO (rho 0.89930, T 2482.7, 1s)
f = 46581269,0,1 | route RHO | claimed 0.84221651863608651221 | coeffs 106272076,139707820,139707820,244901236,244901236,103936804,103936804,135157755,135157755,12368996,12368996,-205564508,-205564508,78240240,78240240,127388945,127388945,70206491,70206491,86374330,86374330,269726005,269726005,158640109,158640109,195157536,195157536,195724281,195724281,133441073,133441073,131892518,131892518,540005667,540005667,515777190,515777190,673876223,673876223,638030473,638030473,382766393,382766393,123956954,123956954,186733018,186733018,267490422,267490422,161918693,161918693,174820179,174820179,363380400,363380400,278867569,278867569,134104990,134104990,-80790573,-80790573,-86941269,-86941269,-106272076
f = 46581269,0,1 | route T | claimed 1268.480002318717451 | coeffs 106272076,139707820,139707820,244901236,244901236,103936804,103936804,135157755,135157755,12368996,12368996,-205564508,-205564508,78240240,78240240,127388945,127388945,70206491,70206491,86374330,86374330,269726005,269726005,158640109,158640109,195157536,195157536,195724281,195724281,133441073,133441073,131892518,131892518,540005667,540005667,515777190,515777190,673876223,673876223,638030473,638030473,382766393,382766393,123956954,123956954,186733018,186733018,267490422,267490422,161918693,161918693,174820179,174820179,363380400,363380400,278867569,278867569,134104990,134104990,-80790573,-80790573,-86941269,-86941269,-106272076
# status f = 46581269,0,1 : PASS_RHO (rho 0.84222, T 1268.5, 0s)
f = 104200481,0,1 | route RHO | claimed 0.8869919275775380435 | coeffs 96847123,96847123,72618646,72618646,356423394,356423394,440936225,440936225,32823076,32823076,250756580,250756580,439316801,439316801,437768246,437768246,314979487,314979487,302078001,302078001,364361209,364361209,333140258,333140258,227568529,227568529,228135274,228135274,87170842,87170842,6413438,6413438,-30103989,-30103989,-135297405,-135297405,-72521341,-72521341,-183607237,-183607237,-150171493,-150171493,108637946,108637946,-74713729,-74713729,-94044536,-94044536,-349308616,-349308616,-333140777,-333140777,-326990081,-326990081,-291144331,-291144331,-233961877,-233961877,-448857440,-448857440,-290758407,-290758407,-241609702,-241609702
f = 104200481,0,1 | route T | claimed 1341.8261496104519428 | coeffs -87170842,-6413438,-6413438,30103989,30103989,135297405,135297405,72521341,72521341,183607237,183607237,150171493,150171493,-108637946,-108637946,74713729,74713729,94044536,94044536,349308616,349308616,333140777,333140777,326990081,326990081,291144331,291144331,233961877,233961877,448857440,448857440,290758407,290758407,241609702,241609702,96847123,96847123,72618646,72618646,356423394,356423394,440936225,440936225,32823076,32823076,250756580,250756580,439316801,439316801,437768246,437768246,314979487,314979487,302078001,302078001,364361209,364361209,333140258,333140258,227568529,227568529,228135274,228135274,87170842
# status f = 104200481,0,1 : PASS_RHO (rho 0.88699, T 1341.8, 0s)
f = 152191814,0,1 | route RHO | claimed 0.88811548016515794768 | coeffs 619477288,619477288,655994715,655994715,438061211,438061211,444211907,444211907,363454503,363454503,-44658646,-44658646,-60826485,-60826485,80137947,80137947,-4374884,-4374884,-259638964,-259638964,-259072219,-259072219,24732529,24732529,44063336,44063336,149635065,149635065,173863542,173863542,-9488133,-9488133,-40709084,-40709084,-185471663,-185471663,-444281102,-444281102,-506564310,-506564310,-457415605,-457415605,-423979861,-423979861,-436881347,-436881347,-594980380,-594980380,-483894484,-483894484,-361105725,-361105725,-576001288,-576001288,-513225224,-513225224,-514773779,-514773779,-571956233,-571956233,-466762817,-466762817,-655323038,-655323038
f = 152191814,0,1 | route T | claimed 2241.7779974741437549 | coeffs -80137947,-80137947,4374884,4374884,259638964,259638964,259072219,259072219,-24732529,-24732529,-44063336,-44063336,-149635065,-149635065,-173863542,-173863542,9488133,9488133,40709084,40709084,185471663,185471663,444281102,444281102,506564310,506564310,457415605,457415605,423979861,423979861,436881347,436881347,594980380,594980380,483894484,483894484,361105725,361105725,576001288,576001288,513225224,513225224,514773779,514773779,571956233,571956233,466762817,466762817,655323038,655323038,619477288,619477288,655994715,655994715,438061211,438061211,444211907,444211907,363454503,363454503,-44658646,-44658646,-60826485,-60826485
# status f = 152191814,0,1 : PASS_RHO (rho 0.88812, T 2241.8, 0s)
f = 168460572,0,1 | route RHO | claimed 0.9337871702999388569 | coeffs -5886904,-289691652,-289691652,-258470701,-258470701,-291906445,-291906445,-77010882,-77010882,111549339,111549339,30791935,30791935,-224472145,-224472145,-200243668,-200243668,-262526876,-262526876,-151440980,-151440980,-208623434,-208623434,9310070,9310070,-131654362,-131654362,-150985169,-150985169,-6222590,-6222590,6678896,6678896,-56097168,-56097168,-91942918,-91942918,-500056067,-500056067,-499489322,-499489322,-682840997,-682840997,-633692292,-633692292,-510903533,-510903533,-405710117,-405710117,-411860813,-411860813,-327347982,-327347982,-432919711,-432919711,-174110272,-174110272,-16011239,-16011239,-14462684,-14462684,22054743,22054743,5886904
f = 168460572,0,1 | route T | claimed 2392.4366753770238701 | coeffs 535761042,558128175,558128175,652603400,652603400,285584647,285584647,489100162,489100162,518804410,518804410,614101034,614101034,521549954,521549954,435534717,435534717,461649813,461649813,612595460,612595460,451809825,451809825,574462461,574462461,326026701,326026701,503332004,503332004,441215955,441215955,315195945,315195945,257635038,257635038,142092922,142092922,173621257,173621257,309863221,309863221,493126941,493126941,397706601,397706601,525856620,525856620,65319951,65319951,164797317,164797317,47797564,47797564,-99516381,-99516381,-423222411,-423222411,-406263779,-406263779,-670634158,-670634158,-682112068,-682112068,-535761042
# status f = 168460572,0,1 : PASS_RHO (rho 0.93379, T 2392.4, 0s)
f = 191757306,0,1 | route RHO | claimed 0.85078279294011365581 | coeffs -49081127,73707632,73707632,54376825,54376825,242937046,242937046,-15872393,-15872393,392240756,392240756,281154860,281154860,564959608,564959608,670153024,670153024,814915603,814915603,734158199,734158199,576059166,576059166,575492421,575492421,632674875,632674875,601453924,601453924,595303228,595303228,608204714,608204714,352940634,352940634,351392079,351392079,534743754,534743754,316810250,316810250,350245994,350245994,434758825,434758825,371982761,371982761,396211238,396211238,359693811,359693811,310545106,310545106,451509538,451509538,236613975,236613975,131042246,131042246,95196496,95196496,32913288,32913288,49081127
f = 191757306,0,1 | route T | claimed 1668.4691958637776825 | coeffs 392240756,392240756,281154860,281154860,564959608,564959608,670153024,670153024,814915603,814915603,734158199,734158199,576059166,576059166,575492421,575492421,632674875,632674875,601453924,601453924,595303228,595303228,608204714,608204714,352940634,352940634,351392079,351392079,534743754,534743754,316810250,316810250,350245994,350245994,434758825,434758825,371982761,371982761,396211238,396211238,359693811,359693811,310545106,310545106,451509538,451509538,236613975,236613975,131042246,131042246,95196496,95196496,32913288,32913288,49081127,49081127,-73707632,-73707632,-54376825,-54376825,-242937046,-242937046,15872393,15872393
# status f = 191757306,0,1 : PASS_RHO (rho 0.85078, T 1668.5, 0s)
f = 193101708,0,1 | route RHO | claimed 0.89562181711328955378 | coeffs -55296657,-55296657,-243856878,-243856878,-25923374,-25923374,382189775,382189775,466702606,466702606,182897858,182897858,158669381,158669381,303431960,303431960,254283255,254283255,412382288,412382288,627277851,627277851,684460305,684460305,648614555,648614555,654765251,654765251,638597412,638597412,383333332,383333332,402664139,402664139,219312464,219312464,-39496975,-39496975,-6061231,-6061231,105024665,105024665,167800729,167800729,272994145,272994145,236476718,236476718,317234122,317234122,176269690,176269690,175702945,175702945,70131216,70131216,101352167,101352167,163635375,163635375,176536861,176536861,53748102,53748102
f = 193101708,0,1 | route T | claimed 2429.3091846102295246 | coeffs 444491912,519320411,519320411,339575422,339575422,687871415,687871415,641519677,641519677,730154182,730154182,537584992,537584992,460691273,460691273,432974204,432974204,629388355,629388355,833706230,833706230,780513631,780513631,817250631,817250631,842920892,842920892,672109371,672109371,586734775,586734775,495902070,495902070,559547982,559547982,278394316,278394316,172533393,172533393,277279632,277279632,200094528,200094528,217080848,217080848,54597873,54597873,151518948,151518948,480597454,480597454,420268005,420268005,287344236,287344236,-15470872,-15470872,-267710466,-267710466,-229812219,-229812219,-177589344,-177589344,-444491912
# status f = 193101708,0,1 : PASS_RHO (rho 0.89562, T 2429.3, 0s)
f = 240184677,0,1 | route RHO | claimed 0.83579232246453632451 | coeffs 708247913,603054497,603054497,725843256,725843256,676694551,676694551,493342876,493342876,492776131,492776131,84662982,84662982,120508732,120508732,57732668,57732668,44831182,44831182,189593761,189593761,208924568,208924568,67960136,67960136,-149973368,-149973368,-207155822,-207155822,-318241718,-318241718,-380524926,-380524926,-404753403,-404753403,-660017483,-660017483,-579260079,-579260079,-390699858,-390699858,-605595421,-605595421,-639031165,-639031165,-670252116,-670252116,-954056864,-954056864,-970224703,-970224703,-1006742130,-1006742130,-1005193575,-1005193575,-1163292608,-1163292608,-904483169,-904483169,-798911440,-798911440,-714398609,-714398609,-708247913
f = 240184677,0,1 | route T | claimed 1347.2146190590558568 | coeffs -67960136,149973368,149973368,207155822,207155822,318241718,318241718,380524926,380524926,404753403,404753403,660017483,660017483,579260079,579260079,390699858,390699858,605595421,605595421,639031165,639031165,670252116,670252116,954056864,954056864,970224703,970224703,1006742130,1006742130,1005193575,1005193575,1163292608,1163292608,904483169,904483169,798911440,798911440,714398609,714398609,708247913,708247913,603054497,603054497,725843256,725843256,676694551,676694551,493342876,493342876,492776131,492776131,84662982,84662982,120508732,120508732,57732668,57732668,44831182,44831182,189593761,189593761,208924568,208924568,67960136
# status f = 240184677,0,1 : PASS_RHO (rho 0.83579, T 1347.2, 0s)
f = 252155169,0,1 | route RHO | claimed 0.87500112129532341031 | coeffs -274894299,-274894299,-190381468,-190381468,-67592709,-67592709,-67025964,-67025964,-129802028,-129802028,-149132835,-149132835,-206315289,-206315289,-182086812,-182086812,6473409,6473409,37694360,37694360,1176933,1176933,-257632506,-257632506,-251481810,-251481810,-300630515,-300630515,107482634,107482634,94581148,94581148,235545580,235545580,124459684,124459684,379723764,379723764,164828201,164828201,448632949,448632949,450181504,450181504,344609775,344609775,449803191,449803191,266451516,266451516,230605766,230605766,375368345,375368345,593301849,593301849,531018641,531018641,450261237,450261237,416825493,416825493,432993332,432993332
f = 252155169,0,1 | route T | claimed 2031.4592205612798678 | coeffs 94581148,235545580,235545580,124459684,124459684,379723764,379723764,164828201,164828201,448632949,448632949,450181504,450181504,344609775,344609775,449803191,449803191,266451516,266451516,230605766,230605766,375368345,375368345,593301849,593301849,531018641,531018641,450261237,450261237,416825493,416825493,432993332,432993332,274894299,274894299,190381468,190381468,67592709,67592709,67025964,67025964,129802028,129802028,149132835,149132835,206315289,206315289,182086812,182086812,-6473409,-6473409,-37694360,-37694360,-1176933,-1176933,257632506,257632506,251481810,251481810,300630515,300630515,-107482634,-107482634,-94581148
# status f = 252155169,0,1 : PASS_RHO (rho 0.87500, T 2031.5, 0s)
f = 287845707,0,1 | route RHO | claimed 0.88978797703260075801 | coeffs -159130874,-377064378,-377064378,-632328458,-632328458,-663549409,-663549409,-821648442,-821648442,-716455026,-716455026,-308341877,-308341877,-327672684,-327672684,-265389476,-265389476,-50493913,-50493913,-13976486,-13976486,-98489317,-98489317,-281840992,-281840992,-294742478,-294742478,-351924932,-351924932,-271167528,-271167528,-554972276,-554972276,-296162837,-296162837,-418951596,-418951596,-454797346,-454797346,-313832914,-313832914,-289604437,-289604437,-256168693,-256168693,-257717248,-257717248,-263867944,-263867944,-264434689,-264434689,-119672110,-119672110,-230758006,-230758006,-42197785,-42197785,-58365624,-58365624,47206105,47206105,96354810,96354810,159130874
f = 287845707,0,1 | route T | claimed 2039.0895351512312609 | coeffs 96354810,159130874,159130874,377064378,377064378,632328458,632328458,663549409,663549409,821648442,821648442,716455026,716455026,308341877,308341877,327672684,327672684,265389476,265389476,50493913,50493913,13976486,13976486,98489317,98489317,281840992,281840992,294742478,294742478,351924932,351924932,271167528,271167528,554972276,554972276,296162837,296162837,418951596,418951596,454797346,454797346,313832914,313832914,289604437,289604437,256168693,256168693,257717248,257717248,263867944,263867944,264434689,264434689,119672110,119672110,230758006,230758006,42197785,42197785,58365624,58365624,-47206105,-47206105,-96354810
# status f = 287845707,0,1 : PASS_RHO (rho 0.88979, T 2039.1, 0s)
f = 294689581,0,1 | route RHO | claimed 0.84221651863608651221 | coeffs -515777190,-515777190,-540005667,-540005667,-131892518,-131892518,-133441073,-133441073,-195724281,-195724281,-195157536,-195157536,-158640109,-158640109,-269726005,-269726005,-86374330,-86374330,-70206491,-70206491,-127388945,-127388945,-78240240,-78240240,205564508,205564508,-12368996,-12368996,-135157755,-135157755,-103936804,-103936804,-244901236,-244901236,-139707820,-139707820,-106272076,-106272076,-86941269,-86941269,-80790573,-80790573,134104990,134104990,278867569,278867569,363380400,363380400,174820179,174820179,161918693,161918693,267490422,267490422,186733018,186733018,123956954,123956954,382766393,382766393,638030473,638030473,673876223,673876223
f = 294689581,0,1 | route T | claimed 1845.1756888037509082 | coeffs 134104990,278867569,278867569,363380400,363380400,174820179,174820179,161918693,161918693,267490422,267490422,186733018,186733018,123956954,123956954,382766393,382766393,638030473,638030473,673876223,673876223,515777190,515777190,540005667,540005667,131892518,131892518,133441073,133441073,195724281,195724281,195157536,195157536,158640109,158640109,269726005,269726005,86374330,86374330,70206491,70206491,127388945,127388945,78240240,78240240,-205564508,-205564508,12368996,12368996,135157755,135157755,103936804,103936804,244901236,244901236,139707820,139707820,106272076,106272076,86941269,86941269,80790573,80790573,-134104990
# status f = 294689581,0,1 : PASS_RHO (rho 0.84222, T 1845.2, 0s)
f = 337238190,0,1 | route RHO | claimed 0.8850670241300815537 | coeffs 10283762,-178276459,-178276459,-283469875,-283469875,-340652329,-340652329,-339103774,-339103774,-276327710,-276327710,-61432147,-61432147,61356612,61356612,-49729284,-49729284,-207828317,-207828317,-194926831,-194926831,-161491087,-161491087,-210639792,-210639792,-272923000,-272923000,-14113561,-14113561,-158876140,-158876140,-127655189,-127655189,-311006864,-311006864,-335235341,-335235341,-229663612,-229663612,-248994419,-248994419,34810329,34810329,34243584,34243584,-221020496,-221020496,-136507665,-136507665,4456767,4456767,20624606,20624606,-387488543,-387488543,-306731139,-306731139,-300580443,-300580443,-82646939,-82646939,-46129512,-46129512,-10283762
f = 337238190,0,1 | route T | claimed 1621.7701317900398812 | coeffs -300580443,-300580443,-82646939,-82646939,-46129512,-46129512,-10283762,-10283762,178276459,178276459,283469875,283469875,340652329,340652329,339103774,339103774,276327710,276327710,61432147,61432147,-61356612,-61356612,49729284,49729284,207828317,207828317,194926831,194926831,161491087,161491087,210639792,210639792,272923000,272923000,14113561,14113561,158876140,158876140,127655189,127655189,311006864,311006864,335235341,335235341,229663612,229663612,248994419,248994419,-34810329,-34810329,-34243584,-34243584,221020496,221020496,136507665,136507665,-4456767,-4456767,-20624606,-20624606,387488543,387488543,306731139,306731139
# status f = 337238190,0,1 : PASS_RHO (rho 0.88507, T 1621.8, 0s)
f = 370463967,0,1 | route RHO | claimed 0.88635485867997001746 | coeffs 306554234,195468338,195468338,189317642,189317642,213546119,213546119,90757360,90757360,171514764,171514764,-11836911,-11836911,203058652,203058652,611171801,611171801,579950850,579950850,517174786,517174786,533342625,533342625,388580046,388580046,390128601,390128601,249164169,249164169,-9645270,-9645270,47537184,47537184,132050015,132050015,69766807,69766807,-35426609,-35426609,219837471,219837471,268986176,268986176,457546397,457546397,456979652,456979652,490415396,490415396,454569646,454569646,170764898,170764898,157863412,157863412,194380839,194380839,175050032,175050032,16950999,16950999,-200982505,-200982505,-306554234
f = 370463967,0,1 | route T | claimed 2078.016985886131648 | coeffs -200786757,-95666489,-95666489,-9343868,-9343868,150505312,150505312,319530682,319530682,137855409,137855409,-126227600,-126227600,28706682,28706682,112808228,112808228,-96154441,-96154441,-26076219,-26076219,-33475723,-33475723,99586144,99586144,142749315,142749315,-224359090,-224359090,-101164164,-101164164,-14435404,-14435404,129127208,129127208,266929685,266929685,6115973,6115973,66267694,66267694,-52939137,-52939137,75449930,75449930,374230490,374230490,288797734,288797734,283511508,283511508,415891339,415891339,282574298,282574298,180517884,180517884,234250038,234250038,147995251,147995251,383364247,383364247,200786757
# status f = 370463967,0,1 : PASS_RHO (rho 0.88635, T 2078.0, 0s)
f = 377411717,0,1 | route RHO | claimed 0.85078279294011365581 | coeffs 73707632,-49081127,-49081127,-32913288,-32913288,-95196496,-95196496,-131042246,-131042246,-236613975,-236613975,-451509538,-451509538,-310545106,-310545106,-359693811,-359693811,-396211238,-396211238,-371982761,-371982761,-434758825,-434758825,-350245994,-350245994,-316810250,-316810250,-534743754,-534743754,-351392079,-351392079,-352940634,-352940634,-608204714,-608204714,-595303228,-595303228,-601453924,-601453924,-632674875,-632674875,-575492421,-575492421,-576059166,-576059166,-734158199,-734158199,-814915603,-814915603,-670153024,-670153024,-564959608,-564959608,-281154860,-281154860,-392240756,-392240756,15872393,15872393,-242937046,-242937046,-54376825,-54376825,-73707632
f = 377411717,0,1 | route T | claimed 1844.7251365209772881 | coeffs -54376825,-73707632,-73707632,49081127,49081127,32913288,32913288,95196496,95196496,131042246,131042246,236613975,236613975,451509538,451509538,310545106,310545106,359693811,359693811,396211238,396211238,371982761,371982761,434758825,434758825,350245994,350245994,316810250,316810250,534743754,534743754,351392079,351392079,352940634,352940634,608204714,608204714,595303228,595303228,601453924,601453924,632674875,632674875,575492421,575492421,576059166,576059166,734158199,734158199,814915603,814915603,670153024,670153024,564959608,564959608,281154860,281154860,392240756,392240756,-15872393,-15872393,242937046,242937046,54376825
# status f = 377411717,0,1 : PASS_RHO (rho 0.85078, T 1844.7, 0s)
f = 396464499,0,1 | route RHO | claimed 0.88978797703260075801 | coeffs 418951596,418951596,296162837,296162837,554972276,554972276,271167528,271167528,351924932,351924932,294742478,294742478,281840992,281840992,98489317,98489317,13976486,13976486,50493913,50493913,265389476,265389476,327672684,327672684,308341877,308341877,716455026,716455026,821648442,821648442,663549409,663549409,632328458,632328458,377064378,377064378,159130874,159130874,96354810,96354810,47206105,47206105,-58365624,-58365624,-42197785,-42197785,-230758006,-230758006,-119672110,-119672110,-264434689,-264434689,-263867944,-263867944,-257717248,-257717248,-256168693,-256168693,-289604437,-289604437,-313832914,-313832914,-454797346,-454797346
f = 396464499,0,1 | route T | claimed 2360.0895466662839215 | coeffs 58365624,58365624,42197785,42197785,230758006,230758006,119672110,119672110,264434689,264434689,263867944,263867944,257717248,257717248,256168693,256168693,289604437,289604437,313832914,313832914,454797346,454797346,418951596,418951596,296162837,296162837,554972276,554972276,271167528,271167528,351924932,351924932,294742478,294742478,281840992,281840992,98489317,98489317,13976486,13976486,50493913,50493913,265389476,265389476,327672684,327672684,308341877,308341877,716455026,716455026,821648442,821648442,663549409,663549409,632328458,632328458,377064378,377064378,159130874,159130874,96354810,96354810,47206105,47206105
# status f = 396464499,0,1 : PASS_RHO (rho 0.88979, T 2360.1, 0s)
f = 435650590,0,1 | route RHO | claimed 0.89308162104460190583 | coeffs -89860814,-89860814,-96011510,-96011510,15074386,15074386,120646115,120646115,-97287389,-97287389,60811644,60811644,41480837,41480837,4963410,4963410,-7938076,-7938076,275866672,275866672,240020922,240020922,206585178,206585178,206018433,206018433,17458212,17458212,66606917,66606917,-188657163,-188657163,-293850579,-293850579,-231567371,-231567371,-147054540,-147054540,-204236994,-204236994,-463046433,-463046433,-322082001,-322082001,-320533446,-320533446,-175770867,-175770867,-159603028,-159603028,-96826964,-96826964,-128047915,-128047915,-536161064,-536161064,-321265501,-321265501,-137913826,-137913826,-57156422,-57156422,65632337,65632337
f = 435650590,0,1 | route T | claimed 1663.8291469026118416 | coeffs -206018433,-206018433,-17458212,-17458212,-66606917,-66606917,188657163,188657163,293850579,293850579,231567371,231567371,147054540,147054540,204236994,204236994,463046433,463046433,322082001,322082001,320533446,320533446,175770867,175770867,159603028,159603028,96826964,96826964,128047915,128047915,536161064,536161064,321265501,321265501,137913826,137913826,57156422,57156422,-65632337,-65632337,-89860814,-89860814,-96011510,-96011510,15074386,15074386,120646115,120646115,-97287389,-97287389,60811644,60811644,41480837,41480837,4963410,4963410,-7938076,-7938076,275866672,275866672,240020922,240020922,206585178,206585178
# status f = 435650590,0,1 : PASS_RHO (rho 0.89308, T 1663.8, 0s)
f = 565553059,0,1 | route RHO | claimed 0.88635485867997001746 | coeffs -170764898,-170764898,-454569646,-454569646,-490415396,-490415396,-456979652,-456979652,-457546397,-457546397,-268986176,-268986176,-219837471,-219837471,35426609,35426609,-69766807,-69766807,-132050015,-132050015,-47537184,-47537184,9645270,9645270,-249164169,-249164169,-390128601,-390128601,-388580046,-388580046,-533342625,-533342625,-517174786,-517174786,-579950850,-579950850,-611171801,-611171801,-203058652,-203058652,11836911,11836911,-171514764,-171514764,-90757360,-90757360,-213546119,-213546119,-189317642,-189317642,-195468338,-195468338,-306554234,-306554234,-200982505,-200982505,16950999,16950999,175050032,175050032,194380839,194380839,157863412,157863412
f = 565553059,0,1 | route T | claimed 1690.1195181729631454 | coeffs 170764898,454569646,454569646,490415396,490415396,456979652,456979652,457546397,457546397,268986176,268986176,219837471,219837471,-35426609,-35426609,69766807,69766807,132050015,132050015,47537184,47537184,-9645270,-9645270,249164169,249164169,390128601,390128601,388580046,388580046,533342625,533342625,517174786,517174786,579950850,579950850,611171801,611171801,203058652,203058652,-11836911,-11836911,171514764,171514764,90757360,90757360,213546119,213546119,189317642,189317642,195468338,195468338,306554234,306554234,200982505,200982505,-16950999,-16950999,-175050032,-175050032,-194380839,-194380839,-157863412,-157863412,-170764898
# status f = 565553059,0,1 : PASS_RHO (rho 0.88635, T 1690.1, 0s)
f = 604739150,0,1 | route RHO | claimed 0.89833459582620910531 | coeffs -651963737,-627735260,-627735260,-768699692,-768699692,-804545442,-804545442,-681756683,-681756683,-422947244,-422947244,-139142496,-139142496,-58385092,-58385092,-1202638,-1202638,-14104124,-14104124,169247551,169247551,84734720,84734720,48217293,48217293,263112856,263112856,200829648,200829648,181498841,181498841,-226614308,-226614308,-121420892,-121420892,36678141,36678141,5457190,5457190,260721270,260721270,42787766,42787766,105563830,105563830,56415125,56415125,161986854,161986854,178154693,178154693,366714914,366714914,477800810,477800810,622563389,622563389,623130134,623130134,616979438,616979438,618527993,618527993,651963737
f = 604739150,0,1 | route T | claimed 1955.828874300031615 | coeffs 48217293,48217293,263112856,263112856,200829648,200829648,181498841,181498841,-226614308,-226614308,-121420892,-121420892,36678141,36678141,5457190,5457190,260721270,260721270,42787766,42787766,105563830,105563830,56415125,56415125,161986854,161986854,178154693,178154693,366714914,366714914,477800810,477800810,622563389,622563389,623130134,623130134,616979438,616979438,618527993,618527993,651963737,651963737,627735260,627735260,768699692,768699692,804545442,804545442,681756683,681756683,422947244,422947244,139142496,139142496,58385092,58385092,1202638,1202638,14104124,14104124,-169247551,-169247551,-84734720,-84734720
# status f = 604739150,0,1 : PASS_RHO (rho 0.89833, T 1955.8, 0s)
f = 623791932,0,1 | route RHO | claimed 0.93341739984167806652 | coeffs -527500156,-685599189,-685599189,-604841785,-604841785,-460079206,-460079206,-565272622,-565272622,-281467874,-281467874,-170381978,-170381978,237731171,237731171,496540610,496540610,685100831,685100831,704431638,704431638,827220397,827220397,843388236,843388236,905671444,905671444,869825694,869825694,975397423,975397423,760501860,760501860,619537428,619537428,570388723,570388723,606906150,606906150,631134627,631134627,693910691,693910691,778423522,778423522,744987778,744987778,527054274,527054274,343702599,343702599,342154044,342154044,597418124,597418124,610319610,610319610,616470306,616470306,585249355,585249355,528066901,528066901,527500156
f = 623791932,0,1 | route T | claimed 2942.0778265933524099 | coeffs 289519131,458544501,458544501,465944005,465944005,603746482,603746482,609032708,609032708,426455218,426455218,581389500,581389500,948497905,948497905,829291074,829291074,931347488,931347488,771498308,771498308,841576530,841576530,698013918,698013918,612581162,612581162,377212166,377212166,641295175,641295175,684458346,684458346,624306625,624306625,490989584,490989584,577312205,577312205,786274874,786274874,873003634,873003634,574223074,574223074,487968287,487968287,306293014,306293014,173231147,173231147,-87582565,-87582565,-219962396,-219962396,-325082664,-325082664,-240981118,-240981118,-364176044,-364176044,-235786977,-235786977,-289519131
# status f = 623791932,0,1 : PASS_RHO (rho 0.93342, T 2942.1, 0s)
f = 630739682,0,1 | route RHO | claimed 0.89308162104460190583 | coeffs 15074386,15074386,-96011510,-96011510,-89860814,-89860814,-65632337,-65632337,57156422,57156422,137913826,137913826,321265501,321265501,536161064,536161064,128047915,128047915,96826964,96826964,159603028,159603028,175770867,175770867,320533446,320533446,322082001,322082001,463046433,463046433,204236994,204236994,147054540,147054540,231567371,231567371,293850579,293850579,188657163,188657163,-66606917,-66606917,-17458212,-17458212,-206018433,-206018433,-206585178,-206585178,-240020922,-240020922,-275866672,-275866672,7938076,7938076,-4963410,-4963410,-41480837,-41480837,-60811644,-60811644,97287389,97287389,-120646115,-120646115
f = 630739682,0,1 | route T | claimed 1640.6965667183574799 | coeffs 66606917,17458212,17458212,206018433,206018433,206585178,206585178,240020922,240020922,275866672,275866672,-7938076,-7938076,4963410,4963410,41480837,41480837,60811644,60811644,-97287389,-97287389,120646115,120646115,15074386,15074386,-96011510,-96011510,-89860814,-89860814,-65632337,-65632337,57156422,57156422,137913826,137913826,321265501,321265501,536161064,536161064,128047915,128047915,96826964,96826964,159603028,159603028,175770867,175770867,320533446,320533446,322082001,322082001,463046433,463046433,204236994,204236994,147054540,147054540,231567371,231567371,293850579,293850579,188657163,188657163,-66606917
# status f = 630739682,0,1 : PASS_RHO (rho 0.89308, T 1640.7, 0s)
f = 663965459,0,1 | route RHO | claimed 0.88811548016515794768 | coeffs 149635065,149635065,44063336,44063336,24732529,24732529,-259072219,-259072219,-259638964,-259638964,-4374884,-4374884,80137947,80137947,-60826485,-60826485,-44658646,-44658646,363454503,363454503,444211907,444211907,438061211,438061211,655994715,655994715,619477288,619477288,655323038,655323038,466762817,466762817,571956233,571956233,514773779,514773779,513225224,513225224,576001288,576001288,361105725,361105725,483894484,483894484,594980380,594980380,436881347,436881347,423979861,423979861,457415605,457415605,506564310,506564310,444281102,444281102,185471663,185471663,40709084,40709084,9488133,9488133,-173863542,-173863542
f = 663965459,0,1 | route T | claimed 2007.2901645846151968 | coeffs -60826485,-44658646,-44658646,363454503,363454503,444211907,444211907,438061211,438061211,655994715,655994715,619477288,619477288,655323038,655323038,466762817,466762817,571956233,571956233,514773779,514773779,513225224,513225224,576001288,576001288,361105725,361105725,483894484,483894484,594980380,594980380,436881347,436881347,423979861,423979861,457415605,457415605,506564310,506564310,444281102,444281102,185471663,185471663,40709084,40709084,9488133,9488133,-173863542,-173863542,-149635065,-149635065,-44063336,-44063336,-24732529,-24732529,259072219,259072219,259638964,259638964,4374884,4374884,-80137947,-80137947,60826485
# status f = 663965459,0,1 : PASS_RHO (rho 0.88812, T 2007.3, 0s)
f = 706514068,0,1 | route RHO | claimed 0.94109467901572782305 | coeffs 306639499,148540466,148540466,124311989,124311989,-283801160,-283801160,-285349715,-285349715,-223066507,-223066507,-222499762,-222499762,-259017189,-259017189,-370103085,-370103085,-553454760,-553454760,-537286921,-537286921,-480104467,-480104467,-430955762,-430955762,-714760510,-714760510,-932694014,-932694014,-809905255,-809905255,-778684304,-778684304,-637719872,-637719872,-532526456,-532526456,-565962200,-565962200,-546631393,-546631393,-552782089,-552782089,-337886526,-337886526,-482649105,-482649105,-398136274,-398136274,-209576053,-209576053,-222477539,-222477539,-328049268,-328049268,-408806672,-408806672,-346030608,-346030608,-87221169,-87221169,-342485249,-342485249,-306639499
f = 706514068,0,1 | route T | claimed 2856.3677520440792028 | coeffs 522256233,679292638,679292638,650009094,650009094,891160583,891160583,763961062,763961062,844741721,844741721,727028034,727028034,785435220,785435220,820205164,820205164,814666131,814666131,814858799,814858799,745284855,745284855,291245873,291245873,559937329,559937329,803537635,803537635,545609019,545609019,327237817,327237817,432856050,432856050,124250594,124250594,298013778,298013778,159515303,159515303,367235199,367235199,385909847,385909847,405870052,405870052,310811751,310811751,294962619,294962619,166571976,166571976,-24324550,-24324550,-230058756,-230058756,-487805659,-487805659,-459691710,-459691710,-422395270,-422395270,-522256233
# status f = 706514068,0,1 : PASS_RHO (rho 0.94109, T 2856.4, 0s)
f = 713357942,0,1 | route RHO | claimed 0.89833459582620910531 | coeffs -36678141,121420892,121420892,226614308,226614308,-181498841,-181498841,-200829648,-200829648,-263112856,-263112856,-48217293,-48217293,-84734720,-84734720,-169247551,-169247551,14104124,14104124,1202638,1202638,58385092,58385092,139142496,139142496,422947244,422947244,681756683,681756683,804545442,804545442,768699692,768699692,627735260,627735260,651963737,651963737,618527993,618527993,616979438,616979438,623130134,623130134,622563389,622563389,477800810,477800810,366714914,366714914,178154693,178154693,161986854,161986854,56415125,56415125,105563830,105563830,42787766,42787766,260721270,260721270,5457190,5457190,36678141
f = 713357942,0,1 | route T | claimed 1910.5441416907698879 | coeffs 139142496,139142496,422947244,422947244,681756683,681756683,804545442,804545442,768699692,768699692,627735260,627735260,651963737,651963737,618527993,618527993,616979438,616979438,623130134,623130134,622563389,622563389,477800810,477800810,366714914,366714914,178154693,178154693,161986854,161986854,56415125,56415125,105563830,105563830,42787766,42787766,260721270,260721270,5457190,5457190,36678141,36678141,-121420892,-121420892,-226614308,-226614308,181498841,181498841,200829648,200829648,263112856,263112856,48217293,48217293,84734720,84734720,169247551,169247551,-14104124,-14104124,-1202638,-1202638,-58385092,-58385092
# status f = 713357942,0,1 : PASS_RHO (rho 0.89833, T 1910.5, 0s)
f = 749048480,0,1 | route RHO | claimed 0.89929867418758310066 | coeffs 986202301,802850626,802850626,838696376,838696376,983458955,983458955,765525451,765525451,703242243,703242243,783999647,783999647,750563903,750563903,734396064,734396064,576297031,576297031,660809862,660809862,538021103,538021103,538587848,538587848,601363912,601363912,582033105,582033105,639215559,639215559,663444036,663444036,474883815,474883815,506104766,506104766,542622193,542622193,283812754,283812754,277662058,277662058,228513353,228513353,-179599796,-179599796,-192501282,-192501282,-333465714,-333465714,-444551610,-444551610,-699815690,-699815690,-914711253,-914711253,-1198516001,-1198516001,-1196967446,-1196967446,-1091395717,-1091395717,-986202301
f = 749048480,0,1 | route T | claimed 1947.5644253229616923 | coeffs 2376982,2376982,77625871,77625871,361606432,361606432,361913816,361913816,451416399,451416399,461790078,461790078,316995127,316995127,273592752,273592752,478190386,478190386,513459005,513459005,390053058,390053058,648452899,648452899,443180310,443180310,474812153,474812153,643074785,643074785,703642279,703642279,720723186,720723186,589414674,589414674,501359623,501359623,904224126,904224126,902635679,902635679,701660807,701660807,756377352,756377352,965284775,965284775,795607067,795607067,721878321,721878321,386473985,386473985,310201181,310201181,273427659,273427659,303698652,303698652,271999491,271999491,264146594,264146594
# status f = 749048480,0,1 : PASS_RHO (rho 0.89930, T 1947.6, 0s)
f = 761018972,0,1 | route RHO | claimed 0.9337871702999388569 | coeffs -224472145,-224472145,30791935,30791935,111549339,111549339,-77010882,-77010882,-291906445,-291906445,-258470701,-258470701,-289691652,-289691652,-5886904,-5886904,-22054743,-22054743,14462684,14462684,16011239,16011239,174110272,174110272,432919711,432919711,327347982,327347982,411860813,411860813,405710117,405710117,510903533,510903533,633692292,633692292,682840997,682840997,499489322,499489322,500056067,500056067,91942918,91942918,56097168,56097168,-6678896,-6678896,6222590,6222590,150985169,150985169,131654362,131654362,-9310070,-9310070,208623434,208623434,151440980,151440980,262526876,262526876,200243668,200243668
f = 761018972,0,1 | route T | claimed 2509.2362603887537287 | coeffs 111549339,111549339,-77010882,-77010882,-291906445,-291906445,-258470701,-258470701,-289691652,-289691652,-5886904,-5886904,-22054743,-22054743,14462684,14462684,16011239,16011239,174110272,174110272,432919711,432919711,327347982,327347982,411860813,411860813,405710117,405710117,510903533,510903533,633692292,633692292,682840997,682840997,499489322,499489322,500056067,500056067,91942918,91942918,56097168,56097168,-6678896,-6678896,6222590,6222590,150985169,150985169,131654362,131654362,-9310070,-9310070,208623434,208623434,151440980,151440980,262526876,262526876,200243668,200243668,224472145,224472145,-30791935,-30791935
# status f = 761018972,0,1 : PASS_RHO (rho 0.93379, T 2509.2, 0s)
f = 808101941,0,1 | route RHO | claimed 0.8869919275775380435 | coeffs -72618646,-96847123,-96847123,-241609702,-241609702,-290758407,-290758407,-448857440,-448857440,-233961877,-233961877,-291144331,-291144331,-326990081,-326990081,-333140777,-333140777,-349308616,-349308616,-94044536,-94044536,-74713729,-74713729,108637946,108637946,-150171493,-150171493,-183607237,-183607237,-72521341,-72521341,-135297405,-135297405,-30103989,-30103989,6413438,6413438,87170842,87170842,228135274,228135274,227568529,227568529,333140258,333140258,364361209,364361209,302078001,302078001,314979487,314979487,437768246,437768246,439316801,439316801,250756580,250756580,32823076,32823076,440936225,440936225,356423394,356423394,72618646
f = 808101941,0,1 | route T | claimed 1981.2082314588423725 | coeffs -74713729,-74713729,108637946,108637946,-150171493,-150171493,-183607237,-183607237,-72521341,-72521341,-135297405,-135297405,-30103989,-30103989,6413438,6413438,87170842,87170842,228135274,228135274,227568529,227568529,333140258,333140258,364361209,364361209,302078001,302078001,314979487,314979487,437768246,437768246,439316801,439316801,250756580,250756580,32823076,32823076,440936225,440936225,356423394,356423394,72618646,72618646,96847123,96847123,241609702,241609702,290758407,290758407,448857440,448857440,233961877,233961877,291144331,291144331,326990081,326990081,333140777,333140777,349308616,349308616,94044536,94044536
# status f = 808101941,0,1 : PASS_RHO (rho 0.88699, T 1981.2, 0s)
f = 809446343,0,1 | route RHO | claimed 0.93341739984167806652 | coeffs 597418124,342154044,342154044,343702599,343702599,527054274,527054274,744987778,744987778,778423522,778423522,693910691,693910691,631134627,631134627,606906150,606906150,570388723,570388723,619537428,619537428,760501860,760501860,975397423,975397423,869825694,869825694,905671444,905671444,843388236,843388236,827220397,827220397,704431638,704431638,685100831,685100831,496540610,496540610,237731171,237731171,-170381978,-170381978,-281467874,-281467874,-565272622,-565272622,-460079206,-460079206,-604841785,-604841785,-685599189,-685599189,-527500156,-527500156,-528066901,-528066901,-585249355,-585249355,-616470306,-616470306,-610319610,-610319610,-597418124
f = 809446343,0,1 | route T | claimed 2530.0261308794227536 | coeffs 170381978,281467874,281467874,565272622,565272622,460079206,460079206,604841785,604841785,685599189,685599189,527500156,527500156,528066901,528066901,585249355,585249355,616470306,616470306,610319610,610319610,597418124,597418124,342154044,342154044,343702599,343702599,527054274,527054274,744987778,744987778,778423522,778423522,693910691,693910691,631134627,631134627,606906150,606906150,570388723,570388723,619537428,619537428,760501860,760501860,975397423,975397423,869825694,869825694,905671444,905671444,843388236,843388236,827220397,827220397,704431638,704431638,685100831,685100831,496540610,496540610,237731171,237731171,-170381978
# status f = 809446343,0,1 : PASS_RHO (rho 0.93342, T 2530.0, 0s)
f = 832743077,0,1 | route RHO | claimed 0.83579232246453632451 | coeffs 670252116,639031165,639031165,605595421,605595421,390699858,390699858,579260079,579260079,660017483,660017483,404753403,404753403,380524926,380524926,318241718,318241718,207155822,207155822,149973368,149973368,-67960136,-67960136,-208924568,-208924568,-189593761,-189593761,-44831182,-44831182,-57732668,-57732668,-120508732,-120508732,-84662982,-84662982,-492776131,-492776131,-493342876,-493342876,-676694551,-676694551,-725843256,-725843256,-603054497,-603054497,-708247913,-708247913,-714398609,-714398609,-798911440,-798911440,-904483169,-904483169,-1163292608,-1163292608,-1005193575,-1005193575,-1006742130,-1006742130,-970224703,-970224703,-954056864,-954056864,-670252116
f = 832743077,0,1 | route T | claimed 1285.8337886591267267 | coeffs -318241718,-207155822,-207155822,-149973368,-149973368,67960136,67960136,208924568,208924568,189593761,189593761,44831182,44831182,57732668,57732668,120508732,120508732,84662982,84662982,492776131,492776131,493342876,493342876,676694551,676694551,725843256,725843256,603054497,603054497,708247913,708247913,714398609,714398609,798911440,798911440,904483169,904483169,1163292608,1163292608,1005193575,1005193575,1006742130,1006742130,970224703,970224703,954056864,954056864,670252116,670252116,639031165,639031165,605595421,605595421,390699858,390699858,579260079,579260079,660017483,660017483,404753403,404753403,380524926,380524926,318241718
# status f = 832743077,0,1 : PASS_RHO (rho 0.83579, T 1285.8, 0s)
f = 849011835,0,1 | route RHO | claimed 0.8850670241300815537 | coeffs 46129512,82646939,82646939,300580443,300580443,306731139,306731139,387488543,387488543,-20624606,-20624606,-4456767,-4456767,136507665,136507665,221020496,221020496,-34243584,-34243584,-34810329,-34810329,248994419,248994419,229663612,229663612,335235341,335235341,311006864,311006864,127655189,127655189,158876140,158876140,14113561,14113561,272923000,272923000,210639792,210639792,161491087,161491087,194926831,194926831,207828317,207828317,49729284,49729284,-61356612,-61356612,61432147,61432147,276327710,276327710,339103774,339103774,340652329,340652329,283469875,283469875,178276459,178276459,-10283762,-10283762,-46129512
f = 849011835,0,1 | route T | claimed 1441.8745606559393324 | coeffs 46129512,82646939,82646939,300580443,300580443,306731139,306731139,387488543,387488543,-20624606,-20624606,-4456767,-4456767,136507665,136507665,221020496,221020496,-34243584,-34243584,-34810329,-34810329,248994419,248994419,229663612,229663612,335235341,335235341,311006864,311006864,127655189,127655189,158876140,158876140,14113561,14113561,272923000,272923000,210639792,210639792,161491087,161491087,194926831,194926831,207828317,207828317,49729284,49729284,-61356612,-61356612,61432147,61432147,276327710,276327710,339103774,339103774,340652329,340652329,283469875,283469875,178276459,178276459,-10283762,-10283762,-46129512
# status f = 849011835,0,1 : PASS_RHO (rho 0.88507, T 1441.9, 0s)
f = 897003168,0,1 | route RHO | claimed 0.89562181711328955378 | coeffs 55296657,55296657,53748102,53748102,176536861,176536861,163635375,163635375,101352167,101352167,70131216,70131216,175702945,175702945,176269690,176269690,317234122,317234122,236476718,236476718,272994145,272994145,167800729,167800729,105024665,105024665,-6061231,-6061231,-39496975,-39496975,219312464,219312464,402664139,402664139,383333332,383333332,638597412,638597412,654765251,654765251,648614555,648614555,684460305,684460305,627277851,627277851,412382288,412382288,254283255,254283255,303431960,303431960,158669381,158669381,182897858,182897858,466702606,466702606,382189775,382189775,-25923374,-25923374,-243856878,-243856878
f = 897003168,0,1 | route T | claimed 2327.5656378105480754 | coeffs 55296657,55296657,53748102,53748102,176536861,176536861,163635375,163635375,101352167,101352167,70131216,70131216,175702945,175702945,176269690,176269690,317234122,317234122,236476718,236476718,272994145,272994145,167800729,167800729,105024665,105024665,-6061231,-6061231,-39496975,-39496975,219312464,219312464,402664139,402664139,383333332,383333332,638597412,638597412,654765251,654765251,648614555,648614555,684460305,684460305,627277851,627277851,412382288,412382288,254283255,254283255,303431960,303431960,158669381,158669381,182897858,182897858,466702606,466702606,382189775,382189775,-25923374,-25923374,-243856878,-243856878
# status f = 897003168,0,1 : PASS_RHO (rho 0.89562, T 2327.6, 0s)
f = 954622380,0,1 | route RHO | claimed 0.94109467901572782305 | coeffs 283801160,283801160,-124311989,-124311989,-148540466,-148540466,-306639499,-306639499,-342485249,-342485249,-87221169,-87221169,-346030608,-346030608,-408806672,-408806672,-328049268,-328049268,-222477539,-222477539,-209576053,-209576053,-398136274,-398136274,-482649105,-482649105,-337886526,-337886526,-552782089,-552782089,-546631393,-546631393,-565962200,-565962200,-532526456,-532526456,-637719872,-637719872,-778684304,-778684304,-809905255,-809905255,-932694014,-932694014,-714760510,-714760510,-430955762,-430955762,-480104467,-480104467,-537286921,-537286921,-553454760,-553454760,-370103085,-370103085,-259017189,-259017189,-222499762,-222499762,-223066507,-223066507,-285349715,-285349715
f = 954622380,0,1 | route T | claimed 2422.9409338292626104 | coeffs 691233871,975214432,975214432,898941628,898941628,900530075,900530075,932161918,932161918,1076956869,1076956869,1084809766,1084809766,915132058,915132058,1046440570,1046440570,923034623,923034623,922727239,922727239,959500761,959500761,758525889,758525889,590263257,590263257,546860882,546860882,280337306,280337306,354066052,354066052,266011001,266011001,7611160,7611160,97113743,97113743,127384736,127384736,72668191,72668191,133235685,133235685,-71361949,-71361949,3886940,3886940,-331517396,-331517396,-734381899,-734381899,-939654488,-939654488,-950028167,-950028167,-918329006,-918329006,-709421583,-709421583,-726502490,-726502490,-691233871
# status f = 954622380,0,1 : PASS_RHO (rho 0.94109, T 2422.9, 0s)
f = 967098055,0,1 | route RHO | claimed 0.87500112129532341031 | coeffs 449803191,449803191,344609775,344609775,450181504,450181504,448632949,448632949,164828201,164828201,379723764,379723764,124459684,124459684,235545580,235545580,94581148,94581148,107482634,107482634,-300630515,-300630515,-251481810,-251481810,-257632506,-257632506,1176933,1176933,37694360,37694360,6473409,6473409,-182086812,-182086812,-206315289,-206315289,-149132835,-149132835,-129802028,-129802028,-67025964,-67025964,-67592709,-67592709,-190381468,-190381468,-274894299,-274894299,-432993332,-432993332,-416825493,-416825493,-450261237,-450261237,-531018641,-531018641,-593301849,-593301849,-375368345,-375368345,-230605766,-230605766,-266451516,-266451516
f = 967098055,0,1 | route T | claimed 1722.0547752036075463 | coeffs -64690136,-85442974,-85442974,242852692,242852692,121814059,121814059,255980611,255980611,104013905,104013905,131591392,131591392,115643543,115643543,221623822,221623822,74040523,74040523,161123757,161123757,111779972,111779972,411820169,411820169,448247944,448247944,455047410,455047410,156270547,156270547,-109817397,-109817397,95803727,95803727,107481724,107481724,-115062346,-115062346,135944909,135944909,32081028,32081028,52089396,52089396,3086256,3086256,169037456,169037456,-27027590,-27027590,341941213,341941213,200247615,200247615,148598497,148598497,238634624,238634624,99969030,99969030,101527477,101527477,64690136
# status f = 967098055,0,1 : PASS_RHO (rho 0.87500, T 1722.1, 0s)
# summary n = 7 l = 1001203649 : EXCLUSION_CANDIDATE ; PASS 32 / 32 ; OPEN_NEAR 0 ; OPEN_FAR 0 ; 13s
