# FAMILY WITNESS FILE (generator family_gen.sage r10). n = 7 ; l = 1001195201 ; m = 64 ; deg = 2 ; ncomp = 32 ; bar_T = 4224 ; L_n = 16.3328709449664096755483535644
# line: f = c0,...,c_deg (monic, over F_l) | route RHO|T | claimed (rho or T, float) | coeffs a_0..a_{m-1}
f = 14380690,0,1 | route RHO | claimed 0.88932439847461377348 | coeffs 129486534,-17600566,-17600566,185818902,185818902,-46436950,-46436950,-370601980,-370601980,-230987878,-230987878,-427736837,-427736837,-415415960,-415415960,-311227244,-311227244,-460903904,-460903904,-449025192,-449025192,-261917054,-261917054,-394993196,-394993196,-342212402,-342212402,-313207404,-313207404,-625772930,-625772930,-565857662,-565857662,-486510975,-486510975,-311906390,-311906390,-370399365,-370399365,-231566775,-231566775,-201690409,-201690409,-332921728,-332921728,-40018572,-40018572,-125733220,-125733220,-410925648,-410925648,-383086218,-383086218,-453831400,-453831400,-207695536,-207695536,-201267882,-201267882,-106287422,-106287422,-229393023,-229393023,-129486534
f = 14380690,0,1 | route T | claimed 2257.5987948712076317 | coeffs 325833561,216274290,216274290,78241237,78241237,437555400,437555400,604639944,604639944,484039573,484039573,776888981,776888981,561068506,561068506,464655891,464655891,454680977,454680977,422955195,422955195,322225590,322225590,671221808,671221808,1011110410,1011110410,866098049,866098049,773793335,773793335,601997463,601997463,803972858,803972858,638123905,638123905,522613743,522613743,389343380,389343380,400321685,400321685,383581710,383581710,191358323,191358323,199737409,199737409,242515633,242515633,-33023044,-33023044,-50618778,-50618778,-160905371,-160905371,-64191136,-64191136,-142219007,-142219007,-249376628,-249376628,-325833561
# status f = 14380690,0,1 : PASS_RHO (rho 0.88932, T 2257.6, 1s)
f = 16555817,0,1 | route RHO | claimed 0.90197580115806894797 | coeffs 83371177,83371177,55531747,55531747,61959401,61959401,-37947088,-37947088,194308764,194308764,-2440195,-2440195,147236465,147236465,14160323,14160323,326725849,326725849,501330434,501330434,471454068,471454068,385739420,385739420,456484602,456484602,551465062,551465062,404377962,404377962,728542992,728542992,740863869,740863869,728985157,728985157,781765951,781765951,721850683,721850683,663357708,663357708,794589027,794589027,509396599,509396599,263260735,263260735,140155134,140155134,343574602,343574602,203960500,203960500,308149216,308149216,121041078,121041078,150046076,150046076,70699389,70699389,209531979,209531979
f = 16555817,0,1 | route T | claimed 2356.8581506674057724 | coeffs 14160323,326725849,326725849,501330434,501330434,471454068,471454068,385739420,385739420,456484602,456484602,551465062,551465062,404377962,404377962,728542992,728542992,740863869,740863869,728985157,728985157,781765951,781765951,721850683,721850683,663357708,663357708,794589027,794589027,509396599,509396599,263260735,263260735,140155134,140155134,343574602,343574602,203960500,203960500,308149216,308149216,121041078,121041078,150046076,150046076,70699389,70699389,209531979,209531979,-83371177,-83371177,-55531747,-55531747,-61959401,-61959401,37947088,37947088,-194308764,-194308764,2440195,2440195,-147236465,-147236465,-14160323
# status f = 16555817,0,1 : PASS_RHO (rho 0.90198, T 2356.9, 0s)
f = 32470212,0,1 | route RHO | claimed 0.93877592092860247636 | coeffs 598083381,598083381,910648907,910648907,824934259,824934259,677847159,677847159,665968447,665968447,607475472,607475472,361339608,361339608,221725506,221725506,250730504,250730504,-42172652,-42172652,57733837,57733837,-91942823,-91942823,-266547408,-266547408,-337292590,-337292590,-661457620,-661457620,-714238414,-714238414,-845469733,-845469733,-722364132,-722364132,-826552848,-826552848,-747206161,-747206161,-775045591,-775045591,-542789739,-542789739,-675865881,-675865881,-705742247,-705742247,-610761787,-610761787,-598440910,-598440910,-658356178,-658356178,-943548606,-943548606,-740129138,-740129138,-927237276,-927237276,-788404686,-788404686,-794832340,-794832340
f = 32470212,0,1 | route T | claimed 2527.0471339459912093 | coeffs 322990968,322990968,75291721,75291721,202350032,202350032,-13570044,-13570044,27284627,27284627,10332038,10332038,213831636,213831636,101951032,101951032,344365236,344365236,278978821,278978821,365357354,365357354,359795127,359795127,462937016,462937016,559037465,559037465,963907705,963907705,886572143,886572143,629925772,629925772,649772842,649772842,475769705,475769705,339920434,339920434,320906703,320906703,204899340,204899340,104219571,104219571,127669127,127669127,-31982447,-31982447,-40738079,-40738079,-129078995,-129078995,-286159481,-286159481,-678828877,-678828877,-826800171,-826800171,-596536949,-596536949,-604313050,-604313050
# status f = 32470212,0,1 : PASS_RHO (rho 0.93878, T 2527.0, 0s)
f = 68230407,0,1 | route RHO | claimed 0.88932439847461377348 | coeffs 410925648,410925648,125733220,125733220,40018572,40018572,332921728,332921728,201690409,201690409,231566775,231566775,370399365,370399365,311906390,311906390,486510975,486510975,565857662,565857662,625772930,625772930,313207404,313207404,342212402,342212402,394993196,394993196,261917054,261917054,449025192,449025192,460903904,460903904,311227244,311227244,415415960,415415960,427736837,427736837,230987878,230987878,370601980,370601980,46436950,46436950,-185818902,-185818902,17600566,17600566,-129486534,-129486534,-229393023,-229393023,-106287422,-106287422,-201267882,-201267882,-207695536,-207695536,-453831400,-453831400,-383086218,-383086218
f = 68230407,0,1 | route T | claimed 2158.0466960261606974 | coeffs -33023044,-33023044,242515633,242515633,199737409,199737409,191358323,191358323,383581710,383581710,400321685,400321685,389343380,389343380,522613743,522613743,638123905,638123905,803972858,803972858,601997463,601997463,773793335,773793335,866098049,866098049,1011110410,1011110410,671221808,671221808,322225590,322225590,422955195,422955195,454680977,454680977,464655891,464655891,561068506,561068506,776888981,776888981,484039573,484039573,604639944,604639944,437555400,437555400,78241237,78241237,216274290,216274290,325833561,325833561,249376628,249376628,142219007,142219007,64191136,64191136,160905371,160905371,50618778,50618778
# status f = 68230407,0,1 : PASS_RHO (rho 0.88932, T 2158.0, 0s)
f = 73616902,0,1 | route RHO | claimed 0.90197580115806894797 | coeffs 2440195,2440195,-194308764,-194308764,37947088,37947088,-61959401,-61959401,-55531747,-55531747,-83371177,-83371177,209531979,209531979,70699389,70699389,150046076,150046076,121041078,121041078,308149216,308149216,203960500,203960500,343574602,343574602,140155134,140155134,263260735,263260735,509396599,509396599,794589027,794589027,663357708,663357708,721850683,721850683,781765951,781765951,728985157,728985157,740863869,740863869,728542992,728542992,404377962,404377962,551465062,551465062,456484602,456484602,385739420,385739420,471454068,471454068,501330434,501330434,326725849,326725849,14160323,14160323,147236465,147236465
f = 73616902,0,1 | route T | claimed 2136.2362098458920349 | coeffs 283203674,283203674,10670613,10670613,177110629,177110629,235837018,235837018,549758908,549758908,509676607,509676607,567163121,567163121,519481783,519481783,656349268,656349268,657711871,657711871,582069152,582069152,599558343,599558343,408403898,408403898,459911523,459911523,638440231,638440231,444129955,444129955,484592322,484592322,635800171,635800171,616664119,616664119,388250168,388250168,609388070,609388070,520978484,520978484,128519100,128519100,339365299,339365299,398355080,398355080,247626061,247626061,308509521,308509521,181323873,181323873,-191149660,-191149660,-73655841,-73655841,-102751280,-102751280,-379018541,-379018541
# status f = 73616902,0,1 : PASS_RHO (rho 0.90198, T 2136.2, 0s)
f = 117748513,0,1 | route RHO | claimed 0.93877592092860247636 | coeffs 714238414,714238414,661457620,661457620,337292590,337292590,266547408,266547408,91942823,91942823,-57733837,-57733837,42172652,42172652,-250730504,-250730504,-221725506,-221725506,-361339608,-361339608,-607475472,-607475472,-665968447,-665968447,-677847159,-677847159,-824934259,-824934259,-910648907,-910648907,-598083381,-598083381,-794832340,-794832340,-788404686,-788404686,-927237276,-927237276,-740129138,-740129138,-943548606,-943548606,-658356178,-658356178,-598440910,-598440910,-610761787,-610761787,-705742247,-705742247,-675865881,-675865881,-542789739,-542789739,-775045591,-775045591,-747206161,-747206161,-826552848,-826552848,-722364132,-722364132,-845469733,-845469733
f = 117748513,0,1 | route T | claimed 2499.4944007827703645 | coeffs -278978821,-344365236,-344365236,-101951032,-101951032,-213831636,-213831636,-10332038,-10332038,-27284627,-27284627,13570044,13570044,-202350032,-202350032,-75291721,-75291721,-322990968,-322990968,-604313050,-604313050,-596536949,-596536949,-826800171,-826800171,-678828877,-678828877,-286159481,-286159481,-129078995,-129078995,-40738079,-40738079,-31982447,-31982447,127669127,127669127,104219571,104219571,204899340,204899340,320906703,320906703,339920434,339920434,475769705,475769705,649772842,649772842,629925772,629925772,886572143,886572143,963907705,963907705,559037465,559037465,462937016,462937016,359795127,359795127,365357354,365357354,278978821
# status f = 117748513,0,1 : PASS_RHO (rho 0.93878, T 2499.5, 1s)
f = 125157076,0,1 | route RHO | claimed 0.93394885639058884544 | coeffs -298735466,-298735466,-369480648,-369480648,-357601936,-357601936,-72409508,-72409508,-176598224,-176598224,116304932,116304932,-80444027,-80444027,-110320393,-110320393,213844637,213844637,155351662,155351662,358771130,358771130,279424443,279424443,379330932,379330932,66765406,66765406,-28215054,-28215054,-80995848,-80995848,165140016,165140016,352248154,352248154,324408724,324408724,474085384,474085384,388370736,388370736,400691613,400691613,531922932,531922932,392308830,392308830,531141420,531141420,298885568,298885568,124280983,124280983,271368083,271368083,331283351,331283351,454388952,454388952,425383954,425383954,431811608,431811608
f = 125157076,0,1 | route T | claimed 2256.9108144805567161 | coeffs -176598224,116304932,116304932,-80444027,-80444027,-110320393,-110320393,213844637,213844637,155351662,155351662,358771130,358771130,279424443,279424443,379330932,379330932,66765406,66765406,-28215054,-28215054,-80995848,-80995848,165140016,165140016,352248154,352248154,324408724,324408724,474085384,474085384,388370736,388370736,400691613,400691613,531922932,531922932,392308830,392308830,531141420,531141420,298885568,298885568,124280983,124280983,271368083,271368083,331283351,331283351,454388952,454388952,425383954,425383954,431811608,431811608,298735466,298735466,369480648,369480648,357601936,357601936,72409508,72409508,176598224
# status f = 125157076,0,1 : PASS_RHO (rho 0.93395, T 2256.9, 0s)
f = 130143363,0,1 | route RHO | claimed 0.9281975172648564794 | coeffs 56743937,56743937,219302687,219302687,86165282,86165282,172832113,172832113,-123767271,-123767271,15775457,15775457,21090108,21090108,6942456,6942456,-134935539,-134935539,-245365992,-245365992,-124521322,-124521322,-322476240,-322476240,-3293840,-3293840,-164604385,-164604385,-205730295,-205730295,145795089,145795089,-179203449,-179203449,-237293862,-237293862,-70966079,-70966079,-192007783,-192007783,-226078796,-226078796,-113254413,-113254413,150510762,150510762,-81015648,-81015648,332771838,332771838,253224085,253224085,99489450,99489450,150046756,150046756,106206540,106206540,26217319,26217319,13653560,13653560,-48587100,-48587100
f = 130143363,0,1 | route T | claimed 2442.9815346201790694 | coeffs -647994406,-647994406,-512318135,-512318135,-464586192,-464586192,-638568943,-638568943,-837614344,-837614344,-684384615,-684384615,-490181430,-490181430,-353767333,-353767333,-44710624,-44710624,98659568,98659568,119374425,119374425,62977958,62977958,55199979,55199979,-263996213,-263996213,-329934435,-329934435,-151769444,-151769444,-401468146,-401468146,-252578071,-252578071,-145612384,-145612384,-170480157,-170480157,-143006121,-143006121,-216792947,-216792947,-394939566,-394939566,-334704982,-334704982,-584547681,-584547681,-578016984,-578016984,-392603563,-392603563,-112929074,-112929074,72664600,72664600,190775300,190775300,318642201,318642201,368613720,368613720
# status f = 130143363,0,1 : PASS_RHO (rho 0.92820, T 2443.0, 0s)
f = 137327811,0,1 | route RHO | claimed 0.98497520129995591731 | coeffs -343824865,-194148205,-194148205,-165143207,-165143207,-106650232,-106650232,-192364880,-192364880,-198792534,-198792534,-402212002,-402212002,-389891125,-389891125,-256814983,-256814983,-177468296,-177468296,-46236977,-46236977,-116982159,-116982159,-216888648,-216888648,-356502750,-356502750,-344624038,-344624038,-32058512,-32058512,106774078,106774078,391966506,391966506,486946966,486946966,254691114,254691114,150502398,150502398,203283192,203283192,28678607,28678607,321581763,321581763,75445899,75445899,222532999,222532999,25784040,25784040,-161324098,-161324098,-101408830,-101408830,-131285196,-131285196,-103445766,-103445766,19659835,19659835,343824865
f = 137327811,0,1 | route T | claimed 2651.4197597699565685 | coeffs -356502750,-344624038,-344624038,-32058512,-32058512,106774078,106774078,391966506,391966506,486946966,486946966,254691114,254691114,150502398,150502398,203283192,203283192,28678607,28678607,321581763,321581763,75445899,75445899,222532999,222532999,25784040,25784040,-161324098,-161324098,-101408830,-101408830,-131285196,-131285196,-103445766,-103445766,19659835,19659835,343824865,343824865,194148205,194148205,165143207,165143207,106650232,106650232,192364880,192364880,198792534,198792534,402212002,402212002,389891125,389891125,256814983,256814983,177468296,177468296,46236977,46236977,116982159,116982159,216888648,216888648,356502750
# status f = 137327811,0,1 : PASS_RHO (rho 0.98498, T 2651.4, 0s)
f = 255976756,0,1 | route RHO | claimed 0.97120644711718010111 | coeffs -105043902,-105043902,-91425659,-91425659,-309542576,-309542576,-173908581,-173908581,68121950,68121950,21379234,21379234,158613616,158613616,44925298,44925298,-321073759,-321073759,-455500803,-455500803,-569032536,-569032536,-609150507,-609150507,-557007449,-557007449,-541193723,-541193723,-551927784,-551927784,-471783580,-471783580,-529342716,-529342716,-818992119,-818992119,-852510151,-852510151,-825567372,-825567372,-888122022,-888122022,-726398411,-726398411,-462776866,-462776866,-227101960,-227101960,-125412274,-125412274,250545872,250545872,-137185883,-137185883,-139786421,-139786421,-327585822,-327585822,-256372933,-256372933,-162568926,-162568926,-119235614,-119235614
f = 255976756,0,1 | route T | claimed 2069.2699879989819311 | coeffs -177458399,-177458399,-397865664,-397865664,-321740606,-321740606,-443009614,-443009614,-177219466,-177219466,59510776,59510776,252266073,252266073,176473755,176473755,348825408,348825408,344261158,344261158,101181924,101181924,232922508,232922508,250024709,250024709,492959879,492959879,256597240,256597240,257379218,257379218,502872193,502872193,501743989,501743989,351950319,351950319,176853156,176853156,382623856,382623856,467366141,467366141,787419366,787419366,668093959,668093959,959943818,959943818,863568632,863568632,732642533,732642533,584805975,584805975,414327870,414327870,282681960,282681960,241389148,241389148,161206954,161206954
# status f = 255976756,0,1 : PASS_RHO (rho 0.97121, T 2069.3, 0s)
f = 318156273,0,1 | route RHO | claimed 0.9281975172648564794 | coeffs -245365992,-245365992,-134935539,-134935539,6942456,6942456,21090108,21090108,15775457,15775457,-123767271,-123767271,172832113,172832113,86165282,86165282,219302687,219302687,56743937,56743937,48587100,48587100,-13653560,-13653560,-26217319,-26217319,-106206540,-106206540,-150046756,-150046756,-99489450,-99489450,-253224085,-253224085,-332771838,-332771838,81015648,81015648,-150510762,-150510762,113254413,113254413,226078796,226078796,192007783,192007783,70966079,70966079,237293862,237293862,179203449,179203449,-145795089,-145795089,205730295,205730295,164604385,164604385,3293840,3293840,322476240,322476240,124521322,124521322
f = 318156273,0,1 | route T | claimed 2254.7268040307711158 | coeffs 236216601,236216601,183380961,183380961,419965482,419965482,417719308,417719308,85955294,85955294,139605835,139605835,551620779,551620779,511965906,511965906,191127547,191127547,189341327,189341327,357064600,357064600,343217114,343217114,370186125,370186125,535857380,535857380,239942090,239942090,314894523,314894523,363383661,363383661,234166773,234166773,227980472,227980472,129742590,129742590,54030810,54030810,4295727,4295727,33562092,33562092,-255843927,-255843927,-307673340,-307673340,-508105023,-508105023,-655761608,-655761608,-305556637,-305556637,-500222866,-500222866,-489223813,-489223813,-403805307,-403805307,-265006404,-265006404
# status f = 318156273,0,1 : PASS_RHO (rho 0.92820, T 2254.7, 0s)
f = 383635901,0,1 | route RHO | claimed 0.95630397262216616071 | coeffs -94564064,10915569,10915569,173340961,173340961,92246438,92246438,56141574,56141574,-42969075,-42969075,-91877427,-91877427,4585969,4585969,-188704286,-188704286,80276287,80276287,-23178624,-23178624,171469097,171469097,193719564,193719564,227523531,227523531,284642163,284642163,509243347,509243347,330546461,330546461,296525282,296525282,730010221,730010221,692882434,692882434,733201171,733201171,645182536,645182536,597659650,597659650,830423995,830423995,624605899,624605899,403412122,403412122,380344168,380344168,617761829,617761829,429034373,429034373,334653762,334653762,-3613946,-3613946,48435598,48435598,94564064
f = 383635901,0,1 | route T | claimed 2526.7736384027778518 | coeffs 164604385,0,332771838,0,172832113,0,205730295,0,253224085,0,-123767271,0,-145795089,0,99489450,0,15775457,0,179203449,0,150046756,0,21090108,0,237293862,0,106206540,0,6942456,0,70966079,0,26217319,0,-134935539,0,192007783,0,13653560,0,-245365992,0,226078796,0,-48587100,0,-124521322,0,113254413,0,-56743937,0,-322476240,0,-150510762,0,-219302687,0,-3293840,0,81015648,0,-86165282,0
# status f = 383635901,0,1 : PASS_RHO (rho 0.95630, T 2526.8, 0s)
f = 389423643,0,1 | route RHO | claimed 0.96202588456459276826 | coeffs -355469822,-277578633,-277578633,5434672,5434672,347817826,347817826,317837513,317837513,150697094,150697094,-12732106,-12732106,24763556,24763556,37405508,37405508,-10158257,-10158257,147491863,147491863,219462737,219462737,477352561,477352561,466808697,466808697,523542609,523542609,277656538,277656538,471487682,471487682,293033410,293033410,398251676,398251676,379223625,379223625,254236603,254236603,342565649,342565649,25757154,25757154,-141533419,-141533419,-2956637,-2956637,-34698419,-34698419,-240651251,-240651251,-334335504,-334335504,-131147119,-131147119,-106535338,-106535338,101300452,101300452,136776755,136776755,355469822
f = 389423643,0,1 | route T | claimed 2006.6631682671436519 | coeffs -352887732,-385834943,-385834943,-376123610,-376123610,65527655,65527655,-37961796,-37961796,-272477674,-272477674,-102630844,-102630844,15600230,15600230,-218133234,-218133234,-274481994,-274481994,-284207953,-284207953,-85445639,-85445639,231816744,231816744,261582485,261582485,174404551,174404551,200032677,200032677,377397671,377397671,-13430286,-13430286,-140058697,-140058697,-85138396,-85138396,-32870842,-32870842,-75332061,-75332061,77745222,77745222,-49760831,-49760831,-36536079,-36536079,11496440,11496440,39760858,39760858,118845975,118845975,256948521,256948521,458400220,458400220,743105375,743105375,659691099,659691099,352887732
# status f = 389423643,0,1 : PASS_RHO (rho 0.96203, T 2006.7, 0s)
f = 408308386,0,1 | route RHO | claimed 0.97344391626598482928 | coeffs -146176068,-14944749,-14944749,134731911,134731911,380867775,380867775,68302249,68302249,271721717,271721717,241845351,241845351,137656635,137656635,66911453,66911453,95916451,95916451,-51170649,-51170649,-190003239,-190003239,-202324116,-202324116,-174484686,-174484686,-121703892,-121703892,-221610381,-221610381,-163117406,-163117406,33631553,33631553,-251560875,-251560875,-384637017,-384637017,-261531416,-261531416,-436136001,-436136001,-575750103,-575750103,-661464751,-661464751,-474356613,-474356613,-569337073,-569337073,-648683760,-648683760,-324518730,-324518730,-31615574,-31615574,-19736862,-19736862,-26164516,-26164516,-86079784,-86079784,146176068
f = 408308386,0,1 | route T | claimed 2690.4512171858184147 | coeffs 31378912,283209496,283209496,487678124,487678124,432084806,432084806,403005869,403005869,285423832,285423832,-25617154,-25617154,194254416,194254416,79362120,79362120,51115774,51115774,309374012,309374012,573757908,573757908,285908738,285908738,388061120,388061120,420155743,420155743,355250621,355250621,262556665,262556665,351083837,351083837,292961125,292961125,447030647,447030647,640669361,640669361,381825189,381825189,336890471,336890471,230152504,230152504,152926505,152926505,88071979,88071979,229379945,229379945,71350744,71350744,283913241,283913241,674300914,674300914,130264314,130264314,-47746546,-47746546,-31378912
# status f = 408308386,0,1 : PASS_RHO (rho 0.97344, T 2690.5, 1s)
f = 430905368,0,1 | route RHO | claimed 0.97128930041697923242 | coeffs -45602946,324954271,324954271,229291595,229291595,125508422,125508422,205969821,205969821,287906613,287906613,-13123443,-13123443,-264070811,-264070811,-78083746,-78083746,11359063,11359063,70297440,70297440,104552771,104552771,-38384182,-38384182,-49851079,-49851079,-49101902,-49101902,-30495115,-30495115,-68934837,-68934837,-200367638,-200367638,-172462017,-172462017,-128677629,-128677629,89184203,89184203,-341978418,-341978418,-159479114,-159479114,124724919,124724919,-100071044,-100071044,69687848,69687848,105126073,105126073,284491904,284491904,276972933,276972933,96412983,96412983,117560235,117560235,96752168,96752168,45602946
f = 430905368,0,1 | route T | claimed 2777.0976381198725129 | coeffs 20571649,42706252,42706252,-91459383,-91459383,-158286090,-158286090,-83576257,-83576257,-67806184,-67806184,216434135,216434135,120072741,120072741,149711909,149711909,213378134,213378134,188317703,188317703,423555748,423555748,659431882,659431882,653324072,653324072,780757133,780757133,925254992,925254992,848344555,848344555,465432081,465432081,664101025,664101025,388622007,388622007,459146978,459146978,596836381,596836381,328294802,328294802,398001036,398001036,397963233,397963233,191841185,191841185,-140953645,-140953645,194622253,194622253,-84035359,-84035359,-276294534,-276294534,-262601846,-262601846,-150052420,-150052420,-20571649
# status f = 430905368,0,1 : PASS_RHO (rho 0.97129, T 2777.1, 1s)
f = 470682723,0,1 | route RHO | claimed 0.94479511254038565073 | coeffs -22441233,-140551933,-140551933,37594686,37594686,-140570305,-140570305,-449627014,-449627014,-585303285,-585303285,-399889864,-399889864,-424757637,-424757637,-432535616,-432535616,-279305887,-279305887,-407172788,-407172788,-467407372,-467407372,-217708670,-217708670,-361078862,-361078862,-408810805,-408810805,-129136316,-129136316,-101662280,-101662280,-420858472,-420858472,-226655287,-226655287,-276626806,-276626806,-26784107,-26784107,-175674182,-175674182,-196389039,-196389039,-22406288,-22406288,163187386,163187386,89400560,89400560,23462338,23462338,159876435,159876435,-119504251,-119504251,-126034948,-126034948,-233000635,-233000635,-176604168,-176604168,22441233
f = 470682723,0,1 | route T | claimed 2266.4965305637916736 | coeffs 129136316,101662280,101662280,420858472,420858472,226655287,226655287,276626806,276626806,26784107,26784107,175674182,175674182,196389039,196389039,22406288,22406288,-163187386,-163187386,-89400560,-89400560,-23462338,-23462338,-159876435,-159876435,119504251,119504251,126034948,126034948,233000635,233000635,176604168,176604168,-22441233,-22441233,-140551933,-140551933,37594686,37594686,-140570305,-140570305,-449627014,-449627014,-585303285,-585303285,-399889864,-399889864,-424757637,-424757637,-432535616,-432535616,-279305887,-279305887,-407172788,-407172788,-467407372,-467407372,-217708670,-217708670,-361078862,-361078862,-408810805,-408810805,-129136316
# status f = 470682723,0,1 : PASS_RHO (rho 0.94480, T 2266.5, 1s)
f = 530512478,0,1 | route RHO | claimed 0.97344391626598482928 | coeffs -241845351,-271721717,-271721717,-68302249,-68302249,-380867775,-380867775,-134731911,-134731911,14944749,14944749,146176068,146176068,-86079784,-86079784,-26164516,-26164516,-19736862,-19736862,-31615574,-31615574,-324518730,-324518730,-648683760,-648683760,-569337073,-569337073,-474356613,-474356613,-661464751,-661464751,-575750103,-575750103,-436136001,-436136001,-261531416,-261531416,-384637017,-384637017,-251560875,-251560875,33631553,33631553,-163117406,-163117406,-221610381,-221610381,-121703892,-121703892,-174484686,-174484686,-202324116,-202324116,-190003239,-190003239,-51170649,-51170649,95916451,95916451,66911453,66911453,137656635,137656635,241845351
f = 530512478,0,1 | route T | claimed 2846.4256267437740932 | coeffs 102486579,172004681,172004681,217245048,217245048,408021356,408021356,719335445,719335445,709677501,709677501,683874773,683874773,935715288,935715288,849330338,849330338,913737845,913737845,707442074,707442074,664493141,664493141,664909804,664909804,761208610,761208610,445273365,445273365,722160121,722160121,637278927,637278927,488939481,488939481,463325702,463325702,352543360,352543360,194416811,194416811,-110189796,-110189796,164889948,164889948,445372049,445372049,318260342,318260342,438022826,438022826,482748853,482748853,304613842,304613842,140785697,140785697,179341916,179341916,10350216,10350216,-4458341,-4458341,-102486579
# status f = 530512478,0,1 : PASS_RHO (rho 0.97344, T 2846.4, 1s)
f = 570289833,0,1 | route RHO | claimed 0.98497520129995591731 | coeffs -32058512,-344624038,-344624038,-356502750,-356502750,-216888648,-216888648,-116982159,-116982159,-46236977,-46236977,-177468296,-177468296,-256814983,-256814983,-389891125,-389891125,-402212002,-402212002,-198792534,-198792534,-192364880,-192364880,-106650232,-106650232,-165143207,-165143207,-194148205,-194148205,-343824865,-343824865,-19659835,-19659835,103445766,103445766,131285196,131285196,101408830,101408830,161324098,161324098,-25784040,-25784040,-222532999,-222532999,-75445899,-75445899,-321581763,-321581763,-28678607,-28678607,-203283192,-203283192,-150502398,-150502398,-254691114,-254691114,-486946966,-486946966,-391966506,-391966506,-106774078,-106774078,32058512
f = 570289833,0,1 | route T | claimed 2746.2295486413947673 | coeffs 443338470,443338470,581915252,581915252,509944378,509944378,302108588,302108588,123654316,123654316,153634629,153634629,320925202,320925202,478575322,478575322,503187103,503187103,309355959,309355959,651739113,651739113,334930618,334930618,382494383,382494383,179305998,179305998,-66580073,-66580073,-349593378,-349593378,-437922424,-437922424,-425280472,-425280472,-518964725,-518964725,-575698637,-575698637,-497807448,-497807448,-622794470,-622794470,-660290132,-660290132,-454337300,-454337300,-464881164,-464881164,-246188097,-246188097,-227160046,-227160046,-390589246,-390589246,-422331028,-422331028,-680220852,-680220852,-715697155,-715697155,-610478889,-610478889
# status f = 570289833,0,1 : PASS_RHO (rho 0.98498, T 2746.2, 1s)
f = 592886815,0,1 | route RHO | claimed 0.94479511254038565073 | coeffs 23462338,89400560,89400560,163187386,163187386,-22406288,-22406288,-196389039,-196389039,-175674182,-175674182,-26784107,-26784107,-276626806,-276626806,-226655287,-226655287,-420858472,-420858472,-101662280,-101662280,-129136316,-129136316,-408810805,-408810805,-361078862,-361078862,-217708670,-217708670,-467407372,-467407372,-407172788,-407172788,-279305887,-279305887,-432535616,-432535616,-424757637,-424757637,-399889864,-399889864,-585303285,-585303285,-449627014,-449627014,-140570305,-140570305,37594686,37594686,-140551933,-140551933,-22441233,-22441233,176604168,176604168,233000635,233000635,126034948,126034948,119504251,119504251,-159876435,-159876435,-23462338
f = 592886815,0,1 | route T | claimed 2138.1287703158579789 | coeffs 279305887,432535616,432535616,424757637,424757637,399889864,399889864,585303285,585303285,449627014,449627014,140570305,140570305,-37594686,-37594686,140551933,140551933,22441233,22441233,-176604168,-176604168,-233000635,-233000635,-126034948,-126034948,-119504251,-119504251,159876435,159876435,23462338,23462338,89400560,89400560,163187386,163187386,-22406288,-22406288,-196389039,-196389039,-175674182,-175674182,-26784107,-26784107,-276626806,-276626806,-226655287,-226655287,-420858472,-420858472,-101662280,-101662280,-129136316,-129136316,-408810805,-408810805,-361078862,-361078862,-217708670,-217708670,-467407372,-467407372,-407172788,-407172788,-279305887
# status f = 592886815,0,1 : PASS_RHO (rho 0.94480, T 2138.1, 0s)
f = 611771558,0,1 | route RHO | claimed 0.95630397262216616071 | coeffs 188704286,188704286,-4585969,-4585969,91877427,91877427,42969075,42969075,-56141574,-56141574,-92246438,-92246438,-173340961,-173340961,-10915569,-10915569,94564064,94564064,48435598,48435598,-3613946,-3613946,334653762,334653762,429034373,429034373,617761829,617761829,380344168,380344168,403412122,403412122,624605899,624605899,830423995,830423995,597659650,597659650,645182536,645182536,733201171,733201171,692882434,692882434,730010221,730010221,296525282,296525282,330546461,330546461,509243347,509243347,284642163,284642163,227523531,227523531,193719564,193719564,171469097,171469097,-23178624,-23178624,80276287,80276287
f = 611771558,0,1 | route T | claimed 2508.6953106581773089 | coeffs 26217319,0,70966079,0,6942456,0,106206540,0,237293862,0,21090108,0,150046756,0,179203449,0,15775457,0,99489450,0,-145795089,0,-123767271,0,253224085,0,205730295,0,172832113,0,332771838,0,164604385,0,86165282,0,-81015648,0,3293840,0,219302687,0,150510762,0,322476240,0,56743937,0,-113254413,0,124521322,0,48587100,0,-226078796,0,245365992,0,-13653560,0,-192007783,0,134935539,0
# status f = 611771558,0,1 : PASS_RHO (rho 0.95630, T 2508.7, 0s)
f = 617559300,0,1 | route RHO | claimed 0.96202588456459276826 | coeffs 2956637,141533419,141533419,-25757154,-25757154,-342565649,-342565649,-254236603,-254236603,-379223625,-379223625,-398251676,-398251676,-293033410,-293033410,-471487682,-471487682,-277656538,-277656538,-523542609,-523542609,-466808697,-466808697,-477352561,-477352561,-219462737,-219462737,-147491863,-147491863,10158257,10158257,-37405508,-37405508,-24763556,-24763556,12732106,12732106,-150697094,-150697094,-317837513,-317837513,-347817826,-347817826,-5434672,-5434672,277578633,277578633,355469822,355469822,136776755,136776755,101300452,101300452,-106535338,-106535338,-131147119,-131147119,-334335504,-334335504,-240651251,-240651251,-34698419,-34698419,-2956637
f = 617559300,0,1 | route T | claimed 2235.7437245423041981 | coeffs -141533419,25757154,25757154,342565649,342565649,254236603,254236603,379223625,379223625,398251676,398251676,293033410,293033410,471487682,471487682,277656538,277656538,523542609,523542609,466808697,466808697,477352561,477352561,219462737,219462737,147491863,147491863,-10158257,-10158257,37405508,37405508,24763556,24763556,-12732106,-12732106,150697094,150697094,317837513,317837513,347817826,347817826,5434672,5434672,-277578633,-277578633,-355469822,-355469822,-136776755,-136776755,-101300452,-101300452,106535338,106535338,131147119,131147119,334335504,334335504,240651251,240651251,34698419,34698419,2956637,2956637,141533419
# status f = 617559300,0,1 : PASS_RHO (rho 0.96203, T 2235.7, 0s)
f = 683038928,0,1 | route RHO | claimed 0.93303454509590830028 | coeffs -201773218,-306089637,-306089637,-105145251,-105145251,-14332292,-14332292,10160230,10160230,-10468818,-10468818,273465087,273465087,60184401,60184401,-9942687,-9942687,-9807951,-9807951,53598903,53598903,268390775,268390775,386172745,386172745,244994012,244994012,-71550326,-71550326,137431146,137431146,-27360402,-27360402,31729398,31729398,25677833,25677833,187322569,187322569,326402661,326402661,493919714,493919714,382007346,382007346,354869027,354869027,512021086,512021086,547661221,547661221,459094436,459094436,102837900,102837900,69816407,69816407,197897446,197897446,450833005,450833005,200121734,200121734,201773218
f = 683038928,0,1 | route T | claimed 2034.4439141881563303 | coeffs 120914430,73350665,73350665,331240489,331240489,85354418,85354418,190572684,190572684,278901730,278901730,417478512,417478512,323794259,323794259,531630049,531630049,453738860,453738860,483719173,483719173,446223511,446223511,288573391,288573391,299117255,299117255,105286111,105286111,124314162,124314162,441122657,441122657,472864439,472864439,269676054,269676054,234199751,234199751,517213056,517213056,350072637,350072637,362714589,362714589,434685463,434685463,491419375,491419375,312965103,312965103,187978081,187978081,20687508,20687508,-185265324,-185265324,-160653543,-160653543,58039524,58039524,-284343630,-284343630,-120914430
# status f = 683038928,0,1 : PASS_RHO (rho 0.93303, T 2034.4, 0s)
f = 745218445,0,1 | route RHO | claimed 0.93394885639058884544 | coeffs 72409508,72409508,357601936,357601936,369480648,369480648,298735466,298735466,431811608,431811608,425383954,425383954,454388952,454388952,331283351,331283351,271368083,271368083,124280983,124280983,298885568,298885568,531141420,531141420,392308830,392308830,531922932,531922932,400691613,400691613,388370736,388370736,474085384,474085384,324408724,324408724,352248154,352248154,165140016,165140016,-80995848,-80995848,-28215054,-28215054,66765406,66765406,379330932,379330932,279424443,279424443,358771130,358771130,155351662,155351662,213844637,213844637,-110320393,-110320393,-80444027,-80444027,116304932,116304932,-176598224,-176598224
f = 745218445,0,1 | route T | claimed 2730.4681063615718707 | coeffs -254443382,-254443382,-506541142,-506541142,-745971135,-745971135,-980513252,-980513252,-1188960523,-1188960523,-1208844834,-1208844834,-886179089,-886179089,-796326617,-796326617,-669176641,-669176641,-491177695,-491177695,-407686758,-407686758,-633903563,-633903563,-669912218,-669912218,-727002396,-727002396,-783131578,-783131578,-706781924,-706781924,-807690936,-807690936,-667216424,-667216424,-644779745,-644779745,-535199192,-535199192,-783007011,-783007011,-536598044,-536598044,-558143526,-558143526,-124626244,-124626244,-26543892,-26543892,4373602,4373602,219115782,219115782,352883321,352883321,420802925,420802925,200514692,200514692,211910082,211910082,96602153,96602153
# status f = 745218445,0,1 : PASS_RHO (rho 0.93395, T 2730.5, 0s)
f = 863867390,0,1 | route RHO | claimed 0.97128930041697923242 | coeffs -284491904,-284491904,-105126073,-105126073,-69687848,-69687848,100071044,100071044,-124724919,-124724919,159479114,159479114,341978418,341978418,-89184203,-89184203,128677629,128677629,172462017,172462017,200367638,200367638,68934837,68934837,30495115,30495115,49101902,49101902,49851079,49851079,38384182,38384182,-104552771,-104552771,-70297440,-70297440,-11359063,-11359063,78083746,78083746,264070811,264070811,13123443,13123443,-287906613,-287906613,-205969821,-205969821,-125508422,-125508422,-229291595,-229291595,-324954271,-324954271,45602946,45602946,96752168,96752168,117560235,117560235,96412983,96412983,276972933,276972933
f = 863867390,0,1 | route T | claimed 2658.3310282026198435 | coeffs -188725818,-188725818,-204977263,-204977263,-120234978,-120234978,122844256,122844256,203026450,203026450,408797150,408797150,413361400,413361400,454654212,454654212,279557049,279557049,107205396,107205396,238851306,238851306,89057636,89057636,164849954,164849954,335328059,335328059,334199855,334199855,141444558,141444558,289281116,289281116,534774091,534774091,298043849,298043849,428969948,428969948,429751926,429751926,163961778,163961778,260336964,260336964,23974325,23974325,145243333,145243333,-146606526,-146606526,96328644,96328644,20203586,20203586,139528993,139528993,156631194,156631194,377038459,377038459,56985234,56985234
# status f = 863867390,0,1 : PASS_RHO (rho 0.97129, T 2658.3, 1s)
f = 871051838,0,1 | route RHO | claimed 0.93303454509590830028 | coeffs 187322569,187322569,25677833,25677833,31729398,31729398,-27360402,-27360402,137431146,137431146,-71550326,-71550326,244994012,244994012,386172745,386172745,268390775,268390775,53598903,53598903,-9807951,-9807951,-9942687,-9942687,60184401,60184401,273465087,273465087,-10468818,-10468818,10160230,10160230,-14332292,-14332292,-105145251,-105145251,-306089637,-306089637,-201773218,-201773218,-200121734,-200121734,-450833005,-450833005,-197897446,-197897446,-69816407,-69816407,-102837900,-102837900,-459094436,-459094436,-547661221,-547661221,-512021086,-512021086,-354869027,-354869027,-382007346,-382007346,-493919714,-493919714,-326402661,-326402661
f = 871051838,0,1 | route T | claimed 2338.3843108615511877 | coeffs -120914430,-120914430,-284343630,-284343630,58039524,58039524,-160653543,-160653543,-185265324,-185265324,20687508,20687508,187978081,187978081,312965103,312965103,491419375,491419375,434685463,434685463,362714589,362714589,350072637,350072637,517213056,517213056,234199751,234199751,269676054,269676054,472864439,472864439,441122657,441122657,124314162,124314162,105286111,105286111,299117255,299117255,288573391,288573391,446223511,446223511,483719173,483719173,453738860,453738860,531630049,531630049,323794259,323794259,417478512,417478512,278901730,278901730,190572684,190572684,85354418,85354418,331240489,331240489,73350665,73350665
# status f = 871051838,0,1 : PASS_RHO (rho 0.93303, T 2338.4, 0s)
f = 876038125,0,1 | route RHO | claimed 0.97120644711718010111 | coeffs 256372933,256372933,327585822,327585822,139786421,139786421,137185883,137185883,-250545872,-250545872,125412274,125412274,227101960,227101960,462776866,462776866,726398411,726398411,888122022,888122022,825567372,825567372,852510151,852510151,818992119,818992119,529342716,529342716,471783580,471783580,551927784,551927784,541193723,541193723,557007449,557007449,609150507,609150507,569032536,569032536,455500803,455500803,321073759,321073759,-44925298,-44925298,-158613616,-158613616,-21379234,-21379234,-68121950,-68121950,173908581,173908581,309542576,309542576,91425659,91425659,105043902,105043902,-119235614,-119235614,-162568926,-162568926
f = 876038125,0,1 | route T | claimed 2564.248845194912154 | coeffs 234203861,234203861,70774661,70774661,81318525,81318525,-43668497,-43668497,50015756,50015756,-232997549,-232997549,-280561314,-280561314,-474392458,-474392458,-641683031,-641683031,-849518821,-849518821,-682378402,-682378402,-424488578,-424488578,-405460527,-405460527,-611413359,-611413359,-533522170,-533522170,-546164122,-546164122,-792050193,-792050193,-475241698,-475241698,-450629917,-450629917,-480610230,-480610230,-552581104,-552581104,-447362838,-447362838,-415621056,-415621056,-196927989,-196927989,-159432327,-159432327,-216166239,-216166239,-127837193,-127837193,-331025578,-331025578,-673408732,-673408732,-515758612,-515758612,-337304340,-337304340,-198727558,-198727558
# status f = 876038125,0,1 : PASS_RHO (rho 0.97121, T 2564.2, 1s)
f = 883446688,0,1 | route RHO | claimed 0.96009691090873460503 | coeffs 217249182,217249182,-38490322,-38490322,50534433,50534433,-68085109,-68085109,198859791,198859791,349089181,349089181,284101304,284101304,207064231,207064231,233757979,233757979,184568438,184568438,49928634,49928634,-7930450,-7930450,8160996,8160996,-67183121,-67183121,-22773606,-22773606,-62074691,-62074691,-231416920,-231416920,-246974654,-246974654,-117577702,-117577702,-352031609,-352031609,-490610213,-490610213,-543323956,-543323956,-658536289,-658536289,-663938782,-663938782,-344614887,-344614887,-442597684,-442597684,-614638124,-614638124,-524932683,-524932683,-1010084069,-1010084069,-878246138,-878246138,-623974461,-623974461,-470520136,-470520136
f = 883446688,0,1 | route T | claimed 3030.636865544828842 | coeffs -81726996,23887373,23887373,140827974,140827974,383567233,383567233,500400555,500400555,529370945,529370945,280903673,280903673,397720963,397720963,485757089,485757089,695647862,695647862,784492276,784492276,946101091,946101091,1133177063,1133177063,1146351982,1146351982,871491128,871491128,855871416,855871416,948823042,948823042,950441998,950441998,1040952165,1040952165,987266993,987266993,1021289217,1021289217,1074449315,1074449315,1129409232,1129409232,923783206,923783206,763514444,763514444,438004248,438004248,825393064,825393064,802767275,802767275,660226194,660226194,733362636,733362636,587677219,587677219,284916404,284916404,81726996
# status f = 883446688,0,1 : PASS_RHO (rho 0.96010, T 3030.6, 1s)
f = 927578299,0,1 | route RHO | claimed 0.92274582144017154841 | coeffs -101706673,-101706673,55445386,55445386,-153536086,-153536086,130397819,130397819,258478858,258478858,119398766,119398766,334190638,334190638,133246252,133246252,97606117,97606117,-67185431,-67185431,146095255,146095255,-106840304,-106840304,60676749,60676749,-57105221,-57105221,33707738,33707738,-54859047,-54859047,-113948847,-113948847,-184075935,-184075935,-434787206,-434787206,-322874838,-322874838,-464053571,-464053571,-488546093,-488546093,-132289557,-132289557,-138341122,-138341122,-138475858,-138475858,-140127342,-140127342,-167265661,-167265661,149278677,149278677,128649629,128649629,95628136,95628136,-66016600,-66016600,-2609746,-2609746
f = 927578299,0,1 | route T | claimed 2458.6342025975232439 | coeffs -32276498,-32276498,115560060,115560060,287911713,287911713,372653998,372653998,296528940,296528940,295746962,295746962,466225067,466225067,461660817,461660817,781714042,781714042,902983050,902983050,657490075,657490075,789135985,789135985,546056751,546056751,426731344,426731344,160941196,160941196,162069400,162069400,203362212,203362212,335102796,335102796,626952655,626952655,390222413,390222413,540016083,540016083,620198277,620198277,637300478,637300478,540925292,540925292,348169995,348169995,523267158,523267158,507015713,507015713,749950883,749950883,619024784,619024784,694817102,694817102,489046402,489046402,268639137,268639137
# status f = 927578299,0,1 : PASS_RHO (rho 0.92275, T 2458.6, 0s)
f = 932964794,0,1 | route RHO | claimed 0.96177135050254555454 | coeffs -844988530,-844988530,-935801489,-935801489,-934150005,-934150005,-806068966,-806068966,-894635751,-894635751,-921774070,-921774070,-782693978,-782693978,-723604178,-723604178,-1040148516,-1040148516,-825356644,-825356644,-895483732,-895483732,-916112780,-916112780,-715168394,-715168394,-464457123,-464457123,-431435630,-431435630,-467075765,-467075765,-355163397,-355163397,-516808133,-516808133,-352016585,-352016585,-210837852,-210837852,-274244706,-274244706,-60964020,-60964020,-85456542,-85456542,18859877,18859877,271795436,271795436,-84461100,-84461100,72690959,72690959,240208012,240208012,234156447,234156447,443137919,443137919,560919889,560919889,561054625,561054625
f = 932964794,0,1 | route T | claimed 3853.909590109551562 | coeffs -88954145,-88954145,118881645,118881645,207210691,207210691,465100515,465100515,807483669,807483669,1013436501,1013436501,1191890773,1191890773,1179248821,1179248821,1214725124,1214725124,897916629,897916629,887372765,887372765,857392452,857392452,951076705,951076705,845858439,845858439,893422204,893422204,1112115271,1112115271,944824698,944824698,1001558610,1001558610,834418191,834418191,631229806,631229806,650257857,650257857,492607737,492607737,414716548,414716548,553293330,553293330,307407259,307407259,143978059,143978059,119366278,119366278,244353300,244353300,172382426,172382426,-110630879,-110630879,-142372661,-142372661,51458483,51458483
# status f = 932964794,0,1 : PASS_RHO (rho 0.96177, T 3853.9, 1s)
f = 968724989,0,1 | route RHO | claimed 0.96009691090873460503 | coeffs -658536289,-543323956,-543323956,-490610213,-490610213,-352031609,-352031609,-117577702,-117577702,-246974654,-246974654,-231416920,-231416920,-62074691,-62074691,-22773606,-22773606,-67183121,-67183121,8160996,8160996,-7930450,-7930450,49928634,49928634,184568438,184568438,233757979,233757979,207064231,207064231,284101304,284101304,349089181,349089181,198859791,198859791,-68085109,-68085109,50534433,50534433,-38490322,-38490322,217249182,217249182,470520136,470520136,623974461,623974461,878246138,878246138,1010084069,1010084069,524932683,524932683,614638124,614638124,442597684,442597684,344614887,344614887,663938782,663938782,658536289
f = 968724989,0,1 | route T | claimed 2361.4477077713515397 | coeffs -318703096,-98295831,-98295831,32630268,32630268,-142466895,-142466895,-159569096,-159569096,77161146,77161146,35868334,35868334,155193741,155193741,400686716,400686716,405250966,405250966,481376024,481376024,333539466,333539466,127768766,127768766,370703936,370703936,177948639,177948639,258130833,258130833,549980692,549980692,551108896,551108896,308029662,308029662,429298670,429298670,599776775,599776775,684519060,684519060,920881699,920881699,845089381,845089381,861340826,861340826,957716012,957716012,807922342,807922342,676181758,676181758,941971906,941971906,810325996,810325996,490272771,490272771,491054749,491054749,318703096
# status f = 968724989,0,1 : PASS_RHO (rho 0.96010, T 2361.4, 0s)
f = 984639384,0,1 | route RHO | claimed 0.92274582144017154841 | coeffs -57105221,-57105221,60676749,60676749,-106840304,-106840304,146095255,146095255,-67185431,-67185431,97606117,97606117,133246252,133246252,334190638,334190638,119398766,119398766,258478858,258478858,130397819,130397819,-153536086,-153536086,55445386,55445386,-101706673,-101706673,2609746,2609746,66016600,66016600,-95628136,-95628136,-128649629,-128649629,-149278677,-149278677,167265661,167265661,140127342,140127342,138475858,138475858,138341122,138341122,132289557,132289557,488546093,488546093,464053571,464053571,322874838,322874838,434787206,434787206,184075935,184075935,113948847,113948847,54859047,54859047,-33707738,-33707738
f = 984639384,0,1 | route T | claimed 2376.2253604183034643 | coeffs -32276498,-268639137,-268639137,-489046402,-489046402,-694817102,-694817102,-619024784,-619024784,-749950883,-749950883,-507015713,-507015713,-523267158,-523267158,-348169995,-348169995,-540925292,-540925292,-637300478,-637300478,-620198277,-620198277,-540016083,-540016083,-390222413,-390222413,-626952655,-626952655,-335102796,-335102796,-203362212,-203362212,-162069400,-162069400,-160941196,-160941196,-426731344,-426731344,-546056751,-546056751,-789135985,-789135985,-657490075,-657490075,-902983050,-902983050,-781714042,-781714042,-461660817,-461660817,-466225067,-466225067,-295746962,-295746962,-296528940,-296528940,-372653998,-372653998,-287911713,-287911713,-115560060,-115560060,32276498
# status f = 984639384,0,1 : PASS_RHO (rho 0.92275, T 2376.2, 0s)
f = 986814511,0,1 | route RHO | claimed 0.96177135050254555454 | coeffs -85456542,-60964020,-60964020,-274244706,-274244706,-210837852,-210837852,-352016585,-352016585,-516808133,-516808133,-355163397,-355163397,-467075765,-467075765,-431435630,-431435630,-464457123,-464457123,-715168394,-715168394,-916112780,-916112780,-895483732,-895483732,-825356644,-825356644,-1040148516,-1040148516,-723604178,-723604178,-782693978,-782693978,-921774070,-921774070,-894635751,-894635751,-806068966,-806068966,-934150005,-934150005,-935801489,-935801489,-844988530,-844988530,-561054625,-561054625,-560919889,-560919889,-443137919,-443137919,-234156447,-234156447,-240208012,-240208012,-72690959,-72690959,84461100,84461100,-271795436,-271795436,-18859877,-18859877,85456542
f = 986814511,0,1 | route T | claimed 3421.328199465914529 | coeffs 88954145,88954145,51458483,51458483,-142372661,-142372661,-110630879,-110630879,172382426,172382426,244353300,244353300,119366278,119366278,143978059,143978059,307407259,307407259,553293330,553293330,414716548,414716548,492607737,492607737,650257857,650257857,631229806,631229806,834418191,834418191,1001558610,1001558610,944824698,944824698,1112115271,1112115271,893422204,893422204,845858439,845858439,951076705,951076705,857392452,857392452,887372765,887372765,897916629,897916629,1214725124,1214725124,1179248821,1179248821,1191890773,1191890773,1013436501,1013436501,807483669,807483669,465100515,465100515,207210691,207210691,118881645,118881645
# status f = 986814511,0,1 : PASS_RHO (rho 0.96177, T 3421.3, 1s)
# summary n = 7 l = 1001195201 : EXCLUSION_CANDIDATE ; PASS 32 / 32 ; OPEN_NEAR 0 ; OPEN_FAR 0 ; 16s
