# FAMILY WITNESS FILE (generator family_gen.sage r10). n = 7 ; l = 1000920001 ; m = 64 ; deg = 2 ; ncomp = 32 ; bar_T = 4224 ; L_n = 16.3328709449664096755483535644
# line: f = c0,...,c_deg (monic, over F_l) | route RHO|T | claimed (rho or T, float) | coeffs a_0..a_{m-1}
f = 31624919,0,1 | route RHO | claimed 0.97895284998752207686 | coeffs 14846254,-85604247,-85604247,-285569709,-285569709,-132265934,-132265934,-337420060,-337420060,-345534600,-345534600,-469511543,-469511543,-137789913,-137789913,-141124950,-141124950,-140525061,-140525061,-476700658,-476700658,-280669971,-280669971,-153373136,-153373136,-406240773,-406240773,-480964374,-480964374,-310052753,-310052753,-239536474,-239536474,-154894413,-154894413,71006322,71006322,-218417,-218417,-64494576,-64494576,91028695,91028695,-275282636,-275282636,-383445276,-383445276,47949441,47949441,118599780,118599780,11795026,11795026,184903677,184903677,-19320011,-19320011,123713903,123713903,103497763,103497763,26134346,26134346,-14846254
f = 31624919,0,1 | route T | claimed 2610.2669395490849615 | coeffs 118599780,11795026,11795026,184903677,184903677,-19320011,-19320011,123713903,123713903,103497763,103497763,26134346,26134346,-14846254,-14846254,85604247,85604247,285569709,285569709,132265934,132265934,337420060,337420060,345534600,345534600,469511543,469511543,137789913,137789913,141124950,141124950,140525061,140525061,476700658,476700658,280669971,280669971,153373136,153373136,406240773,406240773,480964374,480964374,310052753,310052753,239536474,239536474,154894413,154894413,-71006322,-71006322,218417,218417,64494576,64494576,-91028695,-91028695,275282636,275282636,383445276,383445276,-47949441,-47949441,-118599780
# status f = 31624919,0,1 : PASS_RHO (rho 0.97895, T 2610.3, 1s)
f = 44797449,0,1 | route RHO | claimed 0.95556253307704090057 | coeffs -283750290,-283750290,-16867752,-16867752,-348964645,-348964645,-485590714,-485590714,-500621319,-500621319,-680411199,-680411199,-471049192,-471049192,-355184411,-355184411,-474429083,-474429083,-180846325,-180846325,24940195,24940195,20287837,20287837,-27493219,-27493219,-149123363,-149123363,-25426086,-25426086,-57095504,-57095504,64980367,64980367,50368893,50368893,249720389,249720389,181570519,181570519,104865385,104865385,378501374,378501374,340714799,340714799,384696612,384696612,190375561,190375561,229094160,229094160,308743597,308743597,176928822,176928822,24740863,24740863,147237080,147237080,257780486,257780486,505209396,505209396
f = 44797449,0,1 | route T | claimed 2627.5858669358295996 | coeffs -394766818,-394766818,-582163164,-582163164,-498106809,-498106809,-614147840,-614147840,-376297180,-376297180,-511188153,-511188153,-480818843,-480818843,-369461091,-369461091,-350040531,-350040531,-338668539,-338668539,97473606,97473606,63326115,63326115,29344466,29344466,348846449,348846449,507499464,507499464,54137137,54137137,7208128,7208128,35906296,35906296,159923994,159923994,3198252,3198252,313722837,313722837,228579950,228579950,458965801,458965801,463296429,463296429,362765449,362765449,352126384,352126384,484031871,484031871,523815252,523815252,537830225,537830225,588044638,588044638,487459564,487459564,450061010,450061010
# status f = 44797449,0,1 : PASS_RHO (rho 0.95556, T 2627.6, 0s)
f = 69915341,0,1 | route RHO | claimed 0.97243934066674505387 | coeffs 455838414,455838414,508805241,508805241,418869291,418869291,610144780,610144780,426046745,426046745,491141305,491141305,419779313,419779313,84836251,84836251,280637028,280637028,28865907,28865907,-287636034,-287636034,-200333497,-200333497,-407997509,-407997509,-638355168,-638355168,-249173812,-249173812,-206299447,-206299447,-431145899,-431145899,-511595864,-511595864,-474044345,-474044345,-617707898,-617707898,-426934777,-426934777,-383097346,-383097346,-387821268,-387821268,-536957363,-536957363,-528298196,-528298196,-662233767,-662233767,-891184491,-891184491,-789876860,-789876860,-722077965,-722077965,-585244258,-585244258,-363937983,-363937983,-416731631,-416731631
f = 69915341,0,1 | route T | claimed 3185.0613895955528181 | coeffs 420667677,420667677,736544533,736544533,600360517,600360517,449885189,449885189,431272565,431272565,717576293,717576293,742810674,742810674,931480203,931480203,976119583,976119583,638332254,638332254,529668653,529668653,293657694,293657694,-51188162,-51188162,-49879387,-49879387,-243485347,-243485347,-65797392,-65797392,-155889433,-155889433,-152991810,-152991810,-161826076,-161826076,-313034222,-313034222,-302610186,-302610186,-612260812,-612260812,-481412834,-481412834,-217915671,-217915671,-504267648,-504267648,-694087449,-694087449,-649668776,-649668776,-726708776,-726708776,-682318422,-682318422,-471888456,-471888456,-331371329,-331371329,-307971234,-307971234
# status f = 69915341,0,1 : PASS_RHO (rho 0.97244, T 3185.1, 0s)
f = 104249714,0,1 | route RHO | claimed 0.97652938452449851637 | coeffs -5878751,-5878751,-95651106,-95651106,103257707,103257707,144862132,144862132,45003828,45003828,14276912,14276912,-30507607,-30507607,142968013,142968013,153937779,153937779,620860569,620860569,374038507,374038507,207110864,207110864,446800122,446800122,290516090,290516090,235501076,235501076,601148074,601148074,408916426,408916426,319131670,319131670,488811993,488811993,493014974,493014974,424318079,424318079,271695699,271695699,204346686,204346686,94368454,94368454,-140024187,-140024187,-139530425,-139530425,-72728236,-72728236,102938218,102938218,307450266,307450266,234487998,234487998,181399037,181399037,201585081,201585081
f = 104249714,0,1 | route T | claimed 2447.4491316503228146 | coeffs 204031604,204031604,258949514,258949514,-97463494,-97463494,131049256,131049256,238115939,238115939,206966502,206966502,189600171,189600171,237295297,237295297,302362668,302362668,15342429,15342429,303710349,303710349,49037982,49037982,137916900,137916900,169781306,169781306,-56423049,-56423049,348946758,348946758,319073161,319073161,453495454,453495454,513329616,513329616,605643285,605643285,428082786,428082786,559885764,559885764,427280080,427280080,527574864,527574864,315753629,315753629,115653524,115653524,205557636,205557636,-13487544,-13487544,-262090349,-262090349,-321959535,-321959535,-285435945,-285435945,-288409430,-288409430
# status f = 104249714,0,1 : PASS_RHO (rho 0.97653, T 2447.4, 0s)
f = 109259903,0,1 | route RHO | claimed 0.97243934066674505387 | coeffs 287636034,287636034,-28865907,-28865907,-280637028,-280637028,-84836251,-84836251,-419779313,-419779313,-491141305,-491141305,-426046745,-426046745,-610144780,-610144780,-418869291,-418869291,-508805241,-508805241,-455838414,-455838414,-416731631,-416731631,-363937983,-363937983,-585244258,-585244258,-722077965,-722077965,-789876860,-789876860,-891184491,-891184491,-662233767,-662233767,-528298196,-528298196,-536957363,-536957363,-387821268,-387821268,-383097346,-383097346,-426934777,-426934777,-617707898,-617707898,-474044345,-474044345,-511595864,-511595864,-431145899,-431145899,-206299447,-206299447,-249173812,-249173812,-638355168,-638355168,-407997509,-407997509,-200333497,-200333497
f = 109259903,0,1 | route T | claimed 2730.9937706869014841 | coeffs 287636034,287636034,-28865907,-28865907,-280637028,-280637028,-84836251,-84836251,-419779313,-419779313,-491141305,-491141305,-426046745,-426046745,-610144780,-610144780,-418869291,-418869291,-508805241,-508805241,-455838414,-455838414,-416731631,-416731631,-363937983,-363937983,-585244258,-585244258,-722077965,-722077965,-789876860,-789876860,-891184491,-891184491,-662233767,-662233767,-528298196,-528298196,-536957363,-536957363,-387821268,-387821268,-383097346,-383097346,-426934777,-426934777,-617707898,-617707898,-474044345,-474044345,-511595864,-511595864,-431145899,-431145899,-206299447,-206299447,-249173812,-249173812,-638355168,-638355168,-407997509,-407997509,-200333497,-200333497
# status f = 109259903,0,1 : PASS_RHO (rho 0.97244, T 2731.0, 0s)
f = 149883910,0,1 | route RHO | claimed 0.95253446937631874295 | coeffs -77960202,-192024858,-192024858,150525761,150525761,90469581,90469581,239710687,239710687,484402370,484402370,382270476,382270476,98275490,98275490,2752925,2752925,-80606717,-80606717,-282329788,-282329788,7531094,7531094,197525915,197525915,146133278,146133278,322573435,322573435,336954886,336954886,246737277,246737277,119794783,119794783,299837858,299837858,187529689,187529689,88652559,88652559,221469870,221469870,71595031,71595031,25956668,25956668,-33986999,-33986999,-83604617,-83604617,9029769,9029769,-149194233,-149194233,-3729464,-3729464,234168408,234168408,276301792,276301792,412324420,412324420,77960202
f = 149883910,0,1 | route T | claimed 2719.6505144954834095 | coeffs -199679266,-484876299,-484876299,-476121100,-476121100,-293800418,-293800418,-192894702,-192894702,-231727449,-231727449,-168053268,-168053268,-221944466,-221944466,98539995,98539995,20244494,20244494,-230655730,-230655730,-21578050,-21578050,11666344,11666344,-27968106,-27968106,152093827,152093827,64297528,64297528,-104029738,-104029738,-136810521,-136810521,100668697,100668697,-79194314,-79194314,192749846,192749846,129319830,129319830,272031646,272031646,373522379,373522379,52357800,52357800,296271603,296271603,352320544,352320544,236483911,236483911,360754204,360754204,337264069,337264069,365506299,365506299,-108860,-108860,199679266
# status f = 149883910,0,1 : PASS_RHO (rho 0.95253, T 2719.7, 0s)
f = 166087251,0,1 | route RHO | claimed 0.97895284998752207686 | coeffs -275282636,-275282636,91028695,91028695,-64494576,-64494576,-218417,-218417,71006322,71006322,-154894413,-154894413,-239536474,-239536474,-310052753,-310052753,-480964374,-480964374,-406240773,-406240773,-153373136,-153373136,-280669971,-280669971,-476700658,-476700658,-140525061,-140525061,-141124950,-141124950,-137789913,-137789913,-469511543,-469511543,-345534600,-345534600,-337420060,-337420060,-132265934,-132265934,-285569709,-285569709,-85604247,-85604247,14846254,14846254,-26134346,-26134346,-103497763,-103497763,-123713903,-123713903,19320011,19320011,-184903677,-184903677,-11795026,-11795026,-118599780,-118599780,-47949441,-47949441,383445276,383445276
f = 166087251,0,1 | route T | claimed 2880.9560815090976557 | coeffs -375483659,-375483659,-338085105,-338085105,-469990592,-469990592,-384847705,-384847705,-337918696,-337918696,-303771205,-303771205,-334140515,-334140515,-146744169,-146744169,-132729196,-132729196,-128398568,-128398568,-4380870,-4380870,315121113,315121113,334541673,334541673,218500642,218500642,319085716,319085716,329724781,329724781,19200196,19200196,472562523,472562523,36420378,36420378,171311351,171311351,116017159,116017159,155800540,155800540,386186391,386186391,414884559,414884559,380902910,380902910,492260662,492260662,576317017,576317017,526102604,526102604,626633584,626633584,783359326,783359326,624706311,624706311,613334319,613334319
# status f = 166087251,0,1 : PASS_RHO (rho 0.97895, T 2881.0, 1s)
f = 178695404,0,1 | route RHO | claimed 0.94561822020205682443 | coeffs -812664654,-812664654,-936361931,-936361931,-813865714,-813865714,-861646770,-861646770,-729831995,-729831995,-935618515,-935618515,-896899916,-896899916,-1016144588,-1016144588,-1060126401,-1060126401,-1269488408,-1269488408,-995852419,-995852419,-1010883024,-1010883024,-942733154,-942733154,-610636261,-610636261,-625247735,-625247735,-403788629,-403788629,-372119211,-372119211,-261575805,-261575805,-383205949,-383205949,-231017990,-231017990,-226365632,-226365632,-146716195,-146716195,146866563,146866563,341187614,341187614,225322833,225322833,187536258,187536258,7746378,7746378,84451512,84451512,221077581,221077581,420429077,420429077,687311615,687311615,565235744,565235744
f = 178695404,0,1 | route T | claimed 2825.9009777605187664 | coeffs 221077581,221077581,420429077,420429077,687311615,687311615,565235744,565235744,812664654,812664654,936361931,936361931,813865714,813865714,861646770,861646770,729831995,729831995,935618515,935618515,896899916,896899916,1016144588,1016144588,1060126401,1060126401,1269488408,1269488408,995852419,995852419,1010883024,1010883024,942733154,942733154,610636261,610636261,625247735,625247735,403788629,403788629,372119211,372119211,261575805,261575805,383205949,383205949,231017990,231017990,226365632,226365632,146716195,146716195,-146866563,-146866563,-341187614,-341187614,-225322833,-225322833,-187536258,-187536258,-7746378,-7746378,-84451512,-84451512
# status f = 178695404,0,1 : PASS_RHO (rho 0.94562, T 2825.9, 0s)
f = 253920256,0,1 | route RHO | claimed 0.97652938452449851637 | coeffs -153937779,-153937779,-142968013,-142968013,30507607,30507607,-14276912,-14276912,-45003828,-45003828,-144862132,-144862132,-103257707,-103257707,95651106,95651106,5878751,5878751,201585081,201585081,181399037,181399037,234487998,234487998,307450266,307450266,102938218,102938218,-72728236,-72728236,-139530425,-139530425,-140024187,-140024187,94368454,94368454,204346686,204346686,271695699,271695699,424318079,424318079,493014974,493014974,488811993,488811993,319131670,319131670,408916426,408916426,601148074,601148074,235501076,235501076,290516090,290516090,446800122,446800122,207110864,207110864,374038507,374038507,620860569,620860569
f = 253920256,0,1 | route T | claimed 3148.7448631287991841 | coeffs -153937779,-153937779,-142968013,-142968013,30507607,30507607,-14276912,-14276912,-45003828,-45003828,-144862132,-144862132,-103257707,-103257707,95651106,95651106,5878751,5878751,201585081,201585081,181399037,181399037,234487998,234487998,307450266,307450266,102938218,102938218,-72728236,-72728236,-139530425,-139530425,-140024187,-140024187,94368454,94368454,204346686,204346686,271695699,271695699,424318079,424318079,493014974,493014974,488811993,488811993,319131670,319131670,408916426,408916426,601148074,601148074,235501076,235501076,290516090,290516090,446800122,446800122,207110864,207110864,374038507,374038507,620860569,620860569
# status f = 253920256,0,1 : PASS_RHO (rho 0.97653, T 3148.7, 0s)
f = 271240055,0,1 | route RHO | claimed 0.95556253307704090057 | coeffs 283750290,505209396,505209396,257780486,257780486,147237080,147237080,24740863,24740863,176928822,176928822,308743597,308743597,229094160,229094160,190375561,190375561,384696612,384696612,340714799,340714799,378501374,378501374,104865385,104865385,181570519,181570519,249720389,249720389,50368893,50368893,64980367,64980367,-57095504,-57095504,-25426086,-25426086,-149123363,-149123363,-27493219,-27493219,20287837,20287837,24940195,24940195,-180846325,-180846325,-474429083,-474429083,-355184411,-355184411,-471049192,-471049192,-680411199,-680411199,-500621319,-500621319,-485590714,-485590714,-348964645,-348964645,-16867752,-16867752,-283750290
f = 271240055,0,1 | route T | claimed 2719.0438583712129658 | coeffs 177467542,209162428,209162428,232835159,232835159,16991443,16991443,335611567,335611567,23688140,23688140,135065333,135065333,58629504,58629504,-97751258,-97751258,7125860,7125860,63227787,63227787,-107885523,-107885523,-60077727,-60077727,162029568,162029568,391079808,391079808,276693483,276693483,-113461098,-113461098,-102259094,-102259094,-53445530,-53445530,-259099053,-259099053,-2240511,-2240511,-77683838,-77683838,75572423,75572423,-8966587,-8966587,17315252,17315252,-148897182,-148897182,-46135365,-46135365,-620962,-620962,-55141854,-55141854,-118617498,-118617498,145013725,145013725,108582749,108582749,-177467542
# status f = 271240055,0,1 : PASS_RHO (rho 0.95556, T 2719.0, 0s)
f = 279236724,0,1 | route RHO | claimed 0.94345721649222388343 | coeffs 5831202,11384620,11384620,-76804270,-76804270,-10886620,-10886620,61000603,61000603,229234557,229234557,359973971,359973971,-44263125,-44263125,155769121,155769121,119078104,119078104,263750518,263750518,-130417285,-130417285,162964847,162964847,110290243,110290243,461654865,461654865,652851588,652851588,456705409,456705409,385528886,385528886,485972928,485972928,333400684,333400684,152987204,152987204,236224092,236224092,364971027,364971027,211901604,211901604,245453927,245453927,254857434,254857434,21099808,21099808,49821209,49821209,142236978,142236978,125670335,125670335,92893344,92893344,95955459,95955459,-5831202
f = 279236724,0,1 | route T | claimed 2444.6893569473656923 | coeffs 5831202,11384620,11384620,-76804270,-76804270,-10886620,-10886620,61000603,61000603,229234557,229234557,359973971,359973971,-44263125,-44263125,155769121,155769121,119078104,119078104,263750518,263750518,-130417285,-130417285,162964847,162964847,110290243,110290243,461654865,461654865,652851588,652851588,456705409,456705409,385528886,385528886,485972928,485972928,333400684,333400684,152987204,152987204,236224092,236224092,364971027,364971027,211901604,211901604,245453927,245453927,254857434,254857434,21099808,21099808,49821209,49821209,142236978,142236978,125670335,125670335,92893344,92893344,95955459,95955459,-5831202
# status f = 279236724,0,1 : PASS_RHO (rho 0.94346, T 2444.7, 0s)
f = 288873788,0,1 | route RHO | claimed 0.94385500487030530695 | coeffs 186874366,59496694,59496694,16406536,16406536,-95924570,-95924570,209866746,209866746,225042762,225042762,385072065,385072065,431930968,431930968,508412363,508412363,824991467,824991467,710449245,710449245,593327632,593327632,260208704,260208704,584341900,584341900,666477938,666477938,463792206,463792206,600150989,600150989,391852656,391852656,529035861,529035861,507941056,507941056,415024366,415024366,159089876,159089876,291059866,291059866,336128907,336128907,327995117,327995117,385073461,385073461,480663321,480663321,481439085,481439085,336647405,336647405,97412610,97412610,48993946,48993946,124544921,124544921,-186874366
f = 288873788,0,1 | route T | claimed 2711.5650548737824571 | coeffs 186874366,59496694,59496694,16406536,16406536,-95924570,-95924570,209866746,209866746,225042762,225042762,385072065,385072065,431930968,431930968,508412363,508412363,824991467,824991467,710449245,710449245,593327632,593327632,260208704,260208704,584341900,584341900,666477938,666477938,463792206,463792206,600150989,600150989,391852656,391852656,529035861,529035861,507941056,507941056,415024366,415024366,159089876,159089876,291059866,291059866,336128907,336128907,327995117,327995117,385073461,385073461,480663321,480663321,481439085,481439085,336647405,336647405,97412610,97412610,48993946,48993946,124544921,124544921,-186874366
# status f = 288873788,0,1 : PASS_RHO (rho 0.94386, T 2711.6, 0s)
f = 293727638,0,1 | route RHO | claimed 0.94600401577168626663 | coeffs 264855463,264855463,142359246,142359246,65654112,65654112,70306470,70306470,-261790423,-261790423,-223071824,-223071824,-345147695,-345147695,-229282914,-229282914,-118739508,-118739508,-392375497,-392375497,-440156553,-440156553,-303530484,-303530484,-383179921,-383179921,-397791395,-397791395,-278546723,-278546723,-525975633,-525975633,-563762208,-563762208,-442132064,-442132064,-457162669,-457162669,-588977444,-588977444,-788328940,-788328940,-494746182,-494746182,-716205288,-716205288,-760187101,-760187101,-636489824,-636489824,-456699944,-456699944,-304511985,-304511985,-372661855,-372661855,-578448375,-578448375,-311565837,-311565837,-505886888,-505886888,-474217470,-474217470
f = 293727638,0,1 | route T | claimed 3005.7105292847702192 | coeffs -276355078,-276355078,-139171873,-139171873,-251502979,-251502979,-158586289,-158586289,-173762305,-173762305,-41792315,-41792315,5066588,5066588,13200378,13200378,-303378726,-303378726,-207788866,-207788866,-324910479,-324910479,-180118799,-180118799,-504251995,-504251995,-552670659,-552670659,-755356391,-755356391,-443937104,-443937104,-235638771,-235638771,-192548613,-192548613,-213643418,-213643418,92147898,92147898,348082388,348082388,188053085,188053085,233122126,233122126,309603521,309603521,252525177,252525177,367067399,367067399,367843163,367843163,34724235,34724235,273959030,273959030,191822992,191822992,267373967,267373967,403732750,403732750
# status f = 293727638,0,1 : PASS_RHO (rho 0.94600, T 3005.7, 0s)
f = 309058204,0,1 | route RHO | claimed 0.95832743593304064663 | coeffs -99968031,-99968031,-293019828,-293019828,-79500519,-79500519,-102111465,-102111465,-67349207,-67349207,9511422,9511422,30661461,30661461,156915117,156915117,156966196,156966196,-21471294,-21471294,24715121,24715121,268055360,268055360,205980687,205980687,338404627,338404627,317390703,317390703,105471383,105471383,182408891,182408891,118524394,118524394,80577352,80577352,9194086,9194086,237484279,237484279,464718926,464718926,388709964,388709964,505558723,505558723,470704297,470704297,947497885,947497885,623322657,623322657,507678644,507678644,198783218,198783218,275519304,275519304,157006403,157006403,51231218,51231218
f = 309058204,0,1 | route T | claimed 2012.7388887304089048 | coeffs -99968031,-99968031,-293019828,-293019828,-79500519,-79500519,-102111465,-102111465,-67349207,-67349207,9511422,9511422,30661461,30661461,156915117,156915117,156966196,156966196,-21471294,-21471294,24715121,24715121,268055360,268055360,205980687,205980687,338404627,338404627,317390703,317390703,105471383,105471383,182408891,182408891,118524394,118524394,80577352,80577352,9194086,9194086,237484279,237484279,464718926,464718926,388709964,388709964,505558723,505558723,470704297,470704297,947497885,947497885,623322657,623322657,507678644,507678644,198783218,198783218,275519304,275519304,157006403,157006403,51231218,51231218
# status f = 309058204,0,1 : PASS_RHO (rho 0.95833, T 2012.7, 0s)
f = 361108992,0,1 | route RHO | claimed 0.94110660136713497002 | coeffs -78264027,-78264027,-109933445,-109933445,-309284941,-309284941,-35648952,-35648952,158672099,158672099,26857324,26857324,-83686082,-83686082,-350568620,-350568620,-365599225,-365599225,-481464006,-481464006,-275677486,-275677486,-154047342,-154047342,-31971471,-31971471,36178399,36178399,-1608176,-1608176,-40326775,-40326775,-192514734,-192514734,-439943644,-439943644,-107846751,-107846751,-287636631,-287636631,-168391959,-168391959,-173044317,-173044317,-296741594,-296741594,-311353068,-311353068,-234647934,-234647934,-190666121,-190666121,-270315558,-270315558,-147819341,-147819341,73639765,73639765,210265834,210265834,419627841,419627841,126045083,126045083
f = 361108992,0,1 | route T | claimed 2365.96519616411962 | coeffs 74474266,74474266,351167749,351167749,411245476,411245476,418371336,418371336,283306003,283306003,300297446,300297446,122829904,122829904,241447402,241447402,195312037,195312037,204278624,204278624,202038113,202038113,304297207,304297207,-305542986,-305542986,-197657463,-197657463,-295408721,-295408721,-319096861,-319096861,-86261702,-86261702,22321047,22321047,77462901,77462901,-71434281,-71434281,-147006704,-147006704,-406105757,-406105757,-292644659,-292644659,-130615091,-130615091,-193842878,-193842878,-135213374,-135213374,-470824941,-470824941,-261662513,-261662513,-116648788,-116648788,-116027826,-116027826,-98712574,-98712574,-21028736,-21028736
# status f = 361108992,0,1 : PASS_RHO (rho 0.94111, T 2366.0, 0s)
f = 405348954,0,1 | route RHO | claimed 0.99035220526172383562 | coeffs -637225594,-393885355,-393885355,-428647613,-428647613,-505383699,-505383699,-581392661,-581392661,-369473341,-369473341,-369422262,-369422262,-176370465,-176370465,147804763,147804763,76421497,76421497,138496170,138496170,215356799,215356799,96843898,96843898,-20004861,-20004861,56932647,56932647,235370137,235370137,448889446,448889446,333245433,333245433,104955240,104955240,237379180,237379180,216229141,216229141,322004326,322004326,287149900,287149900,351034397,351034397,397220812,397220812,419831758,419831758,728727184,728727184,955961831,955961831,976975755,976975755,1103229411,1103229411,1151966224,1151966224,675172636,675172636,637225594
f = 405348954,0,1 | route T | claimed 2759.3025747977082587 | coeffs 147804763,76421497,76421497,138496170,138496170,215356799,215356799,96843898,96843898,-20004861,-20004861,56932647,56932647,235370137,235370137,448889446,448889446,333245433,333245433,104955240,104955240,237379180,237379180,216229141,216229141,322004326,322004326,287149900,287149900,351034397,351034397,397220812,397220812,419831758,419831758,728727184,728727184,955961831,955961831,976975755,976975755,1103229411,1103229411,1151966224,1151966224,675172636,675172636,637225594,637225594,393885355,393885355,428647613,428647613,505383699,505383699,581392661,581392661,369473341,369473341,369422262,369422262,176370465,176370465,-147804763
# status f = 405348954,0,1 : PASS_RHO (rho 0.99035, T 2759.3, 0s)
f = 595571047,0,1 | route RHO | claimed 0.94561822020205682443 | coeffs 995852419,1269488408,1269488408,1060126401,1060126401,1016144588,1016144588,896899916,896899916,935618515,935618515,729831995,729831995,861646770,861646770,813865714,813865714,936361931,936361931,812664654,812664654,565235744,565235744,687311615,687311615,420429077,420429077,221077581,221077581,84451512,84451512,7746378,7746378,187536258,187536258,225322833,225322833,341187614,341187614,146866563,146866563,-146716195,-146716195,-226365632,-226365632,-231017990,-231017990,-383205949,-383205949,-261575805,-261575805,-372119211,-372119211,-403788629,-403788629,-625247735,-625247735,-610636261,-610636261,-942733154,-942733154,-1010883024,-1010883024,-995852419
f = 595571047,0,1 | route T | claimed 2520.3507256079126191 | coeffs 187764733,187764733,319734723,319734723,558969518,558969518,253178202,253178202,136056589,136056589,-1126616,-1126616,55951728,55951728,367371015,367371015,320512112,320512112,402648150,402648150,658582640,658582640,513790960,513790960,401459854,401459854,516002076,516002076,307703743,307703743,315837533,315837533,391388508,391388508,551417811,551417811,227284615,227284615,134367925,134367925,133592161,133592161,176682319,176682319,493261423,493261423,356902640,356902640,401971681,401971681,450390345,450390345,435214329,435214329,102095401,102095401,123190206,123190206,218780066,218780066,91402394,91402394,14920999,14920999
# status f = 595571047,0,1 : PASS_RHO (rho 0.94562, T 2520.4, 0s)
f = 639811009,0,1 | route RHO | claimed 0.94345721649222388343 | coeffs -364971027,-236224092,-236224092,-152987204,-152987204,-333400684,-333400684,-485972928,-485972928,-385528886,-385528886,-456705409,-456705409,-652851588,-652851588,-461654865,-461654865,-110290243,-110290243,-162964847,-162964847,130417285,130417285,-263750518,-263750518,-119078104,-119078104,-155769121,-155769121,44263125,44263125,-359973971,-359973971,-229234557,-229234557,-61000603,-61000603,10886620,10886620,76804270,76804270,-11384620,-11384620,-5831202,-5831202,95955459,95955459,92893344,92893344,125670335,125670335,142236978,142236978,49821209,49821209,21099808,21099808,254857434,254857434,245453927,245453927,211901604,211901604,364971027
f = 639811009,0,1 | route T | claimed 2557.8937833018640669 | coeffs -156418775,-442944620,-442944620,-421907838,-421907838,-169661163,-169661163,-216622070,-216622070,-467414559,-467414559,-320894627,-320894627,-43601255,-43601255,-174195261,-174195261,-275232041,-275232041,-119950568,-119950568,-94844585,-94844585,209919792,209919792,399762029,399762029,339092640,339092640,247608726,247608726,253184274,253184274,526354989,526354989,501586512,501586512,752505949,752505949,645103081,645103081,425384254,425384254,418449830,418449830,456382240,456382240,360259786,360259786,543084234,543084234,693380258,693380258,589804476,589804476,680567066,680567066,689292859,689292859,416345049,416345049,390332492,390332492,156418775
# status f = 639811009,0,1 : PASS_RHO (rho 0.94346, T 2557.9, 0s)
f = 691861797,0,1 | route RHO | claimed 0.94385500487030530695 | coeffs 710449245,824991467,824991467,508412363,508412363,431930968,431930968,385072065,385072065,225042762,225042762,209866746,209866746,-95924570,-95924570,16406536,16406536,59496694,59496694,186874366,186874366,-124544921,-124544921,-48993946,-48993946,-97412610,-97412610,-336647405,-336647405,-481439085,-481439085,-480663321,-480663321,-385073461,-385073461,-327995117,-327995117,-336128907,-336128907,-291059866,-291059866,-159089876,-159089876,-415024366,-415024366,-507941056,-507941056,-529035861,-529035861,-391852656,-391852656,-600150989,-600150989,-463792206,-463792206,-666477938,-666477938,-584341900,-584341900,-260208704,-260208704,-593327632,-593327632,-710449245
f = 691861797,0,1 | route T | claimed 2608.1836364972053884 | coeffs -59496694,-186874366,-186874366,124544921,124544921,48993946,48993946,97412610,97412610,336647405,336647405,481439085,481439085,480663321,480663321,385073461,385073461,327995117,327995117,336128907,336128907,291059866,291059866,159089876,159089876,415024366,415024366,507941056,507941056,529035861,529035861,391852656,391852656,600150989,600150989,463792206,463792206,666477938,666477938,584341900,584341900,260208704,260208704,593327632,593327632,710449245,710449245,824991467,824991467,508412363,508412363,431930968,431930968,385072065,385072065,225042762,225042762,209866746,209866746,-95924570,-95924570,16406536,16406536,59496694
# status f = 691861797,0,1 : PASS_RHO (rho 0.94386, T 2608.2, 0s)
f = 707192363,0,1 | route RHO | claimed 0.95253446937631874295 | coeffs 98275490,98275490,382270476,382270476,484402370,484402370,239710687,239710687,90469581,90469581,150525761,150525761,-192024858,-192024858,-77960202,-77960202,-412324420,-412324420,-276301792,-276301792,-234168408,-234168408,3729464,3729464,149194233,149194233,-9029769,-9029769,83604617,83604617,33986999,33986999,-25956668,-25956668,-71595031,-71595031,-221469870,-221469870,-88652559,-88652559,-187529689,-187529689,-299837858,-299837858,-119794783,-119794783,-246737277,-246737277,-336954886,-336954886,-322573435,-322573435,-146133278,-146133278,-197525915,-197525915,-7531094,-7531094,282329788,282329788,80606717,80606717,-2752925,-2752925
f = 707192363,0,1 | route T | claimed 2677.6418719495883072 | coeffs 159864162,159864162,273145622,273145622,519840484,519840484,338991668,338991668,72900815,72900815,103249966,103249966,-214705776,-214705776,-78727202,-78727202,-120069275,-120069275,-128234661,-128234661,-65318136,-65318136,-40069379,-40069379,-26408345,-26408345,-182885598,-182885598,-16418233,-16418233,73232463,73232463,94275949,94275949,222236870,222236870,-203602586,-203602586,39462558,39462558,130987586,130987586,163593626,163593626,422339855,422339855,510810715,510810715,422596285,422596285,106887814,106887814,77293298,77293298,-286300807,-286300807,-300197072,-300197072,-208721834,-208721834,-315764350,-315764350,-365155994,-365155994
# status f = 707192363,0,1 : PASS_RHO (rho 0.95253, T 2677.6, 0s)
f = 712046213,0,1 | route RHO | claimed 0.95832743593304064663 | coeffs 9511422,-67349207,-67349207,-102111465,-102111465,-79500519,-79500519,-293019828,-293019828,-99968031,-99968031,-51231218,-51231218,-157006403,-157006403,-275519304,-275519304,-198783218,-198783218,-507678644,-507678644,-623322657,-623322657,-947497885,-947497885,-470704297,-470704297,-505558723,-505558723,-388709964,-388709964,-464718926,-464718926,-237484279,-237484279,-9194086,-9194086,-80577352,-80577352,-118524394,-118524394,-182408891,-182408891,-105471383,-105471383,-317390703,-317390703,-338404627,-338404627,-205980687,-205980687,-268055360,-268055360,-24715121,-24715121,21471294,21471294,-156966196,-156966196,-156915117,-156915117,-30661461,-30661461,-9511422
f = 712046213,0,1 | route T | claimed 2566.7072129490542777 | coeffs -31681241,-325991184,-325991184,-287184109,-287184109,-165874788,-165874788,-399537092,-399537092,-419943951,-419943951,-255623825,-255623825,-447819725,-447819725,-349241247,-349241247,-277256275,-277256275,-487099466,-487099466,-436884651,-436884651,-326351875,-326351875,-236876517,-236876517,-193065873,-193065873,256218345,256218345,50801217,50801217,342491834,342491834,414526483,414526483,232178523,232178523,210178030,210178030,328719419,328719419,-105803423,-105803423,45562932,45562932,243774527,243774527,146261760,146261760,85842808,85842808,515589207,515589207,403196382,403196382,328238685,328238685,117729875,117729875,96507440,96507440,31681241
# status f = 712046213,0,1 : PASS_RHO (rho 0.95833, T 2566.7, 0s)
f = 721683277,0,1 | route RHO | claimed 0.94110660136713497002 | coeffs 73639765,-147819341,-147819341,-270315558,-270315558,-190666121,-190666121,-234647934,-234647934,-311353068,-311353068,-296741594,-296741594,-173044317,-173044317,-168391959,-168391959,-287636631,-287636631,-107846751,-107846751,-439943644,-439943644,-192514734,-192514734,-40326775,-40326775,-1608176,-1608176,36178399,36178399,-31971471,-31971471,-154047342,-154047342,-275677486,-275677486,-481464006,-481464006,-365599225,-365599225,-350568620,-350568620,-83686082,-83686082,26857324,26857324,158672099,158672099,-35648952,-35648952,-309284941,-309284941,-109933445,-109933445,-78264027,-78264027,-126045083,-126045083,-419627841,-419627841,-210265834,-210265834,-73639765
f = 721683277,0,1 | route T | claimed 2732.010093343340703 | coeffs 450989195,592245124,592245124,456913457,456913457,666178558,666178558,265708417,265708417,52595842,52595842,-124955890,-124955890,-286038341,-286038341,-502173805,-502173805,-622978238,-622978238,-429200172,-429200172,-614978960,-614978960,-562101992,-562101992,-503361450,-503361450,-531602873,-531602873,-498976115,-498976115,-873693065,-873693065,-1052187951,-1052187951,-869929902,-869929902,-998531984,-998531984,-793167323,-793167323,-852168173,-852168173,-664491127,-664491127,-689459183,-689459183,-433947533,-433947533,-591201587,-591201587,-685441677,-685441677,-504432061,-504432061,-624795013,-624795013,-655834823,-655834823,-741901755,-741901755,-611820187,-611820187,-450989195
# status f = 721683277,0,1 : PASS_RHO (rho 0.94111, T 2732.0, 0s)
f = 729679946,0,1 | route RHO | claimed 0.97364720877916416076 | coeffs -189849836,-189849836,-124051393,-124051393,-33984379,-33984379,-150648157,-150648157,-69409043,-69409043,-90024817,-90024817,-303262658,-303262658,-368266536,-368266536,-690344427,-690344427,-766509480,-766509480,-685570413,-685570413,-691672861,-691672861,-521294890,-521294890,-506684394,-506684394,-156033601,-156033601,-472660367,-472660367,-509129267,-509129267,-560293155,-560293155,-508724962,-508724962,-375093305,-375093305,-428431167,-428431167,-351078001,-351078001,78453494,78453494,9705520,9705520,-95575903,-95575903,-224673826,-224673826,-133854311,-133854311,-110061819,-110061819,161866226,161866226,30132945,30132945,318548667,318548667,162773432,162773432
f = 729679946,0,1 | route T | claimed 2848.3219694577498775 | coeffs -374071454,-185698802,-185698802,-312524912,-312524912,-338562038,-338562038,-62488287,-62488287,156376880,156376880,361260274,361260274,514112363,514112363,365992234,365992234,408470618,408470618,567331860,567331860,712753481,712753481,508889780,508889780,1015115211,1015115211,697303966,697303966,795254008,795254008,633232987,633232987,555749015,555749015,737709481,737709481,1062976843,1062976843,974378626,974378626,970715519,970715519,953105423,953105423,685488481,685488481,720725060,720725060,676474973,676474973,694307379,694307379,728801561,728801561,761679448,761679448,453678219,453678219,307438385,307438385,346600069,346600069,374071454
# status f = 729679946,0,1 : PASS_RHO (rho 0.97365, T 2848.3, 0s)
f = 746999745,0,1 | route RHO | claimed 0.89465561560217153823 | coeffs 366502963,366502963,141529872,141529872,47675721,47675721,-89011818,-89011818,-307009125,-307009125,-345264055,-345264055,-204869675,-204869675,-68604976,-68604976,-282831389,-282831389,-33214756,-33214756,-119800338,-119800338,-503805661,-503805661,-563957634,-563957634,-682438294,-682438294,-585389312,-585389312,-364686193,-364686193,-474895316,-474895316,-604077429,-604077429,-490388291,-490388291,-253542925,-253542925,-508125968,-508125968,-353809855,-353809855,-538120797,-538120797,-543654683,-543654683,-309966911,-309966911,-269729194,-269729194,-426457171,-426457171,-265501920,-265501920,-385437822,-385437822,-407058059,-407058059,-243228445,-243228445,-268701541,-268701541
f = 746999745,0,1 | route T | claimed 1894.3575627556998949 | coeffs -366502963,-141529872,-141529872,-47675721,-47675721,89011818,89011818,307009125,307009125,345264055,345264055,204869675,204869675,68604976,68604976,282831389,282831389,33214756,33214756,119800338,119800338,503805661,503805661,563957634,563957634,682438294,682438294,585389312,585389312,364686193,364686193,474895316,474895316,604077429,604077429,490388291,490388291,253542925,253542925,508125968,508125968,353809855,353809855,538120797,538120797,543654683,543654683,309966911,309966911,269729194,269729194,426457171,426457171,265501920,265501920,385437822,385437822,407058059,407058059,243228445,243228445,268701541,268701541,366502963
# status f = 746999745,0,1 : PASS_RHO (rho 0.89466, T 1894.4, 0s)
f = 822224597,0,1 | route RHO | claimed 0.99035220526172383562 | coeffs 581392661,505383699,505383699,428647613,428647613,393885355,393885355,637225594,637225594,675172636,675172636,1151966224,1151966224,1103229411,1103229411,976975755,976975755,955961831,955961831,728727184,728727184,419831758,419831758,397220812,397220812,351034397,351034397,287149900,287149900,322004326,322004326,216229141,216229141,237379180,237379180,104955240,104955240,333245433,333245433,448889446,448889446,235370137,235370137,56932647,56932647,-20004861,-20004861,96843898,96843898,215356799,215356799,138496170,138496170,76421497,76421497,147804763,147804763,-176370465,-176370465,-369422262,-369422262,-369473341,-369473341,-581392661
f = 822224597,0,1 | route T | claimed 2909.393524360263739 | coeffs 581392661,505383699,505383699,428647613,428647613,393885355,393885355,637225594,637225594,675172636,675172636,1151966224,1151966224,1103229411,1103229411,976975755,976975755,955961831,955961831,728727184,728727184,419831758,419831758,397220812,397220812,351034397,351034397,287149900,287149900,322004326,322004326,216229141,216229141,237379180,237379180,104955240,104955240,333245433,333245433,448889446,448889446,235370137,235370137,56932647,56932647,-20004861,-20004861,96843898,96843898,215356799,215356799,138496170,138496170,76421497,76421497,147804763,147804763,-176370465,-176370465,-369422262,-369422262,-369473341,-369473341,-581392661
# status f = 822224597,0,1 : PASS_RHO (rho 0.99035, T 2909.4, 0s)
f = 834832750,0,1 | route RHO | claimed 0.93605057082512794349 | coeffs -36471570,-36471570,-283900480,-283900480,-204251043,-204251043,-477887032,-477887032,-355811161,-355811161,-351158803,-351158803,-141796796,-141796796,-408679334,-408679334,-256491375,-256491375,-212509562,-212509562,-411861058,-411861058,-533491202,-533491202,-414246530,-414246530,-550872599,-550872599,-440329193,-440329193,-479047792,-479047792,-555752926,-555752926,-524083508,-524083508,-318296988,-318296988,-138507108,-138507108,82951998,82951998,-48862777,-48862777,-11076202,-11076202,-25687676,-25687676,22093380,22093380,137958161,137958161,470055054,470055054,347558837,347558837,153237786,153237786,221387656,221387656,345084933,345084933,51502175,51502175
f = 834832750,0,1 | route T | claimed 2567.2014458295303725 | coeffs 574224220,574224220,773355078,773355078,649433871,649433871,683912034,683912034,577326464,577326464,811915296,811915296,543527870,543527870,478819305,478819305,314372592,314372592,508407179,508407179,366389944,366389944,-1866,-1866,42181205,42181205,59194644,59194644,139263531,139263531,-254871161,-254871161,-172688088,-172688088,-60968645,-60968645,-210218399,-210218399,-167362652,-167362652,-380037223,-380037223,-391272338,-391272338,-408388040,-408388040,-575025393,-575025393,-515679751,-515679751,-466221829,-466221829,-342426176,-342426176,-362340498,-362340498,-308701206,-308701206,-242358637,-242358637,-331577876,-331577876,-94015559,-94015559
# status f = 834832750,0,1 : PASS_RHO (rho 0.93605, T 2567.2, 0s)
f = 851036091,0,1 | route RHO | claimed 0.94600401577168626663 | coeffs -457162669,-457162669,-442132064,-442132064,-563762208,-563762208,-525975633,-525975633,-278546723,-278546723,-397791395,-397791395,-383179921,-383179921,-303530484,-303530484,-440156553,-440156553,-392375497,-392375497,-118739508,-118739508,-229282914,-229282914,-345147695,-345147695,-223071824,-223071824,-261790423,-261790423,70306470,70306470,65654112,65654112,142359246,142359246,264855463,264855463,474217470,474217470,505886888,505886888,311565837,311565837,578448375,578448375,372661855,372661855,304511985,304511985,456699944,456699944,636489824,636489824,760187101,760187101,716205288,716205288,494746182,494746182,788328940,788328940,588977444,588977444
f = 851036091,0,1 | route T | claimed 2335.2999334023486271 | coeffs 332723589,332723589,255987503,255987503,234973579,234973579,129198394,129198394,52260886,52260886,-140790911,-140790911,-178737953,-178737953,-156127007,-156127007,-384417200,-384417200,-307556571,-307556571,-383565533,-383565533,-509819189,-509819189,-474964763,-474964763,-653402253,-653402253,-977577481,-977577481,-1220917720,-1220917720,-912022294,-912022294,-779598354,-779598354,-898111255,-898111255,-686191935,-686191935,-734928748,-734928748,-798813245,-798813245,-1012332554,-1012332554,-940949288,-940949288,-906187030,-906187030,-678952383,-678952383,-700102422,-700102422,-816951181,-816951181,-816900102,-816900102,-340106514,-340106514,-386292929,-386292929,-270648916,-270648916
# status f = 851036091,0,1 : PASS_RHO (rho 0.94600, T 2335.3, 0s)
f = 891660098,0,1 | route RHO | claimed 0.94437924142379566646 | coeffs 209115929,54799816,54799816,218629430,218629430,354894129,354894129,465103252,465103252,505340969,505340969,411486818,411486818,795492141,795492141,540909098,540909098,562529335,562529335,422134955,422134955,642838074,642838074,409150302,409150302,634123393,634123393,547537811,547537811,310692445,310692445,190756543,190756543,152501613,152501613,55452631,55452631,49918745,49918745,147720167,147720167,-101896466,-101896466,11792672,11792672,-149162579,-149162579,68834728,68834728,-49645932,-49645932,134665010,134665010,109191914,109191914,-105034499,-105034499,24147614,24147614,-132580363,-132580363,-269267902,-269267902,-209115929
f = 891660098,0,1 | route T | claimed 2114.9010107893866561 | coeffs 18217575,251405558,251405558,226224329,226224329,236769176,236769176,166350434,166350434,130548237,130548237,77484882,77484882,532122360,532122360,441555440,441555440,454001917,454001917,288836174,288836174,101609816,101609816,176889701,176889701,291327105,291327105,317228293,317228293,218824175,218824175,503203571,503203571,857613400,857613400,444864180,444864180,509671138,509671138,383766980,383766980,230393643,230393643,314004019,314004019,204341960,204341960,174214854,174214854,345106119,345106119,415685545,415685545,402049762,402049762,260835233,260835233,189549831,189549831,18417111,18417111,55913396,55913396,-18217575
# status f = 891660098,0,1 : PASS_RHO (rho 0.94438, T 2114.9, 0s)
f = 896670287,0,1 | route RHO | claimed 0.89465561560217153823 | coeffs 47675721,141529872,141529872,366502963,366502963,268701541,268701541,243228445,243228445,407058059,407058059,385437822,385437822,265501920,265501920,426457171,426457171,269729194,269729194,309966911,309966911,543654683,543654683,538120797,538120797,353809855,353809855,508125968,508125968,253542925,253542925,490388291,490388291,604077429,604077429,474895316,474895316,364686193,364686193,585389312,585389312,682438294,682438294,563957634,563957634,503805661,503805661,119800338,119800338,33214756,33214756,282831389,282831389,68604976,68604976,204869675,204869675,345264055,345264055,307009125,307009125,89011818,89011818,-47675721
f = 896670287,0,1 | route T | claimed 2022.5450047384395202 | coeffs -65323678,-5769809,-5769809,250112621,250112621,426580690,426580690,417598723,417598723,378293778,378293778,147959006,147959006,207970280,207970280,103472352,103472352,472592536,472592536,328358698,328358698,307726400,307726400,334492255,334492255,147040989,147040989,354430817,354430817,410374710,410374710,175859087,175859087,257553132,257553132,327383946,327383946,530037170,530037170,371812053,371812053,660961735,660961735,665446851,665446851,677418732,677418732,622423159,622423159,183028125,183028125,24248169,24248169,-52780178,-52780178,170864070,170864070,59855950,59855950,237378532,237378532,324324377,324324377,65323678
# status f = 896670287,0,1 : PASS_RHO (rho 0.89466, T 2022.5, 0s)
f = 931004660,0,1 | route RHO | claimed 0.94437924142379566646 | coeffs 55452631,152501613,152501613,190756543,190756543,310692445,310692445,547537811,547537811,634123393,634123393,409150302,409150302,642838074,642838074,422134955,422134955,562529335,562529335,540909098,540909098,795492141,795492141,411486818,411486818,505340969,505340969,465103252,465103252,354894129,354894129,218629430,218629430,54799816,54799816,209115929,209115929,269267902,269267902,132580363,132580363,-24147614,-24147614,105034499,105034499,-109191914,-109191914,-134665010,-134665010,49645932,49645932,-68834728,-68834728,149162579,149162579,-11792672,-11792672,101896466,101896466,-147720167,-147720167,-49918745,-49918745,-55452631
f = 931004660,0,1 | route T | claimed 2149.0456648658745491 | coeffs 55452631,152501613,152501613,190756543,190756543,310692445,310692445,547537811,547537811,634123393,634123393,409150302,409150302,642838074,642838074,422134955,422134955,562529335,562529335,540909098,540909098,795492141,795492141,411486818,411486818,505340969,505340969,465103252,465103252,354894129,354894129,218629430,218629430,54799816,54799816,209115929,209115929,269267902,269267902,132580363,132580363,-24147614,-24147614,105034499,105034499,-109191914,-109191914,-134665010,-134665010,49645932,49645932,-68834728,-68834728,149162579,149162579,-11792672,-11792672,101896466,101896466,-147720167,-147720167,-49918745,-49918745,-55452631
# status f = 931004660,0,1 : PASS_RHO (rho 0.94438, T 2149.0, 0s)
f = 956122552,0,1 | route RHO | claimed 0.97364720877916416076 | coeffs 162773432,318548667,318548667,30132945,30132945,161866226,161866226,-110061819,-110061819,-133854311,-133854311,-224673826,-224673826,-95575903,-95575903,9705520,9705520,78453494,78453494,-351078001,-351078001,-428431167,-428431167,-375093305,-375093305,-508724962,-508724962,-560293155,-560293155,-509129267,-509129267,-472660367,-472660367,-156033601,-156033601,-506684394,-506684394,-521294890,-521294890,-691672861,-691672861,-685570413,-685570413,-766509480,-766509480,-690344427,-690344427,-368266536,-368266536,-303262658,-303262658,-90024817,-90024817,-69409043,-69409043,-150648157,-150648157,-33984379,-33984379,-124051393,-124051393,-189849836,-189849836,-162773432
f = 956122552,0,1 | route T | claimed 2302.4804536192513362 | coeffs 102714166,102714166,186324542,186324542,121517584,121517584,405896980,405896980,291459576,291459576,126293833,126293833,-328343645,-328343645,-398762387,-398762387,-631950370,-631950370,-460817650,-460817650,-474453433,-474453433,-444326327,-444326327,-597699664,-597699664,-184950444,-184950444,-283354562,-283354562,-358634447,-358634447,-346187970,-346187970,-293124615,-293124615,-282579768,-282579768,-356710739,-356710739,-285425337,-285425337,-214845911,-214845911,-105183852,-105183852,-231088010,-231088010,-585497839,-585497839,-559596651,-559596651,-372370293,-372370293,-462937213,-462937213,-427135016,-427135016,-452316245,-452316245,-414819960,-414819960,-273605431,-273605431
# status f = 956122552,0,1 : PASS_RHO (rho 0.97365, T 2302.5, 0s)
f = 969295082,0,1 | route RHO | claimed 0.93605057082512794349 | coeffs -283900480,-283900480,-36471570,-36471570,-51502175,-51502175,-345084933,-345084933,-221387656,-221387656,-153237786,-153237786,-347558837,-347558837,-470055054,-470055054,-137958161,-137958161,-22093380,-22093380,25687676,25687676,11076202,11076202,48862777,48862777,-82951998,-82951998,138507108,138507108,318296988,318296988,524083508,524083508,555752926,555752926,479047792,479047792,440329193,440329193,550872599,550872599,414246530,414246530,533491202,533491202,411861058,411861058,212509562,212509562,256491375,256491375,408679334,408679334,141796796,141796796,351158803,351158803,355811161,355811161,477887032,477887032,204251043,204251043
f = 969295082,0,1 | route T | claimed 2486.8972864516968828 | coeffs 773355078,773355078,574224220,574224220,94015559,94015559,331577876,331577876,242358637,242358637,308701206,308701206,362340498,362340498,342426176,342426176,466221829,466221829,515679751,515679751,575025393,575025393,408388040,408388040,391272338,391272338,380037223,380037223,167362652,167362652,210218399,210218399,60968645,60968645,172688088,172688088,254871161,254871161,-139263531,-139263531,-59194644,-59194644,-42181205,-42181205,1866,1866,-366389944,-366389944,-508407179,-508407179,-314372592,-314372592,-478819305,-478819305,-543527870,-543527870,-811915296,-811915296,-577326464,-577326464,-683912034,-683912034,-649433871,-649433871
# status f = 969295082,0,1 : PASS_RHO (rho 0.93605, T 2486.9, 0s)
# summary n = 7 l = 1000920001 : EXCLUSION_CANDIDATE ; PASS 32 / 32 ; OPEN_NEAR 0 ; OPEN_FAR 0 ; 14s
