# FAMILY WITNESS FILE (generator family_gen.sage r10). n = 7 ; l = 1000943681 ; m = 64 ; deg = 2 ; ncomp = 32 ; bar_T = 4224 ; L_n = 16.3328709449664096755483535644
# line: f = c0,...,c_deg (monic, over F_l) | route RHO|T | claimed (rho or T, float) | coeffs a_0..a_{m-1}
f = 85764457,0,1 | route RHO | claimed 0.95412896489968711974 | coeffs -324089848,-79278027,-79278027,-177388883,-177388883,28485862,28485862,12981889,12981889,101461786,101461786,109789353,109789353,162274905,162274905,13476918,13476918,-186230086,-186230086,-331092276,-331092276,-244192890,-244192890,-610545161,-610545161,-605494867,-605494867,-400788048,-400788048,-159173678,-159173678,-54221320,-54221320,-20194786,-20194786,-315903000,-315903000,-155282771,-155282771,-205427702,-205427702,-116261804,-116261804,-309174500,-309174500,-303207043,-303207043,-308297002,-308297002,-273291773,-273291773,-173412087,-173412087,-102210002,-102210002,-116872949,-116872949,30757778,30757778,167818709,167818709,419337449,419337449,324089848
f = 85764457,0,1 | route T | claimed 2569.2007704454790063 | coeffs 265751208,265751208,57839199,57839199,233189002,233189002,319678901,319678901,190671889,190671889,289811622,289811622,53763763,53763763,29973787,29973787,23649193,23649193,109953481,109953481,-46351544,-46351544,46209299,46209299,-301695521,-301695521,-253093882,-253093882,-374411499,-374411499,-405681671,-405681671,-286598986,-286598986,-294467296,-294467296,-78822701,-78822701,6290528,6290528,131355395,131355395,-65096987,-65096987,-115468620,-115468620,134342024,134342024,227527801,227527801,373698399,373698399,470346240,470346240,275112633,275112633,454010221,454010221,453565408,453565408,160903460,160903460,-55870064,-55870064
# status f = 85764457,0,1 : PASS_RHO (rho 0.95413, T 2569.2, 1s)
f = 102177318,0,1 | route RHO | claimed 0.90328471410167322236 | coeffs -422866621,-422866621,-56514350,-56514350,-217134579,-217134579,-317014265,-317014265,-72202444,-72202444,-221000431,-221000431,20613939,20613939,-172298757,-172298757,-24668030,-24668030,-9164057,-9164057,-96063443,-96063443,199644771,199644771,164639542,164639542,259887143,259887143,312372695,312372695,517079514,517079514,606245412,606245412,591582465,591582465,385707720,385707720,530569910,530569910,496543376,496543376,501633335,501633335,250114595,250114595,258442162,258442162,263492456,263492456,213347525,213347525,284549610,284549610,382660466,382660466,582367470,582367470,477415112,477415112,471447655,471447655,334386724,334386724
f = 102177318,0,1 | route T | claimed 1740.2669012398856561 | coeffs -96063443,-96063443,199644771,199644771,164639542,164639542,259887143,259887143,312372695,312372695,517079514,517079514,606245412,606245412,591582465,591582465,385707720,385707720,530569910,530569910,496543376,496543376,501633335,501633335,250114595,250114595,258442162,258442162,263492456,263492456,213347525,213347525,284549610,284549610,382660466,382660466,582367470,582367470,477415112,477415112,471447655,471447655,334386724,334386724,422866621,422866621,56514350,56514350,217134579,217134579,317014265,317014265,72202444,72202444,221000431,221000431,-20613939,-20613939,172298757,172298757,24668030,24668030,9164057,9164057
# status f = 102177318,0,1 : PASS_RHO (rho 0.90328, T 1740.3, 0s)
f = 172315169,0,1 | route RHO | claimed 0.9280944120829662452 | coeffs -8327567,0,-147630727,0,-50144931,0,-86899386,0,-98110856,0,35005229,0,-104952358,0,52485552,0,137060931,0,-89165898,0,-366352271,0,-205874745,0,-99879686,0,34026534,0,148797987,0,-251518740,0,-192912696,0,-5050294,0,-15503973,0,71202085,0,295708214,0,-199707004,0,-95247601,0,-5967457,0,204706819,0,-88479897,0,14662947,0,160620229,0,144862190,0,244811821,0,-5089959,0,-241614370,0
f = 172315169,0,1 | route T | claimed 2178.4783672081576492 | coeffs 53820657,1335105,1335105,-135725826,-135725826,-46559928,-46559928,319792343,319792343,525667088,525667088,625546774,625546774,591520240,591520240,442722253,442722253,694240993,694240993,887153689,887153689,892203983,892203983,907707956,907707956,836505871,836505871,540797657,540797657,740504661,740504661,835752262,835752262,841719719,841719719,637012900,637012900,725492797,725492797,710829850,710829850,550209621,550209621,405347431,405347431,160535610,160535610,165625569,165625569,407239939,407239939,398912372,398912372,251281645,251281645,201136714,201136714,114237328,114237328,16126472,16126472,51131701,51131701,-53820657
# status f = 172315169,0,1 : PASS_RHO (rho 0.92809, T 2178.5, 0s)
f = 179555050,0,1 | route RHO | claimed 0.84803325773658826225 | coeffs -98726701,1152985,1152985,-198554019,-198554019,-193464060,-193464060,-245949612,-245949612,-438862308,-438862308,-350382411,-350382411,-300237480,-300237480,-506112225,-506112225,-801820439,-801820439,-557008618,-557008618,-661960976,-661960976,-410442236,-410442236,-205735417,-205735417,-353366144,-353366144,12986127,12986127,84188212,84188212,-60673978,-60673978,-95679207,-95679207,53118780,53118780,59086237,59086237,67413804,67413804,-21752094,-21752094,-6248121,-6248121,154372108,154372108,56261252,56261252,22234718,22234718,-73012883,-73012883,168601487,168601487,31540556,31540556,26490262,26490262,11827315,11827315,98726701
f = 179555050,0,1 | route T | claimed 2137.0167340172563905 | coeffs -21752094,-6248121,-6248121,154372108,154372108,56261252,56261252,22234718,22234718,-73012883,-73012883,168601487,168601487,31540556,31540556,26490262,26490262,11827315,11827315,98726701,98726701,-1152985,-1152985,198554019,198554019,193464060,193464060,245949612,245949612,438862308,438862308,350382411,350382411,300237480,300237480,506112225,506112225,801820439,801820439,557008618,557008618,661960976,661960976,410442236,410442236,205735417,205735417,353366144,353366144,-12986127,-12986127,-84188212,-84188212,60673978,60673978,95679207,95679207,-53118780,-53118780,-59086237,-59086237,-67413804,-67413804,21752094
# status f = 179555050,0,1 : PASS_RHO (rho 0.84803, T 2137.0, 0s)
f = 213441669,0,1 | route RHO | claimed 0.94223059940441759452 | coeffs -167849412,-167849412,-188356112,-188356112,-91286029,-91286029,-12381230,-12381230,21458294,21458294,-184174603,-184174603,-140932710,-140932710,-337177444,-337177444,-101902162,-101902162,-246168313,-246168313,-428259483,-428259483,-284701228,-284701228,-235642152,-235642152,-557938864,-557938864,-543741968,-543741968,-562669077,-562669077,-681257433,-681257433,-502248543,-502248543,-657434691,-657434691,-799016279,-799016279,-672802136,-672802136,-478268476,-478268476,-368796886,-368796886,-666606165,-666606165,-559832077,-559832077,-529487228,-529487228,-568418193,-568418193,-713484463,-713484463,-573285435,-573285435,-505038338,-505038338,-346967002,-346967002,-141478586,-141478586
f = 213441669,0,1 | route T | claimed 2108.6606509791027427 | coeffs -653667633,-653667633,-607260539,-607260539,-872260506,-872260506,-797373583,-797373583,-372625844,-372625844,-166798985,-166798985,36225808,36225808,8952692,8952692,100697997,100697997,266716742,266716742,482365501,482365501,605218263,605218263,620177789,620177789,609183922,609183922,532257903,532257903,466713023,466713023,597262183,597262183,515758767,515758767,586587608,586587608,918083780,918083780,795426363,795426363,748676061,748676061,594317093,594317093,945806261,945806261,820573399,820573399,853107468,853107468,869867047,869867047,645161595,645161595,478779866,478779866,567288778,567288778,649209928,649209928,600421536,600421536
# status f = 213441669,0,1 : PASS_RHO (rho 0.94223, T 2108.7, 0s)
f = 230969313,0,1 | route RHO | claimed 0.89574268487711623494 | coeffs -47587995,318764276,318764276,405663662,405663662,550525852,550525852,350818848,350818848,499616835,499616835,552102387,552102387,543774820,543774820,632254717,632254717,647758690,647758690,853633435,853633435,951744291,951744291,1196556112,1196556112,1101308511,1101308511,849789771,849789771,986850702,986850702,839219975,839219975,824557028,824557028,753354943,753354943,853234629,853234629,818229400,818229400,813139441,813139441,807171984,807171984,614259288,614259288,525093390,525093390,474948459,474948459,314328230,314328230,18620016,18620016,-15406518,-15406518,89545840,89545840,-152068530,-152068530,52638289,52638289,47587995
f = 230969313,0,1 | route T | claimed 2160.4878991922858747 | coeffs -70767570,-91274270,-91274270,48924758,48924758,346734037,346734037,191547889,191547889,513844601,513844601,749119883,749119883,670215084,670215084,512143748,512143748,542488597,542488597,416274454,416274454,397347345,397347345,579438515,579438515,373805618,373805618,683133616,683133616,828199886,828199886,937671476,937671476,758662586,758662586,807721662,807721662,1003966396,1003966396,1101036479,1101036479,1169283576,1169283576,1062509488,1062509488,920927900,920927900,906731004,906731004,762464853,762464853,728625329,728625329,523136913,523136913,484205948,484205948,289672288,289672288,171083932,171083932,27525677,27525677,70767570
# status f = 230969313,0,1 : PASS_RHO (rho 0.89574, T 2160.5, 0s)
f = 241574327,0,1 | route RHO | claimed 0.9362468331236643928 | coeffs -290574189,-290574189,-85085773,-85085773,-191859861,-191859861,-12850971,-12850971,169240199,169240199,248144998,248144998,388344026,388344026,193810366,193810366,208007262,208007262,404251996,404251996,94923998,94923998,125268847,125268847,280454995,280454995,424013250,424013250,390173726,390173726,321926629,321926629,431398219,431398219,450325328,450325328,685600610,685600610,706107310,706107310,745038275,745038275,603456687,603456687,554397611,554397611,348764714,348764714,506836050,506836050,804645329,804645329,686056973,686056973,830323124,830323124,927393207,927393207,782326937,782326937,656112794,656112794,333816082,333816082
f = 241574327,0,1 | route T | claimed 2175.2359083880065961 | coeffs -290574189,-290574189,-85085773,-85085773,-191859861,-191859861,-12850971,-12850971,169240199,169240199,248144998,248144998,388344026,388344026,193810366,193810366,208007262,208007262,404251996,404251996,94923998,94923998,125268847,125268847,280454995,280454995,424013250,424013250,390173726,390173726,321926629,321926629,431398219,431398219,450325328,450325328,685600610,685600610,706107310,706107310,745038275,745038275,603456687,603456687,554397611,554397611,348764714,348764714,506836050,506836050,804645329,804645329,686056973,686056973,830323124,830323124,927393207,927393207,782326937,782326937,656112794,656112794,333816082,333816082
# status f = 241574327,0,1 : PASS_RHO (rho 0.93625, T 2175.2, 0s)
f = 278441981,0,1 | route RHO | claimed 0.91197244036803869555 | coeffs -416039435,-365894504,-365894504,-313408952,-313408952,-213529266,-213529266,-218579560,-218579560,-123331959,-123331959,37288270,37288270,28960703,28960703,-6044526,-6044526,-372396797,-372396797,-120878057,-120878057,174830157,174830157,263310054,263310054,258220095,258220095,171320709,171320709,34259778,34259778,68286312,68286312,83790285,83790285,77822828,77822828,-67039362,-67039362,80591365,80591365,-24360993,-24360993,181513752,181513752,-11398944,-11398944,188308060,188308060,202971007,202971007,444585377,444585377,542696233,542696233,453530335,453530335,304732348,304732348,375934433,375934433,171227614,171227614,416039435
f = 278441981,0,1 | route T | claimed 2161.7784706463068995 | coeffs -512806044,-457771651,-457771651,-386558732,-386558732,-344126715,-344126715,-451795524,-451795524,-447292481,-447292481,-585544025,-585544025,-389032541,-389032541,-459047540,-459047540,-515944122,-515944122,-585247468,-585247468,-444497986,-444497986,-247296089,-247296089,-346783335,-346783335,-264151485,-264151485,-373357647,-373357647,-195849255,-195849255,72066466,72066466,-221640531,-221640531,79960805,79960805,85125308,85125308,-32954546,-32954546,175380528,175380528,616773412,616773412,553105836,553105836,757465354,757465354,895639343,895639343,837084942,837084942,717966719,717966719,665638314,665638314,660966661,660966661,328514789,328514789,512806044
# status f = 278441981,0,1 : PASS_RHO (rho 0.91197, T 2161.8, 0s)
f = 292301948,0,1 | route RHO | claimed 0.94191158119018477903 | coeffs -273575599,-238570370,-238570370,-140459514,-140459514,-227358900,-227358900,-177213969,-177213969,-324844696,-324844696,-316517129,-316517129,-74902759,-74902759,-79992718,-79992718,-324804539,-324804539,-179942349,-179942349,-340562578,-340562578,-325899631,-325899631,-237419734,-237419734,-32712915,-32712915,-26745458,-26745458,-121993059,-121993059,77713945,77713945,373422159,373422159,302220074,302220074,286716101,286716101,291766395,291766395,98853699,98853699,350372439,350372439,499170426,499170426,465143892,465143892,365264206,365264206,571138951,571138951,204786680,204786680,293952578,293952578,431013509,431013509,378527957,378527957,273575599
f = 292301948,0,1 | route T | claimed 2569.0211564397650145 | coeffs 150323512,231826928,231826928,313748078,313748078,436600840,436600840,561833702,561833702,356006843,356006843,426835684,426835684,475624076,475624076,460664550,460664550,493198619,493198619,696223412,696223412,364727240,364727240,417973337,417973337,406979470,406979470,390219891,390219891,417493007,417493007,294835590,294835590,341242684,341242684,418168703,418168703,193463251,193463251,285208556,285208556,331958858,331958858,596958825,596958825,531413945,531413945,697795674,697795674,531776929,531776929,377417961,377417961,452304884,452304884,321755724,321755724,410264636,410264636,625913395,625913395,274424227,274424227,-150323512
# status f = 292301948,0,1 : PASS_RHO (rho 0.94191, T 2569.0, 0s)
f = 296858452,0,1 | route RHO | claimed 0.88918536594828589988 | coeffs -117832421,88042324,88042324,93132283,93132283,88081989,88081989,186192845,186192845,192160302,192160302,-174191969,-174191969,70619852,70619852,263532548,263532548,176633162,176633162,81385561,81385561,170551459,170551459,25689269,25689269,-225829471,-225829471,-175684540,-175684540,24022464,24022464,161083395,161083395,321703624,321703624,172905637,172905637,25274910,25274910,320983124,320983124,268497572,268497572,253834625,253834625,287861159,287861159,296188726,296188726,224986641,224986641,120034283,120034283,31554386,31554386,131434072,131434072,373048442,373048442,357544469,357544469,322539240,322539240,117832421
f = 296858452,0,1 | route T | claimed 2524.2439062230532042 | coeffs 2083961,80871455,80871455,191095539,191095539,278951136,278951136,322331818,322331818,537852530,537852530,282235455,282235455,243710276,243710276,510525870,510525870,554727666,554727666,565297519,565297519,933048657,933048657,897248140,897248140,943397458,943397458,989362403,989362403,846048211,846048211,504081097,504081097,420155960,420155960,659809572,659809572,587244087,587244087,801408926,801408926,794650106,794650106,875614093,875614093,1063907582,1063907582,1041187562,1041187562,837807855,837807855,646351144,646351144,562966177,562966177,300220783,300220783,246000556,246000556,169571681,169571681,186896874,186896874,-2083961
# status f = 296858452,0,1 : PASS_RHO (rho 0.88919, T 2524.2, 0s)
f = 314144624,0,1 | route RHO | claimed 0.92282500152276643866 | coeffs -311605663,-311605663,-357754981,-357754981,-247530897,-247530897,-59237408,-59237408,-23436891,-23436891,55350603,55350603,136314590,136314590,-231436548,-231436548,-42455713,-42455713,-49214533,-49214533,-59784386,-59784386,-77109579,-77109579,137055260,137055260,92853464,92853464,169282339,169282339,96716854,96716854,-170098740,-170098740,-115878513,-115878513,123775099,123775099,162300278,162300278,425045672,425045672,341120535,341120535,596737610,596737610,680122577,680122577,338155463,338155463,122634751,122634751,314091462,314091462,170777270,170777270,127396588,127396588,330776295,330776295,376741240,376741240,288885643,288885643
f = 314144624,0,1 | route T | claimed 2121.9463085687778711 | coeffs -355304173,-355304173,-350214214,-350214214,-316187680,-316187680,-171325490,-171325490,34549255,34549255,19886308,19886308,-69279590,-69279590,135427229,135427229,82941677,82941677,178189278,178189278,213194507,213194507,508902721,508902721,595802107,595802107,611306080,611306080,463675353,463675353,270762657,270762657,29148287,29148287,-119649700,-119649700,-364461521,-364461521,-464341207,-464341207,-303720978,-303720978,62631293,62631293,151111190,151111190,288172121,288172121,282204664,282204664,387157022,387157022,586864026,586864026,488753170,488753170,559955255,559955255,610100186,610100186,615150480,615150480,606822913,606822913
# status f = 314144624,0,1 : PASS_RHO (rho 0.92283, T 2121.9, 0s)
f = 351978272,0,1 | route RHO | claimed 0.93775080085122054704 | coeffs 88827198,184074799,184074799,-21799946,-21799946,-13472379,-13472379,186234625,186234625,-180117646,-180117646,-421732016,-421732016,-717440230,-717440230,-806606128,-806606128,-811696087,-811696087,-882898172,-882898172,-745837241,-745837241,-501025420,-501025420,-485521447,-485521447,-433035895,-433035895,-288173705,-288173705,-283123411,-283123411,-388075769,-388075769,-227455540,-227455540,-34542844,-34542844,462385,462385,15125332,15125332,266644072,266644072,168533216,168533216,80053319,80053319,-68744668,-68744668,-155644054,-155644054,49062765,49062765,15036231,15036231,-35108700,-35108700,-41076157,-41076157,58803529,58803529,-88827198
f = 351978272,0,1 | route T | claimed 2062.610364740185961 | coeffs 97704217,190889994,190889994,386123601,386123601,93461653,93461653,-114450356,-114450356,14556656,14556656,-9233320,-9233320,147071705,147071705,195673344,195673344,76590659,76590659,161703888,161703888,212075521,212075521,358246119,358246119,179348531,179348531,-37424993,-37424993,137924810,137924810,38785077,38785077,32460483,32460483,-60100360,-60100360,-181417977,-181417977,-173549667,-173549667,-48484800,-48484800,-298295444,-298295444,-201647603,-201647603,-201202790,-201202790,-411083934,-411083934,-324594035,-324594035,-88546176,-88546176,-2241888,-2241888,345662932,345662932,314392760,314392760,98748165,98748165,-97704217
# status f = 351978272,0,1 : PASS_RHO (rho 0.93775, T 2062.6, 0s)
f = 358004284,0,1 | route RHO | claimed 0.9362468331236643928 | coeffs -321926629,-321926629,-390173726,-390173726,-424013250,-424013250,-280454995,-280454995,-125268847,-125268847,-94923998,-94923998,-404251996,-404251996,-208007262,-208007262,-193810366,-193810366,-388344026,-388344026,-248144998,-248144998,-169240199,-169240199,12850971,12850971,191859861,191859861,85085773,85085773,290574189,290574189,333816082,333816082,656112794,656112794,782326937,782326937,927393207,927393207,830323124,830323124,686056973,686056973,804645329,804645329,506836050,506836050,348764714,348764714,554397611,554397611,603456687,603456687,745038275,745038275,706107310,706107310,685600610,685600610,450325328,450325328,431398219,431398219
f = 358004284,0,1 | route T | claimed 2422.5212219124847405 | coeffs -220594608,-220594608,-375921977,-375921977,-201713082,-201713082,34662573,34662573,-199027438,-199027438,59458436,59458436,246108718,246108718,368739990,368739990,150186843,150186843,158721819,158721819,-48215286,-48215286,33900008,33900008,250702715,250702715,-63184684,-63184684,-61639499,-61639499,-165868069,-165868069,-5786327,-5786327,190873619,190873619,211881201,211881201,292921435,292921435,556349140,556349140,767693299,767693299,306066334,306066334,232265323,232265323,308193019,308193019,95908836,95908836,127903817,127903817,115947629,115947629,113794720,113794720,322745406,322745406,367294376,367294376,134699807,134699807
# status f = 358004284,0,1 : PASS_RHO (rho 0.93625, T 2422.5, 0s)
f = 372774895,0,1 | route RHO | claimed 0.91082915602857339856 | coeffs -189444394,176907877,176907877,376614881,376614881,368287314,368287314,162412569,162412569,67164968,67164968,214795695,214795695,314675381,314675381,320642838,320642838,270497907,270497907,304524441,304524441,509231260,509231260,596130646,596130646,447332659,447332659,535812556,535812556,437701700,437701700,186182960,186182960,200845907,200845907,165840678,165840678,358753374,358753374,198133145,198133145,93180787,93180787,88130493,88130493,232992683,232992683,180507131,180507131,196011104,196011104,-48800717,-48800717,88260214,88260214,159462299,159462299,154372340,154372340,243538238,243538238,-52169976,-52169976,189444394
f = 372774895,0,1 | route T | claimed 2421.2073079349036074 | coeffs -62302361,177351251,177351251,260736218,260736218,217355536,217355536,263504854,263504854,182540867,182540867,199866060,199866060,466681654,466681654,550606791,550606791,359150080,359150080,447005677,447005677,482806194,482806194,476047374,476047374,552476249,552476249,591001428,591001428,249034314,249034314,452414021,452414021,342189937,342189937,709941075,709941075,495776236,495776236,441556009,441556009,185938934,185938934,329253126,329253126,306533106,306533106,385320600,385320600,374750747,374750747,302185262,302185262,564930656,564930656,349409944,349409944,395374889,395374889,207081400,207081400,18100565,18100565,62302361
# status f = 372774895,0,1 : PASS_RHO (rho 0.91083, T 2421.2, 0s)
f = 374333327,0,1 | route RHO | claimed 0.91195418039212009406 | coeffs -165766731,-165766731,-193638798,-193638798,-312091936,-312091936,-332900269,-332900269,-109133280,-109133280,-144705283,-144705283,-188760842,-188760842,-433461652,-433461652,-935977750,-935977750,-635399934,-635399934,-550954276,-550954276,-415614045,-415614045,-263464086,-263464086,-160010833,-160010833,-15622104,-15622104,-109233377,-109233377,-121809097,-121809097,-300508792,-300508792,-161332600,-161332600,-202968268,-202968268,-444429542,-444429542,-296053646,-296053646,-378963690,-378963690,-218727248,-218727248,-159543445,-159543445,-260958787,-260958787,-177197498,-177197498,-99929071,-99929071,-52973657,-52973657,-95005530,-95005530,126131340,126131340,176366273,176366273
f = 374333327,0,1 | route T | claimed 2296.3641474492238252 | coeffs -462279147,-462279147,-380775731,-380775731,-583800524,-583800524,-808505976,-808505976,-677956816,-677956816,-472129957,-472129957,-488889536,-488889536,-423344656,-423344656,-848092395,-848092395,-815558326,-815558326,-892484345,-892484345,-817597422,-817597422,-692364560,-692364560,-681370693,-681370693,-416370726,-416370726,-64881558,-64881558,-49922032,-49922032,-3514938,-3514938,150844030,150844030,27991268,27991268,81237365,81237365,34487063,34487063,250135822,250135822,298924214,298924214,421581631,421581631,255562886,255562886,337484036,337484036,668980208,668980208,760725513,760725513,672216601,672216601,601387760,601387760,628660876,628660876
# status f = 374333327,0,1 : PASS_RHO (rho 0.91195, T 2296.4, 0s)
f = 418347092,0,1 | route RHO | claimed 0.95175273324545415698 | coeffs 579994258,579994258,376969465,376969465,288460553,288460553,165803136,165803136,42950374,42950374,-222049593,-222049593,-189515524,-189515524,-320064684,-320064684,-347337800,-347337800,-265416650,-265416650,-218666348,-218666348,-203706822,-203706822,-278593745,-278593745,-295353324,-295353324,-376856740,-376856740,-468602045,-468602045,-419813653,-419813653,-574172621,-574172621,-563178754,-563178754,-138431015,-138431015,-363136467,-363136467,-433965308,-433965308,-267946563,-267946563,-214700466,-214700466,-566189634,-566189634,-643115653,-643115653,-848942512,-848942512,-682560783,-682560783,-351064611,-351064611,-566713370,-566713370,-520306276,-520306276,-645539138,-645539138
f = 418347092,0,1 | route T | claimed 2253.1953804247952622 | coeffs 51551866,51551866,30743533,30743533,251880403,251880403,353295745,353295745,111834471,111834471,205445744,205445744,289891402,289891402,325463405,325463405,336062947,336062947,413331374,413331374,496241418,496241418,317541723,317541723,165391764,165391764,-79309046,-79309046,39144092,39144092,81175965,81175965,140359768,140359768,181995436,181995436,326384165,326384165,25806349,25806349,249573338,249573338,299808271,299808271,216046982,216046982,364422878,364422878,376998598,376998598,512338829,512338829,556394388,556394388,528522321,528522321,575477735,575477735,415241293,415241293,554417485,554417485,450964232,450964232
# status f = 418347092,0,1 : PASS_RHO (rho 0.95175, T 2253.2, 0s)
f = 582596589,0,1 | route RHO | claimed 0.88918536594828589988 | coeffs 93132283,88042324,88042324,-117832421,-117832421,-322539240,-322539240,-357544469,-357544469,-373048442,-373048442,-131434072,-131434072,-31554386,-31554386,-120034283,-120034283,-224986641,-224986641,-296188726,-296188726,-287861159,-287861159,-253834625,-253834625,-268497572,-268497572,-320983124,-320983124,-25274910,-25274910,-172905637,-172905637,-321703624,-321703624,-161083395,-161083395,-24022464,-24022464,175684540,175684540,225829471,225829471,-25689269,-25689269,-170551459,-170551459,-81385561,-81385561,-176633162,-176633162,-263532548,-263532548,-70619852,-70619852,174191969,174191969,-192160302,-192160302,-186192845,-186192845,-88081989,-88081989,-93132283
f = 582596589,0,1 | route T | claimed 2071.5906129626766274 | coeffs -387463950,-290393867,-290393867,-320738716,-320738716,-202150360,-202150360,-5905626,-5905626,152165710,152165710,346699370,346699370,395758446,395758446,474663245,474663245,513594210,513594210,334585320,334585320,99310038,99310038,304798454,304798454,414270044,414270044,91973332,91973332,125812856,125812856,270879126,270879126,426065274,426065274,570331425,570331425,879659423,879659423,581850144,581850144,596047040,596047040,390414143,390414143,250215115,250215115,391796703,391796703,573887873,573887873,594394573,594394573,701168661,701168661,682241552,682241552,725483445,725483445,657236348,657236348,531022205,531022205,387463950
# status f = 582596589,0,1 : PASS_RHO (rho 0.88919, T 2071.6, 0s)
f = 626610354,0,1 | route RHO | claimed 0.84803325773658826225 | coeffs -22234718,-56261252,-56261252,-154372108,-154372108,6248121,6248121,21752094,21752094,-67413804,-67413804,-59086237,-59086237,-53118780,-53118780,95679207,95679207,60673978,60673978,-84188212,-84188212,-12986127,-12986127,353366144,353366144,205735417,205735417,410442236,410442236,661960976,661960976,557008618,557008618,801820439,801820439,506112225,506112225,300237480,300237480,350382411,350382411,438862308,438862308,245949612,245949612,193464060,193464060,198554019,198554019,-1152985,-1152985,98726701,98726701,11827315,11827315,26490262,26490262,31540556,31540556,168601487,168601487,-73012883,-73012883,22234718
f = 626610354,0,1 | route T | claimed 2158.6633885429429721 | coeffs -106422930,-69247379,-69247379,198994036,198994036,211983538,211983538,432194330,432194330,594547172,594547172,497922381,497922381,748701659,748701659,601791432,601791432,360911458,360911458,266194199,266194199,425876181,425876181,599315756,599315756,399199477,399199477,608996255,608996255,660807991,660807991,655735319,655735319,813647754,813647754,532602487,532602487,331778036,331778036,518983898,518983898,365849425,365849425,268184330,268184330,249725312,249725312,352926127,352926127,-7401106,-7401106,76974607,76974607,79241119,79241119,85576499,85576499,84659336,84659336,72922280,72922280,-133686861,-133686861,106422930
# status f = 626610354,0,1 : PASS_RHO (rho 0.84803, T 2158.7, 0s)
f = 628168786,0,1 | route RHO | claimed 0.93775080085122054704 | coeffs -180117646,-180117646,186234625,186234625,-13472379,-13472379,-21799946,-21799946,184074799,184074799,88827198,88827198,-58803529,-58803529,41076157,41076157,35108700,35108700,-15036231,-15036231,-49062765,-49062765,155644054,155644054,68744668,68744668,-80053319,-80053319,-168533216,-168533216,-266644072,-266644072,-15125332,-15125332,-462385,-462385,34542844,34542844,227455540,227455540,388075769,388075769,283123411,283123411,288173705,288173705,433035895,433035895,485521447,485521447,501025420,501025420,745837241,745837241,882898172,882898172,811696087,811696087,806606128,806606128,717440230,717440230,421732016,421732016
f = 628168786,0,1 | route T | claimed 2102.7172823420837467 | coeffs -423532793,-423532793,-377125699,-377125699,-306296858,-306296858,-381183781,-381183781,-258526364,-258526364,-52699505,-52699505,-207058473,-207058473,-179785357,-179785357,-54552495,-54552495,111466250,111466250,128225829,128225829,5373067,5373067,171754796,171754796,160760929,160760929,242682079,242682079,308226959,308226959,254980862,254980862,173477446,173477446,438477413,438477413,106981241,106981241,531728980,531728980,484978678,484978678,281953885,281953885,-69535283,-69535283,22210022,22210022,54744091,54744091,-160904668,-160904668,63800784,63800784,78760310,78760310,167269222,167269222,244195241,244195241,292983633,292983633
# status f = 628168786,0,1 : PASS_RHO (rho 0.93775, T 2102.7, 0s)
f = 642939397,0,1 | route RHO | claimed 0.90789761151904366786 | coeffs 35956786,35956786,70962015,70962015,121106946,121106946,362721316,362721316,507583506,507583506,596063403,596063403,500815802,500815802,429613717,429613717,236701021,236701021,202674487,202674487,-163677784,-163677784,-216163336,-216163336,-314274192,-314274192,-166643465,-166643465,-161553506,-161553506,-933277,-933277,-205640096,-205640096,-405347100,-405347100,-389843127,-389843127,-641361867,-641361867,-541482181,-541482181,-630648079,-630648079,-525695721,-525695721,-612595107,-612595107,-604267540,-604267540,-849079361,-849079361,-834416414,-834416414,-828448957,-828448957,-532740743,-532740743,-527690449,-527690449,-378892462,-378892462,-173017717,-173017717
f = 642939397,0,1 | route T | claimed 2244.7928856154086995 | coeffs 294370318,294370318,391018159,391018159,587470541,587470541,706553226,706553226,613992383,613992383,377944524,377944524,585856533,585856533,406958945,406958945,656769589,656769589,441124994,441124994,489726633,489726633,496051227,496051227,582541126,582541126,289879178,289879178,143708580,143708580,268773447,268773447,300043619,300043619,143738594,143738594,44598861,44598861,254480005,254480005,59246398,59246398,109618031,109618031,101749721,101749721,449654541,449654541,425864565,425864565,250514762,250514762,250959575,250959575,344145352,344145352,259032123,259032123,137714506,137714506,51410218,51410218,-77596794,-77596794
# status f = 642939397,0,1 : PASS_RHO (rho 0.90790, T 2244.8, 0s)
f = 648965409,0,1 | route RHO | claimed 0.91082915602857339856 | coeffs 376614881,376614881,176907877,176907877,-189444394,-189444394,52169976,52169976,-243538238,-243538238,-154372340,-154372340,-159462299,-159462299,-88260214,-88260214,48800717,48800717,-196011104,-196011104,-180507131,-180507131,-232992683,-232992683,-88130493,-88130493,-93180787,-93180787,-198133145,-198133145,-358753374,-358753374,-165840678,-165840678,-200845907,-200845907,-186182960,-186182960,-437701700,-437701700,-535812556,-535812556,-447332659,-447332659,-596130646,-596130646,-509231260,-509231260,-304524441,-304524441,-270497907,-270497907,-320642838,-320642838,-314675381,-314675381,-214795695,-214795695,-67164968,-67164968,-162412569,-162412569,-368287314,-368287314
f = 648965409,0,1 | route T | claimed 2115.9264444369950141 | coeffs -266515583,-266515583,-147927227,-147927227,-353415643,-353415643,-339218747,-339218747,-270971650,-270971650,-320030726,-320030726,-174964456,-174964456,-357055626,-357055626,-326710777,-326710777,-561986059,-561986059,-264176780,-264176780,-220934887,-220934887,-26401227,-26401227,-60240751,-60240751,81340837,81340837,178410920,178410920,357419810,357419810,666747808,666747808,685674917,685674917,527603581,527603581,205306869,205306869,345505897,345505897,201947642,201947642,240878607,240878607,96612456,96612456,203386544,203386544,399631278,399631278,290159688,290159688,84526791,84526791,210740934,210740934,131836135,131836135,287022283,287022283
# status f = 648965409,0,1 : PASS_RHO (rho 0.91083, T 2115.9, 0s)
f = 686799057,0,1 | route RHO | claimed 0.90328471410167322236 | coeffs -96063443,-9164057,-9164057,-24668030,-24668030,-172298757,-172298757,20613939,20613939,-221000431,-221000431,-72202444,-72202444,-317014265,-317014265,-217134579,-217134579,-56514350,-56514350,-422866621,-422866621,-334386724,-334386724,-471447655,-471447655,-477415112,-477415112,-582367470,-582367470,-382660466,-382660466,-284549610,-284549610,-213347525,-213347525,-263492456,-263492456,-258442162,-258442162,-250114595,-250114595,-501633335,-501633335,-496543376,-496543376,-530569910,-530569910,-385707720,-385707720,-591582465,-591582465,-606245412,-606245412,-517079514,-517079514,-312372695,-312372695,-259887143,-259887143,-164639542,-164639542,-199644771,-199644771,96063443
f = 686799057,0,1 | route T | claimed 2053.5996386844633398 | coeffs -164639542,-199644771,-199644771,96063443,96063443,9164057,9164057,24668030,24668030,172298757,172298757,-20613939,-20613939,221000431,221000431,72202444,72202444,317014265,317014265,217134579,217134579,56514350,56514350,422866621,422866621,334386724,334386724,471447655,471447655,477415112,477415112,582367470,582367470,382660466,382660466,284549610,284549610,213347525,213347525,263492456,263492456,258442162,258442162,250114595,250114595,501633335,501633335,496543376,496543376,530569910,530569910,385707720,385707720,591582465,591582465,606245412,606245412,517079514,517079514,312372695,312372695,259887143,259887143,164639542
# status f = 686799057,0,1 : PASS_RHO (rho 0.90328, T 2053.6, 0s)
f = 704085229,0,1 | route RHO | claimed 0.95175273324545415698 | coeffs -563178754,-574172621,-574172621,-419813653,-419813653,-468602045,-468602045,-376856740,-376856740,-295353324,-295353324,-278593745,-278593745,-203706822,-203706822,-218666348,-218666348,-265416650,-265416650,-347337800,-347337800,-320064684,-320064684,-189515524,-189515524,-222049593,-222049593,42950374,42950374,165803136,165803136,288460553,288460553,376969465,376969465,579994258,579994258,645539138,645539138,520306276,520306276,566713370,566713370,351064611,351064611,682560783,682560783,848942512,848942512,643115653,643115653,566189634,566189634,214700466,214700466,267946563,267946563,433965308,433965308,363136467,363136467,138431015,138431015,563178754
f = 704085229,0,1 | route T | claimed 2013.150654787118978 | coeffs -563178754,-574172621,-574172621,-419813653,-419813653,-468602045,-468602045,-376856740,-376856740,-295353324,-295353324,-278593745,-278593745,-203706822,-203706822,-218666348,-218666348,-265416650,-265416650,-347337800,-347337800,-320064684,-320064684,-189515524,-189515524,-222049593,-222049593,42950374,42950374,165803136,165803136,288460553,288460553,376969465,376969465,579994258,579994258,645539138,645539138,520306276,520306276,566713370,566713370,351064611,351064611,682560783,682560783,848942512,848942512,643115653,643115653,566189634,566189634,214700466,214700466,267946563,267946563,433965308,433965308,363136467,363136467,138431015,138431015,563178754
# status f = 704085229,0,1 : PASS_RHO (rho 0.95175, T 2013.2, 0s)
f = 708641733,0,1 | route RHO | claimed 0.9280944120829662452 | coeffs 5050294,0,192912696,0,251518740,0,-148797987,0,-34026534,0,99879686,0,205874745,0,366352271,0,89165898,0,-137060931,0,-52485552,0,104952358,0,-35005229,0,98110856,0,86899386,0,50144931,0,147630727,0,8327567,0,-241614370,0,-5089959,0,244811821,0,144862190,0,160620229,0,14662947,0,-88479897,0,204706819,0,-5967457,0,-95247601,0,-199707004,0,295708214,0,71202085,0,-15503973,0
f = 708641733,0,1 | route T | claimed 2217.7362926880657174 | coeffs 221416533,416650140,416650140,545657152,545657152,594258791,594258791,644630424,644630424,427856900,427856900,421532306,421532306,429400616,429400616,526048457,526048457,612538356,612538356,960443176,960443176,763990794,763990794,1056652742,1056652742,1080442718,1080442718,1199525403,1199525403,1053354805,1053354805,878005002,878005002,970565845,970565845,845500978,845500978,845056165,845056165,609008306,609008306,640278478,640278478,733464255,733464255,525552246,525552246,681857271,681857271,766970500,766970500,588072912,588072912,488933179,488933179,367615562,367615562,117804918,117804918,-92076226,-92076226,-5771938,-5771938,-221416533
# status f = 708641733,0,1 : PASS_RHO (rho 0.92809, T 2217.7, 0s)
f = 722501700,0,1 | route RHO | claimed 0.94223059940441759452 | coeffs 368796886,368796886,478268476,478268476,672802136,672802136,799016279,799016279,657434691,657434691,502248543,502248543,681257433,681257433,562669077,562669077,543741968,543741968,557938864,557938864,235642152,235642152,284701228,284701228,428259483,428259483,246168313,246168313,101902162,101902162,337177444,337177444,140932710,140932710,184174603,184174603,-21458294,-21458294,12381230,12381230,91286029,91286029,188356112,188356112,167849412,167849412,-141478586,-141478586,-346967002,-346967002,-505038338,-505038338,-573285435,-573285435,-713484463,-713484463,-568418193,-568418193,-529487228,-529487228,-559832077,-559832077,-666606165,-666606165
f = 722501700,0,1 | route T | claimed 2128.1266742677093882 | coeffs 505038338,505038338,573285435,573285435,713484463,713484463,568418193,568418193,529487228,529487228,559832077,559832077,666606165,666606165,368796886,368796886,478268476,478268476,672802136,672802136,799016279,799016279,657434691,657434691,502248543,502248543,681257433,681257433,562669077,562669077,543741968,543741968,557938864,557938864,235642152,235642152,284701228,284701228,428259483,428259483,246168313,246168313,101902162,101902162,337177444,337177444,140932710,140932710,184174603,184174603,-21458294,-21458294,12381230,12381230,91286029,91286029,188356112,188356112,167849412,167849412,-141478586,-141478586,-346967002,-346967002
# status f = 722501700,0,1 : PASS_RHO (rho 0.94223, T 2128.1, 0s)
f = 759369354,0,1 | route RHO | claimed 0.90789761151904366786 | coeffs 429613717,429613717,500815802,500815802,596063403,596063403,507583506,507583506,362721316,362721316,121106946,121106946,70962015,70962015,35956786,35956786,173017717,173017717,378892462,378892462,527690449,527690449,532740743,532740743,828448957,828448957,834416414,834416414,849079361,849079361,604267540,604267540,612595107,612595107,525695721,525695721,630648079,630648079,541482181,541482181,641361867,641361867,389843127,389843127,405347100,405347100,205640096,205640096,933277,933277,161553506,161553506,166643465,166643465,314274192,314274192,216163336,216163336,163677784,163677784,-202674487,-202674487,-236701021,-236701021
f = 759369354,0,1 | route T | claimed 2627.4376182513644726 | coeffs 81984462,-50938469,-50938469,-201093239,-201093239,-386860949,-386860949,-460386854,-460386854,-727585142,-727585142,-854201708,-854201708,-863047755,-863047755,-838281006,-838281006,-951140773,-951140773,-1224668254,-1224668254,-1309233330,-1309233330,-1108082237,-1108082237,-1268965685,-1268965685,-960838095,-960838095,-971378492,-971378492,-622253290,-622253290,-553324802,-553324802,-532214359,-532214359,-768241771,-768241771,-648346819,-648346819,-545290410,-545290410,-571629466,-571629466,-410198365,-410198365,-443583740,-443583740,-373641881,-373641881,-229484843,-229484843,-419900312,-419900312,-399259104,-399259104,-397507026,-397507026,-334740334,-334740334,71481515,71481515,-81984462
# status f = 759369354,0,1 : PASS_RHO (rho 0.90790, T 2627.4, 0s)
f = 769974368,0,1 | route RHO | claimed 0.95412896489968711974 | coeffs -116872949,-102210002,-102210002,-173412087,-173412087,-273291773,-273291773,-308297002,-308297002,-303207043,-303207043,-309174500,-309174500,-116261804,-116261804,-205427702,-205427702,-155282771,-155282771,-315903000,-315903000,-20194786,-20194786,-54221320,-54221320,-159173678,-159173678,-400788048,-400788048,-605494867,-605494867,-610545161,-610545161,-244192890,-244192890,-331092276,-331092276,-186230086,-186230086,13476918,13476918,162274905,162274905,109789353,109789353,101461786,101461786,12981889,12981889,28485862,28485862,-177388883,-177388883,-79278027,-79278027,-324089848,-324089848,-419337449,-419337449,-167818709,-167818709,-30757778,-30757778,116872949
f = 769974368,0,1 | route T | claimed 2180.1452209714710738 | coeffs -331092276,-186230086,-186230086,13476918,13476918,162274905,162274905,109789353,109789353,101461786,101461786,12981889,12981889,28485862,28485862,-177388883,-177388883,-79278027,-79278027,-324089848,-324089848,-419337449,-419337449,-167818709,-167818709,-30757778,-30757778,116872949,116872949,102210002,102210002,173412087,173412087,273291773,273291773,308297002,308297002,303207043,303207043,309174500,309174500,116261804,116261804,205427702,205427702,155282771,155282771,315903000,315903000,20194786,20194786,54221320,54221320,159173678,159173678,400788048,400788048,605494867,605494867,610545161,610545161,244192890,244192890,331092276
# status f = 769974368,0,1 : PASS_RHO (rho 0.95413, T 2180.1, 0s)
f = 787502012,0,1 | route RHO | claimed 0.91197244036803869555 | coeffs 372396797,6044526,6044526,-28960703,-28960703,-37288270,-37288270,123331959,123331959,218579560,218579560,213529266,213529266,313408952,313408952,365894504,365894504,416039435,416039435,171227614,171227614,375934433,375934433,304732348,304732348,453530335,453530335,542696233,542696233,444585377,444585377,202971007,202971007,188308060,188308060,-11398944,-11398944,181513752,181513752,-24360993,-24360993,80591365,80591365,-67039362,-67039362,77822828,77822828,83790285,83790285,68286312,68286312,34259778,34259778,171320709,171320709,258220095,258220095,263310054,263310054,174830157,174830157,-120878057,-120878057,-372396797
f = 787502012,0,1 | route T | claimed 2393.2323902730389213 | coeffs 372396797,6044526,6044526,-28960703,-28960703,-37288270,-37288270,123331959,123331959,218579560,218579560,213529266,213529266,313408952,313408952,365894504,365894504,416039435,416039435,171227614,171227614,375934433,375934433,304732348,304732348,453530335,453530335,542696233,542696233,444585377,444585377,202971007,202971007,188308060,188308060,-11398944,-11398944,181513752,181513752,-24360993,-24360993,80591365,80591365,-67039362,-67039362,77822828,77822828,83790285,83790285,68286312,68286312,34259778,34259778,171320709,171320709,258220095,258220095,263310054,263310054,174830157,174830157,-120878057,-120878057,-372396797
# status f = 787502012,0,1 : PASS_RHO (rho 0.91197, T 2393.2, 0s)
f = 821388631,0,1 | route RHO | claimed 0.91195418039212009406 | coeffs 52973657,99929071,99929071,177197498,177197498,260958787,260958787,159543445,159543445,218727248,218727248,378963690,378963690,296053646,296053646,444429542,444429542,202968268,202968268,161332600,161332600,300508792,300508792,121809097,121809097,109233377,109233377,15622104,15622104,160010833,160010833,263464086,263464086,415614045,415614045,550954276,550954276,635399934,635399934,935977750,935977750,433461652,433461652,188760842,188760842,144705283,144705283,109133280,109133280,332900269,332900269,312091936,312091936,193638798,193638798,165766731,165766731,176366273,176366273,126131340,126131340,-95005530,-95005530,-52973657
f = 821388631,0,1 | route T | claimed 2477.7440959614113163 | coeffs 99929071,99929071,177197498,177197498,260958787,260958787,159543445,159543445,218727248,218727248,378963690,378963690,296053646,296053646,444429542,444429542,202968268,202968268,161332600,161332600,300508792,300508792,121809097,121809097,109233377,109233377,15622104,15622104,160010833,160010833,263464086,263464086,415614045,415614045,550954276,550954276,635399934,635399934,935977750,935977750,433461652,433461652,188760842,188760842,144705283,144705283,109133280,109133280,332900269,332900269,312091936,312091936,193638798,193638798,165766731,165766731,176366273,176366273,126131340,126131340,-95005530,-95005530,-52973657,-52973657
# status f = 821388631,0,1 : PASS_RHO (rho 0.91195, T 2477.7, 0s)
f = 828628512,0,1 | route RHO | claimed 0.94191158119018477903 | coeffs -79992718,-74902759,-74902759,-316517129,-316517129,-324844696,-324844696,-177213969,-177213969,-227358900,-227358900,-140459514,-140459514,-238570370,-238570370,-273575599,-273575599,-378527957,-378527957,-431013509,-431013509,-293952578,-293952578,-204786680,-204786680,-571138951,-571138951,-365264206,-365264206,-465143892,-465143892,-499170426,-499170426,-350372439,-350372439,-98853699,-98853699,-291766395,-291766395,-286716101,-286716101,-302220074,-302220074,-373422159,-373422159,-77713945,-77713945,121993059,121993059,26745458,26745458,32712915,32712915,237419734,237419734,325899631,325899631,340562578,340562578,179942349,179942349,324804539,324804539,79992718
f = 828628512,0,1 | route T | claimed 2161.8420031864356559 | coeffs 32712915,237419734,237419734,325899631,325899631,340562578,340562578,179942349,179942349,324804539,324804539,79992718,79992718,74902759,74902759,316517129,316517129,324844696,324844696,177213969,177213969,227358900,227358900,140459514,140459514,238570370,238570370,273575599,273575599,378527957,378527957,431013509,431013509,293952578,293952578,204786680,204786680,571138951,571138951,365264206,365264206,465143892,465143892,499170426,499170426,350372439,350372439,98853699,98853699,291766395,291766395,286716101,286716101,302220074,302220074,373422159,373422159,77713945,77713945,-121993059,-121993059,-26745458,-26745458,-32712915
# status f = 828628512,0,1 : PASS_RHO (rho 0.94191, T 2161.8, 0s)
f = 898766363,0,1 | route RHO | claimed 0.92282500152276643866 | coeffs -137055260,77109579,77109579,59784386,59784386,49214533,49214533,42455713,42455713,231436548,231436548,-136314590,-136314590,-55350603,-55350603,23436891,23436891,59237408,59237408,247530897,247530897,357754981,357754981,311605663,311605663,288885643,288885643,376741240,376741240,330776295,330776295,127396588,127396588,170777270,170777270,314091462,314091462,122634751,122634751,338155463,338155463,680122577,680122577,596737610,596737610,341120535,341120535,425045672,425045672,162300278,162300278,123775099,123775099,-115878513,-115878513,-170098740,-170098740,96716854,96716854,169282339,169282339,92853464,92853464,137055260
f = 898766363,0,1 | route T | claimed 1934.5068837817577312 | coeffs -137055260,77109579,77109579,59784386,59784386,49214533,49214533,42455713,42455713,231436548,231436548,-136314590,-136314590,-55350603,-55350603,23436891,23436891,59237408,59237408,247530897,247530897,357754981,357754981,311605663,311605663,288885643,288885643,376741240,376741240,330776295,330776295,127396588,127396588,170777270,170777270,314091462,314091462,122634751,122634751,338155463,338155463,680122577,680122577,596737610,596737610,341120535,341120535,425045672,425045672,162300278,162300278,123775099,123775099,-115878513,-115878513,-170098740,-170098740,96716854,96716854,169282339,169282339,92853464,92853464,137055260
# status f = 898766363,0,1 : PASS_RHO (rho 0.92283, T 1934.5, 0s)
f = 915179224,0,1 | route RHO | claimed 0.89574268487711623494 | coeffs 818229400,853234629,853234629,753354943,753354943,824557028,824557028,839219975,839219975,986850702,986850702,849789771,849789771,1101308511,1101308511,1196556112,1196556112,951744291,951744291,853633435,853633435,647758690,647758690,632254717,632254717,543774820,543774820,552102387,552102387,499616835,499616835,350818848,350818848,550525852,550525852,405663662,405663662,318764276,318764276,-47587995,-47587995,-52638289,-52638289,152068530,152068530,-89545840,-89545840,15406518,15406518,-18620016,-18620016,-314328230,-314328230,-474948459,-474948459,-525093390,-525093390,-614259288,-614259288,-807171984,-807171984,-813139441,-813139441,-818229400
f = 915179224,0,1 | route T | claimed 2075.7229602825016824 | coeffs -152068530,89545840,89545840,-15406518,-15406518,18620016,18620016,314328230,314328230,474948459,474948459,525093390,525093390,614259288,614259288,807171984,807171984,813139441,813139441,818229400,818229400,853234629,853234629,753354943,753354943,824557028,824557028,839219975,839219975,986850702,986850702,849789771,849789771,1101308511,1101308511,1196556112,1196556112,951744291,951744291,853633435,853633435,647758690,647758690,632254717,632254717,543774820,543774820,552102387,552102387,499616835,499616835,350818848,350818848,550525852,550525852,405663662,405663662,318764276,318764276,-47587995,-47587995,-52638289,-52638289,152068530
# status f = 915179224,0,1 : PASS_RHO (rho 0.89574, T 2075.7, 0s)
# summary n = 7 l = 1000943681 : EXCLUSION_CANDIDATE ; PASS 32 / 32 ; OPEN_NEAR 0 ; OPEN_FAR 0 ; 14s
