# FAMILY WITNESS FILE (generator family_gen.sage r10). n = 7 ; l = 1001287361 ; m = 64 ; deg = 2 ; ncomp = 32 ; bar_T = 4224 ; L_n = 16.3328709449664096755483535644
# line: f = c0,...,c_deg (monic, over F_l) | route RHO|T | claimed (rho or T, float) | coeffs a_0..a_{m-1}
f = 46912303,0,1 | route RHO | claimed 0.92704879498446835252 | coeffs -84619204,-84619204,-84357572,-84357572,-43937814,-43937814,-302203507,-302203507,-115416143,-115416143,-215926440,-215926440,-319918120,-319918120,-240660413,-240660413,-338968688,-338968688,-204491915,-204491915,-589480601,-589480601,-433773666,-433773666,-292665803,-292665803,-389955638,-389955638,-257774456,-257774456,-327265833,-327265833,-161749545,-161749545,-405003647,-405003647,-115471528,-115471528,-264659634,-264659634,-165883181,-165883181,-129797158,-129797158,-217946354,-217946354,53147974,53147974,113795470,113795470,268950722,268950722,99038354,99038354,157536068,157536068,277382850,277382850,312261880,312261880,461431474,461431474,105431846,105431846
f = 46912303,0,1 | route T | claimed 2901.0526931907034984 | coeffs -165883181,-165883181,-129797158,-129797158,-217946354,-217946354,53147974,53147974,113795470,113795470,268950722,268950722,99038354,99038354,157536068,157536068,277382850,277382850,312261880,312261880,461431474,461431474,105431846,105431846,84619204,84619204,84357572,84357572,43937814,43937814,302203507,302203507,115416143,115416143,215926440,215926440,319918120,319918120,240660413,240660413,338968688,338968688,204491915,204491915,589480601,589480601,433773666,433773666,292665803,292665803,389955638,389955638,257774456,257774456,327265833,327265833,161749545,161749545,405003647,405003647,115471528,115471528,264659634,264659634
# status f = 46912303,0,1 : PASS_RHO (rho 0.92705, T 2901.1, 1s)
f = 63819721,0,1 | route RHO | claimed 0.95830840925563279852 | coeffs 26909392,-22190097,-22190097,-247329210,-247329210,68332611,68332611,-239653656,-239653656,-243265393,-243265393,-282781351,-282781351,-445552101,-445552101,-381375056,-381375056,-516307842,-516307842,-539751073,-539751073,-500917223,-500917223,-149199741,-149199741,-74796365,-74796365,-358688226,-358688226,-114181518,-114181518,-171315492,-171315492,-344904005,-344904005,-502236242,-502236242,-386928349,-386928349,-600796798,-600796798,-568365109,-568365109,-510468482,-510468482,-412565779,-412565779,-364359357,-364359357,-309475062,-309475062,-63102163,-63102163,-303565045,-303565045,-158210397,-158210397,-171836800,-171836800,-201345065,-201345065,-117200630,-117200630,-26909392
f = 63819721,0,1 | route T | claimed 2735.4690112061218933 | coeffs 635719000,635719000,508214743,508214743,683764705,683764705,589633222,589633222,412484413,412484413,365207929,365207929,296515049,296515049,326712782,326712782,601504983,601504983,343065321,343065321,505340419,505340419,692255022,692255022,827269059,827269059,465820280,465820280,393473098,393473098,594932385,594932385,353502650,353502650,393067688,393067688,204237323,204237323,-8137295,-8137295,158281851,158281851,33904674,33904674,-308554498,-308554498,-324138323,-324138323,-27699926,-27699926,-300448223,-300448223,-288351510,-288351510,-233562072,-233562072,-565072619,-565072619,-480372056,-480372056,-444833857,-444833857,-683938167,-683938167
# status f = 63819721,0,1 : PASS_RHO (rho 0.95831, T 2735.5, 1s)
f = 106086507,0,1 | route RHO | claimed 0.96795153861568735778 | coeffs -98312741,-175555634,-175555634,-2234786,-2234786,52288874,52288874,85584412,85584412,270542453,270542453,681434272,681434272,680742905,680742905,617304189,617304189,835161347,835161347,676006665,676006665,808970397,808970397,648224448,648224448,1048601227,1048601227,1130610538,1130610538,1196672620,1196672620,1056978693,1056978693,872630440,872630440,992829221,992829221,786735061,786735061,662971370,662971370,883541664,883541664,728610970,728610970,595855707,595855707,536119650,536119650,330208021,330208021,305872022,305872022,392592224,392592224,66829629,66829629,116089118,116089118,183129557,183129557,182581119,182581119,98312741
f = 106086507,0,1 | route T | claimed 2790.9999644571878789 | coeffs -105531867,-81166351,-81166351,-147682997,-147682997,-172343131,-172343131,-179868163,-179868163,81845277,81845277,188765861,188765861,278546757,278546757,131331252,131331252,59088271,59088271,-233137595,-233137595,61449952,61449952,-98770723,-98770723,-225488333,-225488333,199229062,199229062,187603426,187603426,-61156370,-61156370,295377275,295377275,388297684,388297684,313295336,313295336,423750398,423750398,538776789,538776789,385116005,385116005,513078468,513078468,419786993,419786993,267841254,267841254,190894059,190894059,383939766,383939766,426316624,426316624,282874065,282874065,9502498,9502498,-18405776,-18405776,105531867
# status f = 106086507,0,1 : PASS_RHO (rho 0.96795, T 2791.0, 1s)
f = 112129327,0,1 | route RHO | claimed 0.92867578534929003137 | coeffs 194154578,24242210,24242210,173430316,173430316,314538179,314538179,415048476,415048476,265878882,265878882,536973210,536973210,371456922,371456922,505933695,505933695,465513937,465513937,407016223,407016223,505792676,505792676,603082511,603082511,499090831,499090831,143091203,143091203,82443707,82443707,-160810395,-160810395,224178291,224178291,-34087402,-34087402,85759380,85759380,49673357,49673357,181854539,181854539,102596832,102596832,123409474,123409474,278564726,278564726,-10967393,-10967393,144739542,144739542,-42047822,-42047822,-76926852,-76926852,-165076048,-165076048,-95584671,-95584671,-193892946,-193892946,-194154578
f = 112129327,0,1 | route T | claimed 2828.6690387141171861 | coeffs 1000065717,1000065717,789211657,789211657,914533405,914533405,949920485,949920485,944608522,944608522,878047034,878047034,439521499,439521499,580821098,580821098,431895786,431895786,539324270,539324270,427605718,427605718,386479824,386479824,-25139084,-25139084,-272742902,-272742902,-205645814,-205645814,-317761195,-317761195,-371028644,-371028644,-264690341,-264690341,-212100446,-212100446,-281450804,-281450804,-320711103,-320711103,-412524079,-412524079,-219734974,-219734974,-551195425,-551195425,-751473697,-751473697,-732050488,-732050488,-764688973,-764688973,-740164420,-740164420,-731175774,-731175774,-812640942,-812640942,-869898152,-869898152,-1002131983,-1002131983
# status f = 112129327,0,1 : PASS_RHO (rho 0.92868, T 2828.7, 0s)
f = 125179678,0,1 | route RHO | claimed 0.94652202286811259523 | coeffs 162718939,199811085,199811085,-50174106,-50174106,-309665574,-309665574,-343200802,-343200802,-372551107,-372551107,-368586109,-368586109,-297724937,-297724937,52227767,52227767,-5794468,-5794468,-203482624,-203482624,-68915526,-68915526,-436334302,-436334302,-546436774,-546436774,-321115726,-321115726,-352214667,-352214667,-479596688,-479596688,-491613646,-491613646,-427190533,-427190533,-643040944,-643040944,-627435929,-627435929,-903182291,-903182291,-1075837165,-1075837165,-948030590,-948030590,-876502103,-876502103,-854526877,-854526877,-890672692,-890672692,-709714012,-709714012,-473058649,-473058649,-409456159,-409456159,-373968806,-373968806,-288163034,-288163034,-162718939
f = 125179678,0,1 | route T | claimed 2664.6458594534910166 | coeffs 47939238,47939238,-84816025,-84816025,240946570,240946570,318189463,318189463,729081282,729081282,596117550,596117550,456423623,456423623,235853329,235853329,211517330,211517330,212065768,212065768,178770230,178770230,396627388,396627388,314618077,314618077,108523917,108523917,168259974,168259974,217519463,217519463,390840311,390840311,391531678,391531678,230785729,230785729,415133982,415133982,260203288,260203288,173483086,173483086,89214708,89214708,274172749,274172749,433327431,433327431,499389513,499389513,623153204,623153204,417241575,417241575,350201136,350201136,295677476,295677476,232238760,232238760,-168138019,-168138019
# status f = 125179678,0,1 : PASS_RHO (rho 0.94652, T 2664.6, 0s)
f = 128677470,0,1 | route RHO | claimed 0.93215468754441590373 | coeffs 138728125,138728125,193612420,193612420,350944657,350944657,389778507,389778507,697764774,697764774,711391177,711391177,769287804,769287804,524781096,524781096,588958141,588958141,638057630,638057630,391684731,391684731,506992624,506992624,155275142,155275142,151663405,151663405,122155140,122155140,24252437,24252437,-32881537,-32881537,102051249,102051249,-123087864,-123087864,-363550746,-363550746,-149682297,-149682297,-75278921,-75278921,-35762963,-35762963,-119907398,-119907398,-71700976,-71700976,101887537,101887537,78444306,78444306,-237217515,-237217515,-382572163,-382572163,-350140474,-350140474,-66248613,-66248613,-229019363,-229019363
f = 128677470,0,1 | route T | claimed 2552.9711968103037979 | coeffs -78444306,-78444306,237217515,237217515,382572163,382572163,350140474,350140474,66248613,66248613,229019363,229019363,138728125,138728125,193612420,193612420,350944657,350944657,389778507,389778507,697764774,697764774,711391177,711391177,769287804,769287804,524781096,524781096,588958141,588958141,638057630,638057630,391684731,391684731,506992624,506992624,155275142,155275142,151663405,151663405,122155140,122155140,24252437,24252437,-32881537,-32881537,102051249,102051249,-123087864,-123087864,-363550746,-363550746,-149682297,-149682297,-75278921,-75278921,-35762963,-35762963,-119907398,-119907398,-71700976,-71700976,101887537,101887537
# status f = 128677470,0,1 : PASS_RHO (rho 0.93215, T 2553.0, 0s)
f = 164594550,0,1 | route RHO | claimed 0.8787927298156009227 | coeffs 281605971,351097348,351097348,330284706,330284706,87030604,87030604,127450362,127450362,276638468,276638468,89851104,89851104,125937127,125937127,21945447,21945447,-249148881,-249148881,-150840606,-150840606,4314646,4314646,-380674040,-380674040,-439171754,-439171754,-580279617,-580279617,-545400587,-545400587,-413219405,-413219405,-57219777,-57219777,-222736065,-222736065,-222997697,-222997697,66534422,66534422,-191731271,-191731271,-290507724,-290507724,-189997427,-189997427,-278146623,-278146623,-198888916,-198888916,-259536412,-259536412,-394013185,-394013185,-563925553,-563925553,-408218618,-408218618,-528065400,-528065400,-430775565,-430775565,-281605971
f = 164594550,0,1 | route T | claimed 2063.8098709502956006 | coeffs 477508793,442121713,442121713,433133067,433133067,341320091,341320091,274223003,274223003,415522602,415522602,417588868,417588868,398165659,398165659,450755554,450755554,491881448,491881448,486569485,486569485,405104317,405104317,212315212,212315212,100199831,100199831,249125143,249125143,38271083,38271083,5632598,5632598,74982956,74982956,-336635952,-336635952,-270074464,-270074464,-212817254,-212817254,-544277705,-544277705,-491010256,-491010256,-383581772,-383581772,-508903520,-508903520,-533428073,-533428073,-572688372,-572688372,-325084554,-325084554,-763610089,-763610089,-895843920,-895843920,-695565648,-695565648,-589227345,-589227345,-477508793
# status f = 164594550,0,1 : PASS_RHO (rho 0.87879, T 2063.8, 0s)
f = 171445203,0,1 | route RHO | claimed 0.92776260522580424807 | coeffs -118266974,114289326,114289326,70181905,70181905,312499292,312499292,256171046,256171046,164957523,164957523,188088411,188088411,78447233,78447233,-72335911,-72335911,66784886,66784886,-2636196,-2636196,18132779,18132779,229141805,229141805,378408106,378408106,338361891,338361891,252088389,252088389,134767587,134767587,-15610709,-15610709,-40845158,-40845158,-203476401,-203476401,-82203576,-82203576,259043267,259043267,53019417,53019417,335288465,335288465,181670799,181670799,104317543,104317543,214198050,214198050,203907792,203907792,351153347,351153347,22274917,22274917,263869040,263869040,-1558526,-1558526,118266974
f = 171445203,0,1 | route T | claimed 3061.9596944514184267 | coeffs 1324673458,1419334625,1419334625,1336138942,1336138942,1091606117,1091606117,1063880487,1063880487,943220787,943220787,730555979,730555979,439480299,439480299,441426894,441426894,231003998,231003998,151093151,151093151,140366094,140366094,-7001254,-7001254,-162023685,-162023685,-220180490,-220180490,-645813854,-645813854,-1043020103,-1043020103,-1038295907,-1038295907,-1445293008,-1445293008,-1401479311,-1401479311,-1221690808,-1221690808,-1115059622,-1115059622,-1235799136,-1235799136,-1363599607,-1363599607,-1598285574,-1598285574,-1655576359,-1655576359,-1511651433,-1511651433,-1356211796,-1356211796,-1446721199,-1446721199,-1435682060,-1435682060,-1494440613,-1494440613,-1336276702,-1336276702,-1324673458
# status f = 171445203,0,1 : PASS_RHO (rho 0.92776, T 3062.0, 0s)
f = 226895159,0,1 | route RHO | claimed 0.96448095808252072461 | coeffs -67072318,-67072318,-143317516,-143317516,-175844767,-175844767,5788108,5788108,151390174,151390174,349600140,349600140,281517505,281517505,269855158,269855158,501633159,501633159,375313442,375313442,199700697,199700697,662220365,662220365,790871747,790871747,890461996,890461996,803177689,803177689,690446889,690446889,504457748,504457748,590968038,590968038,521268323,521268323,160992996,160992996,364587300,364587300,552452992,552452992,417229999,417229999,648200921,648200921,511245624,511245624,535079067,535079067,723527946,723527946,575986177,575986177,315561855,315561855,266909748,266909748,376129834,376129834,108430736,108430736
f = 226895159,0,1 | route T | claimed 2410.4537612231244318 | coeffs -573432289,-573432289,-724197031,-724197031,-728785981,-728785981,-774674936,-774674936,-644109865,-644109865,-740173324,-740173324,-579710101,-579710101,-853827266,-853827266,-552030953,-552030953,-409899285,-409899285,-402841105,-402841105,-94798189,-94798189,-50185306,-50185306,365922188,365922188,352627079,352627079,382875658,382875658,422051758,422051758,519375356,519375356,700160238,700160238,271210749,271210749,521886413,521886413,606662813,606662813,618870540,618870540,549570528,549570528,539946707,539946707,647974269,647974269,791795162,791795162,553174612,553174612,427064457,427064457,667527084,667527084,807882623,807882623,525798218,525798218
# status f = 226895159,0,1 : PASS_RHO (rho 0.96448, T 2410.5, 0s)
f = 272129064,0,1 | route RHO | claimed 0.94652202286811259523 | coeffs -627435929,-627435929,-643040944,-643040944,-427190533,-427190533,-491613646,-491613646,-479596688,-479596688,-352214667,-352214667,-321115726,-321115726,-546436774,-546436774,-436334302,-436334302,-68915526,-68915526,-203482624,-203482624,-5794468,-5794468,52227767,52227767,-297724937,-297724937,-368586109,-368586109,-372551107,-372551107,-343200802,-343200802,-309665574,-309665574,-50174106,-50174106,199811085,199811085,162718939,162718939,288163034,288163034,373968806,373968806,409456159,409456159,473058649,473058649,709714012,709714012,890672692,890672692,854526877,854526877,876502103,876502103,948030590,948030590,1075837165,1075837165,903182291,903182291
f = 272129064,0,1 | route T | claimed 2186.1135764706019337 | coeffs -229009924,-283894219,-283894219,-219717174,-219717174,-121814471,-121814471,-82298513,-82298513,-114730202,-114730202,-422716469,-422716469,-307408576,-307408576,-82269463,-82269463,91319050,91319050,1027812,1027812,245534520,245534520,216026255,216026255,141622879,141622879,-3731769,-3731769,35102081,35102081,281474980,281474980,416407766,416407766,368201344,368201344,205430594,205430594,263327221,263327221,266938958,266938958,480807407,480807407,796469228,796469228,639136991,639136991,688236480,688236480,745370454,745370454,661226019,661226019,377334158,377334158,363707755,363707755,11990273,11990273,252453155,252453155,229009924
# status f = 272129064,0,1 : PASS_RHO (rho 0.94652, T 2186.1, 0s)
f = 325492833,0,1 | route RHO | claimed 0.93708373310803839939 | coeffs 251153563,251153563,318594861,318594861,353918808,353918808,346556369,346556369,657156515,657156515,523121412,523121412,679903834,679903834,580692590,580692590,286821639,286821639,291024257,291024257,360299570,360299570,233881876,233881876,273423911,273423911,357082709,357082709,16428730,16428730,-68052239,-68052239,10345932,10345932,-425589814,-425589814,-104125072,-104125072,-229557183,-229557183,-428663464,-428663464,-386545295,-386545295,-530562000,-530562000,-404334976,-404334976,-304781848,-304781848,-122300084,-122300084,-103103522,-103103522,-14931704,-14931704,13577448,13577448,-132520587,-132520587,-126179594,-126179594,-21878401,-21878401
f = 325492833,0,1 | route T | claimed 2151.1581935985295134 | coeffs 251153563,251153563,318594861,318594861,353918808,353918808,346556369,346556369,657156515,657156515,523121412,523121412,679903834,679903834,580692590,580692590,286821639,286821639,291024257,291024257,360299570,360299570,233881876,233881876,273423911,273423911,357082709,357082709,16428730,16428730,-68052239,-68052239,10345932,10345932,-425589814,-425589814,-104125072,-104125072,-229557183,-229557183,-428663464,-428663464,-386545295,-386545295,-530562000,-530562000,-404334976,-404334976,-304781848,-304781848,-122300084,-122300084,-103103522,-103103522,-14931704,-14931704,13577448,13577448,-132520587,-132520587,-126179594,-126179594,-21878401,-21878401
# status f = 325492833,0,1 : PASS_RHO (rho 0.93708, T 2151.2, 0s)
f = 388412118,0,1 | route RHO | claimed 0.95955129210857037316 | coeffs -945091400,-945091400,-697487582,-697487582,-706476228,-706476228,-747602122,-747602122,-780240607,-780240607,-887669091,-887669091,-687390819,-687390819,-546091220,-546091220,-353302115,-353302115,-286740627,-286740627,-247480328,-247480328,-212093248,-212093248,-159503353,-159503353,51350707,51350707,104618156,104618156,236851987,236851987,303949075,303949075,222483907,222483907,634102815,634102815,609578262,609578262,497859710,497859710,517282919,517282919,666208231,666208231,997668682,997668682,559143147,559143147,467330171,467330171,472642134,472642134,541992492,541992492,667314240,667314240,773652543,773652543,775718809,775718809,887834190,887834190
f = 388412118,0,1 | route T | claimed 3036.845340991427478 | coeffs 122643514,-83380336,-83380336,149175964,149175964,-61833062,-61833062,220435986,220435986,176328565,176328565,27062264,27062264,-126555402,-126555402,115761985,115761985,155808200,155808200,78454944,78454944,22126698,22126698,108400200,108400200,218280707,218280707,127067184,127067184,244387986,244387986,234097728,234097728,257228616,257228616,407606912,407606912,554852467,554852467,445211289,445211289,470445738,470445738,141567308,141567308,-9215836,-9215836,153415407,153415407,395009530,395009530,534130327,534130327,412857502,412857502,147429936,147429936,78008854,78008854,-263237989,-263237989,-143412489,-143412489,-122643514
# status f = 388412118,0,1 : PASS_RHO (rho 0.95955, T 3036.8, 0s)
f = 435805396,0,1 | route RHO | claimed 0.93993987510895095396 | coeffs 30693282,30693282,267348645,267348645,395155220,395155220,459578333,459578333,349475861,349475861,699428565,699428565,439937097,439937097,404449744,404449744,382474518,382474518,366869503,366869503,397968444,397968444,595656600,595656600,625006905,625006905,750451000,750451000,931409680,931409680,758754806,758754806,746737848,746737848,379319072,379319072,450180244,450180244,200195053,200195053,136592563,136592563,65064076,65064076,280914487,280914487,55593439,55593439,113615674,113615674,147150902,147150902,232956674,232956674,196810859,196810859,-78935503,-78935503,-206317524,-206317524,-71750426,-71750426,-67785428,-67785428
f = 435805396,0,1 | route T | claimed 3005.2351581723481346 | coeffs -288258765,-288258765,-77249739,-77249739,188177827,188177827,213412276,213412276,304625799,304625799,151008133,151008133,171777108,171777108,-69817015,-69817015,80561281,80561281,136889527,136889527,419158575,419158575,349737493,349737493,678615923,678615923,795936725,795936725,553619338,553619338,347595488,347595488,486716285,486716285,339470730,339470730,425744232,425744232,469851653,469851653,811098496,811098496,660315352,660315352,670605610,670605610,710651825,710651825,478095525,478095525,599368350,599368350,489727172,489727172,379846665,379846665,230580364,230580364,350405864,350405864,187774621,187774621,210905509,210905509
# status f = 435805396,0,1 : PASS_RHO (rho 0.93994, T 3005.2, 0s)
f = 452437407,0,1 | route RHO | claimed 0.93215468754441590373 | coeffs 32881537,-24252437,-24252437,-122155140,-122155140,-151663405,-151663405,-155275142,-155275142,-506992624,-506992624,-391684731,-391684731,-638057630,-638057630,-588958141,-588958141,-524781096,-524781096,-769287804,-769287804,-711391177,-711391177,-697764774,-697764774,-389778507,-389778507,-350944657,-350944657,-193612420,-193612420,-138728125,-138728125,-229019363,-229019363,-66248613,-66248613,-350140474,-350140474,-382572163,-382572163,-237217515,-237217515,78444306,78444306,101887537,101887537,-71700976,-71700976,-119907398,-119907398,-35762963,-35762963,-75278921,-75278921,-149682297,-149682297,-363550746,-363550746,-123087864,-123087864,102051249,102051249,-32881537
f = 452437407,0,1 | route T | claimed 1944.1533365450617073 | coeffs -363550746,-363550746,-123087864,-123087864,102051249,102051249,-32881537,-32881537,24252437,24252437,122155140,122155140,151663405,151663405,155275142,155275142,506992624,506992624,391684731,391684731,638057630,638057630,588958141,588958141,524781096,524781096,769287804,769287804,711391177,711391177,697764774,697764774,389778507,389778507,350944657,350944657,193612420,193612420,138728125,138728125,229019363,229019363,66248613,66248613,350140474,350140474,382572163,382572163,237217515,237217515,-78444306,-78444306,-101887537,-101887537,71700976,71700976,119907398,119907398,35762963,35762963,75278921,75278921,149682297,149682297
# status f = 452437407,0,1 : PASS_RHO (rho 0.93215, T 1944.2, 0s)
f = 466536068,0,1 | route RHO | claimed 0.9350550890174843618 | coeffs 411921773,345360285,345360285,350672248,350672248,386059328,386059328,260737580,260737580,49883520,49883520,51949786,51949786,184183617,184183617,126926407,126926407,208391575,208391575,217380221,217380221,192855668,192855668,160217183,160217183,140793974,140793974,-59484298,-59484298,271976153,271976153,464765258,464765258,556578234,556578234,517317935,517317935,586668293,586668293,639258188,639258188,532919885,532919885,479652436,479652436,591767817,591767817,658864905,658864905,906468723,906468723,494849815,494849815,535975709,535975709,424257157,424257157,316828673,316828673,167903361,167903361,26603762,26603762,-411921773
f = 466536068,0,1 | route T | claimed 2397.5077963784648764 | coeffs -64798531,30006477,30006477,178229899,178229899,54063429,54063429,-163194739,-163194739,-230952224,-230952224,-142936106,-142936106,61147341,61147341,-132577288,-132577288,-30527447,-30527447,-87788988,-87788988,-14068972,-14068972,-104088568,-104088568,-115657361,-115657361,-270291259,-270291259,-337614483,-337614483,-461578809,-461578809,-550150846,-550150846,-432911751,-432911751,-425248765,-425248765,-699514244,-699514244,-705916173,-705916173,-760052475,-760052475,-291151086,-291151086,-436751161,-436751161,-374752358,-374752358,-397462283,-397462283,-19621583,-19621583,-144667955,-144667955,-329608581,-329608581,-231496517,-231496517,117798116,117798116,64798531
# status f = 466536068,0,1 : PASS_RHO (rho 0.93506, T 2397.5, 0s)
f = 468802748,0,1 | route RHO | claimed 0.93014186336851499315 | coeffs -440427386,-440427386,-28808478,-28808478,-161042309,-161042309,-108452414,-108452414,-175013902,-175013902,25264370,25264370,66390264,66390264,9133054,9133054,115471357,115471357,110159394,110159394,441619845,441619845,553338397,553338397,471873229,471873229,418605780,418605780,453992860,453992860,261203755,261203755,153775271,153775271,162763917,162763917,50648536,50648536,175970284,175970284,267783260,267783260,416708572,416708572,441233125,441233125,508330213,508330213,297476153,297476153,336736452,336736452,195436853,195436853,162798368,162798368,-84805450,-84805450,-86871716,-86871716,-17521358,-17521358,421004177,421004177
f = 468802748,0,1 | route T | claimed 2451.5846544638583045 | coeffs -440427386,-440427386,-28808478,-28808478,-161042309,-161042309,-108452414,-108452414,-175013902,-175013902,25264370,25264370,66390264,66390264,9133054,9133054,115471357,115471357,110159394,110159394,441619845,441619845,553338397,553338397,471873229,471873229,418605780,418605780,453992860,453992860,261203755,261203755,153775271,153775271,162763917,162763917,50648536,50648536,175970284,175970284,267783260,267783260,416708572,416708572,441233125,441233125,508330213,508330213,297476153,297476153,336736452,336736452,195436853,195436853,162798368,162798368,-84805450,-84805450,-86871716,-86871716,-17521358,-17521358,421004177,421004177
# status f = 468802748,0,1 : PASS_RHO (rho 0.93014, T 2451.6, 0s)
f = 532484613,0,1 | route RHO | claimed 0.92776260522580424807 | coeffs -203907792,-203907792,-214198050,-214198050,-104317543,-104317543,-181670799,-181670799,-335288465,-335288465,-53019417,-53019417,-259043267,-259043267,82203576,82203576,203476401,203476401,40845158,40845158,15610709,15610709,-134767587,-134767587,-252088389,-252088389,-338361891,-338361891,-378408106,-378408106,-229141805,-229141805,-18132779,-18132779,2636196,2636196,-66784886,-66784886,72335911,72335911,-78447233,-78447233,-188088411,-188088411,-164957523,-164957523,-256171046,-256171046,-312499292,-312499292,-70181905,-70181905,-114289326,-114289326,118266974,118266974,-1558526,-1558526,263869040,263869040,22274917,22274917,351153347,351153347
f = 532484613,0,1 | route T | claimed 2143.6148141471838874 | coeffs 259043267,-82203576,-82203576,-203476401,-203476401,-40845158,-40845158,-15610709,-15610709,134767587,134767587,252088389,252088389,338361891,338361891,378408106,378408106,229141805,229141805,18132779,18132779,-2636196,-2636196,66784886,66784886,-72335911,-72335911,78447233,78447233,188088411,188088411,164957523,164957523,256171046,256171046,312499292,312499292,70181905,70181905,114289326,114289326,-118266974,-118266974,1558526,1558526,-263869040,-263869040,-22274917,-22274917,-351153347,-351153347,-203907792,-203907792,-214198050,-214198050,-104317543,-104317543,-181670799,-181670799,-335288465,-335288465,-53019417,-53019417,-259043267
# status f = 532484613,0,1 : PASS_RHO (rho 0.92776, T 2143.6, 0s)
f = 534751293,0,1 | route RHO | claimed 0.92867578534929003137 | coeffs -24242210,-194154578,-194154578,-193892946,-193892946,-95584671,-95584671,-165076048,-165076048,-76926852,-76926852,-42047822,-42047822,144739542,144739542,-10967393,-10967393,278564726,278564726,123409474,123409474,102596832,102596832,181854539,181854539,49673357,49673357,85759380,85759380,-34087402,-34087402,224178291,224178291,-160810395,-160810395,82443707,82443707,143091203,143091203,499090831,499090831,603082511,603082511,505792676,505792676,407016223,407016223,465513937,465513937,505933695,505933695,371456922,371456922,536973210,536973210,265878882,265878882,415048476,415048476,314538179,314538179,173430316,173430316,24242210
f = 534751293,0,1 | route T | claimed 3151.391669224120863 | coeffs -265878882,-415048476,-415048476,-314538179,-314538179,-173430316,-173430316,-24242210,-24242210,-194154578,-194154578,-193892946,-193892946,-95584671,-95584671,-165076048,-165076048,-76926852,-76926852,-42047822,-42047822,144739542,144739542,-10967393,-10967393,278564726,278564726,123409474,123409474,102596832,102596832,181854539,181854539,49673357,49673357,85759380,85759380,-34087402,-34087402,224178291,224178291,-160810395,-160810395,82443707,82443707,143091203,143091203,499090831,499090831,603082511,603082511,505792676,505792676,407016223,407016223,465513937,465513937,505933695,505933695,371456922,371456922,536973210,536973210,265878882
# status f = 534751293,0,1 : PASS_RHO (rho 0.92868, T 3151.4, 0s)
f = 548849954,0,1 | route RHO | claimed 0.95390969299226775486 | coeffs -817437364,-923775667,-923775667,-963035966,-963035966,-631575515,-631575515,-664214000,-664214000,-582748832,-582748832,-580682566,-580682566,-545295486,-545295486,-106769951,-106769951,658533,658533,412277441,412277441,300162060,300162060,247572165,247572165,155759189,155759189,356037461,356037461,380562014,380562014,437819224,437819224,648673284,648673284,643361321,643361321,502061722,502061722,390343170,390343170,637946988,637946988,584679539,584679539,654029897,654029897,846819002,846819002,827395793,827395793,836384439,836384439,968618270,968618270,843296522,843296522,776735034,776735034,925660346,925660346,884534452,884534452,817437364
f = 548849954,0,1 | route T | claimed 3367.4784688690657245 | coeffs 133092367,133092367,77948320,77948320,-269132817,-269132817,-282948746,-282948746,-346177183,-346177183,-51539558,-51539558,-153280727,-153280727,-176313153,-176313153,34512411,34512411,-49668690,-49668690,-111254636,-111254636,33600879,33600879,124076893,124076893,225370057,225370057,216977347,216977347,28963251,28963251,141805484,141805484,419716170,419716170,454551964,454551964,9728485,9728485,343252003,343252003,235879439,235879439,217406785,217406785,-22553757,-22553757,-65298921,-65298921,195431747,195431747,265295960,265295960,5973558,5973558,56769946,56769946,-74629561,-74629561,-279961314,-279961314,-399542624,-399542624
# status f = 548849954,0,1 : PASS_RHO (rho 0.95391, T 3367.5, 0s)
f = 565481965,0,1 | route RHO | claimed 0.92704879498446835252 | coeffs 113795470,53147974,53147974,-217946354,-217946354,-129797158,-129797158,-165883181,-165883181,-264659634,-264659634,-115471528,-115471528,-405003647,-405003647,-161749545,-161749545,-327265833,-327265833,-257774456,-257774456,-389955638,-389955638,-292665803,-292665803,-433773666,-433773666,-589480601,-589480601,-204491915,-204491915,-338968688,-338968688,-240660413,-240660413,-319918120,-319918120,-215926440,-215926440,-115416143,-115416143,-302203507,-302203507,-43937814,-43937814,-84357572,-84357572,-84619204,-84619204,-105431846,-105431846,-461431474,-461431474,-312261880,-312261880,-277382850,-277382850,-157536068,-157536068,-99038354,-99038354,-268950722,-268950722,-113795470
f = 565481965,0,1 | route T | claimed 2622.3105294824357713 | coeffs 165883181,264659634,264659634,115471528,115471528,405003647,405003647,161749545,161749545,327265833,327265833,257774456,257774456,389955638,389955638,292665803,292665803,433773666,433773666,589480601,589480601,204491915,204491915,338968688,338968688,240660413,240660413,319918120,319918120,215926440,215926440,115416143,115416143,302203507,302203507,43937814,43937814,84357572,84357572,84619204,84619204,105431846,105431846,461431474,461431474,312261880,312261880,277382850,277382850,157536068,157536068,99038354,99038354,268950722,268950722,113795470,113795470,53147974,53147974,-217946354,-217946354,-129797158,-129797158,-165883181
# status f = 565481965,0,1 : PASS_RHO (rho 0.92705, T 2622.3, 0s)
f = 612875243,0,1 | route RHO | claimed 0.96795153861568735778 | coeffs -2234786,-175555634,-175555634,-98312741,-98312741,-182581119,-182581119,-183129557,-183129557,-116089118,-116089118,-66829629,-66829629,-392592224,-392592224,-305872022,-305872022,-330208021,-330208021,-536119650,-536119650,-595855707,-595855707,-728610970,-728610970,-883541664,-883541664,-662971370,-662971370,-786735061,-786735061,-992829221,-992829221,-872630440,-872630440,-1056978693,-1056978693,-1196672620,-1196672620,-1130610538,-1130610538,-1048601227,-1048601227,-648224448,-648224448,-808970397,-808970397,-676006665,-676006665,-835161347,-835161347,-617304189,-617304189,-680742905,-680742905,-681434272,-681434272,-270542453,-270542453,-85584412,-85584412,-52288874,-52288874,2234786
f = 612875243,0,1 | route T | claimed 2855.5876859350814405 | coeffs 233009758,233009758,285689704,285689704,161505088,161505088,5931386,5931386,-4848111,-4848111,-101738261,-101738261,41800347,41800347,-403301818,-403301818,-633665427,-633665427,-699236714,-699236714,-565677090,-565677090,-548124281,-548124281,-609398802,-609398802,-310091817,-310091817,-582056724,-582056724,-508301907,-508301907,-553285635,-553285635,-580361730,-580361730,-310422680,-310422680,-610531038,-610531038,-780865086,-780865086,-494766621,-494766621,-606919172,-606919172,-383824390,-383824390,-291024827,-291024827,-287836504,-287836504,-463686382,-463686382,-377312590,-377312590,-223482141,-223482141,-364117351,-364117351,-259711957,-259711957,-338853272,-338853272
# status f = 612875243,0,1 : PASS_RHO (rho 0.96795, T 2855.6, 0s)
f = 675794528,0,1 | route RHO | claimed 0.95830840925563279852 | coeffs -282781351,-282781351,-243265393,-243265393,-239653656,-239653656,68332611,68332611,-247329210,-247329210,-22190097,-22190097,26909392,26909392,117200630,117200630,201345065,201345065,171836800,171836800,158210397,158210397,303565045,303565045,63102163,63102163,309475062,309475062,364359357,364359357,412565779,412565779,510468482,510468482,568365109,568365109,600796798,600796798,386928349,386928349,502236242,502236242,344904005,344904005,171315492,171315492,114181518,114181518,358688226,358688226,74796365,74796365,149199741,149199741,500917223,500917223,539751073,539751073,516307842,516307842,381375056,381375056,445552101,445552101
f = 675794528,0,1 | route T | claimed 2493.4667129435253373 | coeffs 68332611,68332611,-247329210,-247329210,-22190097,-22190097,26909392,26909392,117200630,117200630,201345065,201345065,171836800,171836800,158210397,158210397,303565045,303565045,63102163,63102163,309475062,309475062,364359357,364359357,412565779,412565779,510468482,510468482,568365109,568365109,600796798,600796798,386928349,386928349,502236242,502236242,344904005,344904005,171315492,171315492,114181518,114181518,358688226,358688226,74796365,74796365,149199741,149199741,500917223,500917223,539751073,539751073,516307842,516307842,381375056,381375056,445552101,445552101,282781351,282781351,243265393,243265393,239653656,239653656
# status f = 675794528,0,1 : PASS_RHO (rho 0.95831, T 2493.5, 1s)
f = 729158297,0,1 | route RHO | claimed 0.91682032610235473529 | coeffs -496036519,-503699505,-503699505,-309974876,-309974876,-494915502,-494915502,-377676407,-377676407,-173592960,-173592960,-48546588,-48546588,40025449,40025449,-47990669,-47990669,329850031,329850031,205885705,205885705,138128220,138128220,160838145,160838145,228161369,228161369,445419537,445419537,507418340,507418340,352784442,352784442,228617972,228617972,374218047,374218047,385786840,385786840,237563418,237563418,706464807,706464807,616445211,616445211,711250219,711250219,765386521,765386521,691666505,691666505,638666920,638666920,632264991,632264991,575003450,575003450,225708817,225708817,499974296,499974296,397924455,397924455,496036519
f = 729158297,0,1 | route T | claimed 2369.0874933164342403 | coeffs -47990669,329850031,329850031,205885705,205885705,138128220,138128220,160838145,160838145,228161369,228161369,445419537,445419537,507418340,507418340,352784442,352784442,228617972,228617972,374218047,374218047,385786840,385786840,237563418,237563418,706464807,706464807,616445211,616445211,711250219,711250219,765386521,765386521,691666505,691666505,638666920,638666920,632264991,632264991,575003450,575003450,225708817,225708817,499974296,499974296,397924455,397924455,496036519,496036519,503699505,503699505,309974876,309974876,494915502,494915502,377676407,377676407,173592960,173592960,48546588,48546588,-40025449,-40025449,47990669
# status f = 729158297,0,1 : PASS_RHO (rho 0.91682, T 2369.1, 0s)
f = 774392202,0,1 | route RHO | claimed 0.8787927298156009227 | coeffs 430775565,528065400,528065400,408218618,408218618,563925553,563925553,394013185,394013185,259536412,259536412,198888916,198888916,278146623,278146623,189997427,189997427,290507724,290507724,191731271,191731271,-66534422,-66534422,222997697,222997697,222736065,222736065,57219777,57219777,413219405,413219405,545400587,545400587,580279617,580279617,439171754,439171754,380674040,380674040,-4314646,-4314646,150840606,150840606,249148881,249148881,-21945447,-21945447,-125937127,-125937127,-89851104,-89851104,-276638468,-276638468,-127450362,-127450362,-87030604,-87030604,-330284706,-330284706,-351097348,-351097348,-281605971,-281605971,-430775565
f = 774392202,0,1 | route T | claimed 1832.3697311830908738 | coeffs 21945447,21945447,125937127,125937127,89851104,89851104,276638468,276638468,127450362,127450362,87030604,87030604,330284706,330284706,351097348,351097348,281605971,281605971,430775565,430775565,528065400,528065400,408218618,408218618,563925553,563925553,394013185,394013185,259536412,259536412,198888916,198888916,278146623,278146623,189997427,189997427,290507724,290507724,191731271,191731271,-66534422,-66534422,222997697,222997697,222736065,222736065,57219777,57219777,413219405,413219405,545400587,545400587,580279617,580279617,439171754,439171754,380674040,380674040,-4314646,-4314646,150840606,150840606,249148881,249148881
# status f = 774392202,0,1 : PASS_RHO (rho 0.87879, T 1832.4, 0s)
f = 829842158,0,1 | route RHO | claimed 0.93014186336851499315 | coeffs -175013902,-175013902,-108452414,-108452414,-161042309,-161042309,-28808478,-28808478,-440427386,-440427386,-421004177,-421004177,17521358,17521358,86871716,86871716,84805450,84805450,-162798368,-162798368,-195436853,-195436853,-336736452,-336736452,-297476153,-297476153,-508330213,-508330213,-441233125,-441233125,-416708572,-416708572,-267783260,-267783260,-175970284,-175970284,-50648536,-50648536,-162763917,-162763917,-153775271,-153775271,-261203755,-261203755,-453992860,-453992860,-418605780,-418605780,-471873229,-471873229,-553338397,-553338397,-441619845,-441619845,-110159394,-110159394,-115471357,-115471357,-9133054,-9133054,-66390264,-66390264,-25264370,-25264370
f = 829842158,0,1 | route T | claimed 2708.4472064035727599 | coeffs 416453533,529340783,529340783,450160554,450160554,108763422,108763422,213776979,213776979,241210971,241210971,33664750,33664750,-137778204,-137778204,-119567324,-119567324,-237200990,-237200990,-160373785,-160373785,30742653,30742653,-306311134,-306311134,-354698643,-354698643,-371274463,-371274463,-354882542,-354882542,142210528,142210528,-2088774,-2088774,-1562052,-1562052,-245210537,-245210537,-210403899,-210403899,-316104175,-316104175,-504117797,-504117797,-636157960,-636157960,-583680041,-583680041,-551878971,-551878971,-703289110,-703289110,-779835446,-779835446,-838146313,-838146313,-583474225,-583474225,-604293296,-604293296,-445872717,-445872717,-416453533
# status f = 829842158,0,1 : PASS_RHO (rho 0.93014, T 2708.4, 0s)
f = 836692811,0,1 | route RHO | claimed 0.96448095808252072461 | coeffs 723527946,723527946,535079067,535079067,511245624,511245624,648200921,648200921,417229999,417229999,552452992,552452992,364587300,364587300,160992996,160992996,521268323,521268323,590968038,590968038,504457748,504457748,690446889,690446889,803177689,803177689,890461996,890461996,790871747,790871747,662220365,662220365,199700697,199700697,375313442,375313442,501633159,501633159,269855158,269855158,281517505,281517505,349600140,349600140,151390174,151390174,5788108,5788108,-175844767,-175844767,-143317516,-143317516,-67072318,-67072318,-108430736,-108430736,-376129834,-376129834,-266909748,-266909748,-315561855,-315561855,-575986177,-575986177
f = 836692811,0,1 | route T | claimed 2478.5762156375298936 | coeffs -349600140,-349600140,-151390174,-151390174,-5788108,-5788108,175844767,175844767,143317516,143317516,67072318,67072318,108430736,108430736,376129834,376129834,266909748,266909748,315561855,315561855,575986177,575986177,723527946,723527946,535079067,535079067,511245624,511245624,648200921,648200921,417229999,417229999,552452992,552452992,364587300,364587300,160992996,160992996,521268323,521268323,590968038,590968038,504457748,504457748,690446889,690446889,803177689,803177689,890461996,890461996,790871747,790871747,662220365,662220365,199700697,199700697,375313442,375313442,501633159,501633159,269855158,269855158,281517505,281517505
# status f = 836692811,0,1 : PASS_RHO (rho 0.96448, T 2478.6, 1s)
f = 872609891,0,1 | route RHO | claimed 0.95390969299226775486 | coeffs -643361321,-643361321,-648673284,-648673284,-437819224,-437819224,-380562014,-380562014,-356037461,-356037461,-155759189,-155759189,-247572165,-247572165,-300162060,-300162060,-412277441,-412277441,-658533,-658533,106769951,106769951,545295486,545295486,580682566,580682566,582748832,582748832,664214000,664214000,631575515,631575515,963035966,963035966,923775667,923775667,817437364,817437364,884534452,884534452,925660346,925660346,776735034,776735034,843296522,843296522,968618270,968618270,836384439,836384439,827395793,827395793,846819002,846819002,654029897,654029897,584679539,584679539,637946988,637946988,390343170,390343170,502061722,502061722
f = 872609891,0,1 | route T | claimed 2761.2369692560184881 | coeffs 288083932,288083932,362603476,362603476,496917643,496917643,196646709,196646709,447131306,447131306,763648551,763648551,833666863,833666863,606145033,606145033,575009580,575009580,490815461,490815461,443734101,443734101,300754722,300754722,118083797,118083797,412357222,412357222,501349711,501349711,410270930,410270930,557701650,557701650,568514958,568514958,484476459,484476459,222021641,222021641,249959942,249959942,-39154792,-39154792,-166486268,-166486268,-97812106,-97812106,-171801304,-171801304,-440252689,-440252689,-425215694,-425215694,-439601001,-439601001,-484228987,-484228987,-587318279,-587318279,-362153038,-362153038,-516629790,-516629790
# status f = 872609891,0,1 : PASS_RHO (rho 0.95391, T 2761.2, 0s)
f = 876107683,0,1 | route RHO | claimed 0.91682032610235473529 | coeffs 228161369,228161369,160838145,160838145,138128220,138128220,205885705,205885705,329850031,329850031,-47990669,-47990669,40025449,40025449,-48546588,-48546588,-173592960,-173592960,-377676407,-377676407,-494915502,-494915502,-309974876,-309974876,-503699505,-503699505,-496036519,-496036519,-397924455,-397924455,-499974296,-499974296,-225708817,-225708817,-575003450,-575003450,-632264991,-632264991,-638666920,-638666920,-691666505,-691666505,-765386521,-765386521,-711250219,-711250219,-616445211,-616445211,-706464807,-706464807,-237563418,-237563418,-385786840,-385786840,-374218047,-374218047,-228617972,-228617972,-352784442,-352784442,-507418340,-507418340,-445419537,-445419537
f = 876107683,0,1 | route T | claimed 2016.8838778740285541 | coeffs 377676407,377676407,494915502,494915502,309974876,309974876,503699505,503699505,496036519,496036519,397924455,397924455,499974296,499974296,225708817,225708817,575003450,575003450,632264991,632264991,638666920,638666920,691666505,691666505,765386521,765386521,711250219,711250219,616445211,616445211,706464807,706464807,237563418,237563418,385786840,385786840,374218047,374218047,228617972,228617972,352784442,352784442,507418340,507418340,445419537,445419537,228161369,228161369,160838145,160838145,138128220,138128220,205885705,205885705,329850031,329850031,-47990669,-47990669,40025449,40025449,-48546588,-48546588,-173592960,-173592960
# status f = 876107683,0,1 : PASS_RHO (rho 0.91682, T 2016.9, 0s)
f = 889158034,0,1 | route RHO | claimed 0.9350550890174843618 | coeffs -464765258,-271976153,-271976153,59484298,59484298,-140793974,-140793974,-160217183,-160217183,-192855668,-192855668,-217380221,-217380221,-208391575,-208391575,-126926407,-126926407,-184183617,-184183617,-51949786,-51949786,-49883520,-49883520,-260737580,-260737580,-386059328,-386059328,-350672248,-350672248,-345360285,-345360285,-411921773,-411921773,26603762,26603762,167903361,167903361,316828673,316828673,424257157,424257157,535975709,535975709,494849815,494849815,906468723,906468723,658864905,658864905,591767817,591767817,479652436,479652436,532919885,532919885,639258188,639258188,586668293,586668293,517317935,517317935,556578234,556578234,464765258
f = 889158034,0,1 | route T | claimed 2033.9952127868166869 | coeffs -464765258,-271976153,-271976153,59484298,59484298,-140793974,-140793974,-160217183,-160217183,-192855668,-192855668,-217380221,-217380221,-208391575,-208391575,-126926407,-126926407,-184183617,-184183617,-51949786,-51949786,-49883520,-49883520,-260737580,-260737580,-386059328,-386059328,-350672248,-350672248,-345360285,-345360285,-411921773,-411921773,26603762,26603762,167903361,167903361,316828673,316828673,424257157,424257157,535975709,535975709,494849815,494849815,906468723,906468723,658864905,658864905,591767817,591767817,479652436,479652436,532919885,532919885,639258188,639258188,586668293,586668293,517317935,517317935,556578234,556578234,464765258
# status f = 889158034,0,1 : PASS_RHO (rho 0.93506, T 2034.0, 0s)
f = 895200854,0,1 | route RHO | claimed 0.95955129210857037316 | coeffs 51350707,51350707,-159503353,-159503353,-212093248,-212093248,-247480328,-247480328,-286740627,-286740627,-353302115,-353302115,-546091220,-546091220,-687390819,-687390819,-887669091,-887669091,-780240607,-780240607,-747602122,-747602122,-706476228,-706476228,-697487582,-697487582,-945091400,-945091400,-887834190,-887834190,-775718809,-775718809,-773652543,-773652543,-667314240,-667314240,-541992492,-541992492,-472642134,-472642134,-467330171,-467330171,-559143147,-559143147,-997668682,-997668682,-666208231,-666208231,-517282919,-517282919,-497859710,-497859710,-609578262,-609578262,-634102815,-634102815,-222483907,-222483907,-303949075,-303949075,-236851987,-236851987,-104618156,-104618156
f = 895200854,0,1 | route T | claimed 2121.4738520991646503 | coeffs -775718809,-775718809,-773652543,-773652543,-667314240,-667314240,-541992492,-541992492,-472642134,-472642134,-467330171,-467330171,-559143147,-559143147,-997668682,-997668682,-666208231,-666208231,-517282919,-517282919,-497859710,-497859710,-609578262,-609578262,-634102815,-634102815,-222483907,-222483907,-303949075,-303949075,-236851987,-236851987,-104618156,-104618156,-51350707,-51350707,159503353,159503353,212093248,212093248,247480328,247480328,286740627,286740627,353302115,353302115,546091220,546091220,687390819,687390819,887669091,887669091,780240607,780240607,747602122,747602122,706476228,706476228,697487582,697487582,945091400,945091400,887834190,887834190
# status f = 895200854,0,1 : PASS_RHO (rho 0.95955, T 2121.5, 0s)
f = 937467640,0,1 | route RHO | claimed 0.93708373310803839939 | coeffs 233881876,360299570,360299570,291024257,291024257,286821639,286821639,580692590,580692590,679903834,679903834,523121412,523121412,657156515,657156515,346556369,346556369,353918808,353918808,318594861,318594861,251153563,251153563,21878401,21878401,126179594,126179594,132520587,132520587,-13577448,-13577448,14931704,14931704,103103522,103103522,122300084,122300084,304781848,304781848,404334976,404334976,530562000,530562000,386545295,386545295,428663464,428663464,229557183,229557183,104125072,104125072,425589814,425589814,-10345932,-10345932,68052239,68052239,-16428730,-16428730,-357082709,-357082709,-273423911,-273423911,-233881876
f = 937467640,0,1 | route T | claimed 2199.9789729692506607 | coeffs 357082709,357082709,273423911,273423911,233881876,233881876,360299570,360299570,291024257,291024257,286821639,286821639,580692590,580692590,679903834,679903834,523121412,523121412,657156515,657156515,346556369,346556369,353918808,353918808,318594861,318594861,251153563,251153563,21878401,21878401,126179594,126179594,132520587,132520587,-13577448,-13577448,14931704,14931704,103103522,103103522,122300084,122300084,304781848,304781848,404334976,404334976,530562000,530562000,386545295,386545295,428663464,428663464,229557183,229557183,104125072,104125072,425589814,425589814,-10345932,-10345932,68052239,68052239,-16428730,-16428730
# status f = 937467640,0,1 : PASS_RHO (rho 0.93708, T 2200.0, 0s)
f = 954375058,0,1 | route RHO | claimed 0.93993987510895095396 | coeffs -196810859,-196810859,-232956674,-232956674,-147150902,-147150902,-113615674,-113615674,-55593439,-55593439,-280914487,-280914487,-65064076,-65064076,-136592563,-136592563,-200195053,-200195053,-450180244,-450180244,-379319072,-379319072,-746737848,-746737848,-758754806,-758754806,-931409680,-931409680,-750451000,-750451000,-625006905,-625006905,-595656600,-595656600,-397968444,-397968444,-366869503,-366869503,-382474518,-382474518,-404449744,-404449744,-439937097,-439937097,-699428565,-699428565,-349475861,-349475861,-459578333,-459578333,-395155220,-395155220,-267348645,-267348645,-30693282,-30693282,-67785428,-67785428,-71750426,-71750426,-206317524,-206317524,-78935503,-78935503
f = 954375058,0,1 | route T | claimed 2367.1546427853127603 | coeffs 239842698,90917386,90917386,197255689,197255689,164617204,164617204,129230124,129230124,540849032,540849032,632662008,632662008,689919218,689919218,831218817,831218817,777951368,777951368,797374577,797374577,672052829,672052829,713178723,713178723,752439022,752439022,833904190,833904190,395378655,395378655,283263274,283263274,82985002,82985002,293839062,293839062,405557614,405557614,474907972,474907972,465919326,465919326,399357838,399357838,466454926,466454926,134994475,134994475,137060741,137060741,29632257,29632257,-22957638,-22957638,-47482191,-47482191,-52794154,-52794154,-300397972,-300397972,-107608867,-107608867,-239842698
# status f = 954375058,0,1 : PASS_RHO (rho 0.93994, T 2367.2, 0s)
# summary n = 7 l = 1001287361 : EXCLUSION_CANDIDATE ; PASS 32 / 32 ; OPEN_NEAR 0 ; OPEN_FAR 0 ; 14s
