# FAMILY WITNESS FILE (generator family_gen.sage r10). n = 7 ; l = 1000007873 ; m = 64 ; deg = 2 ; ncomp = 32 ; bar_T = 4224 ; L_n = 16.3328709449664096755483535644
# line: f = c0,...,c_deg (monic, over F_l) | route RHO|T | claimed (rho or T, float) | coeffs a_0..a_{m-1}
f = 21535249,0,1 | route RHO | claimed 0.93551219384005882221 | coeffs -444588699,-444588699,-380587802,-380587802,-350991304,-350991304,-553803327,-553803327,-685526305,-685526305,-863551089,-863551089,-859729920,-859729920,-731663014,-731663014,-631770470,-631770470,-637339667,-637339667,-589329953,-589329953,-499786984,-499786984,-273257478,-273257478,-97437241,-97437241,-245002017,-245002017,-203909429,-203909429,-441707857,-441707857,-320751292,-320751292,-198088365,-198088365,-303348117,-303348117,-98631570,-98631570,-77232355,-77232355,89121105,89121105,90738737,90738737,-33411815,-33411815,143276371,143276371,306576155,306576155,149170320,149170320,-51161462,-51161462,-66224643,-66224643,34159617,34159617,42542818,42542818
f = 21535249,0,1 | route T | claimed 2257.354173043460441 | coeffs -90696567,-90696567,-119367886,-119367886,79544221,79544221,6885924,6885924,-68132556,-68132556,-19265447,-19265447,189877220,189877220,-1102907,-1102907,-92448556,-92448556,-128776349,-128776349,-65824548,-65824548,-118815579,-118815579,-268374904,-268374904,-265195805,-265195805,-535887307,-535887307,-531449419,-531449419,-981959575,-981959575,-868298585,-868298585,-628916887,-628916887,-494467429,-494467429,-395113402,-395113402,-207064321,-207064321,-237161270,-237161270,-184429817,-184429817,-360414032,-360414032,-479004717,-479004717,-467106311,-467106311,-144092133,-144092133,162881969,162881969,126403566,126403566,305314772,305314772,223422751,223422751
# status f = 21535249,0,1 : PASS_RHO (rho 0.93551, T 2257.4, 0s)
f = 62605676,0,1 | route RHO | claimed 0.91784818379386696618 | coeffs -29388892,-152051819,-152051819,5354016,5354016,-126368962,-126368962,49451275,49451275,215804735,215804735,224187936,224187936,124295392,124295392,3338827,3338827,-159960957,-159960957,-362772980,-362772980,-136243474,-136243474,-114844259,-114844259,-14459999,-14459999,-142526905,-142526905,95271523,95271523,-81416663,-81416663,-51820165,-51820165,37722804,37722804,242439351,242439351,227376170,227376170,223555001,223555001,182462413,182462413,306612965,306612965,370613862,370613862,418623576,418623576,313363824,313363824,113032042,113032042,291056826,291056826,438621602,438621602,437003970,437003970,34958089,34958089,29388892
f = 62605676,0,1 | route T | claimed 1721.0190764808724803 | coeffs -142526905,-142526905,95271523,95271523,-81416663,-81416663,-51820165,-51820165,37722804,37722804,242439351,242439351,227376170,227376170,223555001,223555001,182462413,182462413,306612965,306612965,370613862,370613862,418623576,418623576,313363824,313363824,113032042,113032042,291056826,291056826,438621602,438621602,437003970,437003970,34958089,34958089,29388892,29388892,152051819,152051819,-5354016,-5354016,126368962,126368962,-49451275,-49451275,-215804735,-215804735,-224187936,-224187936,-124295392,-124295392,-3338827,-3338827,159960957,159960957,362772980,362772980,136243474,136243474,114844259,114844259,14459999,14459999
# status f = 62605676,0,1 : PASS_RHO (rho 0.91785, T 1721.0, 0s)
f = 62910848,0,1 | route RHO | claimed 0.88302732622465653816 | coeffs -324633207,-324633207,-500453444,-500453444,-400560900,-400560900,-197748877,-197748877,-298133137,-298133137,-121444951,-121444951,-326161498,-326161498,-285068910,-285068910,-333078624,-333078624,-511103408,-511103408,-109057527,-109057527,48348308,48348308,214701768,214701768,93745203,93745203,320274709,320274709,192207803,192207803,221804301,221804301,206741120,206741120,330891672,330891672,225631920,225631920,373196696,373196696,367627499,367627499,499350477,499350477,490967276,490967276,654267060,654267060,632867845,632867845,395069417,395069417,305526448,305526448,309347617,309347617,245346720,245346720,445678502,445678502,447296134,447296134
f = 62910848,0,1 | route T | claimed 2178.9681907302746931 | coeffs -451785316,-451785316,-72058403,-72058403,86564275,86564275,10146548,10146548,228103442,228103442,117653414,117653414,257887314,257887314,468052212,468052212,690042285,690042285,499884597,499884597,602664631,602664631,525710459,525710459,467502489,467502489,323647725,323647725,566048085,566048085,540034811,540034811,717372714,717372714,747279633,747279633,618566811,618566811,797257307,797257307,574194495,574194495,434318570,434318570,514389511,514389511,712898729,712898729,504535723,504535723,245709042,245709042,473088458,473088458,485444195,485444195,562987823,562987823,394353892,394353892,271251819,271251819,422693334,422693334
# status f = 62910848,0,1 : PASS_RHO (rho 0.88303, T 2179.0, 0s)
f = 86090797,0,1 | route RHO | claimed 0.9142080806097834341 | coeffs 372285334,372285334,224720558,224720558,160719661,160719661,-43996886,-43996886,84070020,84070020,247369804,247369804,71549567,71549567,-330496314,-330496314,-435756066,-435756066,-439577235,-439577235,-616265421,-616265421,-389735915,-389735915,-381352714,-381352714,-504015641,-504015641,-682040425,-682040425,-806190977,-806190977,-895733946,-895733946,-996118206,-996118206,-875161641,-875161641,-743438663,-743438663,-745056295,-745056295,-697046581,-697046581,-712109762,-712109762,-474311334,-474311334,-677123357,-677123357,-510769897,-510769897,-505200700,-505200700,-304868918,-304868918,-263776330,-263776330,-293372828,-293372828,-314772043,-314772043,-214879499,-214879499
f = 86090797,0,1 | route T | claimed 1953.7052419438578427 | coeffs 44914868,-105758502,-105758502,200536348,200536348,145373568,145373568,226015808,226015808,251062247,251062247,256462216,256462216,187660534,187660534,337440569,337440569,383215228,383215228,437128418,437128418,198592402,198592402,510134034,510134034,464529424,464529424,383088162,383088162,213372647,213372647,156095379,156095379,-45457855,-45457855,54709682,54709682,6679256,6679256,-93477278,-93477278,389220173,389220173,480755852,480755852,348793297,348793297,308658170,308658170,391099571,391099571,350781726,350781726,470952753,470952753,364031910,364031910,215176536,215176536,336037899,336037899,340535998,340535998,-44914868
# status f = 86090797,0,1 : PASS_RHO (rho 0.91421, T 1953.7, 0s)
f = 131186588,0,1 | route RHO | claimed 0.89043449528224860478 | coeffs -563144611,-694867589,-694867589,-573911024,-573911024,-473526764,-473526764,-563069733,-563069733,-438919181,-438919181,-616943965,-616943965,-494281038,-494281038,-485897837,-485897837,-712427343,-712427343,-889115529,-889115529,-885294360,-885294360,-990554112,-990554112,-588508231,-588508231,-764328468,-764328468,-927628252,-927628252,-799561346,-799561346,-594844799,-594844799,-658845696,-658845696,-511280920,-511280920,-353875085,-353875085,-253982541,-253982541,-232583326,-232583326,-262179824,-262179824,-303272412,-303272412,-102940630,-102940630,-108509827,-108509827,57843633,57843633,260655656,260655656,498454084,498454084,513517265,513517265,561526979,561526979,563144611
f = 131186588,0,1 | route T | claimed 1866.0268629895929966 | coeffs -102940630,-108509827,-108509827,57843633,57843633,260655656,260655656,498454084,498454084,513517265,513517265,561526979,561526979,563144611,563144611,694867589,694867589,573911024,573911024,473526764,473526764,563069733,563069733,438919181,438919181,616943965,616943965,494281038,494281038,485897837,485897837,712427343,712427343,889115529,889115529,885294360,885294360,990554112,990554112,588508231,588508231,764328468,764328468,927628252,927628252,799561346,799561346,594844799,594844799,658845696,658845696,511280920,511280920,353875085,353875085,253982541,253982541,232583326,232583326,262179824,262179824,303272412,303272412,102940630
# status f = 131186588,0,1 : PASS_RHO (rho 0.89043, T 1866.0, 0s)
f = 137415543,0,1 | route RHO | claimed 0.91569892086065745973 | coeffs 32716025,-15293689,-15293689,-6910488,-6910488,197806059,197806059,192236862,192236862,91852602,91852602,197112354,197112354,97219810,97219810,82156629,82156629,204819556,204819556,332886462,332886462,533218244,533218244,412261679,412261679,408440510,408440510,251034675,251034675,13236247,13236247,-164788537,-164788537,-328088321,-328088321,-369180909,-369180909,-237457931,-237457931,-60769745,-60769745,-208334521,-208334521,-411146544,-411146544,-286995992,-286995992,-462816229,-462816229,-492412727,-492412727,-490795095,-490795095,-264265589,-264265589,-200264692,-200264692,-366618152,-366618152,-456161121,-456161121,-54115240,-54115240,-32716025
f = 137415543,0,1 | route T | claimed 2582.3233741970328764 | coeffs -533218244,-412261679,-412261679,-408440510,-408440510,-251034675,-251034675,-13236247,-13236247,164788537,164788537,328088321,328088321,369180909,369180909,237457931,237457931,60769745,60769745,208334521,208334521,411146544,411146544,286995992,286995992,462816229,462816229,492412727,492412727,490795095,490795095,264265589,264265589,200264692,200264692,366618152,366618152,456161121,456161121,54115240,54115240,32716025,32716025,-15293689,-15293689,-6910488,-6910488,197806059,197806059,192236862,192236862,91852602,91852602,197112354,197112354,97219810,97219810,82156629,82156629,204819556,204819556,332886462,332886462,533218244
# status f = 137415543,0,1 : PASS_RHO (rho 0.91570, T 2582.3, 0s)
f = 147168671,0,1 | route RHO | claimed 0.93032545903568556777 | coeffs 45863438,45863438,60926619,60926619,90523117,90523117,218590023,218590023,445119529,445119529,566076094,566076094,732429554,732429554,575023719,575023719,977069600,977069600,1155094384,1155094384,1107084670,1107084670,1065992082,1065992082,861275535,861275535,684587349,684587349,584203089,584203089,381391066,381391066,481283610,481283610,657103847,657103847,779766774,779766774,781384406,781384406,581052624,581052624,517051727,517051727,513230558,513230558,423687589,423687589,661486017,661486017,640086802,640086802,476787018,476787018,468403817,468403817,336680839,336680839,331111642,331111642,183546866,183546866,78287114,78287114
f = 147168671,0,1 | route T | claimed 2083.8425472962351937 | coeffs 45863438,45863438,60926619,60926619,90523117,90523117,218590023,218590023,445119529,445119529,566076094,566076094,732429554,732429554,575023719,575023719,977069600,977069600,1155094384,1155094384,1107084670,1107084670,1065992082,1065992082,861275535,861275535,684587349,684587349,584203089,584203089,381391066,381391066,481283610,481283610,657103847,657103847,779766774,779766774,781384406,781384406,581052624,581052624,517051727,517051727,513230558,513230558,423687589,423687589,661486017,661486017,640086802,640086802,476787018,476787018,468403817,468403817,336680839,336680839,331111642,331111642,183546866,183546866,78287114,78287114
# status f = 147168671,0,1 : PASS_RHO (rho 0.93033, T 2083.8, 0s)
f = 166469480,0,1 | route RHO | claimed 0.89054586738868065728 | coeffs 349694721,349694721,221627815,221627815,369192591,369192591,347793376,347793376,548125158,548125158,345313135,345313135,393322849,393322849,514279414,514279414,390128862,390128862,398512063,398512063,394690894,394690894,218870657,218870657,14154110,14154110,171559945,171559945,201156443,201156443,195587246,195587246,-42211182,-42211182,-40593550,-40593550,59790710,59790710,237815494,237815494,11285988,11285988,116545740,116545740,-46754044,-46754044,17246853,17246853,117139397,117139397,158231985,158231985,324585445,324585445,309522264,309522264,441245242,441245242,351702273,351702273,229039346,229039346,52351160,52351160
f = 166469480,0,1 | route T | claimed 2195.1938056632756463 | coeffs 349694721,349694721,221627815,221627815,369192591,369192591,347793376,347793376,548125158,548125158,345313135,345313135,393322849,393322849,514279414,514279414,390128862,390128862,398512063,398512063,394690894,394690894,218870657,218870657,14154110,14154110,171559945,171559945,201156443,201156443,195587246,195587246,-42211182,-42211182,-40593550,-40593550,59790710,59790710,237815494,237815494,11285988,11285988,116545740,116545740,-46754044,-46754044,17246853,17246853,117139397,117139397,158231985,158231985,324585445,324585445,309522264,309522264,441245242,441245242,351702273,351702273,229039346,229039346,52351160,52351160
# status f = 166469480,0,1 : PASS_RHO (rho 0.89055, T 2195.2, 0s)
f = 274288897,0,1 | route RHO | claimed 0.92091890908429554089 | coeffs 401845562,280888997,280888997,251292499,251292499,146032747,146032747,14309769,14309769,-7089446,-7089446,-10910615,-10910615,-9292983,-9292983,90599561,90599561,-86088625,-86088625,-134098339,-134098339,-291504174,-291504174,-64974668,-64974668,-49911487,-49911487,97653289,97653289,106036490,106036490,-131761938,-131761938,-67761041,-67761041,-190423968,-190423968,12388055,12388055,217104602,217104602,39079818,39079818,-127273642,-127273642,-255340548,-255340548,-379491100,-379491100,-385060297,-385060297,-548360081,-548360081,-637903050,-637903050,-838234832,-838234832,-662414595,-662414595,-762798855,-762798855,-803891443,-803891443,-401845562
f = 274288897,0,1 | route T | claimed 2377.5403399610986483 | coeffs -655319808,-655319808,-539216736,-539216736,-725972722,-725972722,-830397588,-830397588,-872424410,-872424410,-578296554,-578296554,-598699080,-598699080,-575057040,-575057040,-492933310,-492933310,-193236257,-193236257,-50338999,-50338999,62846010,62846010,345301522,345301522,469178338,469178338,712459856,712459856,866737453,866737453,747147084,747147084,750067335,750067335,963752355,963752355,1012770200,1012770200,761456853,761456853,742977889,742977889,952841740,952841740,1003477217,1003477217,852056414,852056414,656889264,656889264,818743401,818743401,711973043,711973043,787081746,787081746,606977777,606977777,916396690,916396690,818009533,818009533
# status f = 274288897,0,1 : PASS_RHO (rho 0.92092, T 2377.5, 0s)
f = 302286313,0,1 | route RHO | claimed 0.86217029086731946935 | coeffs -176021135,-176021135,-128011421,-128011421,-256078327,-256078327,-387801305,-387801305,-451802202,-451802202,-552186462,-552186462,-709592297,-709592297,-585441745,-585441745,-564042530,-564042530,-686705457,-686705457,-645612869,-645612869,-872142375,-872142375,-877711572,-877711572,-881532741,-881532741,-1084344764,-1084344764,-682298883,-682298883,-667235702,-667235702,-503935918,-503935918,-505553550,-505553550,-300837003,-300837003,-421793568,-421793568,-569358344,-569358344,-658901313,-658901313,-559008769,-559008769,-380983985,-380983985,-351387487,-351387487,-343004286,-343004286,-142672504,-142672504,34015682,34015682,-132337778,-132337778,-237597530,-237597530,200898,200898
f = 302286313,0,1 | route T | claimed 1751.1103633274855614 | coeffs -343004286,-343004286,-142672504,-142672504,34015682,34015682,-132337778,-132337778,-237597530,-237597530,200898,200898,176021135,176021135,128011421,128011421,256078327,256078327,387801305,387801305,451802202,451802202,552186462,552186462,709592297,709592297,585441745,585441745,564042530,564042530,686705457,686705457,645612869,645612869,872142375,872142375,877711572,877711572,881532741,881532741,1084344764,1084344764,682298883,682298883,667235702,667235702,503935918,503935918,505553550,505553550,300837003,300837003,421793568,421793568,569358344,569358344,658901313,658901313,559008769,559008769,380983985,380983985,351387487,351387487
# status f = 302286313,0,1 : PASS_RHO (rho 0.86217, T 1751.1, 0s)
f = 344921770,0,1 | route RHO | claimed 0.88835674716969401879 | coeffs 187861074,187861074,98318105,98318105,261617889,261617889,256048692,256048692,380199244,380199244,252132338,252132338,418485798,418485798,240461014,240461014,35744467,35744467,238556490,238556490,361219417,361219417,425220314,425220314,663018742,663018742,671401943,671401943,523837167,523837167,538900348,538900348,312370842,312370842,154965007,154965007,202974721,202974721,26286535,26286535,-73606009,-73606009,-71988377,-71988377,-68167208,-68167208,-89566423,-89566423,42156555,42156555,-63103197,-63103197,-33506699,-33506699,-154463264,-154463264,247582617,247582617,288675205,288675205,188290945,188290945,12470708,12470708
f = 344921770,0,1 | route T | claimed 1719.3486550161800106 | coeffs 187861074,187861074,98318105,98318105,261617889,261617889,256048692,256048692,380199244,380199244,252132338,252132338,418485798,418485798,240461014,240461014,35744467,35744467,238556490,238556490,361219417,361219417,425220314,425220314,663018742,663018742,671401943,671401943,523837167,523837167,538900348,538900348,312370842,312370842,154965007,154965007,202974721,202974721,26286535,26286535,-73606009,-73606009,-71988377,-71988377,-68167208,-68167208,-89566423,-89566423,42156555,42156555,-63103197,-63103197,-33506699,-33506699,-154463264,-154463264,247582617,247582617,288675205,288675205,188290945,188290945,12470708,12470708
# status f = 344921770,0,1 : PASS_RHO (rho 0.88836, T 1719.3, 0s)
f = 349615102,0,1 | route RHO | claimed 0.93551219384005882221 | coeffs -34159617,-34159617,66224643,66224643,51161462,51161462,-149170320,-149170320,-306576155,-306576155,-143276371,-143276371,33411815,33411815,-90738737,-90738737,-89121105,-89121105,77232355,77232355,98631570,98631570,303348117,303348117,198088365,198088365,320751292,320751292,441707857,441707857,203909429,203909429,245002017,245002017,97437241,97437241,273257478,273257478,499786984,499786984,589329953,589329953,637339667,637339667,631770470,631770470,731663014,731663014,859729920,859729920,863551089,863551089,685526305,685526305,553803327,553803327,350991304,350991304,380587802,380587802,444588699,444588699,42542818,42542818
f = 349615102,0,1 | route T | claimed 2115.8485023199584158 | coeffs -143276371,-143276371,33411815,33411815,-90738737,-90738737,-89121105,-89121105,77232355,77232355,98631570,98631570,303348117,303348117,198088365,198088365,320751292,320751292,441707857,441707857,203909429,203909429,245002017,245002017,97437241,97437241,273257478,273257478,499786984,499786984,589329953,589329953,637339667,637339667,631770470,631770470,731663014,731663014,859729920,859729920,863551089,863551089,685526305,685526305,553803327,553803327,350991304,350991304,380587802,380587802,444588699,444588699,42542818,42542818,34159617,34159617,-66224643,-66224643,-51161462,-51161462,149170320,149170320,306576155,306576155
# status f = 349615102,0,1 : PASS_RHO (rho 0.93551, T 2115.8, 0s)
f = 400329805,0,1 | route RHO | claimed 0.86217029086731946935 | coeffs -682298883,-682298883,-1084344764,-1084344764,-881532741,-881532741,-877711572,-877711572,-872142375,-872142375,-645612869,-645612869,-686705457,-686705457,-564042530,-564042530,-585441745,-585441745,-709592297,-709592297,-552186462,-552186462,-451802202,-451802202,-387801305,-387801305,-256078327,-256078327,-128011421,-128011421,-176021135,-176021135,-200898,-200898,237597530,237597530,132337778,132337778,-34015682,-34015682,142672504,142672504,343004286,343004286,351387487,351387487,380983985,380983985,559008769,559008769,658901313,658901313,569358344,569358344,421793568,421793568,300837003,300837003,505553550,505553550,503935918,503935918,667235702,667235702
f = 400329805,0,1 | route T | claimed 2532.6443809871528184 | coeffs -200898,-200898,237597530,237597530,132337778,132337778,-34015682,-34015682,142672504,142672504,343004286,343004286,351387487,351387487,380983985,380983985,559008769,559008769,658901313,658901313,569358344,569358344,421793568,421793568,300837003,300837003,505553550,505553550,503935918,503935918,667235702,667235702,682298883,682298883,1084344764,1084344764,881532741,881532741,877711572,877711572,872142375,872142375,645612869,645612869,686705457,686705457,564042530,564042530,585441745,585441745,709592297,709592297,552186462,552186462,451802202,451802202,387801305,387801305,256078327,256078327,128011421,128011421,176021135,176021135
# status f = 400329805,0,1 : PASS_RHO (rho 0.86217, T 2532.6, 0s)
f = 474749601,0,1 | route RHO | claimed 0.932196784193878018 | coeffs 311794480,311794480,313412112,313412112,551210540,551210540,545641343,545641343,516044845,516044845,673450680,673450680,878167227,878167227,702346990,702346990,706168159,706168159,714551360,714551360,838701912,838701912,959658477,959658477,911648763,911648763,708836740,708836740,508504958,508504958,487105743,487105743,339540967,339540967,211474061,211474061,-190571820,-190571820,-13883634,-13883634,-136546561,-136546561,-47003592,-47003592,84719386,84719386,99782567,99782567,266136027,266136027,225043439,225043439,324935983,324935983,260935086,260935086,97635302,97635302,-7624450,-7624450,-234153956,-234153956,-412178740,-412178740
f = 474749601,0,1 | route T | claimed 2405.6349204684040436 | coeffs 439740345,439740345,241762390,241762390,492130434,492130434,452092924,452092924,455214807,455214807,603294785,603294785,465168806,465168806,594995353,594995353,213099389,213099389,186259375,186259375,189113639,189113639,292167647,292167647,352859411,352859411,203358500,203358500,226139059,226139059,180688605,180688605,305087827,305087827,65725284,65725284,-289483344,-289483344,-346344894,-346344894,-483870920,-483870920,-276410062,-276410062,-23803339,-23803339,-268846966,-268846966,-277718354,-277718354,1921298,1921298,-39075915,-39075915,-37527992,-37527992,-129352592,-129352592,-196882463,-196882463,-201807441,-201807441,-273784085,-273784085
# status f = 474749601,0,1 : PASS_RHO (rho 0.93220, T 2405.6, 0s)
f = 486343260,0,1 | route RHO | claimed 0.9036158554914991247 | coeffs 469554780,67508899,67508899,-22034070,-22034070,144319390,144319390,208320287,208320287,-18209219,-18209219,-16591587,-16591587,13004911,13004911,-162815326,-162815326,-286965878,-286965878,-489777901,-489777901,-342213125,-342213125,-165524939,-165524939,-297247917,-297247917,-338340505,-338340505,-175040721,-175040721,-353065505,-353065505,-115267077,-115267077,-272672912,-272672912,-268851743,-268851743,-389808308,-389808308,-590140090,-590140090,-462073184,-462073184,-584736111,-584736111,-599799292,-599799292,-499906748,-499906748,-394646996,-394646996,-294262736,-294262736,-299831933,-299831933,-504548480,-504548480,-496165279,-496165279,-448155565,-448155565,-469554780
f = 486343260,0,1 | route T | claimed 2635.7102267086119659 | coeffs 561384628,146625486,146625486,147487572,147487572,230631071,230631071,342674141,342674141,430742077,430742077,399536941,399536941,451423394,451423394,430673896,430673896,344161795,344161795,603510174,603510174,350274657,350274657,241235732,241235732,119516782,119516782,195234044,195234044,-48348521,-48348521,40065275,40065275,174389921,174389921,21755622,21755622,73807945,73807945,-10273432,-10273432,-122297762,-122297762,-63362853,-63362853,-301033623,-301033623,-88347660,-88347660,-91522622,-91522622,216122690,216122690,-14398689,-14398689,-89999803,-89999803,-431589827,-431589827,-508965802,-508965802,-418458633,-418458633,-561384628
# status f = 486343260,0,1 : PASS_RHO (rho 0.90362, T 2635.7, 0s)
f = 487783878,0,1 | route RHO | claimed 0.91784818379386696618 | coeffs 34958089,34958089,437003970,437003970,438621602,438621602,291056826,291056826,113032042,113032042,313363824,313363824,418623576,418623576,370613862,370613862,306612965,306612965,182462413,182462413,223555001,223555001,227376170,227376170,242439351,242439351,37722804,37722804,-51820165,-51820165,-81416663,-81416663,95271523,95271523,-142526905,-142526905,-14459999,-14459999,-114844259,-114844259,-136243474,-136243474,-362772980,-362772980,-159960957,-159960957,3338827,3338827,124295392,124295392,224187936,224187936,215804735,215804735,49451275,49451275,-126368962,-126368962,5354016,5354016,-152051819,-152051819,-29388892,-29388892
f = 487783878,0,1 | route T | claimed 1706.1537731874053541 | coeffs 126368962,-5354016,-5354016,152051819,152051819,29388892,29388892,34958089,34958089,437003970,437003970,438621602,438621602,291056826,291056826,113032042,113032042,313363824,313363824,418623576,418623576,370613862,370613862,306612965,306612965,182462413,182462413,223555001,223555001,227376170,227376170,242439351,242439351,37722804,37722804,-51820165,-51820165,-81416663,-81416663,95271523,95271523,-142526905,-142526905,-14459999,-14459999,-114844259,-114844259,-136243474,-136243474,-362772980,-362772980,-159960957,-159960957,3338827,3338827,124295392,124295392,224187936,224187936,215804735,215804735,49451275,49451275,-126368962
# status f = 487783878,0,1 : PASS_RHO (rho 0.91785, T 1706.2, 0s)
f = 512223995,0,1 | route RHO | claimed 0.91120912390059873153 | coeffs 170376643,-67421785,-67421785,-195488691,-195488691,-295872951,-295872951,-274473736,-274473736,-501003242,-501003242,-703815265,-703815265,-540515481,-540515481,-661472046,-661472046,-561579502,-561579502,-553196301,-553196301,-719549761,-719549761,-543729524,-543729524,-412006546,-412006546,-254600711,-254600711,-131937784,-131937784,-126368587,-126368587,-528414468,-528414468,-526796836,-526796836,-379232060,-379232060,-557256844,-557256844,-757588626,-757588626,-652328874,-652328874,-604319160,-604319160,-668320057,-668320057,-544169505,-544169505,-503076917,-503076917,-506898086,-506898086,-491834905,-491834905,-287118358,-287118358,-376661327,-376661327,-347064829,-347064829,-170376643
f = 512223995,0,1 | route T | claimed 1915.8188326783595902 | coeffs -170376643,-170376643,67421785,67421785,195488691,195488691,295872951,295872951,274473736,274473736,501003242,501003242,703815265,703815265,540515481,540515481,661472046,661472046,561579502,561579502,553196301,553196301,719549761,719549761,543729524,543729524,412006546,412006546,254600711,254600711,131937784,131937784,126368587,126368587,528414468,528414468,526796836,526796836,379232060,379232060,557256844,557256844,757588626,757588626,652328874,652328874,604319160,604319160,668320057,668320057,544169505,544169505,503076917,503076917,506898086,506898086,491834905,491834905,287118358,287118358,376661327,376661327,347064829,347064829
# status f = 512223995,0,1 : PASS_RHO (rho 0.91121, T 1915.8, 0s)
f = 513664613,0,1 | route RHO | claimed 0.91569892086065745973 | coeffs -369180909,-369180909,-328088321,-328088321,-164788537,-164788537,13236247,13236247,251034675,251034675,408440510,408440510,412261679,412261679,533218244,533218244,332886462,332886462,204819556,204819556,82156629,82156629,97219810,97219810,197112354,197112354,91852602,91852602,192236862,192236862,197806059,197806059,-6910488,-6910488,-15293689,-15293689,32716025,32716025,54115240,54115240,456161121,456161121,366618152,366618152,200264692,200264692,264265589,264265589,490795095,490795095,492412727,492412727,462816229,462816229,286995992,286995992,411146544,411146544,208334521,208334521,60769745,60769745,237457931,237457931
f = 513664613,0,1 | route T | claimed 2353.0353844899968194 | coeffs -135425643,-135425643,-243167717,-243167717,-202788022,-202788022,-232047165,-232047165,136600367,136600367,177723737,177723737,449081685,449081685,249703659,249703659,254842625,254842625,11154751,11154751,-97771441,-97771441,-120500867,-120500867,-294782845,-294782845,-202205063,-202205063,-228896491,-228896491,-33326011,-33326011,-156625575,-156625575,-11267162,-11267162,-5238617,-5238617,-267849495,-267849495,20960823,20960823,-197512529,-197512529,-259868847,-259868847,-423478353,-423478353,-319768971,-319768971,-162039860,-162039860,44444720,44444720,-249140029,-249140029,-167571992,-167571992,-17842839,-17842839,106321305,106321305,166155590,166155590
# status f = 513664613,0,1 : PASS_RHO (rho 0.91570, T 2353.0, 0s)
f = 525258272,0,1 | route RHO | claimed 0.89054586738868065728 | coeffs -11285988,-237815494,-237815494,-59790710,-59790710,40593550,40593550,42211182,42211182,-195587246,-195587246,-201156443,-201156443,-171559945,-171559945,-14154110,-14154110,-218870657,-218870657,-394690894,-394690894,-398512063,-398512063,-390128862,-390128862,-514279414,-514279414,-393322849,-393322849,-345313135,-345313135,-548125158,-548125158,-347793376,-347793376,-369192591,-369192591,-221627815,-221627815,-349694721,-349694721,52351160,52351160,229039346,229039346,351702273,351702273,441245242,441245242,309522264,309522264,324585445,324585445,158231985,158231985,117139397,117139397,17246853,17246853,-46754044,-46754044,116545740,116545740,11285988
f = 525258272,0,1 | route T | claimed 2345.7199229581483314 | coeffs -349694721,-349694721,52351160,52351160,229039346,229039346,351702273,351702273,441245242,441245242,309522264,309522264,324585445,324585445,158231985,158231985,117139397,117139397,17246853,17246853,-46754044,-46754044,116545740,116545740,11285988,11285988,237815494,237815494,59790710,59790710,-40593550,-40593550,-42211182,-42211182,195587246,195587246,201156443,201156443,171559945,171559945,14154110,14154110,218870657,218870657,394690894,394690894,398512063,398512063,390128862,390128862,514279414,514279414,393322849,393322849,345313135,345313135,548125158,548125158,347793376,347793376,369192591,369192591,221627815,221627815
# status f = 525258272,0,1 : PASS_RHO (rho 0.89055, T 2345.7, 0s)
f = 599678068,0,1 | route RHO | claimed 0.93359383839758299205 | coeffs -377629414,-377629414,-525194190,-525194190,-404237625,-404237625,-199521078,-199521078,-197903446,-197903446,-34603662,-34603662,-49666843,-49666843,352379038,352379038,555191061,555191061,551369892,551369892,556939089,556939089,330409583,330409583,289316995,289316995,166654068,166654068,145254853,145254853,269405405,269405405,426811240,426811240,326426980,326426980,390427877,390427877,258704899,258704899,386771805,386771805,434781519,434781519,610601756,610601756,372803328,372803328,267543576,267543576,433897036,433897036,610585222,610585222,410253440,410253440,418636641,418636641,389040143,389040143,567064927,567064927,467172383,467172383
f = 599678068,0,1 | route T | claimed 1828.0553292109963604 | coeffs 517787968,517787968,488528825,488528825,662810803,662810803,444337451,444337451,320173307,320173307,519551333,519551333,396251769,396251769,238522658,238522658,198142963,198142963,175413537,175413537,-113396781,-113396781,36332372,36332372,307690320,307690320,112119840,112119840,215829222,215829222,108087148,108087148,217013340,217013340,-45597538,-45597538,-127165575,-127165575,-168288945,-168288945,-194980373,-194980373,-31370867,-31370867,-62100814,-62100814,-305788688,-305788688,-311817233,-311817233,-605401982,-605401982,-236754450,-236754450,-329332232,-329332232,-391688550,-391688550,-451522835,-451522835,-456661801,-456661801,-311303388,-311303388
# status f = 599678068,0,1 : PASS_RHO (rho 0.93359, T 1828.1, 0s)
f = 650392771,0,1 | route RHO | claimed 0.87421627469613348136 | coeffs 76053627,-99766610,-99766610,126762896,126762896,37219927,37219927,85229641,85229641,90798838,90798838,190691382,190691382,62624476,62624476,66445645,66445645,244470429,244470429,112747451,112747451,315559474,315559474,345155972,345155972,281155075,281155075,-120890806,-120890806,-112507605,-112507605,-212891865,-212891865,-227955046,-227955046,-27623264,-27623264,-185029099,-185029099,-348328883,-348328883,-171640697,-171640697,-47490145,-47490145,-45872513,-45872513,-212225973,-212225973,-190826758,-190826758,-395543305,-395543305,-500803057,-500803057,-623465984,-623465984,-502509419,-502509419,-264710991,-264710991,-223618403,-223618403,-76053627
f = 650392771,0,1 | route T | claimed 1971.5944973485200353 | coeffs -281155075,120890806,120890806,112507605,112507605,212891865,212891865,227955046,227955046,27623264,27623264,185029099,185029099,348328883,348328883,171640697,171640697,47490145,47490145,45872513,45872513,212225973,212225973,190826758,190826758,395543305,395543305,500803057,500803057,623465984,623465984,502509419,502509419,264710991,264710991,223618403,223618403,76053627,76053627,-99766610,-99766610,126762896,126762896,37219927,37219927,85229641,85229641,90798838,90798838,190691382,190691382,62624476,62624476,66445645,66445645,244470429,244470429,112747451,112747451,315559474,315559474,345155972,345155972,281155075
# status f = 650392771,0,1 : PASS_RHO (rho 0.87422, T 1971.6, 0s)
f = 655086103,0,1 | route RHO | claimed 0.92091890908429554089 | coeffs 385060297,385060297,379491100,379491100,255340548,255340548,127273642,127273642,-39079818,-39079818,-217104602,-217104602,-12388055,-12388055,190423968,190423968,67761041,67761041,131761938,131761938,-106036490,-106036490,-97653289,-97653289,49911487,49911487,64974668,64974668,291504174,291504174,134098339,134098339,86088625,86088625,-90599561,-90599561,9292983,9292983,10910615,10910615,7089446,7089446,-14309769,-14309769,-146032747,-146032747,-251292499,-251292499,-280888997,-280888997,-401845562,-401845562,-803891443,-803891443,-762798855,-762798855,-662414595,-662414595,-838234832,-838234832,-637903050,-637903050,-548360081,-548360081
f = 655086103,0,1 | route T | claimed 2117.3557681146094295 | coeffs 251292499,251292499,280888997,280888997,401845562,401845562,803891443,803891443,762798855,762798855,662414595,662414595,838234832,838234832,637903050,637903050,548360081,548360081,385060297,385060297,379491100,379491100,255340548,255340548,127273642,127273642,-39079818,-39079818,-217104602,-217104602,-12388055,-12388055,190423968,190423968,67761041,67761041,131761938,131761938,-106036490,-106036490,-97653289,-97653289,49911487,49911487,64974668,64974668,291504174,291504174,134098339,134098339,86088625,86088625,-90599561,-90599561,9292983,9292983,10910615,10910615,7089446,7089446,-14309769,-14309769,-146032747,-146032747
# status f = 655086103,0,1 : PASS_RHO (rho 0.92092, T 2117.4, 0s)
f = 697721560,0,1 | route RHO | claimed 0.93359383839758299205 | coeffs 352379038,-49666843,-49666843,-34603662,-34603662,-197903446,-197903446,-199521078,-199521078,-404237625,-404237625,-525194190,-525194190,-377629414,-377629414,-467172383,-467172383,-567064927,-567064927,-389040143,-389040143,-418636641,-418636641,-410253440,-410253440,-610585222,-610585222,-433897036,-433897036,-267543576,-267543576,-372803328,-372803328,-610601756,-610601756,-434781519,-434781519,-386771805,-386771805,-258704899,-258704899,-390427877,-390427877,-326426980,-326426980,-426811240,-426811240,-269405405,-269405405,-145254853,-145254853,-166654068,-166654068,-289316995,-289316995,-330409583,-330409583,-556939089,-556939089,-551369892,-551369892,-555191061,-555191061,-352379038
f = 697721560,0,1 | route T | claimed 1793.3615736085729476 | coeffs 238522658,396251769,396251769,519551333,519551333,320173307,320173307,444337451,444337451,662810803,662810803,488528825,488528825,517787968,517787968,311303388,311303388,456661801,456661801,451522835,451522835,391688550,391688550,329332232,329332232,236754450,236754450,605401982,605401982,311817233,311817233,305788688,305788688,62100814,62100814,31370867,31370867,194980373,194980373,168288945,168288945,127165575,127165575,45597538,45597538,-217013340,-217013340,-108087148,-108087148,-215829222,-215829222,-112119840,-112119840,-307690320,-307690320,-36332372,-36332372,113396781,113396781,-175413537,-175413537,-198142963,-198142963,-238522658
# status f = 697721560,0,1 : PASS_RHO (rho 0.93359, T 1793.4, 0s)
f = 725718976,0,1 | route RHO | claimed 0.88835674716969401879 | coeffs -68167208,-71988377,-71988377,-73606009,-73606009,26286535,26286535,202974721,202974721,154965007,154965007,312370842,312370842,538900348,538900348,523837167,523837167,671401943,671401943,663018742,663018742,425220314,425220314,361219417,361219417,238556490,238556490,35744467,35744467,240461014,240461014,418485798,418485798,252132338,252132338,380199244,380199244,256048692,256048692,261617889,261617889,98318105,98318105,187861074,187861074,-12470708,-12470708,-188290945,-188290945,-288675205,-288675205,-247582617,-247582617,154463264,154463264,33506699,33506699,63103197,63103197,-42156555,-42156555,89566423,89566423,68167208
f = 725718976,0,1 | route T | claimed 2179.6471679471324202 | coeffs -68167208,-71988377,-71988377,-73606009,-73606009,26286535,26286535,202974721,202974721,154965007,154965007,312370842,312370842,538900348,538900348,523837167,523837167,671401943,671401943,663018742,663018742,425220314,425220314,361219417,361219417,238556490,238556490,35744467,35744467,240461014,240461014,418485798,418485798,252132338,252132338,380199244,380199244,256048692,256048692,261617889,261617889,98318105,98318105,187861074,187861074,-12470708,-12470708,-188290945,-188290945,-288675205,-288675205,-247582617,-247582617,154463264,154463264,33506699,33506699,63103197,63103197,-42156555,-42156555,89566423,89566423,68167208
# status f = 725718976,0,1 : PASS_RHO (rho 0.88836, T 2179.6, 0s)
f = 833538393,0,1 | route RHO | claimed 0.932196784193878018 | coeffs 190571820,-211474061,-211474061,-339540967,-339540967,-487105743,-487105743,-508504958,-508504958,-708836740,-708836740,-911648763,-911648763,-959658477,-959658477,-838701912,-838701912,-714551360,-714551360,-706168159,-706168159,-702346990,-702346990,-878167227,-878167227,-673450680,-673450680,-516044845,-516044845,-545641343,-545641343,-551210540,-551210540,-313412112,-313412112,-311794480,-311794480,-412178740,-412178740,-234153956,-234153956,-7624450,-7624450,97635302,97635302,260935086,260935086,324935983,324935983,225043439,225043439,266136027,266136027,99782567,99782567,84719386,84719386,-47003592,-47003592,-136546561,-136546561,-13883634,-13883634,-190571820
f = 833538393,0,1 | route T | claimed 2128.3096508574708399 | coeffs -7624450,97635302,97635302,260935086,260935086,324935983,324935983,225043439,225043439,266136027,266136027,99782567,99782567,84719386,84719386,-47003592,-47003592,-136546561,-136546561,-13883634,-13883634,-190571820,-190571820,211474061,211474061,339540967,339540967,487105743,487105743,508504958,508504958,708836740,708836740,911648763,911648763,959658477,959658477,838701912,838701912,714551360,714551360,706168159,706168159,702346990,702346990,878167227,878167227,673450680,673450680,516044845,516044845,545641343,545641343,551210540,551210540,313412112,313412112,311794480,311794480,412178740,412178740,234153956,234153956,7624450
# status f = 833538393,0,1 : PASS_RHO (rho 0.93220, T 2128.3, 0s)
f = 852839202,0,1 | route RHO | claimed 0.88302732622465653816 | coeffs -225631920,-225631920,-330891672,-330891672,-206741120,-206741120,-221804301,-221804301,-192207803,-192207803,-320274709,-320274709,-93745203,-93745203,-214701768,-214701768,-48348308,-48348308,109057527,109057527,511103408,511103408,333078624,333078624,285068910,285068910,326161498,326161498,121444951,121444951,298133137,298133137,197748877,197748877,400560900,400560900,500453444,500453444,324633207,324633207,447296134,447296134,445678502,445678502,245346720,245346720,309347617,309347617,305526448,305526448,395069417,395069417,632867845,632867845,654267060,654267060,490967276,490967276,499350477,499350477,367627499,367627499,373196696,373196696
f = 852839202,0,1 | route T | claimed 1931.8895759163780638 | coeffs -214701768,-48348308,-48348308,109057527,109057527,511103408,511103408,333078624,333078624,285068910,285068910,326161498,326161498,121444951,121444951,298133137,298133137,197748877,197748877,400560900,400560900,500453444,500453444,324633207,324633207,447296134,447296134,445678502,445678502,245346720,245346720,309347617,309347617,305526448,305526448,395069417,395069417,632867845,632867845,654267060,654267060,490967276,490967276,499350477,499350477,367627499,367627499,373196696,373196696,225631920,225631920,330891672,330891672,206741120,206741120,221804301,221804301,192207803,192207803,320274709,320274709,93745203,93745203,214701768
# status f = 852839202,0,1 : PASS_RHO (rho 0.88303, T 1931.9, 0s)
f = 862592330,0,1 | route RHO | claimed 0.9036158554914991247 | coeffs -462073184,-462073184,-590140090,-590140090,-389808308,-389808308,-268851743,-268851743,-272672912,-272672912,-115267077,-115267077,-353065505,-353065505,-175040721,-175040721,-338340505,-338340505,-297247917,-297247917,-165524939,-165524939,-342213125,-342213125,-489777901,-489777901,-286965878,-286965878,-162815326,-162815326,13004911,13004911,-16591587,-16591587,-18209219,-18209219,208320287,208320287,144319390,144319390,-22034070,-22034070,67508899,67508899,469554780,469554780,448155565,448155565,496165279,496165279,504548480,504548480,299831933,299831933,294262736,294262736,394646996,394646996,499906748,499906748,599799292,599799292,584736111,584736111
f = 862592330,0,1 | route T | claimed 2073.8568421201981412 | coeffs 100346864,100346864,254624461,254624461,505937808,505937808,310770658,310770658,1351745,1351745,105776611,105776611,187900341,187900341,64023525,64023525,277708545,277708545,227073068,227073068,302181771,302181771,418284843,418284843,438687369,438687369,551872378,551872378,671462747,671462747,652983783,652983783,491129646,491129646,392742489,392742489,350715667,350715667,51018614,51018614,294300132,294300132,245282287,245282287,93861484,93861484,273965453,273965453,460721439,460721439,484363479,484363479,201907967,201907967,204828218,204828218,-5035633,-5035633,-111805991,-111805991,50883734,50883734,-243244122,-243244122
# status f = 862592330,0,1 : PASS_RHO (rho 0.90362, T 2073.9, 0s)
f = 868821285,0,1 | route RHO | claimed 0.9142080806097834341 | coeffs 43996886,43996886,-160719661,-160719661,-224720558,-224720558,-372285334,-372285334,-214879499,-214879499,-314772043,-314772043,-293372828,-293372828,-263776330,-263776330,-304868918,-304868918,-505200700,-505200700,-510769897,-510769897,-677123357,-677123357,-474311334,-474311334,-712109762,-712109762,-697046581,-697046581,-745056295,-745056295,-743438663,-743438663,-875161641,-875161641,-996118206,-996118206,-895733946,-895733946,-806190977,-806190977,-682040425,-682040425,-504015641,-504015641,-381352714,-381352714,-389735915,-389735915,-616265421,-616265421,-439577235,-439577235,-435756066,-435756066,-330496314,-330496314,71549567,71549567,247369804,247369804,84070020,84070020
f = 868821285,0,1 | route T | claimed 2143.1821171423215322 | coeffs 84070020,84070020,-43996886,-43996886,160719661,160719661,224720558,224720558,372285334,372285334,214879499,214879499,314772043,314772043,293372828,293372828,263776330,263776330,304868918,304868918,505200700,505200700,510769897,510769897,677123357,677123357,474311334,474311334,712109762,712109762,697046581,697046581,745056295,745056295,743438663,743438663,875161641,875161641,996118206,996118206,895733946,895733946,806190977,806190977,682040425,682040425,504015641,504015641,381352714,381352714,389735915,389735915,616265421,616265421,439577235,439577235,435756066,435756066,330496314,330496314,-71549567,-71549567,-247369804,-247369804
# status f = 868821285,0,1 : PASS_RHO (rho 0.91421, T 2143.2, 0s)
f = 913917076,0,1 | route RHO | claimed 0.89043449528224860478 | coeffs -658845696,-658845696,-594844799,-594844799,-799561346,-799561346,-927628252,-927628252,-764328468,-764328468,-588508231,-588508231,-990554112,-990554112,-885294360,-885294360,-889115529,-889115529,-712427343,-712427343,-485897837,-485897837,-494281038,-494281038,-616943965,-616943965,-438919181,-438919181,-563069733,-563069733,-473526764,-473526764,-573911024,-573911024,-694867589,-694867589,-563144611,-563144611,-561526979,-561526979,-513517265,-513517265,-498454084,-498454084,-260655656,-260655656,-57843633,-57843633,108509827,108509827,102940630,102940630,303272412,303272412,262179824,262179824,232583326,232583326,253982541,253982541,353875085,353875085,511280920,511280920
f = 913917076,0,1 | route T | claimed 2562.6743150927573945 | coeffs -227204184,16378381,16378381,-4371117,-4371117,410388025,410388025,102742713,102742713,154795036,154795036,263833961,263833961,351901897,351901897,274525922,274525922,512196692,512196692,600610488,600610488,687122589,687122589,687984675,687984675,457463296,457463296,541544673,541544673,419825723,419825723,451030859,451030859,360523690,360523690,573209653,573209653,438885007,438885007,698233386,698233386,615089887,615089887,690691001,690691001,578666671,578666671,502949409,502949409,554835862,554835862,411909867,411909867,415084829,415084829,262450530,262450530,515686047,515686047,627729117,627729117,286139093,286139093,227204184
# status f = 913917076,0,1 : PASS_RHO (rho 0.89043, T 2562.7, 0s)
f = 937097025,0,1 | route RHO | claimed 0.93032545903568556777 | coeffs 732429554,566076094,566076094,445119529,445119529,218590023,218590023,90523117,90523117,60926619,60926619,45863438,45863438,-78287114,-78287114,-183546866,-183546866,-331111642,-331111642,-336680839,-336680839,-468403817,-468403817,-476787018,-476787018,-640086802,-640086802,-661486017,-661486017,-423687589,-423687589,-513230558,-513230558,-517051727,-517051727,-581052624,-581052624,-781384406,-781384406,-779766774,-779766774,-657103847,-657103847,-481283610,-481283610,-381391066,-381391066,-584203089,-584203089,-684587349,-684587349,-861275535,-861275535,-1065992082,-1065992082,-1107084670,-1107084670,-1155094384,-1155094384,-977069600,-977069600,-575023719,-575023719,-732429554
f = 937097025,0,1 | route T | claimed 2352.0376365691479935 | coeffs 398865977,403790955,403790955,643153498,643153498,640031615,640031615,394987988,394987988,397842252,397842252,465372123,465372123,340972901,340972901,381010411,381010411,633617134,633617134,606777120,606777120,698601720,698601720,744052174,744052174,493684130,493684130,701144988,701144988,319249024,319249024,317701101,317701101,294920542,294920542,492898497,492898497,355372471,355372471,485199018,485199018,526196231,526196231,675697142,675697142,509740882,509740882,452879332,452879332,314753353,314753353,35113701,35113701,-25578063,-25578063,-97554707,-97554707,-452763335,-452763335,-304683357,-304683357,-295811969,-295811969,-398865977
# status f = 937097025,0,1 : PASS_RHO (rho 0.93033, T 2352.0, 0s)
f = 937402197,0,1 | route RHO | claimed 0.91120912390059873153 | coeffs 274473736,295872951,295872951,195488691,195488691,67421785,67421785,-170376643,-170376643,-347064829,-347064829,-376661327,-376661327,-287118358,-287118358,-491834905,-491834905,-506898086,-506898086,-503076917,-503076917,-544169505,-544169505,-668320057,-668320057,-604319160,-604319160,-652328874,-652328874,-757588626,-757588626,-557256844,-557256844,-379232060,-379232060,-526796836,-526796836,-528414468,-528414468,-126368587,-126368587,-131937784,-131937784,-254600711,-254600711,-412006546,-412006546,-543729524,-543729524,-719549761,-719549761,-553196301,-553196301,-561579502,-561579502,-661472046,-661472046,-540515481,-540515481,-703815265,-703815265,-501003242,-501003242,-274473736
f = 937402197,0,1 | route T | claimed 2610.707189353702373 | coeffs -154094898,-157015149,-157015149,-299912407,-299912407,-195487541,-195487541,-120378838,-120378838,-138857802,-138857802,104423716,104423716,128065756,128065756,290755481,290755481,485922631,485922631,272237611,272237611,159052602,159052602,201079424,201079424,20975455,20975455,230839306,230839306,385116903,385116903,467240633,467240633,583343705,583343705,421489568,421489568,372471723,372471723,90016211,90016211,-204111645,-204111645,105307268,105307268,155942745,155942745,36352376,36352376,336049429,336049429,149293443,149293443,256063801,256063801,507377148,507377148,383500332,383500332,403902858,403902858,305515701,305515701,154094898
# status f = 937402197,0,1 : PASS_RHO (rho 0.91121, T 2610.7, 0s)
f = 978472624,0,1 | route RHO | claimed 0.87421627469613348136 | coeffs -315559474,-112747451,-112747451,-244470429,-244470429,-66445645,-66445645,-62624476,-62624476,-190691382,-190691382,-90798838,-90798838,-85229641,-85229641,-37219927,-37219927,-126762896,-126762896,99766610,99766610,-76053627,-76053627,-223618403,-223618403,-264710991,-264710991,-502509419,-502509419,-623465984,-623465984,-500803057,-500803057,-395543305,-395543305,-190826758,-190826758,-212225973,-212225973,-45872513,-45872513,-47490145,-47490145,-171640697,-171640697,-348328883,-348328883,-185029099,-185029099,-27623264,-27623264,-227955046,-227955046,-212891865,-212891865,-112507605,-112507605,-120890806,-120890806,281155075,281155075,345155972,345155972,315559474
f = 978472624,0,1 | route T | claimed 1957.8554804226253284 | coeffs 112747451,112747451,244470429,244470429,66445645,66445645,62624476,62624476,190691382,190691382,90798838,90798838,85229641,85229641,37219927,37219927,126762896,126762896,-99766610,-99766610,76053627,76053627,223618403,223618403,264710991,264710991,502509419,502509419,623465984,623465984,500803057,500803057,395543305,395543305,190826758,190826758,212225973,212225973,45872513,45872513,47490145,47490145,171640697,171640697,348328883,348328883,185029099,185029099,27623264,27623264,227955046,227955046,212891865,212891865,112507605,112507605,120890806,120890806,-281155075,-281155075,-345155972,-345155972,-315559474,-315559474
# status f = 978472624,0,1 : PASS_RHO (rho 0.87422, T 1957.9, 0s)
# summary n = 7 l = 1000007873 : EXCLUSION_CANDIDATE ; PASS 32 / 32 ; OPEN_NEAR 0 ; OPEN_FAR 0 ; 9s
