# FAMILY WITNESS FILE (generator family_gen.sage r10). n = 7 ; l = 1001142721 ; m = 64 ; deg = 2 ; ncomp = 32 ; bar_T = 4224 ; L_n = 16.3328709449664096755483535644
# line: f = c0,...,c_deg (monic, over F_l) | route RHO|T | claimed (rho or T, float) | coeffs a_0..a_{m-1}
f = 29817600,0,1 | route RHO | claimed 0.93660542663052061582 | coeffs -80648666,127414364,127414364,424028607,424028607,558830556,558830556,410744488,410744488,505497822,505497822,564914949,564914949,638206608,638206608,918064937,918064937,684253064,684253064,690279449,690279449,644266993,644266993,692691821,692691821,671628794,671628794,381482642,381482642,189648267,189648267,271116860,271116860,453621298,453621298,298350360,298350360,599577629,599577629,484359346,484359346,568549303,568549303,630077091,630077091,553861500,553861500,601428977,601428977,555028789,555028789,625375371,625375371,587459895,587459895,405562401,405562401,369508497,369508497,117187333,117187333,158234005,158234005,80648666
f = 29817600,0,1 | route T | claimed 2950.7628406120613632 | coeffs -203232115,-203232115,-284456028,-284456028,-320789922,-320789922,-197333044,-197333044,-84038420,-84038420,-94764339,-94764339,-39641288,-39641288,43932686,43932686,257899475,257899475,390989946,390989946,146954386,146954386,406629145,406629145,520459664,520459664,294524288,294524288,315238538,315238538,489530966,489530966,352820264,352820264,341442786,341442786,119504350,119504350,208663729,208663729,500411836,500411836,612751196,612751196,475445940,475445940,395692700,395692700,273973227,273973227,279448969,279448969,524090664,524090664,220463310,220463310,214645548,214645548,266663430,266663430,101996845,101996845,-48293583,-48293583
# status f = 29817600,0,1 : PASS_RHO (rho 0.93661, T 2950.8, 1s)
f = 58583529,0,1 | route RHO | claimed 0.96877940650371410144 | coeffs 769590515,714467464,714467464,581376993,581376993,467546474,467546474,293254046,293254046,515192482,515192482,402853122,402853122,524572595,524572595,828199949,828199949,992866534,992866534,911642621,911642621,1024937245,1024937245,1108511219,1108511219,864475659,864475659,638540283,638540283,501829581,501829581,590988960,590988960,453683704,453683704,459159446,459159446,453341684,453341684,303051256,303051256,339385150,339385150,350111069,350111069,136144280,136144280,-123530479,-123530479,-144244729,-144244729,-132867251,-132867251,-424615358,-424615358,-344862118,-344862118,-589503813,-589503813,-641521695,-641521695,-893047393,-893047393,-769590515
f = 58583529,0,1 | route T | claimed 2870.6053711445562254 | coeffs 341491541,320428514,320428514,401897107,401897107,703124376,703124376,764652164,764652164,718251976,718251976,536354482,536354482,577401154,577401154,280786911,280786911,186033577,186033577,-93824752,-93824752,-47812296,-47812296,242333856,242333856,59829418,59829418,175047701,175047701,251263292,251263292,180916710,180916710,216970614,216970614,294555953,294555953,429357902,429357902,488775029,488775029,254963156,254963156,303387984,303387984,111553609,111553609,-43717329,-43717329,40472628,40472628,88040105,88040105,50124629,50124629,-202196535,-202196535,-410259565,-410259565,-262173497,-262173497,-335465156,-335465156,-341491541
# status f = 58583529,0,1 : PASS_RHO (rho 0.96878, T 2870.6, 0s)
f = 112489792,0,1 | route RHO | claimed 0.96877940650371410144 | coeffs -524572595,-402853122,-402853122,-515192482,-515192482,-293254046,-293254046,-467546474,-467546474,-581376993,-581376993,-714467464,-714467464,-769590515,-769590515,-893047393,-893047393,-641521695,-641521695,-589503813,-589503813,-344862118,-344862118,-424615358,-424615358,-132867251,-132867251,-144244729,-144244729,-123530479,-123530479,136144280,136144280,350111069,350111069,339385150,339385150,303051256,303051256,453341684,453341684,459159446,459159446,453683704,453683704,590988960,590988960,501829581,501829581,638540283,638540283,864475659,864475659,1108511219,1108511219,1024937245,1024937245,911642621,911642621,992866534,992866534,828199949,828199949,524572595
f = 112489792,0,1 | route T | claimed 2262.0172984088234396 | coeffs 83931130,537280000,537280000,495142872,495142872,520712580,520712580,591440182,591440182,497112427,497112427,739133677,739133677,350192702,350192702,448940510,448940510,465170710,465170710,357209287,357209287,324499272,324499272,176287806,176287806,256433680,256433680,334517883,334517883,515272163,515272163,627587820,627587820,426083244,426083244,345980573,345980573,172491671,172491671,400679318,400679318,266184714,266184714,385716055,385716055,451572241,451572241,354846011,354846011,344550465,344550465,317375918,317375918,65816037,65816037,289127962,289127962,124945065,124945065,14917943,14917943,-210349339,-210349339,-83931130
# status f = 112489792,0,1 : PASS_RHO (rho 0.96878, T 2262.0, 0s)
f = 139761632,0,1 | route RHO | claimed 0.94722161768251654844 | coeffs 423434755,504903348,504903348,540957252,540957252,534930867,534930867,458715276,458715276,310629208,310629208,128124770,128124770,-124196394,-124196394,-170208850,-170208850,-217776327,-217776327,-312529661,-312529661,-467800599,-467800599,-508847271,-508847271,-557272099,-557272099,-603672287,-603672287,-544255160,-544255160,-845482429,-845482429,-923067768,-923067768,-944130795,-944130795,-1014477377,-1014477377,-1087769036,-1087769036,-1202987319,-1202987319,-994924289,-994924289,-704778137,-704778137,-742693613,-742693613,-462835284,-462835284,-547025241,-547025241,-843639484,-843639484,-1035473859,-1035473859,-853576365,-853576365,-619764492,-619764492,-558236704,-558236704,-423434755
f = 139761632,0,1 | route T | claimed 2616.7378272456917627 | coeffs -210841322,-194571118,-194571118,-196705212,-196705212,-405472593,-405472593,-515906377,-515906377,-628780261,-628780261,-361898985,-361898985,-511940993,-511940993,-384009340,-384009340,-96263273,-96263273,157373379,157373379,345955375,345955375,368445894,368445894,319415738,319415738,248617408,248617408,89361401,89361401,-104278134,-104278134,118622008,118622008,110276330,110276330,165015576,165015576,181540355,181540355,459154355,459154355,240177828,240177828,143074545,143074545,428717780,428717780,286562236,286562236,292323812,292323812,365219274,365219274,675884659,675884659,604649578,604649578,611440701,611440701,471885349,471885349,210841322
# status f = 139761632,0,1 : PASS_RHO (rho 0.94722, T 2616.7, 0s)
f = 167257538,0,1 | route RHO | claimed 0.90334014078347490993 | coeffs 541884990,541884990,468593331,468593331,391007992,391007992,344607804,344607804,189336866,189336866,143324410,143324410,-4761658,-4761658,31292246,31292246,-30235542,-30235542,161598833,161598833,-118259496,-118259496,-326322526,-326322526,-255975944,-255975944,45251325,45251325,93676153,93676153,188429487,188429487,440750651,440750651,516966242,516966242,435497649,435497649,669309522,669309522,372695279,372695279,334779803,334779803,219561520,219561520,198498493,198498493,257915620,257915620,216868948,216868948,169301471,169301471,-13202967,-13202967,-19229352,-19229352,-154031301,-154031301,-335928795,-335928795,-251738838,-251738838
f = 167257538,0,1 | route T | claimed 2254.5654918254115886 | coeffs 65731834,31500007,31500007,428999891,428999891,292154234,292154234,328256448,328256448,433308739,433308739,224533428,224533428,97648178,97648178,207495096,207495096,217655401,217655401,494882551,494882551,441195346,441195346,308443717,308443717,146909464,146909464,268183422,268183422,364646325,364646325,401322596,401322596,358707077,358707077,270991085,270991085,333144480,333144480,306095840,306095840,214879466,214879466,345619593,345619593,396580512,396580512,528449978,528449978,436827334,436827334,822065326,822065326,484048313,484048313,294138041,294138041,103461074,103461074,-75721431,-75721431,-177298024,-177298024,-65731834
# status f = 167257538,0,1 : PASS_RHO (rho 0.90334, T 2254.6, 0s)
f = 185221202,0,1 | route RHO | claimed 0.90586732689464722187 | coeffs 29656573,29656573,75669029,75669029,-39549254,-39549254,-3495350,-3495350,-62912477,-62912477,-254746852,-254746852,-302314329,-302314329,-510377359,-510377359,-504350974,-504350974,-805578243,-805578243,-987475737,-987475737,-892722403,-892722403,-602576251,-602576251,-678791842,-678791842,-601206503,-601206503,-367394630,-367394630,-522665568,-522665568,-484750092,-484750092,-336664024,-336664024,-357727051,-357727051,-419254839,-419254839,-378208167,-378208167,-98349838,-98349838,-280854276,-280854276,-210507694,-210507694,-75705745,-75705745,-124130573,-124130573,-39940616,-39940616,212380548,212380548,139088889,139088889,220557482,220557482,266957670,266957670
f = 185221202,0,1 | route T | claimed 2849.5054470305791886 | coeffs 54500329,54500329,187251958,187251958,-3425009,-3425009,117848949,117848949,219425542,219425542,182749271,182749271,216981098,216981098,129265106,129265106,-7580551,-7580551,19468089,19468089,-85584202,-85584202,45155925,45155925,-81729325,-81729325,-213598791,-213598791,-223759096,-223759096,161478896,161478896,107791691,107791691,297701963,297701963,459236216,459236216,280053711,280053711,376516614,376516614,264950424,264950424,307565943,307565943,-89933941,-89933941,-27780546,-27780546,8321668,8321668,99538042,99538042,308313353,308313353,359274272,359274272,469121190,469121190,560743834,560743834,283516684,283516684
# status f = 185221202,0,1 : PASS_RHO (rho 0.90587, T 2849.5, 0s)
f = 267768952,0,1 | route RHO | claimed 0.92798563139847600114 | coeffs 450872757,377581098,377581098,195683604,195683604,378188042,378188042,437605169,437605169,475520645,475520645,394052052,394052052,299298718,299298718,369645300,369645300,177810925,177810925,29724857,29724857,76125045,76125045,366271197,366271197,231469248,231469248,279036725,279036725,257973698,257973698,554587941,554587941,630803532,630803532,582378704,582378704,374315674,374315674,435843462,435843462,389831006,389831006,467416345,467416345,383226388,383226388,377200003,377200003,418246675,418246675,303028392,303028392,69216519,69216519,321537683,321537683,20310414,20310414,-259547915,-259547915,-295601819,-295601819,-450872757
f = 267768952,0,1 | route T | claimed 2748.4304045430786177 | coeffs 450872757,377581098,377581098,195683604,195683604,378188042,378188042,437605169,437605169,475520645,475520645,394052052,394052052,299298718,299298718,369645300,369645300,177810925,177810925,29724857,29724857,76125045,76125045,366271197,366271197,231469248,231469248,279036725,279036725,257973698,257973698,554587941,554587941,630803532,630803532,582378704,582378704,374315674,374315674,435843462,435843462,389831006,389831006,467416345,467416345,383226388,383226388,377200003,377200003,418246675,418246675,303028392,303028392,69216519,69216519,321537683,321537683,20310414,20310414,-259547915,-259547915,-295601819,-295601819,-450872757
# status f = 267768952,0,1 : PASS_RHO (rho 0.92799, T 2748.4, 0s)
f = 273607643,0,1 | route RHO | claimed 0.95224419696770657017 | coeffs -222160529,-222160529,-513908636,-513908636,-524634555,-524634555,-661939811,-661939811,-745513785,-745513785,-623794312,-623794312,-490703841,-490703841,-246062146,-246062146,-505736905,-505736905,-499919143,-499919143,-725854519,-725854519,-890521104,-890521104,-1064813532,-1064813532,-1316339230,-1316339230,-1327716708,-1327716708,-1291382814,-1291382814,-1380542193,-1380542193,-1267247569,-1267247569,-1154908209,-1154908209,-1210031260,-1210031260,-1130278020,-1130278020,-916311231,-916311231,-910835489,-910835489,-666799929,-666799929,-363172575,-363172575,-249342056,-249342056,-197324174,-197324174,-218038424,-218038424,-67747996,-67747996,-204458698,-204458698,-123234785,-123234785,98703651,98703651
f = 273607643,0,1 | route T | claimed 2649.9029105701343196 | coeffs -228901511,-298068046,-298068046,-122562168,-122562168,56910941,56910941,124101295,124101295,263180401,263180401,203598185,203598185,107447198,107447198,169850534,169850534,351675985,351675985,97001681,97001681,208061756,208061756,44987052,44987052,-71956327,-71956327,262303453,262303453,190547937,190547937,229593191,229593191,382667102,382667102,250303331,250303331,-72428941,-72428941,237707571,237707571,81961480,81961480,320093281,320093281,462973955,462973955,197966965,197966965,61575776,61575776,21784341,21784341,181584675,181584675,-7703436,-7703436,-124337428,-124337428,499837,499837,113079384,113079384,228901511
# status f = 273607643,0,1 : PASS_RHO (rho 0.95224, T 2649.9, 0s)
f = 321962478,0,1 | route RHO | claimed 0.92210112374879101176 | coeffs -209490791,87123452,87123452,123177356,123177356,75609879,75609879,-225617390,-225617390,64528762,64528762,298340635,298340635,446426703,446426703,487473375,487473375,557819957,557819957,642009914,642009914,723478507,723478507,677466051,677466051,736883178,736883178,944946208,944946208,1126843702,1126843702,1203059293,1203059293,1358330231,1358330231,1379393258,1379393258,1099534929,1099534929,964732980,964732980,712411816,712411816,666011628,666011628,550793345,550793345,358958970,358958970,364985355,364985355,459738689,459738689,537324028,537324028,575239504,575239504,513711716,513711716,331207278,331207278,282782450,282782450,209490791
f = 321962478,0,1 | route T | claimed 1998.6311506798722128 | coeffs -209490791,87123452,87123452,123177356,123177356,75609879,75609879,-225617390,-225617390,64528762,64528762,298340635,298340635,446426703,446426703,487473375,487473375,557819957,557819957,642009914,642009914,723478507,723478507,677466051,677466051,736883178,736883178,944946208,944946208,1126843702,1126843702,1203059293,1203059293,1358330231,1358330231,1379393258,1379393258,1099534929,1099534929,964732980,964732980,712411816,712411816,666011628,666011628,550793345,550793345,358958970,358958970,364985355,364985355,459738689,459738689,537324028,537324028,575239504,575239504,513711716,513711716,331207278,331207278,282782450,282782450,209490791
# status f = 321962478,0,1 : PASS_RHO (rho 0.92210, T 1998.6, 0s)
f = 340154319,0,1 | route RHO | claimed 0.91304755489181529614 | coeffs 302604322,302604322,291226844,291226844,428532100,428532100,124904746,124904746,-126620952,-126620952,-115895033,-115895033,-359930593,-359930593,-534223021,-534223021,-242474914,-242474914,-247950656,-247950656,-412617241,-412617241,-289160363,-289160363,-503127152,-503127152,-729062528,-729062528,-507124092,-507124092,-586877332,-586877332,-581059570,-581059570,-499835657,-499835657,-444712606,-444712606,-704387365,-704387365,-841098067,-841098067,-953437427,-953437427,-708795732,-708795732,-558505304,-558505304,-671799928,-671799928,-538709457,-538709457,-559423707,-559423707,-470264328,-470264328,-348544855,-348544855,-296526973,-296526973,-332860867,-332860867,-416434841,-416434841
f = 340154319,0,1 | route T | claimed 2722.3219412973620925 | coeffs 279158602,327583430,327583430,145078992,145078992,206606780,206606780,244522256,244522256,166936917,166936917,261690251,261690251,255663866,255663866,63829491,63829491,179047774,179047774,132647586,132647586,384968750,384968750,250166801,250166801,530025130,530025130,551088157,551088157,395817219,395817219,472032810,472032810,290135316,290135316,498198346,498198346,438781219,438781219,392768763,392768763,311300170,311300170,395490127,395490127,325143545,325143545,366190217,366190217,218104149,218104149,451916022,451916022,161769870,161769870,-139457399,-139457399,-91889922,-91889922,-55836018,-55836018,-352450261,-352450261,-279158602
# status f = 340154319,0,1 : PASS_RHO (rho 0.91305, T 2722.3, 0s)
f = 341703079,0,1 | route RHO | claimed 0.90334014078347490993 | coeffs 4761658,4761658,-143324410,-143324410,-189336866,-189336866,-344607804,-344607804,-391007992,-391007992,-468593331,-468593331,-541884990,-541884990,-251738838,-251738838,-335928795,-335928795,-154031301,-154031301,-19229352,-19229352,-13202967,-13202967,169301471,169301471,216868948,216868948,257915620,257915620,198498493,198498493,219561520,219561520,334779803,334779803,372695279,372695279,669309522,669309522,435497649,435497649,516966242,516966242,440750651,440750651,188429487,188429487,93676153,93676153,45251325,45251325,-255975944,-255975944,-326322526,-326322526,-118259496,-118259496,161598833,161598833,-30235542,-30235542,31292246,31292246
f = 341703079,0,1 | route T | claimed 2124.2439708261512862 | coeffs 216868948,216868948,257915620,257915620,198498493,198498493,219561520,219561520,334779803,334779803,372695279,372695279,669309522,669309522,435497649,435497649,516966242,516966242,440750651,440750651,188429487,188429487,93676153,93676153,45251325,45251325,-255975944,-255975944,-326322526,-326322526,-118259496,-118259496,161598833,161598833,-30235542,-30235542,31292246,31292246,-4761658,-4761658,143324410,143324410,189336866,189336866,344607804,344607804,391007992,391007992,468593331,468593331,541884990,541884990,251738838,251738838,335928795,335928795,154031301,154031301,19229352,19229352,13202967,13202967,-169301471,-169301471
# status f = 341703079,0,1 : PASS_RHO (rho 0.90334, T 2124.2, 0s)
f = 358697863,0,1 | route RHO | claimed 0.90594751854742503996 | coeffs 301852575,301852575,93789545,93789545,-21428738,-21428738,51862921,51862921,-18483661,-18483661,2579366,2579366,-75005973,-75005973,226221296,226221296,285638423,285638423,332038611,332038611,283613783,283613783,324660455,324660455,169389517,169389517,264142851,264142851,216575374,216575374,262587830,262587830,10266666,10266666,192771104,192771104,44685036,44685036,120900627,120900627,114874242,114874242,78820338,78820338,160288931,160288931,295090880,295090880,233563092,233563092,467374965,467374965,285477471,285477471,93643096,93643096,390257339,390257339,306067382,306067382,26209053,26209053,-11706423,-11706423
f = 358697863,0,1 | route T | claimed 2358.0570107743123106 | coeffs 301852575,301852575,93789545,93789545,-21428738,-21428738,51862921,51862921,-18483661,-18483661,2579366,2579366,-75005973,-75005973,226221296,226221296,285638423,285638423,332038611,332038611,283613783,283613783,324660455,324660455,169389517,169389517,264142851,264142851,216575374,216575374,262587830,262587830,10266666,10266666,192771104,192771104,44685036,44685036,120900627,120900627,114874242,114874242,78820338,78820338,160288931,160288931,295090880,295090880,233563092,233563092,467374965,467374965,285477471,285477471,93643096,93643096,390257339,390257339,306067382,306067382,26209053,26209053,-11706423,-11706423
# status f = 358697863,0,1 : PASS_RHO (rho 0.90595, T 2358.1, 0s)
f = 417141852,0,1 | route RHO | claimed 0.92798563139847600114 | coeffs 257973698,257973698,279036725,279036725,231469248,231469248,366271197,366271197,76125045,76125045,29724857,29724857,177810925,177810925,369645300,369645300,299298718,299298718,394052052,394052052,475520645,475520645,437605169,437605169,378188042,378188042,195683604,195683604,377581098,377581098,450872757,450872757,295601819,295601819,259547915,259547915,-20310414,-20310414,-321537683,-321537683,-69216519,-69216519,-303028392,-303028392,-418246675,-418246675,-377200003,-377200003,-383226388,-383226388,-467416345,-467416345,-389831006,-389831006,-435843462,-435843462,-374315674,-374315674,-582378704,-582378704,-630803532,-630803532,-554587941,-554587941
f = 417141852,0,1 | route T | claimed 2244.2393436357237421 | coeffs 20310414,321537683,321537683,69216519,69216519,303028392,303028392,418246675,418246675,377200003,377200003,383226388,383226388,467416345,467416345,389831006,389831006,435843462,435843462,374315674,374315674,582378704,582378704,630803532,630803532,554587941,554587941,257973698,257973698,279036725,279036725,231469248,231469248,366271197,366271197,76125045,76125045,29724857,29724857,177810925,177810925,369645300,369645300,299298718,299298718,394052052,394052052,475520645,475520645,437605169,437605169,378188042,378188042,195683604,195683604,377581098,377581098,450872757,450872757,295601819,295601819,259547915,259547915,-20310414
# status f = 417141852,0,1 : PASS_RHO (rho 0.92799, T 2244.2, 0s)
f = 444620504,0,1 | route RHO | claimed 0.91441541288355731869 | coeffs -129967715,-207553054,-207553054,-15718679,-15718679,236602485,236602485,215539458,215539458,33641964,33641964,79654420,79654420,9307838,9307838,-224504035,-224504035,-176936558,-176936558,-250228217,-250228217,-311756005,-311756005,-217002671,-217002671,-332220954,-332220954,-467022903,-467022903,-311751965,-311751965,-103688935,-103688935,-22220342,-22220342,18826330,18826330,308972482,308972482,345026386,345026386,393451214,393451214,355535738,355535738,349509353,349509353,395909541,395909541,675767870,675767870,599552279,599552279,540135152,540135152,455945195,455945195,307859127,307859127,609086396,609086396,312472153,312472153,129967715
f = 444620504,0,1 | route T | claimed 2655.715862261861695 | coeffs -312472153,-129967715,-129967715,-207553054,-207553054,-15718679,-15718679,236602485,236602485,215539458,215539458,33641964,33641964,79654420,79654420,9307838,9307838,-224504035,-224504035,-176936558,-176936558,-250228217,-250228217,-311756005,-311756005,-217002671,-217002671,-332220954,-332220954,-467022903,-467022903,-311751965,-311751965,-103688935,-103688935,-22220342,-22220342,18826330,18826330,308972482,308972482,345026386,345026386,393451214,393451214,355535738,355535738,349509353,349509353,395909541,395909541,675767870,675767870,599552279,599552279,540135152,540135152,455945195,455945195,307859127,307859127,609086396,609086396,312472153
# status f = 444620504,0,1 : PASS_RHO (rho 0.91442, T 2655.7, 0s)
f = 455220209,0,1 | route RHO | claimed 0.9279530390548206635 | coeffs -665311796,-583843203,-583843203,-392008828,-392008828,-682154980,-682154980,-661091953,-661091953,-612667125,-612667125,-566654669,-566654669,-560628284,-560628284,-326816411,-326816411,-46958082,-46958082,-120249741,-120249741,-60832614,-60832614,-155585948,-155585948,-303672016,-303672016,-438473965,-438473965,-141859722,-141859722,-349922752,-349922752,-272337413,-272337413,-231290741,-231290741,21030423,21030423,-15023481,-15023481,166874013,166874013,128958537,128958537,58611955,58611955,12211767,12211767,-35355710,-35355710,-111571301,-111571301,-173099089,-173099089,-88909132,-88909132,26309151,26309151,327536420,327536420,482807358,482807358,665311796
f = 455220209,0,1 | route T | claimed 2675.9537027159831371 | coeffs 12211767,-35355710,-35355710,-111571301,-111571301,-173099089,-173099089,-88909132,-88909132,26309151,26309151,327536420,327536420,482807358,482807358,665311796,665311796,583843203,583843203,392008828,392008828,682154980,682154980,661091953,661091953,612667125,612667125,566654669,566654669,560628284,560628284,326816411,326816411,46958082,46958082,120249741,120249741,60832614,60832614,155585948,155585948,303672016,303672016,438473965,438473965,141859722,141859722,349922752,349922752,272337413,272337413,231290741,231290741,-21030423,-21030423,15023481,15023481,-166874013,-166874013,-128958537,-128958537,-58611955,-58611955,-12211767
# status f = 455220209,0,1 : PASS_RHO (rho 0.92795, T 2676.0, 0s)
f = 477689717,0,1 | route RHO | claimed 0.90586732689464722187 | coeffs -62912477,-3495350,-3495350,-39549254,-39549254,75669029,75669029,29656573,29656573,-266957670,-266957670,-220557482,-220557482,-139088889,-139088889,-212380548,-212380548,39940616,39940616,124130573,124130573,75705745,75705745,210507694,210507694,280854276,280854276,98349838,98349838,378208167,378208167,419254839,419254839,357727051,357727051,336664024,336664024,484750092,484750092,522665568,522665568,367394630,367394630,601206503,601206503,678791842,678791842,602576251,602576251,892722403,892722403,987475737,987475737,805578243,805578243,504350974,504350974,510377359,510377359,302314329,302314329,254746852,254746852,62912477
f = 477689717,0,1 | route T | claimed 2856.0087740168523931 | coeffs -282338019,-121344299,-121344299,-36124245,-36124245,-111582929,-111582929,-24843756,-24843756,16559014,16559014,340186352,340186352,330032301,330032301,146893724,146893724,348253969,348253969,223668615,223668615,84027413,84027413,182727148,182727148,190920335,190920335,405915781,405915781,643158591,643158591,795771453,795771453,637780762,637780762,795900240,795900240,782452055,782452055,630457259,630457259,528873526,528873526,377447407,377447407,465193051,465193051,520846926,520846926,937878328,937878328,901891535,901891535,825046332,825046332,496770423,496770423,639642465,639642465,519295427,519295427,437496123,437496123,282338019
# status f = 477689717,0,1 : PASS_RHO (rho 0.90587, T 2856.0, 0s)
f = 523453004,0,1 | route RHO | claimed 0.92392831918682281459 | coeffs 12045985,124385345,124385345,238215864,238215864,361672742,361672742,117031047,117031047,128408525,128408525,-85558264,-85558264,-235848692,-235848692,-373153948,-373153948,-599089324,-599089324,-485794700,-485794700,-182167346,-182167346,39771090,39771090,-93319381,-93319381,158206317,158206317,78453077,78453077,99167327,99167327,88441408,88441408,94259170,94259170,5099791,5099791,249135351,249135351,330359264,330359264,208639791,208639791,382932219,382932219,438055270,438055270,386037388,386037388,94289281,94289281,-165385478,-165385478,-129051584,-129051584,-123575842,-123575842,-260286544,-260286544,-176712570,-176712570,-12045985
f = 523453004,0,1 | route T | claimed 2135.9399415665138394 | coeffs 153235846,295560441,295560441,362747228,362747228,543975629,543975629,489328443,489328443,223479215,223479215,62400348,62400348,119217621,119217621,-281117425,-281117425,-42363375,-42363375,-3601031,-3601031,20181684,20181684,66909879,66909879,491364536,491364536,356750464,356750464,511025961,511025961,416653438,416653438,-3354568,-3354568,87498052,87498052,1121388,1121388,-244772052,-244772052,-309849279,-309849279,-243622929,-243622929,-307885312,-307885312,-126298108,-126298108,-114109510,-114109510,-189136924,-189136924,-104655426,-104655426,-117863614,-117863614,-172150266,-172150266,-118933768,-118933768,-136167305,-136167305,-153235846
# status f = 523453004,0,1 : PASS_RHO (rho 0.92393, T 2135.9, 0s)
f = 545922512,0,1 | route RHO | claimed 0.93660542663052061582 | coeffs -158234005,-158234005,-117187333,-117187333,-369508497,-369508497,-405562401,-405562401,-587459895,-587459895,-625375371,-625375371,-555028789,-555028789,-601428977,-601428977,-553861500,-553861500,-630077091,-630077091,-568549303,-568549303,-484359346,-484359346,-599577629,-599577629,-298350360,-298350360,-453621298,-453621298,-271116860,-271116860,-189648267,-189648267,-381482642,-381482642,-671628794,-671628794,-692691821,-692691821,-644266993,-644266993,-690279449,-690279449,-684253064,-684253064,-918064937,-918064937,-638206608,-638206608,-564914949,-564914949,-505497822,-505497822,-410744488,-410744488,-558830556,-558830556,-424028607,-424028607,-127414364,-127414364,80648666,80648666
f = 545922512,0,1 | route T | claimed 2510.2363545355298847 | coeffs -665999625,-665999625,-417091524,-417091524,-194746633,-194746633,137803271,137803271,225577233,225577233,662624095,662624095,736963789,736963789,576858210,576858210,607019295,607019295,950911200,950911200,806534967,806534967,826769648,826769648,875964629,875964629,927593671,927593671,963508008,963508008,948093505,948093505,810677926,810677926,735120880,735120880,978586362,978586362,801008832,801008832,831581700,831581700,809023149,809023149,894791595,894791595,748709285,748709285,825416993,825416993,764891702,764891702,745518163,745518163,817132190,817132190,739275031,739275031,548884487,548884487,823943898,823943898,786622548,786622548
# status f = 545922512,0,1 : PASS_RHO (rho 0.93661, T 2510.2, 0s)
f = 556522217,0,1 | route RHO | claimed 0.95224419696770657017 | coeffs -98703651,123234785,123234785,204458698,204458698,67747996,67747996,218038424,218038424,197324174,197324174,249342056,249342056,363172575,363172575,666799929,666799929,910835489,910835489,916311231,916311231,1130278020,1130278020,1210031260,1210031260,1154908209,1154908209,1267247569,1267247569,1380542193,1380542193,1291382814,1291382814,1327716708,1327716708,1316339230,1316339230,1064813532,1064813532,890521104,890521104,725854519,725854519,499919143,499919143,505736905,505736905,246062146,246062146,490703841,490703841,623794312,623794312,745513785,745513785,661939811,661939811,524634555,524634555,513908636,513908636,222160529,222160529,98703651
f = 556522217,0,1 | route T | claimed 2809.1807184792904192 | coeffs -382580379,-382580379,-221586659,-221586659,-97001305,-97001305,-110449490,-110449490,217826419,217826419,176423649,176423649,391419095,391419095,303673451,303673451,148515347,148515347,349875592,349875592,191756114,191756114,114910911,114910911,201650084,201650084,193456897,193456897,42030778,42030778,123830082,123830082,306968659,306968659,148977968,148977968,184964761,184964761,260423445,260423445,359123180,359123180,460706913,460706913,340359875,340359875,330205824,330205824,177592962,177592962,594624364,594624364,679844418,679844418,819485620,819485620,667490824,667490824,524618782,524618782,200991444,200991444,438234254,438234254
# status f = 556522217,0,1 : PASS_RHO (rho 0.95224, T 2809.2, 0s)
f = 584000869,0,1 | route RHO | claimed 0.92528241346658615259 | coeffs 353828790,353828790,488630739,488630739,778776891,778776891,732376703,732376703,584290635,584290635,776125010,776125010,846471592,846471592,941224926,941224926,859756333,859756333,821840857,821840857,881257984,881257984,698753546,698753546,516856052,516856052,590147711,590147711,745418649,745418649,709364745,709364745,989223074,989223074,687995805,687995805,435674641,435674641,201862768,201862768,317081051,317081051,358127723,358127723,364154108,364154108,279964151,279964151,202378812,202378812,156366356,156366356,94838568,94838568,-113224462,-113224462,-64799634,-64799634,11415957,11415957,-285198286,-285198286,-306261313,-306261313
f = 584000869,0,1 | route T | claimed 2568.5812410669846255 | coeffs 353828790,353828790,488630739,488630739,778776891,778776891,732376703,732376703,584290635,584290635,776125010,776125010,846471592,846471592,941224926,941224926,859756333,859756333,821840857,821840857,881257984,881257984,698753546,698753546,516856052,516856052,590147711,590147711,745418649,745418649,709364745,709364745,989223074,989223074,687995805,687995805,435674641,435674641,201862768,201862768,317081051,317081051,358127723,358127723,364154108,364154108,279964151,279964151,202378812,202378812,156366356,156366356,94838568,94838568,-113224462,-113224462,-64799634,-64799634,11415957,11415957,-285198286,-285198286,-306261313,-306261313
# status f = 584000869,0,1 : PASS_RHO (rho 0.92528, T 2568.6, 0s)
f = 642444858,0,1 | route RHO | claimed 0.94722161768251654844 | coeffs -558236704,-558236704,-619764492,-619764492,-853576365,-853576365,-1035473859,-1035473859,-843639484,-843639484,-547025241,-547025241,-462835284,-462835284,-742693613,-742693613,-704778137,-704778137,-994924289,-994924289,-1202987319,-1202987319,-1087769036,-1087769036,-1014477377,-1014477377,-944130795,-944130795,-923067768,-923067768,-845482429,-845482429,-544255160,-544255160,-603672287,-603672287,-557272099,-557272099,-508847271,-508847271,-467800599,-467800599,-312529661,-312529661,-217776327,-217776327,-170208850,-170208850,-124196394,-124196394,128124770,128124770,310629208,310629208,458715276,458715276,534930867,534930867,540957252,540957252,504903348,504903348,423434755,423434755
f = 642444858,0,1 | route T | claimed 2447.2534518701638053 | coeffs 310629208,310629208,458715276,458715276,534930867,534930867,540957252,540957252,504903348,504903348,423434755,423434755,558236704,558236704,619764492,619764492,853576365,853576365,1035473859,1035473859,843639484,843639484,547025241,547025241,462835284,462835284,742693613,742693613,704778137,704778137,994924289,994924289,1202987319,1202987319,1087769036,1087769036,1014477377,1014477377,944130795,944130795,923067768,923067768,845482429,845482429,544255160,544255160,603672287,603672287,557272099,557272099,508847271,508847271,467800599,467800599,312529661,312529661,217776327,217776327,170208850,170208850,124196394,124196394,-128124770,-128124770
# status f = 642444858,0,1 : PASS_RHO (rho 0.94722, T 2447.3, 0s)
f = 659439642,0,1 | route RHO | claimed 0.91319373746710269152 | coeffs -537984539,-537984539,-555053080,-555053080,-135045074,-135045074,-67858287,-67858287,-154234951,-154234951,-99587765,-99587765,-34510538,-34510538,-195589405,-195589405,-259851788,-259851788,140483258,140483258,128294660,128294660,167057004,167057004,251538502,251538502,204810307,204810307,259096959,259096959,124482887,124482887,107249350,107249350,201621873,201621873,343946468,343946468,434799088,434799088,253570687,253570687,499464127,499464127,233614899,233614899,299841249,299841249,243023976,243023976,61436772,61436772,300190822,300190822,225163408,225163408,201380693,201380693,214588881,214588881,639043538,639043538,692260036,692260036
f = 659439642,0,1 | route T | claimed 1796.2209526178030064 | coeffs -99587765,-99587765,-34510538,-34510538,-195589405,-195589405,-259851788,-259851788,140483258,140483258,128294660,128294660,167057004,167057004,251538502,251538502,204810307,204810307,259096959,259096959,124482887,124482887,107249350,107249350,201621873,201621873,343946468,343946468,434799088,434799088,253570687,253570687,499464127,499464127,233614899,233614899,299841249,299841249,243023976,243023976,61436772,61436772,300190822,300190822,225163408,225163408,201380693,201380693,214588881,214588881,639043538,639043538,692260036,692260036,537984539,537984539,555053080,555053080,135045074,135045074,67858287,67858287,154234951,154234951
# status f = 659439642,0,1 : PASS_RHO (rho 0.91319, T 1796.2, 0s)
f = 660988402,0,1 | route RHO | claimed 0.92210112374879101176 | coeffs 225617390,-75609879,-75609879,-123177356,-123177356,-87123452,-87123452,209490791,209490791,282782450,282782450,331207278,331207278,513711716,513711716,575239504,575239504,537324028,537324028,459738689,459738689,364985355,364985355,358958970,358958970,550793345,550793345,666011628,666011628,712411816,712411816,964732980,964732980,1099534929,1099534929,1379393258,1379393258,1358330231,1358330231,1203059293,1203059293,1126843702,1126843702,944946208,944946208,736883178,736883178,677466051,677466051,723478507,723478507,642009914,642009914,557819957,557819957,487473375,487473375,446426703,446426703,298340635,298340635,64528762,64528762,-225617390
f = 660988402,0,1 | route T | claimed 2208.5712512870798445 | coeffs -59330962,-186105504,-186105504,-296775525,-296775525,-591567691,-591567691,-489519065,-489519065,-802669247,-802669247,-826901939,-826901939,-614708915,-614708915,-912765535,-912765535,-776632769,-776632769,-569554502,-569554502,-668441756,-668441756,-735562389,-735562389,-795791954,-795791954,-763650130,-763650130,-1160248073,-1160248073,-765501708,-765501708,-961519007,-961519007,-696699865,-696699865,-605107473,-605107473,-504980315,-504980315,-345611207,-345611207,-187576205,-187576205,-231169817,-231169817,-248883408,-248883408,-222978952,-222978952,-353009217,-353009217,-275229948,-275229948,-95754547,-95754547,73438244,73438244,47597859,47597859,265466391,265466391,59330962
# status f = 660988402,0,1 : PASS_RHO (rho 0.92210, T 2208.6, 0s)
f = 679180243,0,1 | route RHO | claimed 0.91304755489181529614 | coeffs 444712606,499835657,499835657,581059570,581059570,586877332,586877332,507124092,507124092,729062528,729062528,503127152,503127152,289160363,289160363,412617241,412617241,247950656,247950656,242474914,242474914,534223021,534223021,359930593,359930593,115895033,115895033,126620952,126620952,-124904746,-124904746,-428532100,-428532100,-291226844,-291226844,-302604322,-302604322,-416434841,-416434841,-332860867,-332860867,-296526973,-296526973,-348544855,-348544855,-470264328,-470264328,-559423707,-559423707,-538709457,-538709457,-671799928,-671799928,-558505304,-558505304,-708795732,-708795732,-953437427,-953437427,-841098067,-841098067,-704387365,-704387365,-444712606
f = 679180243,0,1 | route T | claimed 1771.3013062785138762 | coeffs 428532100,428532100,291226844,291226844,302604322,302604322,416434841,416434841,332860867,332860867,296526973,296526973,348544855,348544855,470264328,470264328,559423707,559423707,538709457,538709457,671799928,671799928,558505304,558505304,708795732,708795732,953437427,953437427,841098067,841098067,704387365,704387365,444712606,444712606,499835657,499835657,581059570,581059570,586877332,586877332,507124092,507124092,729062528,729062528,503127152,503127152,289160363,289160363,412617241,412617241,247950656,247950656,242474914,242474914,534223021,534223021,359930593,359930593,115895033,115895033,126620952,126620952,-124904746,-124904746
# status f = 679180243,0,1 : PASS_RHO (rho 0.91305, T 1771.3, 0s)
f = 727535078,0,1 | route RHO | claimed 0.91441541288355731869 | coeffs 236602485,-15718679,-15718679,-207553054,-207553054,-129967715,-129967715,-312472153,-312472153,-609086396,-609086396,-307859127,-307859127,-455945195,-455945195,-540135152,-540135152,-599552279,-599552279,-675767870,-675767870,-395909541,-395909541,-349509353,-349509353,-355535738,-355535738,-393451214,-393451214,-345026386,-345026386,-308972482,-308972482,-18826330,-18826330,22220342,22220342,103688935,103688935,311751965,311751965,467022903,467022903,332220954,332220954,217002671,217002671,311756005,311756005,250228217,250228217,176936558,176936558,224504035,224504035,-9307838,-9307838,-79654420,-79654420,-33641964,-33641964,-215539458,-215539458,-236602485
f = 727535078,0,1 | route T | claimed 3233.9719737275530423 | coeffs 311751965,467022903,467022903,332220954,332220954,217002671,217002671,311756005,311756005,250228217,250228217,176936558,176936558,224504035,224504035,-9307838,-9307838,-79654420,-79654420,-33641964,-33641964,-215539458,-215539458,-236602485,-236602485,15718679,15718679,207553054,207553054,129967715,129967715,312472153,312472153,609086396,609086396,307859127,307859127,455945195,455945195,540135152,540135152,599552279,599552279,675767870,675767870,395909541,395909541,349509353,349509353,355535738,355535738,393451214,393451214,345026386,345026386,308972482,308972482,18826330,18826330,-22220342,-22220342,-103688935,-103688935,-311751965
# status f = 727535078,0,1 : PASS_RHO (rho 0.91442, T 3234.0, 0s)
f = 733373769,0,1 | route RHO | claimed 0.92528241346658615259 | coeffs -364154108,-358127723,-358127723,-317081051,-317081051,-201862768,-201862768,-435674641,-435674641,-687995805,-687995805,-989223074,-989223074,-709364745,-709364745,-745418649,-745418649,-590147711,-590147711,-516856052,-516856052,-698753546,-698753546,-881257984,-881257984,-821840857,-821840857,-859756333,-859756333,-941224926,-941224926,-846471592,-846471592,-776125010,-776125010,-584290635,-584290635,-732376703,-732376703,-778776891,-778776891,-488630739,-488630739,-353828790,-353828790,-306261313,-306261313,-285198286,-285198286,11415957,11415957,-64799634,-64799634,-113224462,-113224462,94838568,94838568,156366356,156366356,202378812,202378812,279964151,279964151,364154108
f = 733373769,0,1 | route T | claimed 2796.3934339160543962 | coeffs 701384976,554708477,554708477,589735078,589735078,491061266,491061266,634961837,634961837,562957694,562957694,524896276,524896276,414984388,414984388,538407848,538407848,281525443,281525443,218255715,218255715,489471226,489471226,474411072,474411072,574856914,574856914,585761879,585761879,671881334,671881334,337600969,337600969,596427838,596427838,150392462,150392462,361834481,361834481,305529508,305529508,228397304,228397304,-35267759,-35267759,-173179282,-173179282,-108145994,-108145994,-383380000,-383380000,-478254537,-478254537,-683935854,-683935854,-584891704,-584891704,-579455646,-579455646,-562532929,-562532929,-510607681,-510607681,-701384976
# status f = 733373769,0,1 : PASS_RHO (rho 0.92528, T 2796.4, 0s)
f = 815921519,0,1 | route RHO | claimed 0.92392831918682281459 | coeffs 128408525,117031047,117031047,361672742,361672742,238215864,238215864,124385345,124385345,12045985,12045985,176712570,176712570,260286544,260286544,123575842,123575842,129051584,129051584,165385478,165385478,-94289281,-94289281,-386037388,-386037388,-438055270,-438055270,-382932219,-382932219,-208639791,-208639791,-330359264,-330359264,-249135351,-249135351,-5099791,-5099791,-94259170,-94259170,-88441408,-88441408,-99167327,-99167327,-78453077,-78453077,-158206317,-158206317,93319381,93319381,-39771090,-39771090,182167346,182167346,485794700,485794700,599089324,599089324,373153948,373153948,235848692,235848692,85558264,85558264,-128408525
f = 815921519,0,1 | route T | claimed 2347.9844300656499356 | coeffs 93319381,-39771090,-39771090,182167346,182167346,485794700,485794700,599089324,599089324,373153948,373153948,235848692,235848692,85558264,85558264,-128408525,-128408525,-117031047,-117031047,-361672742,-361672742,-238215864,-238215864,-124385345,-124385345,-12045985,-12045985,-176712570,-176712570,-260286544,-260286544,-123575842,-123575842,-129051584,-129051584,-165385478,-165385478,94289281,94289281,386037388,386037388,438055270,438055270,382932219,382932219,208639791,208639791,330359264,330359264,249135351,249135351,5099791,5099791,94259170,94259170,88441408,88441408,99167327,99167327,78453077,78453077,158206317,158206317,-93319381
# status f = 815921519,0,1 : PASS_RHO (rho 0.92393, T 2348.0, 0s)
f = 833885183,0,1 | route RHO | claimed 0.91319373746710269152 | coeffs 34510538,34510538,99587765,99587765,154234951,154234951,67858287,67858287,135045074,135045074,555053080,555053080,537984539,537984539,692260036,692260036,639043538,639043538,214588881,214588881,201380693,201380693,225163408,225163408,300190822,300190822,61436772,61436772,243023976,243023976,299841249,299841249,233614899,233614899,499464127,499464127,253570687,253570687,434799088,434799088,343946468,343946468,201621873,201621873,107249350,107249350,124482887,124482887,259096959,259096959,204810307,204810307,251538502,251538502,167057004,167057004,128294660,128294660,140483258,140483258,-259851788,-259851788,-195589405,-195589405
f = 833885183,0,1 | route T | claimed 1806.7076588273751689 | coeffs 135045074,135045074,555053080,555053080,537984539,537984539,692260036,692260036,639043538,639043538,214588881,214588881,201380693,201380693,225163408,225163408,300190822,300190822,61436772,61436772,243023976,243023976,299841249,299841249,233614899,233614899,499464127,499464127,253570687,253570687,434799088,434799088,343946468,343946468,201621873,201621873,107249350,107249350,124482887,124482887,259096959,259096959,204810307,204810307,251538502,251538502,167057004,167057004,128294660,128294660,140483258,140483258,-259851788,-259851788,-195589405,-195589405,-34510538,-34510538,-99587765,-99587765,-154234951,-154234951,-67858287,-67858287
# status f = 833885183,0,1 : PASS_RHO (rho 0.91319, T 1806.7, 0s)
f = 861381089,0,1 | route RHO | claimed 0.90594751854742503996 | coeffs 160288931,78820338,78820338,114874242,114874242,120900627,120900627,44685036,44685036,192771104,192771104,10266666,10266666,262587830,262587830,216575374,216575374,264142851,264142851,169389517,169389517,324660455,324660455,283613783,283613783,332038611,332038611,285638423,285638423,226221296,226221296,-75005973,-75005973,2579366,2579366,-18483661,-18483661,51862921,51862921,-21428738,-21428738,93789545,93789545,301852575,301852575,11706423,11706423,-26209053,-26209053,-306067382,-306067382,-390257339,-390257339,-93643096,-93643096,-285477471,-285477471,-467374965,-467374965,-233563092,-233563092,-295090880,-295090880,-160288931
f = 861381089,0,1 | route T | claimed 2467.0400885363038169 | coeffs -51862921,21428738,21428738,-93789545,-93789545,-301852575,-301852575,-11706423,-11706423,26209053,26209053,306067382,306067382,390257339,390257339,93643096,93643096,285477471,285477471,467374965,467374965,233563092,233563092,295090880,295090880,160288931,160288931,78820338,78820338,114874242,114874242,120900627,120900627,44685036,44685036,192771104,192771104,10266666,10266666,262587830,262587830,216575374,216575374,264142851,264142851,169389517,169389517,324660455,324660455,283613783,283613783,332038611,332038611,285638423,285638423,226221296,226221296,-75005973,-75005973,2579366,2579366,-18483661,-18483661,51862921
# status f = 861381089,0,1 : PASS_RHO (rho 0.90595, T 2467.0, 0s)
f = 888652929,0,1 | route RHO | claimed 0.87384151116569685355 | coeffs 870041594,824029138,824029138,544170809,544170809,638924143,638924143,342309900,342309900,301263228,301263228,119365734,119365734,165765922,165765922,227293710,227293710,-73933559,-73933559,7535034,7535034,28598061,28598061,34624446,34624446,-38667213,-38667213,-186753281,-186753281,-394816311,-394816311,-142495147,-142495147,-180410623,-180410623,-227978100,-227978100,-143788143,-143788143,11482795,11482795,-180351580,-180351580,-228776408,-228776408,-462588281,-462588281,-522005408,-522005408,-387203459,-387203459,-464788798,-464788798,-428734894,-428734894,-358388312,-358388312,-282172721,-282172721,-397391004,-397391004,-579895442,-579895442,-870041594
f = 888652929,0,1 | route T | claimed 2743.9555458058024023 | coeffs 651402850,607140051,607140051,412534411,412534411,189966363,189966363,224082990,224082990,313399762,313399762,563029951,563029951,654011407,654011407,652293380,652293380,448886390,448886390,614379938,614379938,424233100,424233100,406030316,406030316,269242266,269242266,348331796,348331796,547045511,547045511,600666323,600666323,467220240,467220240,295309832,295309832,265294183,265294183,-286045923,-286045923,-244794375,-244794375,-403891546,-403891546,-591026970,-591026970,-717838926,-717838926,-930546398,-930546398,-915535835,-915535835,-892278336,-892278336,-712432036,-712432036,-782356941,-782356941,-728455074,-728455074,-461347628,-461347628,-651402850
# status f = 888652929,0,1 : PASS_RHO (rho 0.87384, T 2744.0, 0s)
f = 942559192,0,1 | route RHO | claimed 0.87384151116569685355 | coeffs -34624446,-28598061,-28598061,-7535034,-7535034,73933559,73933559,-227293710,-227293710,-165765922,-165765922,-119365734,-119365734,-301263228,-301263228,-342309900,-342309900,-638924143,-638924143,-544170809,-544170809,-824029138,-824029138,-870041594,-870041594,-579895442,-579895442,-397391004,-397391004,-282172721,-282172721,-358388312,-358388312,-428734894,-428734894,-464788798,-464788798,-387203459,-387203459,-522005408,-522005408,-462588281,-462588281,-228776408,-228776408,-180351580,-180351580,11482795,11482795,-143788143,-143788143,-227978100,-227978100,-180410623,-180410623,-142495147,-142495147,-394816311,-394816311,-186753281,-186753281,-38667213,-38667213,34624446
f = 942559192,0,1 | route T | claimed 2311.8776077361910851 | coeffs -293802346,-238148471,-238148471,-246341658,-246341658,-161121604,-161121604,-73375960,-73375960,-172075695,-172075695,-11081975,-11081975,-162508094,-162508094,-22866892,-22866892,132291212,132291212,30707479,30707479,155292833,155292833,237092137,237092137,85097341,85097341,-116262904,-116262904,4084134,4084134,-9364051,-9364051,173774526,173774526,30902484,30902484,189021962,189021962,199176013,199176013,527451922,527451922,369461231,369461231,45833893,45833893,122679096,122679096,275291958,275291958,233889188,233889188,269875981,269875981,507118791,507118791,420379618,420379618,3348216,3348216,218343662,218343662,293802346
# status f = 942559192,0,1 : PASS_RHO (rho 0.87384, T 2311.9, 0s)
f = 971325121,0,1 | route RHO | claimed 0.9279530390548206635 | coeffs 583843203,583843203,665311796,665311796,482807358,482807358,327536420,327536420,26309151,26309151,-88909132,-88909132,-173099089,-173099089,-111571301,-111571301,-35355710,-35355710,12211767,12211767,58611955,58611955,128958537,128958537,166874013,166874013,-15023481,-15023481,21030423,21030423,-231290741,-231290741,-272337413,-272337413,-349922752,-349922752,-141859722,-141859722,-438473965,-438473965,-303672016,-303672016,-155585948,-155585948,-60832614,-60832614,-120249741,-120249741,-46958082,-46958082,-326816411,-326816411,-560628284,-560628284,-566654669,-566654669,-612667125,-612667125,-661091953,-661091953,-682154980,-682154980,-392008828,-392008828
f = 971325121,0,1 | route T | claimed 2433.8489517933043018 | coeffs -499220626,-499220626,-305581091,-305581091,-583195091,-583195091,-588956667,-588956667,-449401315,-449401315,-559835099,-559835099,-272089032,-272089032,-342887362,-342887362,-288148116,-288148116,-2504881,-2504881,-73739962,-73739962,-71605868,-71605868,78436140,78436140,55945621,55945621,-166954521,-166954521,52022006,52022006,-20873456,-20873456,240170571,240170571,127296687,127296687,380933339,380933339,221677332,221677332,238202111,238202111,96046567,96046567,102837690,102837690,311605071,311605071,183673418,183673418,232703574,232703574,241049252,241049252,338152535,338152535,27487150,27487150,43757354,43757354,310638630,310638630
# status f = 971325121,0,1 : PASS_RHO (rho 0.92795, T 2433.8, 0s)
# summary n = 7 l = 1001142721 : EXCLUSION_CANDIDATE ; PASS 32 / 32 ; OPEN_NEAR 0 ; OPEN_FAR 0 ; 14s
