# FAMILY WITNESS FILE (generator family_gen.sage r10). n = 7 ; l = 1000647617 ; m = 64 ; deg = 2 ; ncomp = 32 ; bar_T = 4224 ; L_n = 16.3328709449664096755483535644
# line: f = c0,...,c_deg (monic, over F_l) | route RHO|T | claimed (rho or T, float) | coeffs a_0..a_{m-1}
f = 6777621,0,1 | route RHO | claimed 0.9585680611591642475 | coeffs -382351076,-382351076,-250179823,-250179823,-132043080,-132043080,-4025679,-4025679,202277951,202277951,185115810,185115810,199896786,199896786,43391942,43391942,218417205,218417205,343227415,343227415,643862195,643862195,499752716,499752716,546359421,546359421,797164844,797164844,722038662,722038662,562265821,562265821,566221857,566221857,585507620,585507620,606919396,606919396,720396048,720396048,902119548,902119548,787342601,787342601,853280686,853280686,653033661,653033661,497929066,497929066,735835807,735835807,522879024,522879024,462111486,462111486,787690358,787690358,374236740,374236740,356157994,356157994,486646022,486646022
f = 6777621,0,1 | route T | claimed 2520.8790342899398001 | coeffs 326347554,326347554,663822528,663822528,691607726,691607726,410918490,410918490,534801736,534801736,508194932,508194932,346006399,346006399,98234994,98234994,-147499410,-147499410,-7825929,-7825929,-85495488,-85495488,-249832470,-249832470,-401648981,-401648981,-451532511,-451532511,-289557897,-289557897,-282583705,-282583705,-450517061,-450517061,-136539868,-136539868,-239431671,-239431671,-397198081,-397198081,-214954996,-214954996,-273849189,-273849189,-183042344,-183042344,-189027238,-189027238,-101695107,-101695107,71438557,71438557,-57890225,-57890225,-169285876,-169285876,-166993897,-166993897,-270843542,-270843542,-387190893,-387190893,-476108659,-476108659
# status f = 6777621,0,1 : PASS_RHO (rho 0.95857, T 2520.9, 1s)
f = 10021851,0,1 | route RHO | claimed 0.94627683016886006488 | coeffs 161314314,161314314,21640833,21640833,-140333781,-140333781,17432629,17432629,-69899502,-69899502,33950143,33950143,61735341,61735341,-186036064,-186036064,-337852575,-337852575,-23875382,-23875382,66931463,66931463,-44464188,-44464188,105296917,105296917,131903721,131903721,209573280,209573280,202599088,202599088,20356003,20356003,-152777661,-152777661,-36430310,-36430310,-317119546,-317119546,-562853950,-562853950,-612737480,-612737480,-715629283,-715629283,-721614177,-721614177,-719322198,-719322198,-1056797172,-1056797172,-894608639,-894608639,-730271657,-730271657,-562338301,-562338301,-503444108,-503444108,-374115326,-374115326,-285197560,-285197560
f = 10021851,0,1 | route T | claimed 2207.7676136295569605 | coeffs 544527779,544527779,570018519,570018519,566224446,566224446,537850243,537850243,622572571,622572571,764342335,764342335,664618046,664618046,544973089,544973089,587976327,587976327,727704532,727704532,911174918,911174918,815673137,815673137,871628372,871628372,1008302668,1008302668,940099947,940099947,771558316,771558316,505401879,505401879,726301496,726301496,236814365,236814365,359947721,359947721,120364126,120364126,-26014541,-26014541,-157852459,-157852459,40439481,40439481,-97657155,-97657155,-96205272,-96205272,-451505258,-451505258,-434619667,-434619667,-530619566,-530619566,-575462356,-575462356,-536963205,-536963205,-606715036,-606715036
# status f = 10021851,0,1 : PASS_RHO (rho 0.94628, T 2207.8, 0s)
f = 16531479,0,1 | route RHO | claimed 0.96497145384788385984 | coeffs 475482976,313294443,313294443,224376677,224376677,137044546,137044546,451021739,451021739,528691298,528691298,248002062,248002062,250294041,250294041,309188234,309188234,471162848,471162848,718934253,718934253,569173148,569173148,742306812,742306812,845198615,845198615,680861633,680861633,556978387,556978387,660828032,660828032,751634877,751634877,744660685,744660685,498926281,498926281,161451307,161451307,290780089,290780089,133013679,133013679,284830190,284830190,258223386,258223386,141876035,141876035,147860929,147860929,-20072427,-20072427,-159745908,-159745908,-131960710,-131960710,-243356361,-243356361,-425599446,-425599446,-475482976
f = 16531479,0,1 | route T | claimed 2362.715477349904551 | coeffs 688667940,688667940,550571304,550571304,505728514,505728514,509522587,509522587,629167544,629167544,573212309,573212309,352312692,352312692,484150610,484150610,467265019,467265019,405077762,405077762,546847526,546847526,730317912,730317912,561776281,561776281,322192686,322192686,323644569,323644569,362143720,362143720,390517923,390517923,347514685,347514685,210840389,210840389,700327520,700327520,502035580,502035580,598035479,598035479,623526219,623526219,523801930,523801930,428300149,428300149,162143712,162143712,15765045,15765045,-339534941,-339534941,-409286772,-409286772,-494009100,-494009100,-633737305,-633737305,-565534584,-565534584
# status f = 16531479,0,1 : PASS_RHO (rho 0.96497, T 2362.7, 0s)
f = 121802917,0,1 | route RHO | claimed 0.95728580835514378246 | coeffs -26568340,-26568340,82293524,82293524,493188782,493188782,344095460,344095460,149649237,149649237,377892225,377892225,226534250,226534250,328233811,328233811,218168248,218168248,303754950,303754950,194206795,194206795,298076107,298076107,346435015,346435015,101074849,101074849,260996117,260996117,475785676,475785676,535178143,535178143,598497139,598497139,661403694,661403694,708379006,708379006,746384220,746384220,619742193,619742193,330138476,330138476,394077040,394077040,415008854,415008854,287700977,287700977,481832318,481832318,829095658,829095658,617464533,617464533,391424547,391424547,342034439,342034439,86063539,86063539
f = 121802917,0,1 | route T | claimed 2908.3916249256148191 | coeffs 205569273,205569273,-15710631,-15710631,182922975,182922975,210637480,210637480,140634917,140634917,91366731,91366731,-113826807,-113826807,-220367798,-220367798,-66294322,-66294322,-294544038,-294544038,123834335,123834335,201827515,201827515,438072705,438072705,505009677,505009677,649992116,649992116,379391883,379391883,120622574,120622574,100195140,100195140,-211631353,-211631353,-212231815,-212231815,-54604031,-54604031,-277276256,-277276256,-298241735,-298241735,-339678045,-339678045,-219628493,-219628493,-8550697,-8550697,-148903274,-148903274,5170268,5170268,-95412390,-95412390,-175848532,-175848532,13643316,13643316,-49660303,-49660303
# status f = 121802917,0,1 : PASS_RHO (rho 0.95729, T 2908.4, 0s)
f = 122979994,0,1 | route RHO | claimed 0.95376597259035083737 | coeffs -87640216,-70743690,-70743690,20134174,20134174,-6876365,-6876365,-287442177,-287442177,-262226000,-262226000,-395790698,-395790698,-483046913,-483046913,-767581727,-767581727,-719483021,-719483021,-800512423,-800512423,-774922270,-774922270,-965938074,-965938074,-936422937,-936422937,-753024635,-753024635,-608697720,-608697720,-716904357,-716904357,-876018588,-876018588,-821310344,-821310344,-534472486,-534472486,-579967181,-579967181,-649024457,-649024457,-644098012,-644098012,-411730952,-411730952,-498446830,-498446830,-258814317,-258814317,-131817118,-131817118,-99220407,-99220407,304716442,304716442,284580581,284580581,70922687,70922687,256525402,256525402,87640216
f = 122979994,0,1 | route T | claimed 2710.2396753751442444 | coeffs -587470947,-587470947,-612526171,-612526171,-487456669,-487456669,-575323592,-575323592,-514566955,-514566955,-491927656,-491927656,-583428537,-583428537,-654092154,-654092154,-376286202,-376286202,-328406556,-328406556,-610495838,-610495838,-683080806,-683080806,-431661806,-431661806,-300572033,-300572033,-372581099,-372581099,-504977346,-504977346,-492760013,-492760013,-347017373,-347017373,-124957872,-124957872,168124236,168124236,920256,920256,139169830,139169830,56184323,56184323,-25570161,-25570161,118098109,118098109,-109794215,-109794215,100838280,100838280,403213767,403213767,698083517,698083517,809752930,809752930,969756678,969756678,679574354,679574354
# status f = 122979994,0,1 : PASS_RHO (rho 0.95377, T 2710.2, 0s)
f = 140983099,0,1 | route RHO | claimed 0.8854185180645197007 | coeffs -276261114,-276261114,-217366921,-217366921,-130034790,-130034790,-18639139,-18639139,-134986490,-134986490,202488484,202488484,78605238,78605238,-169166167,-169166167,-91496608,-91496608,-141380138,-141380138,26553218,26553218,-131213192,-131213192,-222020037,-222020037,-48886373,-48886373,-51178352,-51178352,-140096118,-140096118,-112310920,-112310920,-85704116,-85704116,-331438520,-331438520,-167101538,-167101538,-5126924,-5126924,-319104117,-319104117,-136861032,-136861032,-130876138,-130876138,-260204920,-260204920,-156355275,-156355275,-6594170,-6594170,-287283406,-287283406,-125094873,-125094873,14578608,14578608,166395119,166395119,173369311,173369311
f = 140983099,0,1 | route T | claimed 2701.0560542361407913 | coeffs 17356590,-148293065,-148293065,-91232732,-91232732,-290691892,-290691892,-359350203,-359350203,-343847674,-343847674,-508052695,-508052695,-692782173,-692782173,-515905957,-515905957,-582289746,-582289746,-845481255,-845481255,-900654478,-900654478,-634535070,-634535070,-597840055,-597840055,-1082642963,-1082642963,-882161633,-882161633,-755920916,-755920916,-597553572,-597553572,-728723519,-728723519,-732920063,-732920063,-773026150,-773026150,-745629747,-745629747,-710088374,-710088374,-691841592,-691841592,-363094824,-363094824,-206390892,-206390892,58632383,58632383,-61022875,-61022875,-141682441,-141682441,-46429113,-46429113,-18840521,-18840521,162365376,162365376,-17356590
# status f = 140983099,0,1 : PASS_RHO (rho 0.88542, T 2701.1, 0s)
f = 180001581,0,1 | route RHO | claimed 0.95728580835514378246 | coeffs 260996117,101074849,101074849,346435015,346435015,298076107,298076107,194206795,194206795,303754950,303754950,218168248,218168248,328233811,328233811,226534250,226534250,377892225,377892225,149649237,149649237,344095460,344095460,493188782,493188782,82293524,82293524,-26568340,-26568340,-86063539,-86063539,-342034439,-342034439,-391424547,-391424547,-617464533,-617464533,-829095658,-829095658,-481832318,-481832318,-287700977,-287700977,-415008854,-415008854,-394077040,-394077040,-330138476,-330138476,-619742193,-619742193,-746384220,-746384220,-708379006,-708379006,-661403694,-661403694,-598497139,-598497139,-535178143,-535178143,-475785676,-475785676,-260996117
f = 180001581,0,1 | route T | claimed 2669.4077429481198205 | coeffs 260996117,101074849,101074849,346435015,346435015,298076107,298076107,194206795,194206795,303754950,303754950,218168248,218168248,328233811,328233811,226534250,226534250,377892225,377892225,149649237,149649237,344095460,344095460,493188782,493188782,82293524,82293524,-26568340,-26568340,-86063539,-86063539,-342034439,-342034439,-391424547,-391424547,-617464533,-617464533,-829095658,-829095658,-481832318,-481832318,-287700977,-287700977,-415008854,-415008854,-394077040,-394077040,-330138476,-330138476,-619742193,-619742193,-746384220,-746384220,-708379006,-708379006,-661403694,-661403694,-598497139,-598497139,-535178143,-535178143,-475785676,-475785676,-260996117
# status f = 180001581,0,1 : PASS_RHO (rho 0.95729, T 2669.4, 0s)
f = 217942375,0,1 | route RHO | claimed 0.93680828338163629485 | coeffs -50027433,-50027433,-207793843,-207793843,-337122625,-337122625,-674597599,-674597599,-428863195,-428863195,-435837387,-435837387,-526644232,-526644232,-422794587,-422794587,-298911341,-298911341,-463248323,-463248323,-566140126,-566140126,-393006462,-393006462,-243245357,-243245357,4526048,4526048,-157448566,-157448566,-98554373,-98554373,-100846352,-100846352,-381535588,-381535588,-459205147,-459205147,-145227954,-145227954,-57895823,-57895823,-146813589,-146813589,15374944,15374944,65258474,65258474,-116984611,-116984611,-5588960,-5588960,22196238,22196238,161869719,161869719,-6063637,-6063637,-12048531,-12048531,-128395882,-128395882,-101789078,-101789078
f = 217942375,0,1 | route T | claimed 2237.297709594368967 | coeffs -116854542,-164375842,-164375842,-100395629,-100395629,-85882453,-85882453,-100095622,-100095622,263948048,263948048,596427133,596427133,368319610,368319610,195834231,195834231,219958571,219958571,130359230,130359230,141915758,141915758,-3119821,-3119821,124130155,124130155,-35018314,-35018314,143356604,143356604,-103603655,-103603655,-177279524,-177279524,9943136,9943136,361228788,361228788,286589575,286589575,279531014,279531014,347150516,347150516,254017615,254017615,98576512,98576512,-145767889,-145767889,-205266048,-205266048,-192297357,-192297357,-303258469,-303258469,-407932929,-407932929,-118590701,-118590701,135173408,135173408,116854542
# status f = 217942375,0,1 : PASS_RHO (rho 0.93681, T 2237.3, 0s)
f = 217999611,0,1 | route RHO | claimed 0.92773393107040573945 | coeffs 61578684,61578684,120472877,120472877,236820228,236820228,-10951177,-10951177,-178884533,-178884533,-5750869,-5750869,-33536067,-33536067,130800915,130800915,-51442170,-51442170,52407475,52407475,-109781058,-109781058,-102806866,-102806866,-15474735,-15474735,-352949709,-352949709,-275280150,-275280150,-117513740,-117513740,-119805719,-119805719,-146412523,-146412523,15562091,15562091,9577197,9577197,159338302,159338302,19664821,19664821,122556624,122556624,233952275,233952275,357835521,357835521,307951991,307951991,398758836,398758836,309841070,309841070,555575474,555575474,241598281,241598281,370927063,370927063,90237827,90237827
f = 217999611,0,1 | route T | claimed 2202.2284498998587063 | coeffs 19664821,19664821,122556624,122556624,233952275,233952275,357835521,357835521,307951991,307951991,398758836,398758836,309841070,309841070,555575474,555575474,241598281,241598281,370927063,370927063,90237827,90237827,-61578684,-61578684,-120472877,-120472877,-236820228,-236820228,10951177,10951177,178884533,178884533,5750869,5750869,33536067,33536067,-130800915,-130800915,51442170,51442170,-52407475,-52407475,109781058,109781058,102806866,102806866,15474735,15474735,352949709,352949709,275280150,275280150,117513740,117513740,119805719,119805719,146412523,146412523,-15562091,-15562091,-9577197,-9577197,-159338302,-159338302
# status f = 217999611,0,1 : PASS_RHO (rho 0.92773, T 2202.2, 0s)
f = 243318816,0,1 | route RHO | claimed 0.91013394522027128328 | coeffs 2207974,36387651,36387651,298070157,298070157,278575914,278575914,87233512,87233512,47516928,47516928,129897359,129897359,108724581,108724581,78484075,78484075,-3439844,-3439844,290545248,290545248,341517050,341517050,465799018,465799018,411008400,411008400,330368501,330368501,662891775,662891775,209213250,209213250,334962464,334962464,398387011,398387011,618372387,618372387,575037866,575037866,547959380,547959380,628536572,628536572,553096981,553096981,650341358,650341358,351877174,351877174,292977977,292977977,327503741,327503741,131784356,131784356,-125837619,-125837619,-94577217,-94577217,-82242814,-82242814,-2207974
f = 243318816,0,1 | route T | claimed 2334.255221079754148 | coeffs 87893840,257060007,257060007,533321121,533321121,376965846,376965846,45527326,45527326,-85685866,-85685866,-220672356,-220672356,-235250964,-235250964,-98389932,-98389932,41706186,41706186,133202794,133202794,350569715,350569715,343975545,343975545,176874007,176874007,-45146030,-45146030,157342454,157342454,-9052665,-9052665,121823473,121823473,234134393,234134393,375514531,375514531,505549321,505549321,218265915,218265915,213138991,213138991,164252618,164252618,242857856,242857856,69488545,69488545,329693465,329693465,415397581,415397581,388844363,388844363,407483502,407483502,282388629,282388629,-36715488,-36715488,-87893840
# status f = 243318816,0,1 : PASS_RHO (rho 0.91013, T 2334.3, 0s)
f = 258781943,0,1 | route RHO | claimed 0.8854185180645197007 | coeffs 319104117,5126924,5126924,167101538,167101538,331438520,331438520,85704116,85704116,112310920,112310920,140096118,140096118,51178352,51178352,48886373,48886373,222020037,222020037,131213192,131213192,-26553218,-26553218,141380138,141380138,91496608,91496608,169166167,169166167,-78605238,-78605238,-202488484,-202488484,134986490,134986490,18639139,18639139,130034790,130034790,217366921,217366921,276261114,276261114,173369311,173369311,166395119,166395119,14578608,14578608,-125094873,-125094873,-287283406,-287283406,-6594170,-6594170,-156355275,-156355275,-260204920,-260204920,-130876138,-130876138,-136861032,-136861032,-319104117
f = 258781943,0,1 | route T | claimed 2025.6077680056248934 | coeffs 287283406,6594170,6594170,156355275,156355275,260204920,260204920,130876138,130876138,136861032,136861032,319104117,319104117,5126924,5126924,167101538,167101538,331438520,331438520,85704116,85704116,112310920,112310920,140096118,140096118,51178352,51178352,48886373,48886373,222020037,222020037,131213192,131213192,-26553218,-26553218,141380138,141380138,91496608,91496608,169166167,169166167,-78605238,-78605238,-202488484,-202488484,134986490,134986490,18639139,18639139,130034790,130034790,217366921,217366921,276261114,276261114,173369311,173369311,166395119,166395119,14578608,14578608,-125094873,-125094873,-287283406
# status f = 258781943,0,1 : PASS_RHO (rho 0.88542, T 2025.6, 0s)
f = 330172752,0,1 | route RHO | claimed 0.93176568407720172672 | coeffs 67780965,315552370,315552370,313260391,313260391,627237584,627237584,789426117,789426117,900821768,900821768,732888412,732888412,759495216,759495216,888823998,888823998,895798190,895798190,771914944,771914944,598781280,598781280,760755894,760755894,1041445130,1041445130,954112999,954112999,904229469,904229469,876444271,876444271,882429165,882429165,730612654,730612654,393137680,393137680,302330835,302330835,137993853,137993853,287754958,287754958,346649151,346649151,268979592,268979592,180061826,180061826,-2181259,-2181259,137492222,137492222,21144871,21144871,178911281,178911281,-66823123,-66823123,-170672768,-170672768,-67780965
f = 330172752,0,1 | route T | claimed 2034.8815651152212766 | coeffs 67780965,315552370,315552370,313260391,313260391,627237584,627237584,789426117,789426117,900821768,900821768,732888412,732888412,759495216,759495216,888823998,888823998,895798190,895798190,771914944,771914944,598781280,598781280,760755894,760755894,1041445130,1041445130,954112999,954112999,904229469,904229469,876444271,876444271,882429165,882429165,730612654,730612654,393137680,393137680,302330835,302330835,137993853,137993853,287754958,287754958,346649151,346649151,268979592,268979592,180061826,180061826,-2181259,-2181259,137492222,137492222,21144871,21144871,178911281,178911281,-66823123,-66823123,-170672768,-170672768,-67780965
# status f = 330172752,0,1 : PASS_RHO (rho 0.93177, T 2034.9, 0s)
f = 366437281,0,1 | route RHO | claimed 0.95376597259035083737 | coeffs 87640216,256525402,256525402,70922687,70922687,284580581,284580581,304716442,304716442,-99220407,-99220407,-131817118,-131817118,-258814317,-258814317,-498446830,-498446830,-411730952,-411730952,-644098012,-644098012,-649024457,-649024457,-579967181,-579967181,-534472486,-534472486,-821310344,-821310344,-876018588,-876018588,-716904357,-716904357,-608697720,-608697720,-753024635,-753024635,-936422937,-936422937,-965938074,-965938074,-774922270,-774922270,-800512423,-800512423,-719483021,-719483021,-767581727,-767581727,-483046913,-483046913,-395790698,-395790698,-262226000,-262226000,-287442177,-287442177,-6876365,-6876365,20134174,20134174,-70743690,-70743690,-87640216
f = 366437281,0,1 | route T | claimed 1911.8576985182884004 | coeffs -556385507,-556385507,-739855893,-739855893,-616722537,-616722537,-520722638,-520722638,-662492402,-662492402,-730695123,-730695123,-928987063,-928987063,-866799806,-866799806,-727071601,-727071601,-237584470,-237584470,-220698879,-220698879,-135976551,-135976551,-272650847,-272650847,-404488765,-404488765,-334736934,-334736934,-377740172,-377740172,-156840555,-156840555,198459431,198459431,226833634,226833634,282788869,282788869,429167536,429167536,467666687,467666687,348021730,348021730,614178167,614178167,615630050,615630050,611835977,611835977,707337758,707337758,467754163,467754163,512596953,512596953,612321242,612321242,443779611,443779611,581876247,581876247
# status f = 366437281,0,1 : PASS_RHO (rho 0.95377, T 1911.9, 0s)
f = 433967255,0,1 | route RHO | claimed 0.9585680611591642475 | coeffs 4025679,4025679,132043080,132043080,250179823,250179823,382351076,382351076,486646022,486646022,356157994,356157994,374236740,374236740,787690358,787690358,462111486,462111486,522879024,522879024,735835807,735835807,497929066,497929066,653033661,653033661,853280686,853280686,787342601,787342601,902119548,902119548,720396048,720396048,606919396,606919396,585507620,585507620,566221857,566221857,562265821,562265821,722038662,722038662,797164844,797164844,546359421,546359421,499752716,499752716,643862195,643862195,343227415,343227415,218417205,218417205,43391942,43391942,199896786,199896786,185115810,185115810,202277951,202277951
f = 433967255,0,1 | route T | claimed 2379.1469114541552776 | coeffs 432059408,432059408,295385112,295385112,357572369,357572369,480705725,480705725,380981436,380981436,379529553,379529553,323574318,323574318,253822487,253822487,-235664644,-235664644,-93894880,-93894880,44201756,44201756,139703537,139703537,178202688,178202688,399102305,399102305,483824633,483824633,285532693,285532693,102062307,102062307,57219517,57219517,-208936920,-208936920,-237311123,-237311123,-105473205,-105473205,-245201410,-245201410,-341201309,-341201309,-509742940,-509742940,-513537013,-513537013,-367158346,-367158346,-410161584,-410161584,-393275993,-393275993,-461478714,-461478714,-435987974,-435987974,-196404379,-196404379,-76759422,-76759422
# status f = 433967255,0,1 : PASS_RHO (rho 0.95857, T 2379.1, 0s)
f = 451721735,0,1 | route RHO | claimed 0.95736306351646346988 | coeffs -561391672,-561391672,-435642458,-435642458,-173959952,-173959952,-393945328,-393945328,-202602926,-202602926,-229681412,-229681412,-147300981,-147300981,-71861390,-71861390,-41620884,-41620884,-340085068,-340085068,-46099976,-46099976,-80625740,-80625740,-204907708,-204907708,-462529683,-462529683,-543169582,-543169582,-555503985,-555503985,-101825460,-101825460,-136005137,-136005137,-72580590,-72580590,-92074833,-92074833,-48740312,-48740312,-9023728,-9023728,71553464,71553464,50380686,50380686,-46863691,-46863691,35060228,35060228,-23838969,-23838969,27132833,27132833,222852218,222852218,277642836,277642836,308903238,308903238,641426512,641426512
f = 451721735,0,1 | route T | claimed 2289.8199147397845768 | coeffs -1020027133,-1020027133,-924525352,-924525352,-741054966,-741054966,-880783171,-880783171,-837779933,-837779933,-718134976,-718134976,-817859265,-817859265,-959629029,-959629029,-874906701,-874906701,-846532498,-846532498,-850326571,-850326571,-875817311,-875817311,-938004568,-938004568,-1007756399,-1007756399,-1046255550,-1046255550,-1091098340,-1091098340,-995098441,-995098441,-978212850,-978212850,-622912864,-622912864,-621460981,-621460981,-483364345,-483364345,-285072405,-285072405,-153234487,-153234487,-299613154,-299613154,-60029559,-60029559,63103797,63103797,552590928,552590928,773490545,773490545,1039646982,1039646982,871105351,871105351,939308072,939308072,1075982368,1075982368
# status f = 451721735,0,1 : PASS_RHO (rho 0.95736, T 2289.8, 0s)
f = 468910750,0,1 | route RHO | claimed 0.91683401505626785109 | coeffs -130876138,-5126924,-5126924,-85704116,-85704116,-51178352,-51178352,-131213192,-131213192,-91496608,-91496608,202488484,202488484,-130034790,-130034790,-173369311,-173369311,125094873,125094873,156355275,156355275,136861032,136861032,167101538,167101538,112310920,112310920,48886373,48886373,-26553218,-26553218,169166167,169166167,134986490,134986490,217366921,217366921,166395119,166395119,-287283406,-287283406,-260204920,-260204920,-319104117,-319104117,-331438520,-331438520,-140096118,-140096118,-222020037,-222020037,-141380138,-141380138,78605238,78605238,-18639139,-18639139,-276261114,-276261114,-14578608,-14578608,6594170,6594170,130876138
f = 468910750,0,1 | route T | claimed 2464.2180343137004215 | coeffs -530543880,-530543880,-615673095,-615673095,-584574335,-584574335,-691357185,-691357185,-579777717,-579777717,-582644715,-582644715,-529804293,-529804293,-284661563,-284661563,-419103694,-419103694,-389069147,-389069147,-367166924,-367166924,-433342233,-433342233,-452762497,-452762497,-466943011,-466943011,-289734583,-289734583,-58742897,-58742897,274858430,274858430,351558863,351558863,330696295,330696295,98490543,98490543,140619305,140619305,-31532983,-31532983,-74383820,-74383820,-94714087,-94714087,-17537950,-17537950,132115214,132115214,271450529,271450529,75997832,75997832,363888177,363888177,457540767,457540767,307318002,307318002,736293857,736293857
# status f = 468910750,0,1 : PASS_RHO (rho 0.91683, T 2464.2, 0s)
f = 531736867,0,1 | route RHO | claimed 0.92773393107040573945 | coeffs 159338302,159338302,9577197,9577197,15562091,15562091,-146412523,-146412523,-119805719,-119805719,-117513740,-117513740,-275280150,-275280150,-352949709,-352949709,-15474735,-15474735,-102806866,-102806866,-109781058,-109781058,52407475,52407475,-51442170,-51442170,130800915,130800915,-33536067,-33536067,-5750869,-5750869,-178884533,-178884533,-10951177,-10951177,236820228,236820228,120472877,120472877,61578684,61578684,-90237827,-90237827,-370927063,-370927063,-241598281,-241598281,-555575474,-555575474,-309841070,-309841070,-398758836,-398758836,-307951991,-307951991,-357835521,-357835521,-233952275,-233952275,-122556624,-122556624,-19664821,-19664821
f = 531736867,0,1 | route T | claimed 2290.1513675772438296 | coeffs -159338302,-9577197,-9577197,-15562091,-15562091,146412523,146412523,119805719,119805719,117513740,117513740,275280150,275280150,352949709,352949709,15474735,15474735,102806866,102806866,109781058,109781058,-52407475,-52407475,51442170,51442170,-130800915,-130800915,33536067,33536067,5750869,5750869,178884533,178884533,10951177,10951177,-236820228,-236820228,-120472877,-120472877,-61578684,-61578684,90237827,90237827,370927063,370927063,241598281,241598281,555575474,555575474,309841070,309841070,398758836,398758836,307951991,307951991,357835521,357835521,233952275,233952275,122556624,122556624,19664821,19664821,159338302
# status f = 531736867,0,1 : PASS_RHO (rho 0.92773, T 2290.2, 0s)
f = 548925882,0,1 | route RHO | claimed 0.94627683016886006488 | coeffs -730271657,-730271657,-894608639,-894608639,-1056797172,-1056797172,-719322198,-719322198,-721614177,-721614177,-715629283,-715629283,-612737480,-612737480,-562853950,-562853950,-317119546,-317119546,-36430310,-36430310,-152777661,-152777661,20356003,20356003,202599088,202599088,209573280,209573280,131903721,131903721,105296917,105296917,-44464188,-44464188,66931463,66931463,-23875382,-23875382,-337852575,-337852575,-186036064,-186036064,61735341,61735341,33950143,33950143,-69899502,-69899502,17432629,17432629,-140333781,-140333781,21640833,21640833,161314314,161314314,285197560,285197560,374115326,374115326,503444108,503444108,562338301,562338301
f = 548925882,0,1 | route T | claimed 2283.9683068407794523 | coeffs -575462356,-575462356,-530619566,-530619566,-434619667,-434619667,-451505258,-451505258,-96205272,-96205272,-97657155,-97657155,40439481,40439481,-157852459,-157852459,-26014541,-26014541,120364126,120364126,359947721,359947721,236814365,236814365,726301496,726301496,505401879,505401879,771558316,771558316,940099947,940099947,1008302668,1008302668,871628372,871628372,815673137,815673137,911174918,911174918,727704532,727704532,587976327,587976327,544973089,544973089,664618046,664618046,764342335,764342335,622572571,622572571,537850243,537850243,566224446,566224446,570018519,570018519,544527779,544527779,606715036,606715036,536963205,536963205
# status f = 548925882,0,1 : PASS_RHO (rho 0.94628, T 2284.0, 0s)
f = 566680362,0,1 | route RHO | claimed 0.8959046190657110892 | coeffs -348872833,-348872833,-522242144,-522242144,-527369068,-527369068,-385988930,-385988930,-552384049,-552384049,-719485587,-719485587,-627988979,-627988979,-642567587,-642567587,-974006107,-974006107,-804839940,-804839940,-679745067,-679745067,-765449183,-765449183,-844054421,-844054421,-556771015,-556771015,-669081935,-669081935,-871570419,-871570419,-864976249,-864976249,-1005072367,-1005072367,-870085877,-870085877,-713730602,-713730602,-764908954,-764908954,-746269815,-746269815,-486064895,-486064895,-534951268,-534951268,-404916478,-404916478,-274040340,-274040340,-496060377,-496060377,-278693456,-278693456,-141832424,-141832424,-273045616,-273045616,3215498,3215498,322319615,322319615
f = 566680362,0,1 | route T | claimed 2459.2923295126375102 | coeffs 492336933,492336933,519347472,519347472,234812658,234812658,205297521,205297521,260005765,260005765,27638705,27638705,431575554,431575554,448472080,448472080,582036778,582036778,607626931,607626931,715833568,715833568,646776292,646776292,519779093,519779093,705381808,705381808,424815996,424815996,376717290,376717290,560115592,560115592,273277734,273277734,186561856,186561856,206697717,206697717,115819853,115819853,28563638,28563638,219579442,219579442,60465211,60465211,55538766,55538766,88135477,88135477,257020663,257020663,231804486,231804486,150775084,150775084,6448169,6448169,-39046526,-39046526,-278679039,-278679039
# status f = 566680362,0,1 : PASS_RHO (rho 0.89590, T 2459.3, 0s)
f = 634210336,0,1 | route RHO | claimed 0.94072161866955149724 | coeffs -522737993,-277003589,-277003589,-335897782,-335897782,-308112584,-308112584,-315086776,-315086776,-312794797,-312794797,-173121316,-173121316,-263928161,-263928161,16761075,16761075,-151172281,-151172281,-47322636,-47322636,30346923,30346923,24362029,24362029,148245275,148245275,-165731918,-165731918,-282079269,-282079269,-446416251,-446416251,-533748382,-533748382,-507141578,-507141578,-610033381,-610033381,-521115615,-521115615,-369299104,-369299104,-196165440,-196165440,-358353973,-358353973,-200587563,-200587563,-50826458,-50826458,-100709988,-100709988,28618794,28618794,276390199,276390199,458633284,458633284,796108258,796108258,634133644,634133644,522737993
f = 634210336,0,1 | route T | claimed 2008.7982350347502203 | coeffs 522737993,522737993,277003589,277003589,335897782,335897782,308112584,308112584,315086776,315086776,312794797,312794797,173121316,173121316,263928161,263928161,-16761075,-16761075,151172281,151172281,47322636,47322636,-30346923,-30346923,-24362029,-24362029,-148245275,-148245275,165731918,165731918,282079269,282079269,446416251,446416251,533748382,533748382,507141578,507141578,610033381,610033381,521115615,521115615,369299104,369299104,196165440,196165440,358353973,358353973,200587563,200587563,50826458,50826458,100709988,100709988,-28618794,-28618794,-276390199,-276390199,-458633284,-458633284,-796108258,-796108258,-634133644,-634133644
# status f = 634210336,0,1 : PASS_RHO (rho 0.94072, T 2008.8, 0s)
f = 670474865,0,1 | route RHO | claimed 0.91013394522027128328 | coeffs -209213250,-662891775,-662891775,-330368501,-330368501,-411008400,-411008400,-465799018,-465799018,-341517050,-341517050,-290545248,-290545248,3439844,3439844,-78484075,-78484075,-108724581,-108724581,-129897359,-129897359,-47516928,-47516928,-87233512,-87233512,-278575914,-278575914,-298070157,-298070157,-36387651,-36387651,-2207974,-2207974,-82242814,-82242814,-94577217,-94577217,-125837619,-125837619,131784356,131784356,327503741,327503741,292977977,292977977,351877174,351877174,650341358,650341358,553096981,553096981,628536572,628536572,547959380,547959380,575037866,575037866,618372387,618372387,398387011,398387011,334962464,334962464,209213250
f = 670474865,0,1 | route T | claimed 1806.4598613807540643 | coeffs -257060007,-257060007,-87893840,-87893840,-36715488,-36715488,282388629,282388629,407483502,407483502,388844363,388844363,415397581,415397581,329693465,329693465,69488545,69488545,242857856,242857856,164252618,164252618,213138991,213138991,218265915,218265915,505549321,505549321,375514531,375514531,234134393,234134393,121823473,121823473,-9052665,-9052665,157342454,157342454,-45146030,-45146030,176874007,176874007,343975545,343975545,350569715,350569715,133202794,133202794,41706186,41706186,-98389932,-98389932,-235250964,-235250964,-220672356,-220672356,-85685866,-85685866,45527326,45527326,376965846,376965846,533321121,533321121
# status f = 670474865,0,1 : PASS_RHO (rho 0.91013, T 1806.5, 0s)
f = 741865674,0,1 | route RHO | claimed 0.94868066681717270774 | coeffs -31243632,-270827227,-270827227,-407501523,-407501523,-507225812,-507225812,-576977643,-576977643,-438881007,-438881007,-217981390,-217981390,-401451776,-401451776,-429825979,-429825979,-525825878,-525825878,-379447211,-379447211,-447649932,-447649932,-328004975,-328004975,-390192232,-390192232,-388740349,-388740349,100746782,100746782,5245001,5245001,-79477327,-79477327,-34634537,-34634537,-166472455,-166472455,2069176,2069176,45072414,45072414,19581674,19581674,374881660,374881660,498015016,498015016,442059781,442059781,583829545,583829545,622328696,622328696,424036756,424036756,157880319,157880319,18152114,18152114,14358041,14358041,31243632
f = 741865674,0,1 | route T | claimed 1992.6856202730068873 | coeffs -328004975,-328004975,-390192232,-390192232,-388740349,-388740349,100746782,100746782,5245001,5245001,-79477327,-79477327,-34634537,-34634537,-166472455,-166472455,2069176,2069176,45072414,45072414,19581674,19581674,374881660,374881660,498015016,498015016,442059781,442059781,583829545,583829545,622328696,622328696,424036756,424036756,157880319,157880319,18152114,18152114,14358041,14358041,31243632,31243632,270827227,270827227,407501523,407501523,507225812,507225812,576977643,576977643,438881007,438881007,217981390,217981390,401451776,401451776,429825979,429825979,525825878,525825878,379447211,379447211,447649932,447649932
# status f = 741865674,0,1 : PASS_RHO (rho 0.94868, T 1992.7, 0s)
f = 757328801,0,1 | route RHO | claimed 0.93176568407720172672 | coeffs 888823998,888823998,759495216,759495216,732888412,732888412,900821768,900821768,789426117,789426117,627237584,627237584,313260391,313260391,315552370,315552370,67780965,67780965,170672768,170672768,66823123,66823123,-178911281,-178911281,-21144871,-21144871,-137492222,-137492222,2181259,2181259,-180061826,-180061826,-268979592,-268979592,-346649151,-346649151,-287754958,-287754958,-137993853,-137993853,-302330835,-302330835,-393137680,-393137680,-730612654,-730612654,-882429165,-882429165,-876444271,-876444271,-904229469,-904229469,-954112999,-954112999,-1041445130,-1041445130,-760755894,-760755894,-598781280,-598781280,-771914944,-771914944,-895798190,-895798190
f = 757328801,0,1 | route T | claimed 1927.7730627554877199 | coeffs -551272876,-551272876,-330373259,-330373259,-392560516,-392560516,-224018885,-224018885,-185519734,-185519734,-48845438,-48845438,47154461,47154461,142656242,142656242,-212643744,-212643744,-72915539,-72915539,65181097,65181097,184826054,184826054,52988136,52988136,194757900,194757900,434341495,434341495,462715698,462715698,-26771433,-26771433,-1280693,-1280693,264875744,264875744,195123913,195123913,126921192,126921192,171763982,171763982,115808747,115808747,132694338,132694338,316164724,316164724,314712841,314712841,271709603,271709603,470001543,470001543,370277254,370277254,516655921,516655921,431933593,431933593,555066949,555066949
# status f = 757328801,0,1 : PASS_RHO (rho 0.93177, T 1927.8, 0s)
f = 782648006,0,1 | route RHO | claimed 0.91683401505626785109 | coeffs -173369311,-130034790,-130034790,202488484,202488484,-91496608,-91496608,-131213192,-131213192,-51178352,-51178352,-85704116,-85704116,-5126924,-5126924,-130876138,-130876138,-6594170,-6594170,14578608,14578608,276261114,276261114,18639139,18639139,-78605238,-78605238,141380138,141380138,222020037,222020037,140096118,140096118,331438520,331438520,319104117,319104117,260204920,260204920,287283406,287283406,-166395119,-166395119,-217366921,-217366921,-134986490,-134986490,-169166167,-169166167,26553218,26553218,-48886373,-48886373,-112310920,-112310920,-167101538,-167101538,-136861032,-136861032,-156355275,-156355275,-125094873,-125094873,173369311
f = 782648006,0,1 | route T | claimed 1843.0508593954670328 | coeffs -19076082,-254376347,-254376347,19940348,19940348,-78350536,-78350536,-68139327,-68139327,139046922,139046922,206673683,206673683,222688797,222688797,341027280,341027280,654200088,654200088,443768023,443768023,357187241,357187241,414784813,414784813,328038310,328038310,451395646,451395646,751840111,751840111,631322798,631322798,900901235,900901235,957954157,957954157,821851095,821851095,411400550,411400550,580241430,580241430,407268918,407268918,380392709,380392709,360613680,360613680,182292081,182292081,222028965,222028965,414549646,414549646,294342543,294342543,-98343698,-98343698,34688576,34688576,32332823,32332823,19076082
# status f = 782648006,0,1 : PASS_RHO (rho 0.91683, T 1843.1, 0s)
f = 782705242,0,1 | route RHO | claimed 0.96497145384788385984 | coeffs 498926281,744660685,744660685,751634877,751634877,660828032,660828032,556978387,556978387,680861633,680861633,845198615,845198615,742306812,742306812,569173148,569173148,718934253,718934253,471162848,471162848,309188234,309188234,250294041,250294041,248002062,248002062,528691298,528691298,451021739,451021739,137044546,137044546,224376677,224376677,313294443,313294443,475482976,475482976,425599446,425599446,243356361,243356361,131960710,131960710,159745908,159745908,20072427,20072427,-147860929,-147860929,-141876035,-141876035,-258223386,-258223386,-284830190,-284830190,-133013679,-133013679,-290780089,-290780089,-161451307,-161451307,-498926281
f = 782705242,0,1 | route T | claimed 2076.1247104205416629 | coeffs -339534941,15765045,15765045,162143712,162143712,428300149,428300149,523801930,523801930,623526219,623526219,598035479,598035479,502035580,502035580,700327520,700327520,210840389,210840389,347514685,347514685,390517923,390517923,362143720,362143720,323644569,323644569,322192686,322192686,561776281,561776281,730317912,730317912,546847526,546847526,405077762,405077762,467265019,467265019,484150610,484150610,352312692,352312692,573212309,573212309,629167544,629167544,509522587,509522587,505728514,505728514,550571304,550571304,688667940,688667940,565534584,565534584,633737305,633737305,494009100,494009100,409286772,409286772,339534941
# status f = 782705242,0,1 : PASS_RHO (rho 0.96497, T 2076.1, 0s)
f = 820646036,0,1 | route RHO | claimed 0.93423088637657214627 | coeffs -18981256,-45588060,-45588060,45218785,45218785,292990190,292990190,205658059,205658059,345331540,345331540,216002758,216002758,380339740,380339740,378047761,378047761,328164231,328164231,211816880,211816880,204842688,204842688,55081583,55081583,369058776,369058776,341273578,341273578,499039988,499039988,622923234,622923234,564029041,564029041,726217574,726217574,732202468,732202468,486468064,486468064,659601728,659601728,737271287,737271287,848666938,848666938,696850427,696850427,593000782,593000782,431026168,431026168,519943934,519943934,352010578,352010578,14535604,14535604,117427407,117427407,-163261829,-163261829,18981256
f = 820646036,0,1 | route T | claimed 2270.9298606493430376 | coeffs -18981256,-45588060,-45588060,45218785,45218785,292990190,292990190,205658059,205658059,345331540,345331540,216002758,216002758,380339740,380339740,378047761,378047761,328164231,328164231,211816880,211816880,204842688,204842688,55081583,55081583,369058776,369058776,341273578,341273578,499039988,499039988,622923234,622923234,564029041,564029041,726217574,726217574,732202468,732202468,486468064,486468064,659601728,659601728,737271287,737271287,848666938,848666938,696850427,696850427,593000782,593000782,431026168,431026168,519943934,519943934,352010578,352010578,14535604,14535604,117427407,117427407,-163261829,-163261829,18981256
# status f = 820646036,0,1 : PASS_RHO (rho 0.93423, T 2270.9, 0s)
f = 859664518,0,1 | route RHO | claimed 0.94868066681717270774 | coeffs 217981390,217981390,438881007,438881007,576977643,576977643,507225812,507225812,407501523,407501523,270827227,270827227,31243632,31243632,14358041,14358041,18152114,18152114,157880319,157880319,424036756,424036756,622328696,622328696,583829545,583829545,442059781,442059781,498015016,498015016,374881660,374881660,19581674,19581674,45072414,45072414,2069176,2069176,-166472455,-166472455,-34634537,-34634537,-79477327,-79477327,5245001,5245001,100746782,100746782,-388740349,-388740349,-390192232,-390192232,-328004975,-328004975,-447649932,-447649932,-379447211,-379447211,-525825878,-525825878,-429825979,-429825979,-401451776,-401451776
f = 859664518,0,1 | route T | claimed 1860.3563450701553072 | coeffs -442059781,-498015016,-498015016,-374881660,-374881660,-19581674,-19581674,-45072414,-45072414,-2069176,-2069176,166472455,166472455,34634537,34634537,79477327,79477327,-5245001,-5245001,-100746782,-100746782,388740349,388740349,390192232,390192232,328004975,328004975,447649932,447649932,379447211,379447211,525825878,525825878,429825979,429825979,401451776,401451776,217981390,217981390,438881007,438881007,576977643,576977643,507225812,507225812,407501523,407501523,270827227,270827227,31243632,31243632,14358041,14358041,18152114,18152114,157880319,157880319,424036756,424036756,622328696,622328696,583829545,583829545,442059781
# status f = 859664518,0,1 : PASS_RHO (rho 0.94868, T 1860.4, 1s)
f = 877667623,0,1 | route RHO | claimed 0.94072161866955149724 | coeffs -446416251,-282079269,-282079269,-165731918,-165731918,148245275,148245275,24362029,24362029,30346923,30346923,-47322636,-47322636,-151172281,-151172281,16761075,16761075,-263928161,-263928161,-173121316,-173121316,-312794797,-312794797,-315086776,-315086776,-308112584,-308112584,-335897782,-335897782,-277003589,-277003589,-522737993,-522737993,-634133644,-634133644,-796108258,-796108258,-458633284,-458633284,-276390199,-276390199,-28618794,-28618794,100709988,100709988,50826458,50826458,200587563,200587563,358353973,358353973,196165440,196165440,369299104,369299104,521115615,521115615,610033381,610033381,507141578,507141578,533748382,533748382,446416251
f = 877667623,0,1 | route T | claimed 2422.4855869182508629 | coeffs -28618794,100709988,100709988,50826458,50826458,200587563,200587563,358353973,358353973,196165440,196165440,369299104,369299104,521115615,521115615,610033381,610033381,507141578,507141578,533748382,533748382,446416251,446416251,282079269,282079269,165731918,165731918,-148245275,-148245275,-24362029,-24362029,-30346923,-30346923,47322636,47322636,151172281,151172281,-16761075,-16761075,263928161,263928161,173121316,173121316,312794797,312794797,315086776,315086776,308112584,308112584,335897782,335897782,277003589,277003589,522737993,522737993,634133644,634133644,796108258,796108258,458633284,458633284,276390199,276390199,28618794
# status f = 877667623,0,1 : PASS_RHO (rho 0.94072, T 2422.5, 0s)
f = 878844700,0,1 | route RHO | claimed 0.93423088637657214627 | coeffs -486468064,-486468064,-732202468,-732202468,-726217574,-726217574,-564029041,-564029041,-622923234,-622923234,-499039988,-499039988,-341273578,-341273578,-369058776,-369058776,-55081583,-55081583,-204842688,-204842688,-211816880,-211816880,-328164231,-328164231,-378047761,-378047761,-380339740,-380339740,-216002758,-216002758,-345331540,-345331540,-205658059,-205658059,-292990190,-292990190,-45218785,-45218785,45588060,45588060,18981256,18981256,-163261829,-163261829,117427407,117427407,14535604,14535604,352010578,352010578,519943934,519943934,431026168,431026168,593000782,593000782,696850427,696850427,848666938,848666938,737271287,737271287,659601728,659601728
f = 878844700,0,1 | route T | claimed 2455.243916450946013 | coeffs -684249453,-577466603,-577466603,-596886867,-596886867,-424734579,-424734579,-574957344,-574957344,-329814614,-329814614,-663415941,-663415941,-513762777,-513762777,-482664017,-482664017,-416488708,-416488708,-374359946,-374359946,-468012536,-468012536,-520852958,-520852958,-289861272,-289861272,-367037409,-367037409,-281908194,-281908194,-260005971,-260005971,-27800219,-27800219,260090126,260090126,257223128,257223128,80014700,80014700,59684433,59684433,265434410,265434410,235399863,235399863,214537295,214537295,409989992,409989992,298410524,298410524,284230010,284230010,327080847,327080847,756056702,756056702,621614571,621614571,544914138,544914138,684249453
# status f = 878844700,0,1 : PASS_RHO (rho 0.93423, T 2455.2, 1s)
f = 984116138,0,1 | route RHO | claimed 0.93680828338163629485 | coeffs -128395882,-128395882,-12048531,-12048531,-6063637,-6063637,161869719,161869719,22196238,22196238,-5588960,-5588960,-116984611,-116984611,65258474,65258474,15374944,15374944,-146813589,-146813589,-57895823,-57895823,-145227954,-145227954,-459205147,-459205147,-381535588,-381535588,-100846352,-100846352,-98554373,-98554373,-157448566,-157448566,4526048,4526048,-243245357,-243245357,-393006462,-393006462,-566140126,-566140126,-463248323,-463248323,-298911341,-298911341,-422794587,-422794587,-526644232,-526644232,-435837387,-435837387,-428863195,-428863195,-674597599,-674597599,-337122625,-337122625,-207793843,-207793843,-50027433,-50027433,101789078,101789078
f = 984116138,0,1 | route T | claimed 2066.1077895203907864 | coeffs -213288309,-213288309,-85189817,-85189817,-137688360,-137688360,-8206219,-8206219,356575600,356575600,513583646,513583646,347831916,347831916,458044984,458044984,418041068,418041068,254336566,254336566,397359647,397359647,112884344,112884344,513027120,513027120,447069362,447069362,412146733,412146733,216463293,216463293,369160189,369160189,377864751,377864751,256653706,256653706,239309239,239309239,101333548,101333548,165158977,165158977,277745373,277745373,259061395,259061395,389447430,389447430,444832172,444832172,354270712,354270712,169497710,169497710,489642392,489642392,147023537,147023537,105731882,105731882,200279898,200279898
# status f = 984116138,0,1 : PASS_RHO (rho 0.93681, T 2066.1, 1s)
f = 990625766,0,1 | route RHO | claimed 0.95736306351646346988 | coeffs 555503985,543169582,543169582,462529683,462529683,204907708,204907708,80625740,80625740,46099976,46099976,340085068,340085068,41620884,41620884,71861390,71861390,147300981,147300981,229681412,229681412,202602926,202602926,393945328,393945328,173959952,173959952,435642458,435642458,561391672,561391672,641426512,641426512,308903238,308903238,277642836,277642836,222852218,222852218,27132833,27132833,-23838969,-23838969,35060228,35060228,-46863691,-46863691,50380686,50380686,71553464,71553464,-9023728,-9023728,-48740312,-48740312,-92074833,-92074833,-72580590,-72580590,-136005137,-136005137,-101825460,-101825460,-555503985
f = 990625766,0,1 | route T | claimed 2181.3769479931767229 | coeffs 242352240,153434474,153434474,277317720,277317720,137644239,137644239,299618853,299618853,457385263,457385263,544717394,544717394,648567039,648567039,620781841,620781841,373010436,373010436,524826947,524826947,838804140,838804140,747997295,747997295,636601644,636601644,486840539,486840539,513447343,513447343,435777784,435777784,428803592,428803592,611046677,611046677,437913013,437913013,321565662,321565662,40876426,40876426,286610830,286610830,236727300,236727300,339619103,339619103,333634209,333634209,331342230,331342230,-6132744,-6132744,-168321277,-168321277,-3984295,-3984295,-171917651,-171917651,-113023458,-113023458,-242352240
# status f = 990625766,0,1 : PASS_RHO (rho 0.95736, T 2181.4, 0s)
f = 993869996,0,1 | route RHO | claimed 0.8959046190657110892 | coeffs 274040340,274040340,404916478,404916478,534951268,534951268,486064895,486064895,746269815,746269815,764908954,764908954,713730602,713730602,870085877,870085877,1005072367,1005072367,864976249,864976249,871570419,871570419,669081935,669081935,556771015,556771015,844054421,844054421,765449183,765449183,679745067,679745067,804839940,804839940,974006107,974006107,642567587,642567587,627988979,627988979,719485587,719485587,552384049,552384049,385988930,385988930,527369068,527369068,522242144,522242144,348872833,348872833,322319615,322319615,3215498,3215498,-273045616,-273045616,-141832424,-141832424,-278693456,-278693456,-496060377,-496060377
f = 993869996,0,1 | route T | claimed 1958.6508391944079767 | coeffs 274040340,274040340,404916478,404916478,534951268,534951268,486064895,486064895,746269815,746269815,764908954,764908954,713730602,713730602,870085877,870085877,1005072367,1005072367,864976249,864976249,871570419,871570419,669081935,669081935,556771015,556771015,844054421,844054421,765449183,765449183,679745067,679745067,804839940,804839940,974006107,974006107,642567587,642567587,627988979,627988979,719485587,719485587,552384049,552384049,385988930,385988930,527369068,527369068,522242144,522242144,348872833,348872833,322319615,322319615,3215498,3215498,-273045616,-273045616,-141832424,-141832424,-278693456,-278693456,-496060377,-496060377
# status f = 993869996,0,1 : PASS_RHO (rho 0.89590, T 1958.7, 0s)
# summary n = 7 l = 1000647617 : EXCLUSION_CANDIDATE ; PASS 32 / 32 ; OPEN_NEAR 0 ; OPEN_FAR 0 ; 14s
