# FAMILY WITNESS FILE (generator family_gen.sage r10). n = 7 ; l = 1000658881 ; m = 64 ; deg = 2 ; ncomp = 32 ; bar_T = 4224 ; L_n = 16.3328709449664096755483535644
# line: f = c0,...,c_deg (monic, over F_l) | route RHO|T | claimed (rho or T, float) | coeffs a_0..a_{m-1}
f = 18054495,0,1 | route RHO | claimed 0.85765032969326761408 | coeffs -106678197,-106678197,-113602590,-113602590,92790366,92790366,-73647843,-73647843,-238083272,-238083272,-41427869,-41427869,80748089,80748089,66255609,66255609,-57372034,-57372034,-42372421,-42372421,-113190458,-113190458,119478416,119478416,-43387528,-43387528,-74748785,-74748785,72782446,72782446,163818949,163818949,109171797,109171797,195624273,195624273,162333403,162333403,418130141,418130141,577575100,577575100,278491318,278491318,479065896,479065896,293419931,293419931,387372827,387372827,230457084,230457084,256272209,256272209,517524918,517524918,343039809,343039809,262199007,262199007,311539054,311539054,208835878,208835878
f = 18054495,0,1 | route T | claimed 1605.4190818141388304 | coeffs 119478416,-43387528,-43387528,-74748785,-74748785,72782446,72782446,163818949,163818949,109171797,109171797,195624273,195624273,162333403,162333403,418130141,418130141,577575100,577575100,278491318,278491318,479065896,479065896,293419931,293419931,387372827,387372827,230457084,230457084,256272209,256272209,517524918,517524918,343039809,343039809,262199007,262199007,311539054,311539054,208835878,208835878,106678197,106678197,113602590,113602590,-92790366,-92790366,73647843,73647843,238083272,238083272,41427869,41427869,-80748089,-80748089,-66255609,-66255609,57372034,57372034,42372421,42372421,113190458,113190458,-119478416
# status f = 18054495,0,1 : PASS_RHO (rho 0.85765, T 1605.4, 1s)
f = 37658305,0,1 | route RHO | claimed 0.85765032969326761408 | coeffs 41427869,41427869,238083272,238083272,73647843,73647843,-92790366,-92790366,113602590,113602590,106678197,106678197,208835878,208835878,311539054,311539054,262199007,262199007,343039809,343039809,517524918,517524918,256272209,256272209,230457084,230457084,387372827,387372827,293419931,293419931,479065896,479065896,278491318,278491318,577575100,577575100,418130141,418130141,162333403,162333403,195624273,195624273,109171797,109171797,163818949,163818949,72782446,72782446,-74748785,-74748785,-43387528,-43387528,119478416,119478416,-113190458,-113190458,-42372421,-42372421,-57372034,-57372034,66255609,66255609,80748089,80748089
f = 37658305,0,1 | route T | claimed 1531.7800681872030753 | coeffs 41427869,41427869,238083272,238083272,73647843,73647843,-92790366,-92790366,113602590,113602590,106678197,106678197,208835878,208835878,311539054,311539054,262199007,262199007,343039809,343039809,517524918,517524918,256272209,256272209,230457084,230457084,387372827,387372827,293419931,293419931,479065896,479065896,278491318,278491318,577575100,577575100,418130141,418130141,162333403,162333403,195624273,195624273,109171797,109171797,163818949,163818949,72782446,72782446,-74748785,-74748785,-43387528,-43387528,119478416,119478416,-113190458,-113190458,-42372421,-42372421,-57372034,-57372034,66255609,66255609,80748089,80748089
# status f = 37658305,0,1 : PASS_RHO (rho 0.85765, T 1531.8, 0s)
f = 80232686,0,1 | route RHO | claimed 0.90441703243624743187 | coeffs -74406655,-74406655,-177109831,-177109831,-14243887,-14243887,142671856,142671856,264847814,264847814,520644552,520644552,418486871,418486871,449848128,449848128,424033003,424033003,409540523,409540523,568985482,568985482,575909875,575909875,428378644,428378644,167125935,167125935,43498292,43498292,-255585490,-255585490,-461978446,-461978446,-553014949,-553014949,-378529840,-378529840,-363530227,-363530227,-162955649,-162955649,3482560,3482560,58129712,58129712,138970514,138970514,68152477,68152477,-117493488,-117493488,46941941,46941941,-39510535,-39510535,-88850582,-88850582,143818292,143818292,237771188,237771188,41115785,41115785
f = 80232686,0,1 | route T | claimed 2356.0984075523464999 | coeffs 264847814,520644552,520644552,418486871,418486871,449848128,449848128,424033003,424033003,409540523,409540523,568985482,568985482,575909875,575909875,428378644,428378644,167125935,167125935,43498292,43498292,-255585490,-255585490,-461978446,-461978446,-553014949,-553014949,-378529840,-378529840,-363530227,-363530227,-162955649,-162955649,3482560,3482560,58129712,58129712,138970514,138970514,68152477,68152477,-117493488,-117493488,46941941,46941941,-39510535,-39510535,-88850582,-88850582,143818292,143818292,237771188,237771188,41115785,41115785,74406655,74406655,177109831,177109831,14243887,14243887,-142671856,-142671856,-264847814
# status f = 80232686,0,1 : PASS_RHO (rho 0.90442, T 2356.1, 0s)
f = 100827400,0,1 | route RHO | claimed 0.94609046664559919016 | coeffs 456010736,505350783,505350783,766603492,766603492,860556388,860556388,561472606,561472606,528181736,528181736,619218239,619218239,456352295,456352295,471351908,471351908,593527866,593527866,427089657,427089657,529247338,529247338,610088140,610088140,584273015,584273015,769918980,769918980,610474021,610474021,524021545,524021545,376490314,376490314,143821440,143821440,267449083,267449083,70793680,70793680,-135599276,-135599276,-238302452,-238302452,-412787561,-412787561,-569703304,-569703304,-369128726,-369128726,-113331988,-113331988,-167979140,-167979140,-199340397,-199340397,-270158434,-270158434,-284650914,-284650914,-449086343,-449086343,-456010736
f = 100827400,0,1 | route T | claimed 3060.0872796728108955 | coeffs -416008063,-489941718,-489941718,-677256780,-677256780,-602514594,-602514594,-495642840,-495642840,-220823902,-220823902,-265385804,-265385804,42277427,42277427,-377631515,-377631515,-123981633,-123981633,-143511789,-143511789,-18261715,-18261715,95472296,95472296,33658018,33658018,-72935176,-72935176,-8694791,-8694791,104837069,104837069,216877032,216877032,3251970,3251970,-42048308,-42048308,112080377,112080377,181421532,181421532,51882884,51882884,122785231,122785231,393754992,393754992,278105901,278105901,302639092,302639092,42261701,42261701,70716053,70716053,16921356,16921356,-99226119,-99226119,202491033,202491033,416008063
# status f = 100827400,0,1 : PASS_RHO (rho 0.94609, T 3060.1, 0s)
f = 144600420,0,1 | route RHO | claimed 0.90018515175355637796 | coeffs 237440796,237440796,73005367,73005367,-112640598,-112640598,-41822561,-41822561,39018241,39018241,-15628911,-15628911,150809298,150809298,-49765280,-49765280,-34765667,-34765667,-209250776,-209250776,-300287279,-300287279,-93894323,-93894323,-392978105,-392978105,-269350462,-269350462,-530603171,-530603171,-383071940,-383071940,-376147547,-376147547,-535592506,-535592506,-550084986,-550084986,-524269861,-524269861,-492908604,-492908604,-390750923,-390750923,-134954185,-134954185,-257130143,-257130143,-100214400,-100214400,-263080344,-263080344,-365783520,-365783520,-332492650,-332492650,-135837247,-135837247,-41884351,-41884351,-274553225,-274553225,-323893272,-323893272
f = 144600420,0,1 | route T | claimed 2474.0175294254694072 | coeffs 300287279,300287279,93894323,93894323,392978105,392978105,269350462,269350462,530603171,530603171,383071940,383071940,376147547,376147547,535592506,535592506,550084986,550084986,524269861,524269861,492908604,492908604,390750923,390750923,134954185,134954185,257130143,257130143,100214400,100214400,263080344,263080344,365783520,365783520,332492650,332492650,135837247,135837247,41884351,41884351,274553225,274553225,323893272,323893272,237440796,237440796,73005367,73005367,-112640598,-112640598,-41822561,-41822561,39018241,39018241,-15628911,-15628911,150809298,150809298,-49765280,-49765280,-34765667,-34765667,-209250776,-209250776
# status f = 144600420,0,1 : PASS_RHO (rho 0.90019, T 2474.0, 0s)
f = 183482886,0,1 | route RHO | claimed 0.86591904400644845755 | coeffs 43704168,130156644,130156644,-29288315,-29288315,-214934280,-214934280,-240749405,-240749405,-321590207,-321590207,-219432526,-219432526,-52994317,-52994317,69181641,69181641,54182028,54182028,-108683916,-108683916,-199720419,-199720419,-233011289,-233011289,66072493,66072493,160025389,160025389,-101227320,-101227320,-51887273,-51887273,-58811666,-58811666,105623763,105623763,91131283,91131283,161949320,161949320,130588063,130588063,185235215,185235215,441031953,441031953,240457375,240457375,83541632,83541632,258026741,258026741,155323565,155323565,361716521,361716521,165061118,165061118,41433475,41433475,-191235399,-191235399,-43704168
f = 183482886,0,1 | route T | claimed 1878.0547001354153295 | coeffs 91131283,161949320,161949320,130588063,130588063,185235215,185235215,441031953,441031953,240457375,240457375,83541632,83541632,258026741,258026741,155323565,155323565,361716521,361716521,165061118,165061118,41433475,41433475,-191235399,-191235399,-43704168,-43704168,-130156644,-130156644,29288315,29288315,214934280,214934280,240749405,240749405,321590207,321590207,219432526,219432526,52994317,52994317,-69181641,-69181641,-54182028,-54182028,108683916,108683916,199720419,199720419,233011289,233011289,-66072493,-66072493,-160025389,-160025389,101227320,101227320,51887273,51887273,58811666,58811666,-105623763,-105623763,-91131283
# status f = 183482886,0,1 : PASS_RHO (rho 0.86592, T 1878.1, 0s)
f = 200621994,0,1 | route RHO | claimed 0.83713377463974043746 | coeffs -485240962,-322375018,-322375018,-235922542,-235922542,-436497120,-436497120,-175244411,-175244411,-73086730,-73086730,-269742133,-269742133,-340560170,-340560170,-431596673,-431596673,-272151714,-272151714,-115235971,-115235971,-65895924,-65895924,-232334133,-232334133,-108706490,-108706490,-140067747,-140067747,-106776877,-106776877,-292422842,-292422842,-117937733,-117937733,-111013340,-111013340,11162618,11162618,-221506256,-221506256,-276153408,-276153408,22930374,22930374,48745499,48745499,151448675,151448675,315884104,315884104,330883717,330883717,183352486,183352486,439149224,439149224,345196328,345196328,264355526,264355526,470748482,470748482,485240962
f = 200621994,0,1 | route T | claimed 2029.682422618534215 | coeffs -232334133,-108706490,-108706490,-140067747,-140067747,-106776877,-106776877,-292422842,-292422842,-117937733,-117937733,-111013340,-111013340,11162618,11162618,-221506256,-221506256,-276153408,-276153408,22930374,22930374,48745499,48745499,151448675,151448675,315884104,315884104,330883717,330883717,183352486,183352486,439149224,439149224,345196328,345196328,264355526,264355526,470748482,470748482,485240962,485240962,322375018,322375018,235922542,235922542,436497120,436497120,175244411,175244411,73086730,73086730,269742133,269742133,340560170,340560170,431596673,431596673,272151714,272151714,115235971,115235971,65895924,65895924,232334133
# status f = 200621994,0,1 : PASS_RHO (rho 0.83713, T 2029.7, 0s)
f = 269239428,0,1 | route RHO | claimed 0.89373701399528919266 | coeffs 42399308,303652017,303652017,466517961,466517961,547358763,547358763,694889994,694889994,592186818,592186818,646833970,646833970,639909577,639909577,606618707,606618707,773056916,773056916,613611957,613611957,810267360,810267360,1010841938,1010841938,1025334418,1025334418,931381522,931381522,946381135,946381135,972196260,972196260,739527386,739527386,914012495,914012495,882651238,882651238,931991285,931991285,840954782,840954782,943112463,943112463,1029564939,1029564939,823171983,823171983,567375245,567375245,402939816,402939816,103856034,103856034,-18319924,-18319924,167326041,167326041,43698398,43698398,-113217345,-113217345,-42399308
f = 269239428,0,1 | route T | claimed 1784.3418489249498825 | coeffs 42399308,303652017,303652017,466517961,466517961,547358763,547358763,694889994,694889994,592186818,592186818,646833970,646833970,639909577,639909577,606618707,606618707,773056916,773056916,613611957,613611957,810267360,810267360,1010841938,1010841938,1025334418,1025334418,931381522,931381522,946381135,946381135,972196260,972196260,739527386,739527386,914012495,914012495,882651238,882651238,931991285,931991285,840954782,840954782,943112463,943112463,1029564939,1029564939,823171983,823171983,567375245,567375245,402939816,402939816,103856034,103856034,-18319924,-18319924,167326041,167326041,43698398,43698398,-113217345,-113217345,-42399308
# status f = 269239428,0,1 : PASS_RHO (rho 0.89374, T 1784.3, 0s)
f = 270668786,0,1 | route RHO | claimed 0.92711505162195792627 | coeffs 447938799,447938799,414647929,414647929,257732186,257732186,155574505,155574505,170066985,170066985,22535754,22535754,321619536,321619536,496104645,496104645,329666436,329666436,258848399,258848399,345300875,345300875,439253771,439253771,336550595,336550595,214374637,214374637,245735894,245735894,86290935,86290935,-174961774,-174961774,31431182,31431182,46430795,46430795,-8216357,-8216357,-193862322,-193862322,-144522275,-144522275,-341177678,-341177678,-178311734,-178311734,-434108472,-434108472,-459923597,-459923597,-466847990,-466847990,-590475633,-590475633,-499439130,-499439130,-298864552,-298864552,-379705354,-379705354,-215269925,-215269925
f = 270668786,0,1 | route T | claimed 2229.0551090854010814 | coeffs -46430795,-46430795,8216357,8216357,193862322,193862322,144522275,144522275,341177678,341177678,178311734,178311734,434108472,434108472,459923597,459923597,466847990,466847990,590475633,590475633,499439130,499439130,298864552,298864552,379705354,379705354,215269925,215269925,447938799,447938799,414647929,414647929,257732186,257732186,155574505,155574505,170066985,170066985,22535754,22535754,321619536,321619536,496104645,496104645,329666436,329666436,258848399,258848399,345300875,345300875,439253771,439253771,336550595,336550595,214374637,214374637,245735894,245735894,86290935,86290935,-174961774,-174961774,31431182,31431182
# status f = 270668786,0,1 : PASS_RHO (rho 0.92712, T 2229.1, 0s)
f = 292772655,0,1 | route RHO | claimed 0.89136560576750529977 | coeffs -181521857,-214812727,-214812727,-229812340,-229812340,-127654659,-127654659,-313300624,-313300624,-460831855,-460831855,-264176452,-264176452,-438661561,-438661561,-694458299,-694458299,-765276336,-765276336,-758351943,-758351943,-852304839,-852304839,-761268336,-761268336,-883444294,-883444294,-802603492,-802603492,-643158533,-643158533,-875827407,-875827407,-669434451,-669434451,-826350194,-826350194,-771703042,-771703042,-786195522,-786195522,-736855475,-736855475,-437771693,-437771693,-600637637,-600637637,-434199428,-434199428,-460014553,-460014553,-373562077,-373562077,-249934434,-249934434,-147231258,-147231258,53343320,53343320,84704577,84704577,-79730852,-79730852,181521857
f = 292772655,0,1 | route T | claimed 1917.9703711544065485 | coeffs -147231258,53343320,53343320,84704577,84704577,-79730852,-79730852,181521857,181521857,214812727,214812727,229812340,229812340,127654659,127654659,313300624,313300624,460831855,460831855,264176452,264176452,438661561,438661561,694458299,694458299,765276336,765276336,758351943,758351943,852304839,852304839,761268336,761268336,883444294,883444294,802603492,802603492,643158533,643158533,875827407,875827407,669434451,669434451,826350194,826350194,771703042,771703042,786195522,786195522,736855475,736855475,437771693,437771693,600637637,600637637,434199428,434199428,460014553,460014553,373562077,373562077,249934434,249934434,147231258
# status f = 292772655,0,1 : PASS_RHO (rho 0.89137, T 1918.0, 0s)
f = 296563049,0,1 | route RHO | claimed 0.89373701399528919266 | coeffs 931381522,931381522,1025334418,1025334418,1010841938,1010841938,810267360,810267360,613611957,613611957,773056916,773056916,606618707,606618707,639909577,639909577,646833970,646833970,592186818,592186818,694889994,694889994,547358763,547358763,466517961,466517961,303652017,303652017,42399308,42399308,113217345,113217345,-43698398,-43698398,-167326041,-167326041,18319924,18319924,-103856034,-103856034,-402939816,-402939816,-567375245,-567375245,-823171983,-823171983,-1029564939,-1029564939,-943112463,-943112463,-840954782,-840954782,-931991285,-931991285,-882651238,-882651238,-914012495,-914012495,-739527386,-739527386,-972196260,-972196260,-946381135,-946381135
f = 296563049,0,1 | route T | claimed 1916.4597159313103448 | coeffs 167326041,167326041,-18319924,-18319924,103856034,103856034,402939816,402939816,567375245,567375245,823171983,823171983,1029564939,1029564939,943112463,943112463,840954782,840954782,931991285,931991285,882651238,882651238,914012495,914012495,739527386,739527386,972196260,972196260,946381135,946381135,931381522,931381522,1025334418,1025334418,1010841938,1010841938,810267360,810267360,613611957,613611957,773056916,773056916,606618707,606618707,639909577,639909577,646833970,646833970,592186818,592186818,694889994,694889994,547358763,547358763,466517961,466517961,303652017,303652017,42399308,42399308,113217345,113217345,-43698398,-43698398
# status f = 296563049,0,1 : PASS_RHO (rho 0.89374, T 1916.5, 0s)
f = 321859489,0,1 | route RHO | claimed 0.87561214733966425905 | coeffs 916464598,916464598,830012122,830012122,759194085,759194085,925632294,925632294,1100117403,1100117403,801033621,801033621,653502390,653502390,639009910,639009910,536852229,536852229,693767972,693767972,660477102,660477102,427808228,427808228,263372799,263372799,182531997,182531997,-18042581,-18042581,72993922,72993922,196621565,196621565,189697172,189697172,215512297,215512297,-40284441,-40284441,-203150385,-203150385,-399805788,-399805788,-449145835,-449145835,-634791800,-634791800,-580144648,-580144648,-565145035,-565145035,-771537991,-771537991,-1032790700,-1032790700,-873345741,-873345741,-841984484,-841984484,-719808526,-719808526,-822511702,-822511702
f = 321859489,0,1 | route T | claimed 1631.2799869384113299 | coeffs 449145835,449145835,634791800,634791800,580144648,580144648,565145035,565145035,771537991,771537991,1032790700,1032790700,873345741,873345741,841984484,841984484,719808526,719808526,822511702,822511702,916464598,916464598,830012122,830012122,759194085,759194085,925632294,925632294,1100117403,1100117403,801033621,801033621,653502390,653502390,639009910,639009910,536852229,536852229,693767972,693767972,660477102,660477102,427808228,427808228,263372799,263372799,182531997,182531997,-18042581,-18042581,72993922,72993922,196621565,196621565,189697172,189697172,215512297,215512297,-40284441,-40284441,-203150385,-203150385,-399805788,-399805788
# status f = 321859489,0,1 : PASS_RHO (rho 0.87561, T 1631.3, 0s)
f = 361547722,0,1 | route RHO | claimed 0.89136560576750529977 | coeffs -758351943,-758351943,-765276336,-765276336,-694458299,-694458299,-438661561,-438661561,-264176452,-264176452,-460831855,-460831855,-313300624,-313300624,-127654659,-127654659,-229812340,-229812340,-214812727,-214812727,-181521857,-181521857,79730852,79730852,-84704577,-84704577,-53343320,-53343320,147231258,147231258,249934434,249934434,373562077,373562077,460014553,460014553,434199428,434199428,600637637,600637637,437771693,437771693,736855475,736855475,786195522,786195522,771703042,771703042,826350194,826350194,669434451,669434451,875827407,875827407,643158533,643158533,802603492,802603492,883444294,883444294,761268336,761268336,852304839,852304839
f = 361547722,0,1 | route T | claimed 2217.4521286672043331 | coeffs 434199428,434199428,600637637,600637637,437771693,437771693,736855475,736855475,786195522,786195522,771703042,771703042,826350194,826350194,669434451,669434451,875827407,875827407,643158533,643158533,802603492,802603492,883444294,883444294,761268336,761268336,852304839,852304839,758351943,758351943,765276336,765276336,694458299,694458299,438661561,438661561,264176452,264176452,460831855,460831855,313300624,313300624,127654659,127654659,229812340,229812340,214812727,214812727,181521857,181521857,-79730852,-79730852,84704577,84704577,53343320,53343320,-147231258,-147231258,-249934434,-249934434,-373562077,-373562077,-460014553,-460014553
# status f = 361547722,0,1 : PASS_RHO (rho 0.89137, T 2217.5, 0s)
f = 423051528,0,1 | route RHO | claimed 0.89774860807494762249 | coeffs 429597825,429597825,460959082,460959082,554911978,554911978,388473769,388473769,240942538,240942538,84026795,84026795,-80408634,-80408634,-171445137,-171445137,-145630012,-145630012,51025391,51025391,105672543,105672543,366925252,366925252,489101210,489101210,402648734,402648734,228163625,228163625,213671145,213671145,246962015,246962015,166121213,166121213,42493570,42493570,-213303168,-213303168,-163963121,-163963121,-148963508,-148963508,-308408467,-308408467,-411111643,-411111643,-481929680,-481929680,-182845898,-182845898,-285003579,-285003579,-52334705,-52334705,-252909283,-252909283,-245984890,-245984890,-408850834,-408850834,-223204869,-223204869
f = 423051528,0,1 | route T | claimed 2572.5817052933745285 | coeffs 508908866,508908866,593161197,593161197,945958649,945958649,613669657,613669657,757145093,757145093,673496519,673496519,443034998,443034998,331556422,331556422,693923183,693923183,417517132,417517132,410265082,410265082,650493150,650493150,257080175,257080175,346052905,346052905,187788790,187788790,-78597026,-78597026,-113470040,-113470040,-117882919,-117882919,-115049112,-115049112,-229038956,-229038956,-107414293,-107414293,-208708302,-208708302,-389205160,-389205160,-238246772,-238246772,-239309196,-239309196,-109938636,-109938636,37344838,37344838,-219662865,-219662865,-353323157,-353323157,-297021213,-297021213,-594335660,-594335660,-793081986,-793081986
# status f = 423051528,0,1 : PASS_RHO (rho 0.89775, T 2572.6, 0s)
f = 447490977,0,1 | route RHO | claimed 0.94530114500224115152 | coeffs -509884747,-509884747,-397306459,-397306459,-254844916,-254844916,-454878274,-454878274,-400256499,-400256499,-464880583,-464880583,-281520723,-281520723,-199646802,-199646802,-373801942,-373801942,-108982276,-108982276,-74054899,-74054899,74008573,74008573,31184111,31184111,140696115,140696115,325932041,325932041,683373274,683373274,962646121,962646121,738761735,738761735,693538768,693538768,787391558,787391558,801598602,801598602,561509249,561509249,383607176,383607176,444485022,444485022,397884713,397884713,338653538,338653538,281103600,281103600,253202689,253202689,536106886,536106886,292481231,292481231,297969803,297969803,522193328,522193328
f = 447490977,0,1 | route T | claimed 2757.6115402103850578 | coeffs -394947701,-110958531,-110958531,-231636430,-231636430,-533275217,-533275217,-271933446,-271933446,-40308376,-40308376,-72612962,-72612962,-128372863,-128372863,174151200,174151200,-194960036,-194960036,-150343307,-150343307,163096476,163096476,351192349,351192349,182072429,182072429,175903584,175903584,89417525,89417525,200104740,200104740,315307942,315307942,189883012,189883012,141576303,141576303,125515724,125515724,328019102,328019102,323921673,323921673,213797580,213797580,369434746,369434746,441640551,441640551,705917267,705917267,752352480,752352480,731823331,731823331,804062672,804062672,697214328,697214328,425683845,425683845,394947701
# status f = 447490977,0,1 : PASS_RHO (rho 0.94530, T 2757.6, 0s)
f = 493823166,0,1 | route RHO | claimed 0.89774860807494762249 | coeffs -80408634,84026795,84026795,240942538,240942538,388473769,388473769,554911978,554911978,460959082,460959082,429597825,429597825,223204869,223204869,408850834,408850834,245984890,245984890,252909283,252909283,52334705,52334705,285003579,285003579,182845898,182845898,481929680,481929680,411111643,411111643,308408467,308408467,148963508,148963508,163963121,163963121,213303168,213303168,-42493570,-42493570,-166121213,-166121213,-246962015,-246962015,-213671145,-213671145,-228163625,-228163625,-402648734,-402648734,-489101210,-489101210,-366925252,-366925252,-105672543,-105672543,-51025391,-51025391,145630012,145630012,171445137,171445137,80408634
f = 493823166,0,1 | route T | claimed 2356.7420187324156007 | coeffs 402648734,489101210,489101210,366925252,366925252,105672543,105672543,51025391,51025391,-145630012,-145630012,-171445137,-171445137,-80408634,-80408634,84026795,84026795,240942538,240942538,388473769,388473769,554911978,554911978,460959082,460959082,429597825,429597825,223204869,223204869,408850834,408850834,245984890,245984890,252909283,252909283,52334705,52334705,285003579,285003579,182845898,182845898,481929680,481929680,411111643,411111643,308408467,308408467,148963508,148963508,163963121,163963121,213303168,213303168,-42493570,-42493570,-166121213,-166121213,-246962015,-246962015,-213671145,-213671145,-228163625,-228163625,-402648734
# status f = 493823166,0,1 : PASS_RHO (rho 0.89775, T 2356.7, 0s)
f = 506835715,0,1 | route RHO | claimed 0.91285542761999041389 | coeffs -697688850,-697688850,-894344253,-894344253,-868529128,-868529128,-777492625,-777492625,-941928054,-941928054,-785012311,-785012311,-932543542,-932543542,-766105333,-766105333,-672152437,-672152437,-703513694,-703513694,-497120738,-497120738,-311474773,-311474773,-148608829,-148608829,-141684436,-141684436,58890142,58890142,291559016,291559016,393716697,393716697,692800479,692800479,763618516,763618516,660915340,660915340,820360299,820360299,835359912,835359912,786019865,786019865,530223127,530223127,653850770,653850770,573009968,573009968,539719098,539719098,525226618,525226618,699711727,699711727,613259251,613259251,491083293,491083293,752336002,752336002
f = 506835715,0,1 | route T | claimed 2280.1580608115006356 | coeffs 653850770,573009968,573009968,539719098,539719098,525226618,525226618,699711727,699711727,613259251,613259251,491083293,491083293,752336002,752336002,697688850,697688850,894344253,894344253,868529128,868529128,777492625,777492625,941928054,941928054,785012311,785012311,932543542,932543542,766105333,766105333,672152437,672152437,703513694,703513694,497120738,497120738,311474773,311474773,148608829,148608829,141684436,141684436,-58890142,-58890142,-291559016,-291559016,-393716697,-393716697,-692800479,-692800479,-763618516,-763618516,-660915340,-660915340,-820360299,-820360299,-835359912,-835359912,-786019865,-786019865,-530223127,-530223127,-653850770
# status f = 506835715,0,1 : PASS_RHO (rho 0.91286, T 2280.2, 0s)
f = 553167904,0,1 | route RHO | claimed 0.83713377463974043746 | coeffs -175244411,-175244411,-436497120,-436497120,-235922542,-235922542,-322375018,-322375018,-485240962,-485240962,-470748482,-470748482,-264355526,-264355526,-345196328,-345196328,-439149224,-439149224,-183352486,-183352486,-330883717,-330883717,-315884104,-315884104,-151448675,-151448675,-48745499,-48745499,-22930374,-22930374,276153408,276153408,221506256,221506256,-11162618,-11162618,111013340,111013340,117937733,117937733,292422842,292422842,106776877,106776877,140067747,140067747,108706490,108706490,232334133,232334133,65895924,65895924,115235971,115235971,272151714,272151714,431596673,431596673,340560170,340560170,269742133,269742133,73086730,73086730
f = 553167904,0,1 | route T | claimed 2345.6395748819050625 | coeffs -48745499,-48745499,-22930374,-22930374,276153408,276153408,221506256,221506256,-11162618,-11162618,111013340,111013340,117937733,117937733,292422842,292422842,106776877,106776877,140067747,140067747,108706490,108706490,232334133,232334133,65895924,65895924,115235971,115235971,272151714,272151714,431596673,431596673,340560170,340560170,269742133,269742133,73086730,73086730,175244411,175244411,436497120,436497120,235922542,235922542,322375018,322375018,485240962,485240962,470748482,470748482,264355526,264355526,345196328,345196328,439149224,439149224,183352486,183352486,330883717,330883717,315884104,315884104,151448675,151448675
# status f = 553167904,0,1 : PASS_RHO (rho 0.83713, T 2345.6, 0s)
f = 577607353,0,1 | route RHO | claimed 0.91285542761999041389 | coeffs -692800479,-393716697,-393716697,-291559016,-291559016,-58890142,-58890142,141684436,141684436,148608829,148608829,311474773,311474773,497120738,497120738,703513694,703513694,672152437,672152437,766105333,766105333,932543542,932543542,785012311,785012311,941928054,941928054,777492625,777492625,868529128,868529128,894344253,894344253,697688850,697688850,752336002,752336002,491083293,491083293,613259251,613259251,699711727,699711727,525226618,525226618,539719098,539719098,573009968,573009968,653850770,653850770,530223127,530223127,786019865,786019865,835359912,835359912,820360299,820360299,660915340,660915340,763618516,763618516,692800479
f = 577607353,0,1 | route T | claimed 1818.3213399787802133 | coeffs -692800479,-393716697,-393716697,-291559016,-291559016,-58890142,-58890142,141684436,141684436,148608829,148608829,311474773,311474773,497120738,497120738,703513694,703513694,672152437,672152437,766105333,766105333,932543542,932543542,785012311,785012311,941928054,941928054,777492625,777492625,868529128,868529128,894344253,894344253,697688850,697688850,752336002,752336002,491083293,491083293,613259251,613259251,699711727,699711727,525226618,525226618,539719098,539719098,573009968,573009968,653850770,653850770,530223127,530223127,786019865,786019865,835359912,835359912,820360299,820360299,660915340,660915340,763618516,763618516,692800479
# status f = 577607353,0,1 : PASS_RHO (rho 0.91286, T 1818.3, 0s)
f = 639111159,0,1 | route RHO | claimed 0.89762742924097177608 | coeffs 31548086,31548086,206033195,206033195,402688598,402688598,550219829,550219829,364573864,364573864,262416183,262416183,247416570,247416570,280707440,280707440,19454731,19454731,-144980698,-144980698,-176341955,-176341955,24232623,24232623,-78470553,-78470553,45157090,45157090,-41295386,-41295386,-67110511,-67110511,-233548720,-233548720,-396414664,-396414664,-695498446,-695498446,-646158399,-646158399,-631665919,-631665919,-577018767,-577018767,-420103024,-420103024,-213710068,-213710068,18958806,18958806,178403765,178403765,97562963,97562963,-24612995,-24612995,-115649498,-115649498,-209602394,-209602394,-216526787,-216526787,-287344824,-287344824
f = 639111159,0,1 | route T | claimed 1870.2132828861258579 | coeffs 178403765,178403765,97562963,97562963,-24612995,-24612995,-115649498,-115649498,-209602394,-209602394,-216526787,-216526787,-287344824,-287344824,-31548086,-31548086,-206033195,-206033195,-402688598,-402688598,-550219829,-550219829,-364573864,-364573864,-262416183,-262416183,-247416570,-247416570,-280707440,-280707440,-19454731,-19454731,144980698,144980698,176341955,176341955,-24232623,-24232623,78470553,78470553,-45157090,-45157090,41295386,41295386,67110511,67110511,233548720,233548720,396414664,396414664,695498446,695498446,646158399,646158399,631665919,631665919,577018767,577018767,420103024,420103024,213710068,213710068,-18958806,-18958806
# status f = 639111159,0,1 : PASS_RHO (rho 0.89763, T 1870.2, 0s)
f = 678799392,0,1 | route RHO | claimed 0.92711505162195792627 | coeffs -31431182,174961774,174961774,-86290935,-86290935,-245735894,-245735894,-214374637,-214374637,-336550595,-336550595,-439253771,-439253771,-345300875,-345300875,-258848399,-258848399,-329666436,-329666436,-496104645,-496104645,-321619536,-321619536,-22535754,-22535754,-170066985,-170066985,-155574505,-155574505,-257732186,-257732186,-414647929,-414647929,-447938799,-447938799,-215269925,-215269925,-379705354,-379705354,-298864552,-298864552,-499439130,-499439130,-590475633,-590475633,-466847990,-466847990,-459923597,-459923597,-434108472,-434108472,-178311734,-178311734,-341177678,-341177678,-144522275,-144522275,-193862322,-193862322,-8216357,-8216357,46430795,46430795,31431182
f = 678799392,0,1 | route T | claimed 2154.0927298251004914 | coeffs -174961774,86290935,86290935,245735894,245735894,214374637,214374637,336550595,336550595,439253771,439253771,345300875,345300875,258848399,258848399,329666436,329666436,496104645,496104645,321619536,321619536,22535754,22535754,170066985,170066985,155574505,155574505,257732186,257732186,414647929,414647929,447938799,447938799,215269925,215269925,379705354,379705354,298864552,298864552,499439130,499439130,590475633,590475633,466847990,466847990,459923597,459923597,434108472,434108472,178311734,178311734,341177678,341177678,144522275,144522275,193862322,193862322,8216357,8216357,-46430795,-46430795,-31431182,-31431182,174961774
# status f = 678799392,0,1 : PASS_RHO (rho 0.92712, T 2154.1, 0s)
f = 704095832,0,1 | route RHO | claimed 0.92086975298011364534 | coeffs -1659509,-56306661,-56306661,-159009837,-159009837,-306541068,-306541068,-225700266,-225700266,-388566210,-388566210,-127313501,-127313501,-56495464,-56495464,100420279,100420279,-23207364,-23207364,-208853329,-208853329,-331029287,-331029287,-31945505,-31945505,-196380934,-196380934,59415804,59415804,-146977152,-146977152,-233429628,-233429628,-131271947,-131271947,-40235444,-40235444,9104603,9104603,40465860,40465860,214950969,214950969,447619843,447619843,473434968,473434968,458435355,458435355,364482459,364482459,349989979,349989979,550564557,550564557,353909154,353909154,194464195,194464195,28025986,28025986,-5264884,-5264884,1659509
f = 704095832,0,1 | route T | claimed 2164.8198952010165045 | coeffs 100420279,-23207364,-23207364,-208853329,-208853329,-331029287,-331029287,-31945505,-31945505,-196380934,-196380934,59415804,59415804,-146977152,-146977152,-233429628,-233429628,-131271947,-131271947,-40235444,-40235444,9104603,9104603,40465860,40465860,214950969,214950969,447619843,447619843,473434968,473434968,458435355,458435355,364482459,364482459,349989979,349989979,550564557,550564557,353909154,353909154,194464195,194464195,28025986,28025986,-5264884,-5264884,1659509,1659509,56306661,56306661,159009837,159009837,306541068,306541068,225700266,225700266,388566210,388566210,127313501,127313501,56495464,56495464,-100420279
# status f = 704095832,0,1 : PASS_RHO (rho 0.92087, T 2164.8, 0s)
f = 707886226,0,1 | route RHO | claimed 0.89762742924097177608 | coeffs 402688598,206033195,206033195,31548086,31548086,287344824,287344824,216526787,216526787,209602394,209602394,115649498,115649498,24612995,24612995,-97562963,-97562963,-178403765,-178403765,-18958806,-18958806,213710068,213710068,420103024,420103024,577018767,577018767,631665919,631665919,646158399,646158399,695498446,695498446,396414664,396414664,233548720,233548720,67110511,67110511,41295386,41295386,-45157090,-45157090,78470553,78470553,-24232623,-24232623,176341955,176341955,144980698,144980698,-19454731,-19454731,-280707440,-280707440,-247416570,-247416570,-262416183,-262416183,-364573864,-364573864,-550219829,-550219829,-402688598
f = 707886226,0,1 | route T | claimed 1652.4596114601453752 | coeffs 19454731,19454731,280707440,280707440,247416570,247416570,262416183,262416183,364573864,364573864,550219829,550219829,402688598,402688598,206033195,206033195,31548086,31548086,287344824,287344824,216526787,216526787,209602394,209602394,115649498,115649498,24612995,24612995,-97562963,-97562963,-178403765,-178403765,-18958806,-18958806,213710068,213710068,420103024,420103024,577018767,577018767,631665919,631665919,646158399,646158399,695498446,695498446,396414664,396414664,233548720,233548720,67110511,67110511,41295386,41295386,-45157090,-45157090,78470553,78470553,-24232623,-24232623,176341955,176341955,144980698,144980698
# status f = 707886226,0,1 : PASS_RHO (rho 0.89763, T 1652.5, 0s)
f = 729990095,0,1 | route RHO | claimed 0.87561214733966425905 | coeffs -40284441,215512297,215512297,189697172,189697172,196621565,196621565,72993922,72993922,-18042581,-18042581,182531997,182531997,263372799,263372799,427808228,427808228,660477102,660477102,693767972,693767972,536852229,536852229,639009910,639009910,653502390,653502390,801033621,801033621,1100117403,1100117403,925632294,925632294,759194085,759194085,830012122,830012122,916464598,916464598,822511702,822511702,719808526,719808526,841984484,841984484,873345741,873345741,1032790700,1032790700,771537991,771537991,565145035,565145035,580144648,580144648,634791800,634791800,449145835,449145835,399805788,399805788,203150385,203150385,40284441
f = 729990095,0,1 | route T | claimed 1876.4235099905089594 | coeffs -40284441,215512297,215512297,189697172,189697172,196621565,196621565,72993922,72993922,-18042581,-18042581,182531997,182531997,263372799,263372799,427808228,427808228,660477102,660477102,693767972,693767972,536852229,536852229,639009910,639009910,653502390,653502390,801033621,801033621,1100117403,1100117403,925632294,925632294,759194085,759194085,830012122,830012122,916464598,916464598,822511702,822511702,719808526,719808526,841984484,841984484,873345741,873345741,1032790700,1032790700,771537991,771537991,565145035,565145035,580144648,580144648,634791800,634791800,449145835,449145835,399805788,399805788,203150385,203150385,40284441
# status f = 729990095,0,1 : PASS_RHO (rho 0.87561, T 1876.4, 0s)
f = 731419453,0,1 | route RHO | claimed 0.92086975298011364534 | coeffs 473434968,447619843,447619843,214950969,214950969,40465860,40465860,9104603,9104603,-40235444,-40235444,-131271947,-131271947,-233429628,-233429628,-146977152,-146977152,59415804,59415804,-196380934,-196380934,-31945505,-31945505,-331029287,-331029287,-208853329,-208853329,-23207364,-23207364,100420279,100420279,-56495464,-56495464,-127313501,-127313501,-388566210,-388566210,-225700266,-225700266,-306541068,-306541068,-159009837,-159009837,-56306661,-56306661,-1659509,-1659509,5264884,5264884,-28025986,-28025986,-194464195,-194464195,-353909154,-353909154,-550564557,-550564557,-349989979,-349989979,-364482459,-364482459,-458435355,-458435355,-473434968
f = 731419453,0,1 | route T | claimed 2012.6440905866562859 | coeffs -364482459,-458435355,-458435355,-473434968,-473434968,-447619843,-447619843,-214950969,-214950969,-40465860,-40465860,-9104603,-9104603,40235444,40235444,131271947,131271947,233429628,233429628,146977152,146977152,-59415804,-59415804,196380934,196380934,31945505,31945505,331029287,331029287,208853329,208853329,23207364,23207364,-100420279,-100420279,56495464,56495464,127313501,127313501,388566210,388566210,225700266,225700266,306541068,306541068,159009837,159009837,56306661,56306661,1659509,1659509,-5264884,-5264884,28025986,28025986,194464195,194464195,353909154,353909154,550564557,550564557,349989979,349989979,364482459
# status f = 731419453,0,1 : PASS_RHO (rho 0.92087, T 2012.6, 0s)
f = 800036887,0,1 | route RHO | claimed 0.94530114500224115152 | coeffs 738761735,962646121,962646121,683373274,683373274,325932041,325932041,140696115,140696115,31184111,31184111,74008573,74008573,-74054899,-74054899,-108982276,-108982276,-373801942,-373801942,-199646802,-199646802,-281520723,-281520723,-464880583,-464880583,-400256499,-400256499,-454878274,-454878274,-254844916,-254844916,-397306459,-397306459,-509884747,-509884747,-522193328,-522193328,-297969803,-297969803,-292481231,-292481231,-536106886,-536106886,-253202689,-253202689,-281103600,-281103600,-338653538,-338653538,-397884713,-397884713,-444485022,-444485022,-383607176,-383607176,-561509249,-561509249,-801598602,-801598602,-787391558,-787391558,-693538768,-693538768,-738761735
f = 800036887,0,1 | route T | claimed 2336.8846561033401537 | coeffs -255231937,-27067136,-27067136,-175869572,-175869572,-223602143,-223602143,246093494,246093494,178908629,178908629,93030909,93030909,120004268,120004268,25731472,25731472,211916476,211916476,124868818,124868818,129223451,129223451,242623266,242623266,397407272,397407272,306352569,306352569,120056551,120056551,260277642,260277642,279888252,279888252,501403915,501403915,449542235,449542235,300866602,300866602,417283486,417283486,394321661,394321661,214623522,214623522,94364737,94364737,136449835,136449835,-145967730,-145967730,-161503063,-161503063,-292274786,-292274786,18358031,18358031,-49537923,-49537923,254405834,254405834,255231937
# status f = 800036887,0,1 : PASS_RHO (rho 0.94530, T 2336.9, 0s)
f = 817175995,0,1 | route RHO | claimed 0.94609046664559919016 | coeffs 113331988,113331988,369128726,369128726,569703304,569703304,412787561,412787561,238302452,238302452,135599276,135599276,-70793680,-70793680,-267449083,-267449083,-143821440,-143821440,-376490314,-376490314,-524021545,-524021545,-610474021,-610474021,-769918980,-769918980,-584273015,-584273015,-610088140,-610088140,-529247338,-529247338,-427089657,-427089657,-593527866,-593527866,-471351908,-471351908,-456352295,-456352295,-619218239,-619218239,-528181736,-528181736,-561472606,-561472606,-860556388,-860556388,-766603492,-766603492,-505350783,-505350783,-456010736,-456010736,-449086343,-449086343,-284650914,-284650914,-270158434,-270158434,-199340397,-199340397,-167979140,-167979140
f = 817175995,0,1 | route T | claimed 2504.0316778826268671 | coeffs 635001723,635001723,731507296,731507296,678592215,678592215,710050078,710050078,646440484,646440484,614377757,614377757,385640644,385640644,26626021,26626021,218998665,218998665,219955287,219955287,20452077,20452077,55006332,55006332,404892414,404892414,227940489,227940489,-2006766,-2006766,-230185324,-230185324,-155125386,-155125386,-355052271,-355052271,-399432906,-399432906,-771127184,-771127184,-728456355,-728456355,-576614119,-576614119,-710310982,-710310982,-695793493,-695793493,-557041936,-557041936,-646739629,-646739629,-461795859,-461795859,-609934258,-609934258,-835264233,-835264233,-861800589,-861800589,-816630419,-816630419,-789576067,-789576067
# status f = 817175995,0,1 : PASS_RHO (rho 0.94609, T 2504.0, 0s)
f = 856058461,0,1 | route RHO | claimed 0.90441703243624743187 | coeffs -553014949,-461978446,-461978446,-255585490,-255585490,43498292,43498292,167125935,167125935,428378644,428378644,575909875,575909875,568985482,568985482,409540523,409540523,424033003,424033003,449848128,449848128,418486871,418486871,520644552,520644552,264847814,264847814,142671856,142671856,-14243887,-14243887,-177109831,-177109831,-74406655,-74406655,-41115785,-41115785,-237771188,-237771188,-143818292,-143818292,88850582,88850582,39510535,39510535,-46941941,-46941941,117493488,117493488,-68152477,-68152477,-138970514,-138970514,-58129712,-58129712,-3482560,-3482560,162955649,162955649,363530227,363530227,378529840,378529840,553014949
f = 856058461,0,1 | route T | claimed 2428.1723045239390481 | coeffs -553014949,-461978446,-461978446,-255585490,-255585490,43498292,43498292,167125935,167125935,428378644,428378644,575909875,575909875,568985482,568985482,409540523,409540523,424033003,424033003,449848128,449848128,418486871,418486871,520644552,520644552,264847814,264847814,142671856,142671856,-14243887,-14243887,-177109831,-177109831,-74406655,-74406655,-41115785,-41115785,-237771188,-237771188,-143818292,-143818292,88850582,88850582,39510535,39510535,-46941941,-46941941,117493488,117493488,-68152477,-68152477,-138970514,-138970514,-58129712,-58129712,-3482560,-3482560,162955649,162955649,363530227,363530227,378529840,378529840,553014949
# status f = 856058461,0,1 : PASS_RHO (rho 0.90442, T 2428.2, 0s)
f = 899831481,0,1 | route RHO | claimed 0.86591904400644845755 | coeffs 199720419,199720419,108683916,108683916,-54182028,-54182028,-69181641,-69181641,52994317,52994317,219432526,219432526,321590207,321590207,240749405,240749405,214934280,214934280,29288315,29288315,-130156644,-130156644,-43704168,-43704168,-191235399,-191235399,41433475,41433475,165061118,165061118,361716521,361716521,155323565,155323565,258026741,258026741,83541632,83541632,240457375,240457375,441031953,441031953,185235215,185235215,130588063,130588063,161949320,161949320,91131283,91131283,105623763,105623763,-58811666,-58811666,-51887273,-51887273,-101227320,-101227320,160025389,160025389,66072493,66072493,-233011289,-233011289
f = 899831481,0,1 | route T | claimed 1723.5343690513133664 | coeffs 199720419,199720419,108683916,108683916,-54182028,-54182028,-69181641,-69181641,52994317,52994317,219432526,219432526,321590207,321590207,240749405,240749405,214934280,214934280,29288315,29288315,-130156644,-130156644,-43704168,-43704168,-191235399,-191235399,41433475,41433475,165061118,165061118,361716521,361716521,155323565,155323565,258026741,258026741,83541632,83541632,240457375,240457375,441031953,441031953,185235215,185235215,130588063,130588063,161949320,161949320,91131283,91131283,105623763,105623763,-58811666,-58811666,-51887273,-51887273,-101227320,-101227320,160025389,160025389,66072493,66072493,-233011289,-233011289
# status f = 899831481,0,1 : PASS_RHO (rho 0.86592, T 1723.5, 0s)
f = 920426195,0,1 | route RHO | claimed 0.90018515175355637796 | coeffs -100214400,-100214400,-257130143,-257130143,-134954185,-134954185,-390750923,-390750923,-492908604,-492908604,-524269861,-524269861,-550084986,-550084986,-535592506,-535592506,-376147547,-376147547,-383071940,-383071940,-530603171,-530603171,-269350462,-269350462,-392978105,-392978105,-93894323,-93894323,-300287279,-300287279,-209250776,-209250776,-34765667,-34765667,-49765280,-49765280,150809298,150809298,-15628911,-15628911,39018241,39018241,-41822561,-41822561,-112640598,-112640598,73005367,73005367,237440796,237440796,323893272,323893272,274553225,274553225,41884351,41884351,135837247,135837247,332492650,332492650,365783520,365783520,263080344,263080344
f = 920426195,0,1 | route T | claimed 1745.3258599526894932 | coeffs -15628911,-15628911,39018241,39018241,-41822561,-41822561,-112640598,-112640598,73005367,73005367,237440796,237440796,323893272,323893272,274553225,274553225,41884351,41884351,135837247,135837247,332492650,332492650,365783520,365783520,263080344,263080344,100214400,100214400,257130143,257130143,134954185,134954185,390750923,390750923,492908604,492908604,524269861,524269861,550084986,550084986,535592506,535592506,376147547,376147547,383071940,383071940,530603171,530603171,269350462,269350462,392978105,392978105,93894323,93894323,300287279,300287279,209250776,209250776,34765667,34765667,49765280,49765280,-150809298,-150809298
# status f = 920426195,0,1 : PASS_RHO (rho 0.90019, T 1745.3, 0s)
f = 963000576,0,1 | route RHO | claimed 0.95730536647597081445 | coeffs 40549398,40549398,-145096567,-145096567,-345671145,-345671145,-644754927,-644754927,-804199886,-804199886,-548403148,-548403148,-515112278,-515112278,-428659802,-428659802,-374012650,-374012650,-282976147,-282976147,-430507378,-430507378,-461868635,-461868635,-299002691,-299002691,-66333817,-66333817,4484220,4484220,19483833,19483833,143111476,143111476,128618996,128618996,6443038,6443038,203098441,203098441,367533870,367533870,201095661,201095661,-5297295,-5297295,-12221688,-12221688,-114379369,-114379369,-11676193,-11676193,37663854,37663854,118504656,118504656,-55980453,-55980453,-317233162,-317233162,-291418037,-291418037,-134502294,-134502294
f = 963000576,0,1 | route T | claimed 2068.388755034371367 | coeffs 367533870,367533870,201095661,201095661,-5297295,-5297295,-12221688,-12221688,-114379369,-114379369,-11676193,-11676193,37663854,37663854,118504656,118504656,-55980453,-55980453,-317233162,-317233162,-291418037,-291418037,-134502294,-134502294,-40549398,-40549398,145096567,145096567,345671145,345671145,644754927,644754927,804199886,804199886,548403148,548403148,515112278,515112278,428659802,428659802,374012650,374012650,282976147,282976147,430507378,430507378,461868635,461868635,299002691,299002691,66333817,66333817,-4484220,-4484220,-19483833,-19483833,-143111476,-143111476,-128618996,-128618996,-6443038,-6443038,-203098441,-203098441
# status f = 963000576,0,1 : PASS_RHO (rho 0.95731, T 2068.4, 0s)
f = 982604386,0,1 | route RHO | claimed 0.95730536647597081445 | coeffs 12221688,12221688,5297295,5297295,-201095661,-201095661,-367533870,-367533870,-203098441,-203098441,-6443038,-6443038,-128618996,-128618996,-143111476,-143111476,-19483833,-19483833,-4484220,-4484220,66333817,66333817,299002691,299002691,461868635,461868635,430507378,430507378,282976147,282976147,374012650,374012650,428659802,428659802,515112278,515112278,548403148,548403148,804199886,804199886,644754927,644754927,345671145,345671145,145096567,145096567,-40549398,-40549398,-134502294,-134502294,-291418037,-291418037,-317233162,-317233162,-55980453,-55980453,118504656,118504656,37663854,37663854,-11676193,-11676193,-114379369,-114379369
f = 982604386,0,1 | route T | claimed 2442.0101663303725448 | coeffs -19483833,-19483833,-4484220,-4484220,66333817,66333817,299002691,299002691,461868635,461868635,430507378,430507378,282976147,282976147,374012650,374012650,428659802,428659802,515112278,515112278,548403148,548403148,804199886,804199886,644754927,644754927,345671145,345671145,145096567,145096567,-40549398,-40549398,-134502294,-134502294,-291418037,-291418037,-317233162,-317233162,-55980453,-55980453,118504656,118504656,37663854,37663854,-11676193,-11676193,-114379369,-114379369,-12221688,-12221688,-5297295,-5297295,201095661,201095661,367533870,367533870,203098441,203098441,6443038,6443038,128618996,128618996,143111476,143111476
# status f = 982604386,0,1 : PASS_RHO (rho 0.95731, T 2442.0, 1s)
# summary n = 7 l = 1000658881 : EXCLUSION_CANDIDATE ; PASS 32 / 32 ; OPEN_NEAR 0 ; OPEN_FAR 0 ; 14s
