# FAMILY WITNESS FILE (generator family_gen.sage r10). n = 7 ; l = 1001089601 ; m = 64 ; deg = 2 ; ncomp = 32 ; bar_T = 4224 ; L_n = 16.3328709449664096755483535644
# line: f = c0,...,c_deg (monic, over F_l) | route RHO|T | claimed (rho or T, float) | coeffs a_0..a_{m-1}
f = 31543283,0,1 | route RHO | claimed 0.97021665373307158718 | coeffs 1004530215,814061793,814061793,871741314,871741314,920073991,920073991,568305628,568305628,537008691,537008691,180993569,180993569,-6701657,-6701657,-207806570,-207806570,-54892586,-54892586,-94342873,-94342873,-146484500,-146484500,-309748773,-309748773,-462287487,-462287487,-353478591,-353478591,-227550536,-227550536,-257739549,-257739549,-119213609,-119213609,-125511792,-125511792,-544521840,-544521840,-381343242,-381343242,-538814533,-538814533,-597084161,-597084161,-810521669,-810521669,-844465033,-844465033,-912052906,-912052906,-760401139,-760401139,-725816971,-725816971,-785073531,-785073531,-857018070,-857018070,-890686469,-890686469,-863638249,-863638249,-1004530215
f = 31543283,0,1 | route T | claimed 1913.6635163914079844 | coeffs 46535437,-3048659,-3048659,-112653862,-112653862,-34793697,-34793697,175924107,175924107,518078400,518078400,526719648,526719648,524880583,524880583,186806013,186806013,242879138,242879138,311346919,311346919,548427391,548427391,259670990,259670990,445326689,445326689,634155630,634155630,606595614,606595614,779513210,779513210,646120537,646120537,511875481,511875481,325988020,325988020,180563920,180563920,159449226,159449226,271074873,271074873,146255131,146255131,109247016,109247016,332149044,332149044,294843320,294843320,356597107,356597107,47768193,47768193,-199694115,-199694115,-154739643,-154739643,-204603412,-204603412,-46535437
# status f = 31543283,0,1 : PASS_RHO (rho 0.97022, T 1913.7, 1s)
f = 56329597,0,1 | route RHO | claimed 0.9209670944617701209 | coeffs -615559105,-615559105,-503696325,-503696325,-175398844,-175398844,-59691240,-59691240,-339161861,-339161861,-241927014,-241927014,-337609829,-337609829,-464392290,-464392290,-320052102,-320052102,-229317336,-229317336,-224567895,-224567895,425128,425128,-90102192,-90102192,-387955402,-387955402,-116699245,-116699245,-112998995,-112998995,-91894745,-91894745,394724920,394724920,421323784,421323784,425243487,425243487,599240680,599240680,761455887,761455887,652142711,652142711,621107878,621107878,573896436,573896436,296917008,296917008,405790098,405790098,436885107,436885107,269828768,269828768,451768182,451768182,655426289,655426289,603852972,603852972
f = 56329597,0,1 | route T | claimed 2430.7994316515195169 | coeffs 421323784,421323784,425243487,425243487,599240680,599240680,761455887,761455887,652142711,652142711,621107878,621107878,573896436,573896436,296917008,296917008,405790098,405790098,436885107,436885107,269828768,269828768,451768182,451768182,655426289,655426289,603852972,603852972,615559105,615559105,503696325,503696325,175398844,175398844,59691240,59691240,339161861,339161861,241927014,241927014,337609829,337609829,464392290,464392290,320052102,320052102,229317336,229317336,224567895,224567895,-425128,-425128,90102192,90102192,387955402,387955402,116699245,116699245,112998995,112998995,91894745,91894745,-394724920,-394724920
# status f = 56329597,0,1 : PASS_RHO (rho 0.92097, T 2430.8, 0s)
f = 56363756,0,1 | route RHO | claimed 0.96199974881422939654 | coeffs -289635081,-289635081,-324219249,-324219249,-357887648,-357887648,-548356070,-548356070,-196587707,-196587707,-384282933,-384282933,-344832646,-344832646,-497371360,-497371360,-467182347,-467182347,-886192395,-886192395,-827922767,-827922767,-895510640,-895510640,-836254080,-836254080,-809205860,-809205860,-751526339,-751526339,-720229402,-720229402,-921334315,-921334315,-869192688,-869192688,-760383792,-760383792,-898909732,-898909732,-735731134,-735731134,-522293626,-522293626,-370641859,-370641859,-298697320,-298697320,-439589286,-439589286,-391256609,-391256609,-35241487,-35241487,117672497,117672497,280936770,280936770,406864825,406864825,413163008,413163008,255691717,255691717
f = 56363756,0,1 | route T | claimed 2920.6093588271992587 | coeffs 5647333,5647333,-284910421,-284910421,-115032178,-115032178,-141822882,-141822882,-118440223,-118440223,-8306694,-8306694,-79560610,-79560610,-354075684,-354075684,-390937086,-390937086,-376574183,-376574183,-414698751,-414698751,-334075770,-334075770,-535940083,-535940083,-277184916,-277184916,-471169889,-471169889,-193967483,-193967483,-487667142,-487667142,-246136565,-246136565,-343677316,-343677316,-608694803,-608694803,-630810424,-630810424,-462766903,-462766903,-442646115,-442646115,-239083031,-239083031,-213708916,-213708916,-161280982,-161280982,-212918667,-212918667,-347734159,-347734159,-312525219,-312525219,-415252121,-415252121,-411050132,-411050132,-549181611,-549181611
# status f = 56363756,0,1 : PASS_RHO (rho 0.96200, T 2920.6, 0s)
f = 56858077,0,1 | route RHO | claimed 0.92982150278688142695 | coeffs 160155314,-138277654,-138277654,38215628,38215628,-175832793,-175832793,-276826409,-276826409,75197212,75197212,63804611,63804611,-164350175,-164350175,-308119546,-308119546,-165011991,-165011991,-181807028,-181807028,50299203,50299203,71109485,71109485,33465746,33465746,8819059,8819059,88400064,88400064,-201425302,-201425302,-343416190,-343416190,-173768088,-173768088,-294657763,-294657763,-254661611,-254661611,-350193897,-350193897,-419833177,-419833177,-380149406,-380149406,-291900902,-291900902,-297126025,-297126025,-113518574,-113518574,-265682670,-265682670,-545317648,-545317648,-296594418,-296594418,-268971919,-268971919,-66320234,-66320234,-160155314
f = 56858077,0,1 | route T | claimed 2727.5821430831534174 | coeffs 353925013,630904441,630904441,902160598,902160598,786452994,786452994,833664436,833664436,535811226,535811226,207513745,207513745,238548578,238548578,148021258,148021258,36158478,36158478,145471654,145471654,370464677,370464677,382170810,382170810,219955603,219955603,224705044,224705044,173131727,173131727,-865466,-865466,89869300,89869300,293527407,293527407,289607704,289607704,433947892,433947892,615887306,615887306,589288442,589288442,462505981,462505981,295449642,295449642,-191170023,-191170023,-286852838,-286852838,-255757829,-255757829,-276862079,-276862079,-179627232,-179627232,-70754142,-70754142,-74454392,-74454392,-353925013
# status f = 56858077,0,1 : PASS_RHO (rho 0.92982, T 2727.6, 1s)
f = 59322921,0,1 | route RHO | claimed 0.92982150278688142695 | coeffs 63804611,63804611,75197212,75197212,-276826409,-276826409,-175832793,-175832793,38215628,38215628,-138277654,-138277654,160155314,160155314,66320234,66320234,268971919,268971919,296594418,296594418,545317648,545317648,265682670,265682670,113518574,113518574,297126025,297126025,291900902,291900902,380149406,380149406,419833177,419833177,350193897,350193897,254661611,254661611,294657763,294657763,173768088,173768088,343416190,343416190,201425302,201425302,-88400064,-88400064,-8819059,-8819059,-33465746,-33465746,-71109485,-71109485,-50299203,-50299203,181807028,181807028,165011991,165011991,308119546,308119546,164350175,164350175
f = 59322921,0,1 | route T | claimed 2526.140208476823379 | coeffs 122219780,122219780,-68248642,-68248642,-38059629,-38059629,-11011409,-11011409,97797487,97797487,169742026,169742026,333006299,333006299,367590467,367590467,328140180,328140180,395728053,395728053,596832966,596832966,383395458,383395458,27380336,27380336,184851627,184851627,536619990,536619990,117609942,117609942,175289463,175289463,36763523,36763523,-104128443,-104128443,21799612,21799612,55468011,55468011,208006725,208006725,148750165,148750165,96608538,96608538,-55043229,-55043229,-207957213,-207957213,-241900577,-241900577,-429595803,-429595803,-371326175,-371326175,-340029238,-340029238,-176850640,-176850640,-128517963,-128517963
# status f = 59322921,0,1 : PASS_RHO (rho 0.92982, T 2526.1, 1s)
f = 65781435,0,1 | route RHO | claimed 0.97021665373307158718 | coeffs -863638249,-863638249,-890686469,-890686469,-857018070,-857018070,-785073531,-785073531,-725816971,-725816971,-760401139,-760401139,-912052906,-912052906,-844465033,-844465033,-810521669,-810521669,-597084161,-597084161,-538814533,-538814533,-381343242,-381343242,-544521840,-544521840,-125511792,-125511792,-119213609,-119213609,-257739549,-257739549,-227550536,-227550536,-353478591,-353478591,-462287487,-462287487,-309748773,-309748773,-146484500,-146484500,-94342873,-94342873,-54892586,-54892586,-207806570,-207806570,-6701657,-6701657,180993569,180993569,537008691,537008691,568305628,568305628,920073991,920073991,871741314,871741314,814061793,814061793,1004530215,1004530215
f = 65781435,0,1 | route T | claimed 2597.7268959545645285 | coeffs 3048659,3048659,-46535437,-46535437,-204603412,-204603412,-154739643,-154739643,-199694115,-199694115,47768193,47768193,356597107,356597107,294843320,294843320,332149044,332149044,109247016,109247016,146255131,146255131,271074873,271074873,159449226,159449226,180563920,180563920,325988020,325988020,511875481,511875481,646120537,646120537,779513210,779513210,606595614,606595614,634155630,634155630,445326689,445326689,259670990,259670990,548427391,548427391,311346919,311346919,242879138,242879138,186806013,186806013,524880583,524880583,526719648,526719648,518078400,518078400,175924107,175924107,-34793697,-34793697,-112653862,-112653862
# status f = 65781435,0,1 : PASS_RHO (rho 0.97022, T 2597.7, 0s)
f = 131453304,0,1 | route RHO | claimed 0.95764782593845117864 | coeffs -172726034,-193536316,-193536316,158487305,158487305,186109804,186109804,146426033,146426033,-143399333,-143399333,-286506888,-286506888,-110013606,-110013606,-262177702,-262177702,-302173854,-302173854,-339817593,-339817593,-328424992,-328424992,-531076677,-531076677,-442828173,-442828173,-300837285,-300837285,-317632322,-317632322,-103583901,-103583901,176051077,176051077,80518791,80518791,105165478,105165478,-122989308,-122989308,-216824388,-216824388,-211599265,-211599265,-41951163,-41951163,-274057394,-274057394,-375051010,-375051010,-126327780,-126327780,-56688500,-56688500,22892505,22892505,166661876,166661876,-131771092,-131771092,51836359,51836359,172726034
f = 131453304,0,1 | route T | claimed 2372.9673013166948645 | coeffs -577792685,-577792685,-289036284,-289036284,-310150978,-310150978,-355105450,-355105450,-353266385,-353266385,-180348789,-180348789,-403250817,-403250817,-293645614,-293645614,-56565142,-56565142,88858958,88858958,-158603350,-158603350,-149962102,-149962102,-122402086,-122402086,-159410201,-159410201,-208994297,-208994297,-277462078,-277462078,-463349539,-463349539,-154520625,-154520625,-496674918,-496674918,-307845977,-307845977,-183026235,-183026235,-24958260,-24958260,31114865,31114865,165359921,165359921,227113708,227113708,437831512,437831512,252175813,252175813,363801460,363801460,413665229,413665229,751739799,751739799,618347126,618347126,655652850,655652850
# status f = 131453304,0,1 : PASS_RHO (rho 0.95765, T 2373.0, 0s)
f = 272017934,0,1 | route RHO | claimed 0.92383132995557925803 | coeffs 620474845,517170387,517170387,558613287,558613287,216333810,216333810,-32041802,-32041802,-334332792,-334332792,-227219453,-227219453,-235161674,-235161674,-87274963,-87274963,-311855657,-311855657,-500395691,-500395691,-397954792,-397954792,-568930834,-568930834,-668313899,-668313899,-616995846,-616995846,-364253319,-364253319,-457020190,-457020190,-461516335,-461516335,-287495025,-287495025,-352146363,-352146363,-301150533,-301150533,-224274887,-224274887,-602021462,-602021462,-583638873,-583638873,-626379839,-626379839,-627209577,-627209577,-713466176,-713466176,-415382498,-415382498,-621617422,-621617422,-563877563,-563877563,-499741661,-499741661,-569563153,-569563153,-620474845
f = 272017934,0,1 | route T | claimed 2852.2090561336044198 | coeffs 400307731,400307731,526018325,526018325,316618614,316618614,471150194,471150194,511899737,511899737,303841777,303841777,88026875,88026875,47907771,47907771,345046604,345046604,326410668,326410668,316699613,316699613,468324654,468324654,209257799,209257799,348905807,348905807,152991827,152991827,-277466184,-277466184,49023012,49023012,-105186375,-105186375,90690247,90690247,33110331,33110331,120975899,120975899,-90385877,-90385877,-139055018,-139055018,-152218526,-152218526,-392451655,-392451655,-393211604,-393211604,-469938911,-469938911,-664868159,-664868159,-711228947,-711228947,-364703253,-364703253,-393185445,-393185445,-525739010,-525739010
# status f = 272017934,0,1 : PASS_RHO (rho 0.92383, T 2852.2, 0s)
f = 280131963,0,1 | route RHO | claimed 0.94781252965571770559 | coeffs 356765116,551953835,551953835,490548269,490548269,376806047,376806047,502444317,502444317,878008266,878008266,707527624,707527624,804851878,804851878,785045441,785045441,493332134,493332134,239803219,239803219,280944866,280944866,202194738,202194738,272268418,272268418,269449759,269449759,105467339,105467339,238070636,238070636,188750045,188750045,-54057256,-54057256,-167268771,-167268771,-35326000,-35326000,54891510,54891510,191634202,191634202,203850318,203850318,197426772,197426772,-39660968,-39660968,-115763181,-115763181,-420992961,-420992961,-478959930,-478959930,-196728915,-196728915,-111332644,-111332644,-354965827,-354965827,-356765116
f = 280131963,0,1 | route T | claimed 2467.4564512329071785 | coeffs 146595925,146595925,233641511,233641511,385252965,385252965,270039991,270039991,233783316,233783316,-41872895,-41872895,91774994,91774994,-77853092,-77853092,-143622820,-143622820,-209623709,-209623709,-121531586,-121531586,-274518022,-274518022,-205537424,-205537424,5376961,5376961,10946686,10946686,-228192832,-228192832,-246945567,-246945567,-371794256,-371794256,-136830824,-136830824,234429295,234429295,146943549,146943549,416855677,416855677,400122341,400122341,591412420,591412420,280325861,280325861,275546135,275546135,74223599,74223599,296837804,296837804,126047264,126047264,58186130,58186130,23856906,23856906,163002068,163002068
# status f = 280131963,0,1 : PASS_RHO (rho 0.94781, T 2467.5, 0s)
f = 328959300,0,1 | route RHO | claimed 0.95683068811949588086 | coeffs 56708943,56708943,93717058,93717058,114831752,114831752,249076808,249076808,276636824,276636824,565393225,565393225,509320100,509320100,500678852,500678852,422818687,422818687,580886662,580886662,333424354,333424354,296118630,296118630,171298888,171298888,25874788,25874788,-107517885,-107517885,81311056,81311056,318391528,318391528,-19683042,-19683042,322471251,322471251,212866048,212866048,262729817,262729817,571558731,571558731,348656703,348656703,237031056,237031056,422918517,422918517,250000921,250000921,64345222,64345222,-4122559,-4122559,-2283494,-2283494,-213001298,-213001298,-163417202,-163417202,-118462730,-118462730
f = 328959300,0,1 | route T | claimed 2438.116324486252573 | coeffs -48663340,-48663340,-264440377,-264440377,-219639382,-219639382,-282822966,-282822966,-261082282,-261082282,-382206031,-382206031,-218341316,-218341316,-39926554,-39926554,-167023263,-167023263,-39096816,-39096816,81352349,81352349,213645711,213645711,167608948,167608948,515936701,515936701,74842077,74842077,217853023,217853023,-32271262,-32271262,213356878,213356878,173963662,173963662,221299099,221299099,347984972,347984972,163559240,163559240,200098261,200098261,98907902,98907902,135962359,135962359,323488596,323488596,186958189,186958189,393310088,393310088,375498223,375498223,470185734,470185734,426409915,426409915,367744835,367744835
# status f = 328959300,0,1 : PASS_RHO (rho 0.95683, T 2438.1, 0s)
f = 337198887,0,1 | route RHO | claimed 0.95203510522441797558 | coeffs 96231928,22100993,22100993,-94330844,-94330844,-437402458,-437402458,-554891516,-554891516,-456741434,-456741434,-276709669,-276709669,-354009079,-354009079,-143790969,-143790969,-255259390,-255259390,17530236,17530236,-4866033,-4866033,-49262339,-49262339,-86344257,-86344257,-101525240,-101525240,-76085014,-76085014,-464725279,-464725279,-514877022,-514877022,-621286022,-621286022,-649962705,-649962705,-341856098,-341856098,-430508276,-430508276,-435723186,-435723186,-344286029,-344286029,-405977385,-405977385,-383801268,-383801268,-53028086,-53028086,-206514434,-206514434,-36102797,-36102797,-41229649,-41229649,-237936009,-237936009,-290647445,-290647445,-96231928
f = 337198887,0,1 | route T | claimed 2225.871902921076717 | coeffs -148541936,-274275028,-274275028,-545858274,-545858274,-485152706,-485152706,-439558102,-439558102,-310436492,-310436492,-330464876,-330464876,-189794053,-189794053,-239469177,-239469177,-289401592,-289401592,2574870,2574870,-32725068,-32725068,291454430,291454430,556095488,556095488,367622006,367622006,508352521,508352521,752267946,752267946,617224452,617224452,157992908,157992908,524765707,524765707,481610188,481610188,520531469,520531469,528883796,528883796,548410122,548410122,558659912,558659912,700880134,700880134,620460482,620460482,294504086,294504086,419239212,419239212,289586856,289586856,99804179,99804179,232854827,232854827,148541936
# status f = 337198887,0,1 : PASS_RHO (rho 0.95204, T 2225.9, 1s)
f = 344753595,0,1 | route RHO | claimed 0.93127339576289577315 | coeffs 185678504,185678504,465313482,465313482,113289861,113289861,88643174,88643174,48959403,48959403,-44875677,-44875677,98231878,98231878,-71416224,-71416224,-223580320,-223580320,-324573936,-324573936,-286930197,-286930197,-356569477,-356569477,-559221162,-559221162,-415451791,-415451791,-557442679,-557442679,-741050130,-741050130,-527001709,-527001709,-506191427,-506191427,-410659141,-410659141,-383036642,-383036642,-611191428,-611191428,-321366062,-321366062,-326591185,-326591185,-150097903,-150097903,-382204134,-382204134,-342207982,-342207982,-590931212,-590931212,-579538611,-579538611,-499957606,-499957606,-588206110,-588206110,-289773142,-289773142,-306568179,-306568179
f = 344753595,0,1 | route T | claimed 2646.3918454945527264 | coeffs 161774276,161774276,547242968,547242968,566729592,566729592,331143619,331143619,386769551,386769551,573634826,573634826,682124090,682124090,810923890,810923890,579257620,579257620,613779302,613779302,502791367,502791367,606531190,606531190,608548529,608548529,656352880,656352880,802737342,802737342,895407514,895407514,968052328,968052328,922858225,922858225,808447369,808447369,981430695,981430695,1070400617,1070400617,1052518111,1052518111,916589242,916589242,706495571,706495571,763771293,763771293,841035082,841035082,1005091990,1005091990,760290031,760290031,519161527,519161527,402440056,402440056,-34766091,-34766091,-141965340,-141965340
# status f = 344753595,0,1 : PASS_RHO (rho 0.93127, T 2646.4, 0s)
f = 360906823,0,1 | route RHO | claimed 0.938289906355625717 | coeffs -142043829,-142043829,-147170681,-147170681,-131989698,-131989698,-79278262,-79278262,-467918527,-467918527,-393787592,-393787592,-287378592,-287378592,-630450206,-630450206,-322343599,-322343599,-420493681,-420493681,-415278771,-415278771,-492578181,-492578181,-554269537,-554269537,-442801116,-442801116,-773574298,-773574298,-795970567,-795970567,-625558930,-625558930,-588477012,-588477012,-391770652,-391770652,-366330426,-366330426,-171914909,-171914909,-121763166,-121763166,-238195003,-238195003,-266871686,-266871686,-149382628,-149382628,-60730450,-60730450,119301315,119301315,210738472,210738472,520362,520362,-21655755,-21655755,251133871,251133871,97647523,97647523
f = 360906823,0,1 | route T | claimed 2421.3709329459518748 | coeffs 520362,520362,-21655755,-21655755,251133871,251133871,97647523,97647523,142043829,142043829,147170681,147170681,131989698,131989698,79278262,79278262,467918527,467918527,393787592,393787592,287378592,287378592,630450206,630450206,322343599,322343599,420493681,420493681,415278771,415278771,492578181,492578181,554269537,554269537,442801116,442801116,773574298,773574298,795970567,795970567,625558930,625558930,588477012,588477012,391770652,391770652,366330426,366330426,171914909,171914909,121763166,121763166,238195003,238195003,266871686,266871686,149382628,149382628,60730450,60730450,-119301315,-119301315,-210738472,-210738472
# status f = 360906823,0,1 : PASS_RHO (rho 0.93829, T 2421.4, 0s)
f = 408660459,0,1 | route RHO | claimed 0.94205944987067032713 | coeffs 690505837,624736109,624736109,692597243,692597243,457633811,457633811,627261897,627261897,456471357,456471357,331622668,331622668,465270557,465270557,242656352,242656352,261409087,261409087,537065298,537065298,335742762,335742762,96603244,96603244,60346569,60346569,65126295,65126295,59556570,59556570,174769544,174769544,-136317015,-136317015,74597370,74597370,226208824,226208824,34918745,34918745,-34061853,-34061853,-121107439,-121107439,-137840775,-137840775,-290827211,-290827211,18770782,18770782,-251141346,-251141346,-339233469,-339233469,-200088307,-200088307,-287574053,-287574053,-353574942,-353574942,-319245718,-319245718,-690505837
f = 408660459,0,1 | route T | claimed 2037.1479665301470168 | coeffs 690505837,624736109,624736109,692597243,692597243,457633811,457633811,627261897,627261897,456471357,456471357,331622668,331622668,465270557,465270557,242656352,242656352,261409087,261409087,537065298,537065298,335742762,335742762,96603244,96603244,60346569,60346569,65126295,65126295,59556570,59556570,174769544,174769544,-136317015,-136317015,74597370,74597370,226208824,226208824,34918745,34918745,-34061853,-34061853,-121107439,-121107439,-137840775,-137840775,-290827211,-290827211,18770782,18770782,-251141346,-251141346,-339233469,-339233469,-200088307,-200088307,-287574053,-287574053,-353574942,-353574942,-319245718,-319245718,-690505837
# status f = 408660459,0,1 : PASS_RHO (rho 0.94206, T 2037.1, 0s)
f = 419529417,0,1 | route RHO | claimed 0.94987506645450476143 | coeffs -207848774,-190861246,-190861246,-289015451,-289015451,-164059821,-164059821,-62659450,-62659450,-8206450,-8206450,62325444,62325444,141226032,141226032,108418555,108418555,127909460,127909460,197810237,197810237,-45875374,-45875374,-225051650,-225051650,-163326581,-163326581,-459320949,-459320949,-319204227,-319204227,-177620391,-177620391,-277350208,-277350208,-496454106,-496454106,-203155255,-203155255,-387588020,-387588020,-369871341,-369871341,-169465810,-169465810,-472326384,-472326384,-370982427,-370982427,-349942443,-349942443,-96286772,-96286772,83088090,83088090,116125913,116125913,-28502478,-28502478,-97088643,-97088643,371242209,371242209,207848774
f = 419529417,0,1 | route T | claimed 2797.4073604178178204 | coeffs 349916252,349916252,132697377,132697377,256665093,256665093,433532107,433532107,323230277,323230277,146531439,146531439,294225534,294225534,188071320,188071320,284288425,284288425,134916772,134916772,235086095,235086095,83687775,83687775,138901715,138901715,55964680,55964680,78815672,78815672,552361434,552361434,300315821,300315821,-24778314,-24778314,44699208,44699208,26152578,26152578,-125399536,-125399536,208787729,208787729,163696061,163696061,99976456,99976456,95702015,95702015,120607416,120607416,28310370,28310370,-793645,-793645,66914210,66914210,-205028969,-205028969,13665989,13665989,-306482498,-306482498
# status f = 419529417,0,1 : PASS_RHO (rho 0.94988, T 2797.4, 1s)
f = 463734221,0,1 | route RHO | claimed 0.938289906355625717 | coeffs -322343599,-322343599,-630450206,-630450206,-287378592,-287378592,-393787592,-393787592,-467918527,-467918527,-79278262,-79278262,-131989698,-131989698,-147170681,-147170681,-142043829,-142043829,-97647523,-97647523,-251133871,-251133871,21655755,21655755,-520362,-520362,-210738472,-210738472,-119301315,-119301315,60730450,60730450,149382628,149382628,266871686,266871686,238195003,238195003,121763166,121763166,171914909,171914909,366330426,366330426,391770652,391770652,588477012,588477012,625558930,625558930,795970567,795970567,773574298,773574298,442801116,442801116,554269537,554269537,492578181,492578181,415278771,415278771,420493681,420493681
f = 463734221,0,1 | route T | claimed 2770.7386031714638963 | coeffs 737962888,737962888,541897934,541897934,658079714,658079714,658926333,658926333,651182914,651182914,659493540,659493540,582979639,582979639,591405029,591405029,485408130,485408130,228453440,228453440,29123545,29123545,106413511,106413511,-204856392,-204856392,-347361383,-347361383,-84314835,-84314835,-20215874,-20215874,-268077404,-268077404,-10964567,-10964567,-20460239,-20460239,-262854306,-262854306,2320779,2320779,-336037644,-336037644,-601210066,-601210066,-311704332,-311704332,-403425342,-403425342,-601167221,-601167221,-534558721,-534558721,-741929724,-741929724,-602166006,-602166006,-552518342,-552518342,-818682336,-818682336,-935087922,-935087922
# status f = 463734221,0,1 : PASS_RHO (rho 0.93829, T 2770.7, 0s)
f = 537355380,0,1 | route RHO | claimed 0.91291837082796324372 | coeffs -128799800,55625932,55625932,-385468692,-385468692,-563883454,-563883454,-244801959,-244801959,-57275722,-57275722,-17882506,-17882506,114410856,114410856,92670172,92670172,-2017339,-2017339,34521682,34521682,-108489264,-108489264,-235585973,-235585973,-19808936,-19808936,116721471,116721471,164056908,164056908,210093671,210093671,88969922,88969922,45194103,45194103,146384462,146384462,-103739823,-103739823,-231666270,-231666270,-186865275,-186865275,19486624,19486624,-107199249,-107199249,241128504,241128504,77263789,77263789,135928869,135928869,172983326,172983326,-72644814,-72644814,47804351,47804351,110987935,110987935,128799800
f = 537355380,0,1 | route T | claimed 2055.1768121763762768 | coeffs 116721471,116721471,164056908,164056908,210093671,210093671,88969922,88969922,45194103,45194103,146384462,146384462,-103739823,-103739823,-231666270,-231666270,-186865275,-186865275,19486624,19486624,-107199249,-107199249,241128504,241128504,77263789,77263789,135928869,135928869,172983326,172983326,-72644814,-72644814,47804351,47804351,110987935,110987935,128799800,128799800,-55625932,-55625932,385468692,385468692,563883454,563883454,244801959,244801959,57275722,57275722,17882506,17882506,-114410856,-114410856,-92670172,-92670172,2017339,2017339,-34521682,-34521682,108489264,108489264,235585973,235585973,19808936,19808936
# status f = 537355380,0,1 : PASS_RHO (rho 0.91292, T 2055.2, 0s)
f = 581560184,0,1 | route RHO | claimed 0.95203510522441797558 | coeffs 143790969,143790969,354009079,354009079,276709669,276709669,456741434,456741434,554891516,554891516,437402458,437402458,94330844,94330844,-22100993,-22100993,-96231928,-96231928,-290647445,-290647445,-237936009,-237936009,-41229649,-41229649,-36102797,-36102797,-206514434,-206514434,-53028086,-53028086,-383801268,-383801268,-405977385,-405977385,-344286029,-344286029,-435723186,-435723186,-430508276,-430508276,-341856098,-341856098,-649962705,-649962705,-621286022,-621286022,-514877022,-514877022,-464725279,-464725279,-76085014,-76085014,-101525240,-101525240,-86344257,-86344257,-49262339,-49262339,-4866033,-4866033,17530236,17530236,-255259390,-255259390
f = 581560184,0,1 | route T | claimed 2837.7278370484489842 | coeffs 419239212,294504086,294504086,620460482,620460482,700880134,700880134,558659912,558659912,548410122,548410122,528883796,528883796,520531469,520531469,481610188,481610188,524765707,524765707,157992908,157992908,617224452,617224452,752267946,752267946,508352521,508352521,367622006,367622006,556095488,556095488,291454430,291454430,-32725068,-32725068,2574870,2574870,-289401592,-289401592,-239469177,-239469177,-189794053,-189794053,-330464876,-330464876,-310436492,-310436492,-439558102,-439558102,-485152706,-485152706,-545858274,-545858274,-274275028,-274275028,-148541936,-148541936,-232854827,-232854827,-99804179,-99804179,-289586856,-289586856,-419239212
# status f = 581560184,0,1 : PASS_RHO (rho 0.95204, T 2837.7, 1s)
f = 592429142,0,1 | route RHO | claimed 0.9209670944617701209 | coeffs 241927014,241927014,339161861,339161861,59691240,59691240,175398844,175398844,503696325,503696325,615559105,615559105,603852972,603852972,655426289,655426289,451768182,451768182,269828768,269828768,436885107,436885107,405790098,405790098,296917008,296917008,573896436,573896436,621107878,621107878,652142711,652142711,761455887,761455887,599240680,599240680,425243487,425243487,421323784,421323784,394724920,394724920,-91894745,-91894745,-112998995,-112998995,-116699245,-116699245,-387955402,-387955402,-90102192,-90102192,425128,425128,-224567895,-224567895,-229317336,-229317336,-320052102,-320052102,-464392290,-464392290,-337609829,-337609829
f = 592429142,0,1 | route T | claimed 2711.134382676924429 | coeffs 116699245,387955402,387955402,90102192,90102192,-425128,-425128,224567895,224567895,229317336,229317336,320052102,320052102,464392290,464392290,337609829,337609829,241927014,241927014,339161861,339161861,59691240,59691240,175398844,175398844,503696325,503696325,615559105,615559105,603852972,603852972,655426289,655426289,451768182,451768182,269828768,269828768,436885107,436885107,405790098,405790098,296917008,296917008,573896436,573896436,621107878,621107878,652142711,652142711,761455887,761455887,599240680,599240680,425243487,425243487,421323784,421323784,394724920,394724920,-91894745,-91894745,-112998995,-112998995,-116699245
# status f = 592429142,0,1 : PASS_RHO (rho 0.92097, T 2711.1, 0s)
f = 640182778,0,1 | route RHO | claimed 0.91291837082796324372 | coeffs -385468692,55625932,55625932,-128799800,-128799800,-110987935,-110987935,-47804351,-47804351,72644814,72644814,-172983326,-172983326,-135928869,-135928869,-77263789,-77263789,-241128504,-241128504,107199249,107199249,-19486624,-19486624,186865275,186865275,231666270,231666270,103739823,103739823,-146384462,-146384462,-45194103,-45194103,-88969922,-88969922,-210093671,-210093671,-164056908,-164056908,-116721471,-116721471,19808936,19808936,235585973,235585973,108489264,108489264,-34521682,-34521682,2017339,2017339,-92670172,-92670172,-114410856,-114410856,17882506,17882506,57275722,57275722,244801959,244801959,563883454,563883454,385468692
f = 640182778,0,1 | route T | claimed 2209.4046424809474053 | coeffs 1379438341,1379438341,1242695649,1242695649,1355907164,1355907164,1223303867,1223303867,1153230187,1153230187,1406759102,1406759102,1309434848,1309434848,1183796578,1183796578,988607859,988607859,1074004130,1074004130,768774350,768774350,762350804,762350804,852568314,852568314,609761013,609761013,445778593,445778593,367028465,367028465,75315158,75315158,-95165484,-95165484,-208907706,-208907706,-207108417,-207108417,-489339432,-489339432,-413237219,-413237219,-425453335,-425453335,-557396106,-557396106,-508075515,-508075515,-505256856,-505256856,-546398503,-546398503,-526592066,-526592066,-902156015,-902156015,-840750449,-840750449,-1084383632,-1084383632,-1142350601,-1142350601
# status f = 640182778,0,1 : PASS_RHO (rho 0.91292, T 2209.4, 0s)
f = 656336006,0,1 | route RHO | claimed 0.94781252965571770559 | coeffs 551953835,356765116,356765116,354965827,354965827,111332644,111332644,196728915,196728915,478959930,478959930,420992961,420992961,115763181,115763181,39660968,39660968,-197426772,-197426772,-203850318,-203850318,-191634202,-191634202,-54891510,-54891510,35326000,35326000,167268771,167268771,54057256,54057256,-188750045,-188750045,-238070636,-238070636,-105467339,-105467339,-269449759,-269449759,-272268418,-272268418,-202194738,-202194738,-280944866,-280944866,-239803219,-239803219,-493332134,-493332134,-785045441,-785045441,-804851878,-804851878,-707527624,-707527624,-878008266,-878008266,-502444317,-502444317,-376806047,-376806047,-490548269,-490548269,-551953835
f = 656336006,0,1 | route T | claimed 2011.6558698569804107 | coeffs -575257195,-566615947,-566615947,-616479716,-616479716,-579471601,-579471601,-712864274,-712864274,-781332055,-781332055,-703471890,-703471890,-1012300804,-1012300804,-991186110,-991186110,-802357169,-802357169,-800518104,-800518104,-958586079,-958586079,-735684051,-735684051,-601438995,-601438995,-364358523,-364358523,-575076327,-575076327,-327614019,-327614019,-215988372,-215988372,-188428356,-188428356,-526502926,-526502926,-476918830,-476918830,-439613106,-439613106,-625500567,-625500567,-336744166,-336744166,5410127,5410127,50364599,50364599,175184341,175184341,348101937,348101937,292028812,292028812,182423609,182423609,244177396,244177396,389601496,389601496,575257195
# status f = 656336006,0,1 : PASS_RHO (rho 0.94781, T 2011.7, 0s)
f = 663890714,0,1 | route RHO | claimed 0.94987506645450476143 | coeffs 207848774,207848774,371242209,371242209,-97088643,-97088643,-28502478,-28502478,116125913,116125913,83088090,83088090,-96286772,-96286772,-349942443,-349942443,-370982427,-370982427,-472326384,-472326384,-169465810,-169465810,-369871341,-369871341,-387588020,-387588020,-203155255,-203155255,-496454106,-496454106,-277350208,-277350208,-177620391,-177620391,-319204227,-319204227,-459320949,-459320949,-163326581,-163326581,-225051650,-225051650,-45875374,-45875374,197810237,197810237,127909460,127909460,108418555,108418555,141226032,141226032,62325444,62325444,-8206450,-8206450,-62659450,-62659450,-164059821,-164059821,-289015451,-289015451,-190861246,-190861246
f = 663890714,0,1 | route T | claimed 2150.6272801907923416 | coeffs 146514970,32772748,32772748,-99830549,-99830549,182400466,182400466,-71128449,-71128449,-83344565,-83344565,-208982835,-208982835,-258303426,-258303426,-343699697,-343699697,-384841344,-384841344,-391264890,-391264890,-15700941,-15700941,227106360,227106360,-16526823,-16526823,-95276951,-95276951,141810789,141810789,312291431,312291431,199079916,199079916,200879205,200879205,130805525,130805525,54703312,54703312,152027566,152027566,20084795,20084795,-175103924,-175103924,-177922583,-177922583,127307197,127307197,147113634,147113634,237331144,237331144,175925578,175925578,339907998,339907998,281941029,281941029,-9772278,-9772278,-146514970
# status f = 663890714,0,1 : PASS_RHO (rho 0.94988, T 2150.6, 1s)
f = 672130301,0,1 | route RHO | claimed 0.96199974881422939654 | coeffs 117672497,-35241487,-35241487,-391256609,-391256609,-439589286,-439589286,-298697320,-298697320,-370641859,-370641859,-522293626,-522293626,-735731134,-735731134,-898909732,-898909732,-760383792,-760383792,-869192688,-869192688,-921334315,-921334315,-720229402,-720229402,-751526339,-751526339,-809205860,-809205860,-836254080,-836254080,-895510640,-895510640,-827922767,-827922767,-886192395,-886192395,-467182347,-467182347,-497371360,-497371360,-344832646,-344832646,-384282933,-384282933,-196587707,-196587707,-548356070,-548356070,-357887648,-357887648,-324219249,-324219249,-289635081,-289635081,-255691717,-255691717,-413163008,-413163008,-406864825,-406864825,-280936770,-280936770,-117672497
f = 672130301,0,1 | route T | claimed 2254.5016287295696117 | coeffs -136530407,-206351899,-206351899,-17811865,-17811865,-94687511,-94687511,-43775819,-43775819,58665080,58665080,-319081495,-319081495,-215777037,-215777037,-44800995,-44800995,-63183584,-63183584,-21740684,-21740684,-121123749,-121123749,-163864715,-163864715,178414762,178414762,127096709,127096709,127926447,127926447,-120449165,-120449165,132293362,132293362,46036763,46036763,348327753,348327753,441094624,441094624,143010946,143010946,250124285,250124285,245628140,245628140,39393216,39393216,47335437,47335437,-126685873,-126685873,-184425732,-184425732,-36539021,-36539021,-101190359,-101190359,-37054457,-37054457,187526237,187526237,136530407
# status f = 672130301,0,1 : PASS_RHO (rho 0.96200, T 2254.5, 0s)
f = 720957638,0,1 | route RHO | claimed 0.93127339576289577315 | coeffs -98231878,44875677,44875677,-48959403,-48959403,-88643174,-88643174,-113289861,-113289861,-465313482,-465313482,-185678504,-185678504,-306568179,-306568179,-289773142,-289773142,-588206110,-588206110,-499957606,-499957606,-579538611,-579538611,-590931212,-590931212,-342207982,-342207982,-382204134,-382204134,-150097903,-150097903,-326591185,-326591185,-321366062,-321366062,-611191428,-611191428,-383036642,-383036642,-410659141,-410659141,-506191427,-506191427,-527001709,-527001709,-741050130,-741050130,-557442679,-557442679,-415451791,-415451791,-559221162,-559221162,-356569477,-356569477,-286930197,-286930197,-324573936,-324573936,-223580320,-223580320,-71416224,-71416224,98231878
f = 720957638,0,1 | route T | claimed 2510.4409522376345549 | coeffs 382204134,382204134,150097903,150097903,326591185,326591185,321366062,321366062,611191428,611191428,383036642,383036642,410659141,410659141,506191427,506191427,527001709,527001709,741050130,741050130,557442679,557442679,415451791,415451791,559221162,559221162,356569477,356569477,286930197,286930197,324573936,324573936,223580320,223580320,71416224,71416224,-98231878,-98231878,44875677,44875677,-48959403,-48959403,-88643174,-88643174,-113289861,-113289861,-465313482,-465313482,-185678504,-185678504,-306568179,-306568179,-289773142,-289773142,-588206110,-588206110,-499957606,-499957606,-579538611,-579538611,-590931212,-590931212,-342207982,-342207982
# status f = 720957638,0,1 : PASS_RHO (rho 0.93127, T 2510.4, 0s)
f = 729071667,0,1 | route RHO | claimed 0.95764782593845117864 | coeffs 531076677,328424992,328424992,339817593,339817593,302173854,302173854,262177702,262177702,110013606,110013606,286506888,286506888,143399333,143399333,-146426033,-146426033,-186109804,-186109804,-158487305,-158487305,193536316,193536316,172726034,172726034,51836359,51836359,-131771092,-131771092,166661876,166661876,22892505,22892505,-56688500,-56688500,-126327780,-126327780,-375051010,-375051010,-274057394,-274057394,-41951163,-41951163,-211599265,-211599265,-216824388,-216824388,-122989308,-122989308,105165478,105165478,80518791,80518791,176051077,176051077,-103583901,-103583901,-317632322,-317632322,-300837285,-300837285,-442828173,-442828173,-531076677
f = 729071667,0,1 | route T | claimed 2619.6601521058557925 | coeffs 751739799,751739799,413665229,413665229,363801460,363801460,252175813,252175813,437831512,437831512,227113708,227113708,165359921,165359921,31114865,31114865,-24958260,-24958260,-183026235,-183026235,-307845977,-307845977,-496674918,-496674918,-154520625,-154520625,-463349539,-463349539,-277462078,-277462078,-208994297,-208994297,-159410201,-159410201,-122402086,-122402086,-149962102,-149962102,-158603350,-158603350,88858958,88858958,-56565142,-56565142,-293645614,-293645614,-403250817,-403250817,-180348789,-180348789,-353266385,-353266385,-355105450,-355105450,-310150978,-310150978,-289036284,-289036284,-577792685,-577792685,-655652850,-655652850,-618347126,-618347126
# status f = 729071667,0,1 : PASS_RHO (rho 0.95765, T 2619.7, 0s)
f = 869636297,0,1 | route RHO | claimed 0.92383132995557925803 | coeffs 415382498,713466176,713466176,627209577,627209577,626379839,626379839,583638873,583638873,602021462,602021462,224274887,224274887,301150533,301150533,352146363,352146363,287495025,287495025,461516335,461516335,457020190,457020190,364253319,364253319,616995846,616995846,668313899,668313899,568930834,568930834,397954792,397954792,500395691,500395691,311855657,311855657,87274963,87274963,235161674,235161674,227219453,227219453,334332792,334332792,32041802,32041802,-216333810,-216333810,-558613287,-558613287,-517170387,-517170387,-620474845,-620474845,-569563153,-569563153,-499741661,-499741661,-563877563,-563877563,-621617422,-621617422,-415382498
f = 869636297,0,1 | route T | claimed 2928.0818637542066639 | coeffs -429173889,-429173889,-221418604,-221418604,153950260,153950260,145888012,145888012,213318555,213318555,272111546,272111546,74139893,74139893,-40167632,-40167632,-96992536,-96992536,-170587169,-170587169,-194917818,-194917818,142587779,142587779,-319641169,-319641169,-242280649,-242280649,-58993784,-58993784,46362755,46362755,-282499996,-282499996,-59602762,-59602762,-315772066,-315772066,-127450531,-127450531,52990258,52990258,238746840,238746840,233279377,233279377,479916790,479916790,496877626,496877626,497101432,497101432,513270241,513270241,567585454,567585454,561651743,561651743,584430098,584430098,468780105,468780105,321302735,321302735
# status f = 869636297,0,1 : PASS_RHO (rho 0.92383, T 2928.1, 0s)
f = 935308166,0,1 | route RHO | claimed 0.94391219767909559771 | coeffs 79751147,-31717274,-31717274,-26502364,-26502364,316569250,316569250,-72071015,-72071015,-66944163,-66944163,-339733789,-339733789,-248296632,-248296632,-365785690,-365785690,-315633947,-315633947,-512340307,-512340307,-534736576,-534736576,-473045220,-473045220,-571195302,-571195302,-677604302,-677604302,-624892866,-624892866,-580496560,-580496560,-558320443,-558320443,-378288678,-378288678,-349611995,-349611995,-155196478,-155196478,-192278396,-192278396,-523051578,-523051578,-445752168,-445752168,-137645561,-137645561,-211776496,-211776496,-196595513,-196595513,-350081861,-350081861,-139863751,-139863751,-51211573,-51211573,65220264,65220264,90660490,90660490,-79751147
f = 935308166,0,1 | route T | claimed 3096.2962679722214089 | coeffs 518257005,480951281,480951281,258049253,258049253,221041138,221041138,345860880,345860880,457486527,457486527,478601221,478601221,333177121,333177121,519064582,519064582,384819526,384819526,518212199,518212199,691129795,691129795,718689811,718689811,907518752,907518752,721863053,721863053,433106652,433106652,196026180,196026180,264493961,264493961,208420836,208420836,-129653734,-129653734,-127814669,-127814669,-119173421,-119173421,-461327714,-461327714,-250609910,-250609910,-328470075,-328470075,-438075278,-438075278,-388491182,-388491182,-546559157,-546559157,-596422926,-596422926,-641377398,-641377398,-888839706,-888839706,-580010792,-580010792,-518257005
# status f = 935308166,0,1 : PASS_RHO (rho 0.94391, T 3096.3, 1s)
f = 941766680,0,1 | route RHO | claimed 0.94937343265715151401 | coeffs -264974787,-264974787,172231360,172231360,359096635,359096635,361113974,361113974,534097300,534097300,698154208,698154208,312685516,312685516,544351786,544351786,451681614,451681614,587610483,587610483,704331954,704331954,759957886,759957886,863697709,863697709,749286853,749286853,826550642,826550642,806741706,806741706,677941906,677941906,531557444,531557444,549439950,549439950,790568454,790568454,554982481,554982481,443994546,443994546,398800443,398800443,456076165,456076165,348876916,348876916,240387652,240387652,192583301,192583301,103613379,103613379,348415338,348415338,367901962,367901962,402423644,402423644,475068458,475068458
f = 941766680,0,1 | route T | claimed 2422.3620482974342231 | coeffs -475068458,-475068458,-264974787,-264974787,172231360,172231360,359096635,359096635,361113974,361113974,534097300,534097300,698154208,698154208,312685516,312685516,544351786,544351786,451681614,451681614,587610483,587610483,704331954,704331954,759957886,759957886,863697709,863697709,749286853,749286853,826550642,826550642,806741706,806741706,677941906,677941906,531557444,531557444,549439950,549439950,790568454,790568454,554982481,554982481,443994546,443994546,398800443,398800443,456076165,456076165,348876916,348876916,240387652,240387652,192583301,192583301,103613379,103613379,348415338,348415338,367901962,367901962,402423644,402423644
# status f = 941766680,0,1 : PASS_RHO (rho 0.94937, T 2422.4, 0s)
f = 944231524,0,1 | route RHO | claimed 0.94937343265715151401 | coeffs -531557444,-677941906,-677941906,-806741706,-806741706,-826550642,-826550642,-749286853,-749286853,-863697709,-863697709,-759957886,-759957886,-704331954,-704331954,-587610483,-587610483,-451681614,-451681614,-544351786,-544351786,-312685516,-312685516,-698154208,-698154208,-534097300,-534097300,-361113974,-361113974,-359096635,-359096635,-172231360,-172231360,264974787,264974787,475068458,475068458,402423644,402423644,367901962,367901962,348415338,348415338,103613379,103613379,192583301,192583301,240387652,240387652,348876916,348876916,456076165,456076165,398800443,398800443,443994546,443994546,554982481,554982481,790568454,790568454,549439950,549439950,531557444
f = 944231524,0,1 | route T | claimed 2386.6859709002247472 | coeffs -361113974,-361113974,-359096635,-359096635,-172231360,-172231360,264974787,264974787,475068458,475068458,402423644,402423644,367901962,367901962,348415338,348415338,103613379,103613379,192583301,192583301,240387652,240387652,348876916,348876916,456076165,456076165,398800443,398800443,443994546,443994546,554982481,554982481,790568454,790568454,549439950,549439950,531557444,531557444,677941906,677941906,806741706,806741706,826550642,826550642,749286853,749286853,863697709,863697709,759957886,759957886,704331954,704331954,587610483,587610483,451681614,451681614,544351786,544351786,312685516,312685516,698154208,698154208,534097300,534097300
# status f = 944231524,0,1 : PASS_RHO (rho 0.94937, T 2386.7, 0s)
f = 944725845,0,1 | route RHO | claimed 0.95683068811949588086 | coeffs 19683042,19683042,-318391528,-318391528,-81311056,-81311056,107517885,107517885,-25874788,-25874788,-171298888,-171298888,-296118630,-296118630,-333424354,-333424354,-580886662,-580886662,-422818687,-422818687,-500678852,-500678852,-509320100,-509320100,-565393225,-565393225,-276636824,-276636824,-249076808,-249076808,-114831752,-114831752,-93717058,-93717058,-56708943,-56708943,-118462730,-118462730,-163417202,-163417202,-213001298,-213001298,-2283494,-2283494,-4122559,-4122559,64345222,64345222,250000921,250000921,422918517,422918517,237031056,237031056,348656703,348656703,571558731,571558731,262729817,262729817,212866048,212866048,322471251,322471251
f = 944725845,0,1 | route T | claimed 2177.1613140486417225 | coeffs 48663340,48663340,367744835,367744835,426409915,426409915,470185734,470185734,375498223,375498223,393310088,393310088,186958189,186958189,323488596,323488596,135962359,135962359,98907902,98907902,200098261,200098261,163559240,163559240,347984972,347984972,221299099,221299099,173963662,173963662,213356878,213356878,-32271262,-32271262,217853023,217853023,74842077,74842077,515936701,515936701,167608948,167608948,213645711,213645711,81352349,81352349,-39096816,-39096816,-167023263,-167023263,-39926554,-39926554,-218341316,-218341316,-382206031,-382206031,-261082282,-261082282,-282822966,-282822966,-219639382,-219639382,-264440377,-264440377
# status f = 944725845,0,1 : PASS_RHO (rho 0.95683, T 2177.2, 0s)
f = 944760004,0,1 | route RHO | claimed 0.94205944987067032713 | coeffs -174769544,-174769544,-59556570,-59556570,-65126295,-65126295,-60346569,-60346569,-96603244,-96603244,-335742762,-335742762,-537065298,-537065298,-261409087,-261409087,-242656352,-242656352,-465270557,-465270557,-331622668,-331622668,-456471357,-456471357,-627261897,-627261897,-457633811,-457633811,-692597243,-692597243,-624736109,-624736109,-690505837,-690505837,-319245718,-319245718,-353574942,-353574942,-287574053,-287574053,-200088307,-200088307,-339233469,-339233469,-251141346,-251141346,18770782,18770782,-290827211,-290827211,-137840775,-137840775,-121107439,-121107439,-34061853,-34061853,34918745,34918745,226208824,226208824,74597370,74597370,-136317015,-136317015
f = 944760004,0,1 | route T | claimed 2566.2748721922049105 | coeffs -319245718,-319245718,-353574942,-353574942,-287574053,-287574053,-200088307,-200088307,-339233469,-339233469,-251141346,-251141346,18770782,18770782,-290827211,-290827211,-137840775,-137840775,-121107439,-121107439,-34061853,-34061853,34918745,34918745,226208824,226208824,74597370,74597370,-136317015,-136317015,174769544,174769544,59556570,59556570,65126295,65126295,60346569,60346569,96603244,96603244,335742762,335742762,537065298,537065298,261409087,261409087,242656352,242656352,465270557,465270557,331622668,331622668,456471357,456471357,627261897,627261897,457633811,457633811,692597243,692597243,624736109,624736109,690505837,690505837
# status f = 944760004,0,1 : PASS_RHO (rho 0.94206, T 2566.3, 0s)
f = 969546318,0,1 | route RHO | claimed 0.94391219767909559771 | coeffs -51211573,-139863751,-139863751,-350081861,-350081861,-196595513,-196595513,-211776496,-211776496,-137645561,-137645561,-445752168,-445752168,-523051578,-523051578,-192278396,-192278396,-155196478,-155196478,-349611995,-349611995,-378288678,-378288678,-558320443,-558320443,-580496560,-580496560,-624892866,-624892866,-677604302,-677604302,-571195302,-571195302,-473045220,-473045220,-534736576,-534736576,-512340307,-512340307,-315633947,-315633947,-365785690,-365785690,-248296632,-248296632,-339733789,-339733789,-66944163,-66944163,-72071015,-72071015,316569250,316569250,-26502364,-26502364,-31717274,-31717274,79751147,79751147,-90660490,-90660490,-65220264,-65220264,51211573
f = 969546318,0,1 | route T | claimed 2264.2543322737383371 | coeffs -26502364,-31717274,-31717274,79751147,79751147,-90660490,-90660490,-65220264,-65220264,51211573,51211573,139863751,139863751,350081861,350081861,196595513,196595513,211776496,211776496,137645561,137645561,445752168,445752168,523051578,523051578,192278396,192278396,155196478,155196478,349611995,349611995,378288678,378288678,558320443,558320443,580496560,580496560,624892866,624892866,677604302,677604302,571195302,571195302,473045220,473045220,534736576,534736576,512340307,512340307,315633947,315633947,365785690,365785690,248296632,248296632,339733789,339733789,66944163,66944163,72071015,72071015,-316569250,-316569250,26502364
# status f = 969546318,0,1 : PASS_RHO (rho 0.94391, T 2264.3, 0s)
# summary n = 7 l = 1001089601 : EXCLUSION_CANDIDATE ; PASS 32 / 32 ; OPEN_NEAR 0 ; OPEN_FAR 0 ; 15s
