# FAMILY WITNESS FILE (generator family_gen.sage r10). n = 7 ; l = 1000063297 ; m = 64 ; deg = 2 ; ncomp = 32 ; bar_T = 4224 ; L_n = 16.3328709449664096755483535644
# line: f = c0,...,c_deg (monic, over F_l) | route RHO|T | claimed (rho or T, float) | coeffs a_0..a_{m-1}
f = 1945376,0,1 | route RHO | claimed 0.92046310043474012993 | coeffs -431793572,-431793572,-139039799,-139039799,-345879382,-345879382,-185159297,-185159297,20052501,20052501,72211167,72211167,94177436,94177436,164517380,164517380,-255487691,-255487691,53852770,53852770,128839777,128839777,185362467,185362467,301157152,301157152,260210745,260210745,181081208,181081208,214063593,214063593,163043474,163043474,-21919085,-21919085,-12114095,-12114095,459383469,459383469,366387605,366387605,353576979,353576979,210376066,210376066,225254925,225254925,209747936,209747936,120613517,120613517,125621138,125621138,20950425,20950425,199785326,199785326,116656196,116656196,164899838,164899838,314265484,314265484
f = 1945376,0,1 | route T | claimed 2092.0063287927109104 | coeffs -12199888,0,328948499,0,-1306426,0,246774087,0,72450608,0,-66993898,0,91738236,0,136041906,0,-313089442,0,-58810702,0,56795731,0,103926305,0,223592985,0,250320554,0,137052490,0,-128981759,0,-62527023,0,12132645,0,102241200,0,69856161,0,216354869,0,39244658,0,-29272307,0,-71173765,0,10394058,0,-17580239,0,166156813,0,156761539,0,103621923,0,-41848083,0,-66699276,0,132846516,0
# status f = 1945376,0,1 : PASS_RHO (rho 0.92046, T 2092.0, 1s)
f = 38631550,0,1 | route RHO | claimed 0.97564382893271600427 | coeffs -61292803,0,22092178,0,246050847,0,255618161,0,-45166391,0,-102780092,0,268006834,0,-41932845,0,367107006,0,224720393,0,36489812,0,1027618,0,127319647,0,-116627065,0,38353338,0,51783596,0,269095491,0,-63378307,0,-12861570,0,42496196,0,10271218,0,88438342,0,23136335,0,91102421,0,133074347,0,59134191,0,-188818692,0,223484707,0,-166338807,0,5972677,0,152720106,0,-116313908,0
f = 38631550,0,1 | route T | claimed 2194.8922543455632553 | coeffs -74384767,351610246,351610246,121063319,121063319,318243897,318243897,59563914,59563914,195242990,195242990,-267420,-267420,97554422,97554422,123966784,123966784,37701414,37701414,127287753,127287753,181601383,181601383,159389891,159389891,231117259,231117259,145587033,145587033,125271835,125271835,13096469,13096469,199535480,199535480,-19507576,-19507576,257490875,257490875,216177019,216177019,133000151,133000151,388306509,388306509,356894022,356894022,488347470,488347470,406054180,406054180,603307782,603307782,56077028,56077028,34600179,34600179,168237317,168237317,136073845,136073845,33076999,33076999,74384767
# status f = 38631550,0,1 : PASS_RHO (rho 0.97564, T 2194.9, 0s)
f = 63818479,0,1 | route RHO | claimed 0.95762101606691519929 | coeffs 665646636,665646636,829278335,829278335,436275979,436275979,564213581,564213581,358494277,358494277,275936398,275936398,211351910,211351910,444701997,444701997,397212052,397212052,-29971389,-29971389,-62293628,-62293628,-100848005,-100848005,-88488670,-88488670,-21690638,-21690638,-70518146,-70518146,90217341,90217341,163460354,163460354,115327814,115327814,-69494430,-69494430,-141276441,-141276441,-128714095,-128714095,-160612581,-160612581,-224163730,-224163730,-374036376,-374036376,-541658201,-541658201,-723012717,-723012717,-761375787,-761375787,-760549265,-760549265,-597531427,-597531427,-537154734,-537154734,-915696145,-915696145,-860624152,-860624152
f = 63818479,0,1 | route T | claimed 2477.1017571287872804 | coeffs 145472485,145472485,259652626,259652626,92074345,92074345,374589231,374589231,458019952,458019952,117817434,117817434,474390953,474390953,469020000,469020000,303726909,303726909,230868997,230868997,-16275646,-16275646,116020356,116020356,222842431,222842431,373269653,373269653,298237761,298237761,636584539,636584539,498320811,498320811,358190538,358190538,420711531,420711531,247129876,247129876,69362777,69362777,121250989,121250989,135730360,135730360,139084820,139084820,97672782,97672782,11559984,11559984,-172538301,-172538301,-313698826,-313698826,-100886566,-100886566,-141131536,-141131536,165506744,165506744,127491550,127491550
# status f = 63818479,0,1 : PASS_RHO (rho 0.95762, T 2477.1, 0s)
f = 85783675,0,1 | route RHO | claimed 0.95517820116393502334 | coeffs -602447312,-602447312,-394851226,-394851226,-531039162,-531039162,-377992640,-377992640,-524575542,-524575542,-225746171,-225746171,9256219,9256219,81949123,81949123,350009303,350009303,414257991,414257991,445982281,445982281,566098342,566098342,457448275,457448275,591953697,591953697,573536450,573536450,508552596,508552596,660492846,660492846,363515448,363515448,481154731,481154731,454697427,454697427,268318213,268318213,79309488,79309488,387353795,387353795,313432438,313432438,233196116,233196116,398372601,398372601,453564973,453564973,687366397,687366397,574806293,574806293,429598941,429598941,371240428,371240428,573861978,573861978
f = 85783675,0,1 | route T | claimed 2421.2807812187976764 | coeffs 10749184,10749184,96304103,96304103,65639299,65639299,291646988,291646988,197285496,197285496,320352703,320352703,208260248,208260248,-104417981,-104417981,59721752,59721752,417029000,417029000,142513402,142513402,95753484,95753484,385272766,385272766,356278593,356278593,296484773,296484773,366233111,366233111,91344986,91344986,118967086,118967086,167129064,167129064,-34853979,-34853979,-140830369,-140830369,-177576806,-177576806,-15349729,-15349729,154604095,154604095,377382513,377382513,90446926,90446926,140331419,140331419,395581673,395581673,260325721,260325721,45696525,45696525,43976476,43976476,144025538,144025538
# status f = 85783675,0,1 : PASS_RHO (rho 0.95518, T 2421.3, 0s)
f = 122571725,0,1 | route RHO | claimed 0.94521219560922197779 | coeffs 246050847,0,116627065,0,133074347,0,255618161,0,-38353338,0,59134191,0,-45166391,0,-51783596,0,-188818692,0,-102780092,0,-269095491,0,223484707,0,268006834,0,63378307,0,-166338807,0,-41932845,0,12861570,0,5972677,0,367107006,0,-42496196,0,152720106,0,224720393,0,-10271218,0,-116313908,0,36489812,0,-88438342,0,61292803,0,1027618,0,-23136335,0,-22092178,0,127319647,0,-91102421,0
f = 122571725,0,1 | route T | claimed 2158.6969333428481901 | coeffs 498176535,335158697,335158697,417716576,417716576,368889068,368889068,518761714,518761714,713739230,713739230,286555789,286555789,471378033,471378033,472204555,472204555,266485251,266485251,199687219,199687219,136136070,136136070,81064077,81064077,128554022,128554022,80421482,80421482,118784552,118784552,-9153050,-9153050,3206285,3206285,35104771,35104771,-343436640,-343436640,-110086553,-110086553,-183329566,-183329566,-364684082,-364684082,-757686438,-757686438,-719132061,-719132061,-706569715,-706569715,-766946408,-766946408,-702361920,-702361920,-541626433,-541626433,-374004608,-374004608,-537636307,-537636307,-569958546,-569958546,-498176535
# status f = 122571725,0,1 : PASS_RHO (rho 0.94521, T 2158.7, 0s)
f = 130728239,0,1 | route RHO | claimed 0.93346359926497864353 | coeffs -1306426,0,-128981759,0,103621923,0,58810702,0,29272307,0,246774087,0,-62527023,0,-41848083,0,-56795731,0,71173765,0,72450608,0,12132645,0,-66699276,0,-103926305,0,-10394058,0,-66993898,0,102241200,0,132846516,0,-223592985,0,17580239,0,91738236,0,69856161,0,12199888,0,-250320554,0,-166156813,0,136041906,0,216354869,0,-328948499,0,-137052490,0,-156761539,0,-313089442,0,39244658,0
f = 130728239,0,1 | route T | claimed 2024.9542834207841401 | coeffs 153410890,153410890,-32968324,-32968324,40953033,40953033,96145405,96145405,241352757,241352757,269938091,269938091,422984613,422984613,187982223,187982223,252230911,252230911,360880978,360880978,295897124,295897124,178257841,178257841,-10750884,-10750884,69485438,69485438,303286862,303286862,361645375,361645375,154049289,154049289,7466387,7466387,-65226517,-65226517,-33502227,-33502227,-168007649,-168007649,-16067399,-16067399,10389905,10389905,318434212,318434212,153257727,153257727,40697623,40697623,-161923927,-161923927,-25735991,-25735991,273093380,273093380,5033200,5033200,125149261,125149261,143566508,143566508
# status f = 130728239,0,1 : PASS_RHO (rho 0.93346, T 2025.0, 0s)
f = 231208645,0,1 | route RHO | claimed 0.91830014942081908193 | coeffs 17564140,6425361,6425361,-55955632,-55955632,22088652,22088652,-144944105,-144944105,-35748633,-35748633,306061436,306061436,315133737,315133737,182080152,182080152,290659479,290659479,502626695,502626695,323472607,323472607,266009121,266009121,237764432,237764432,183694381,183694381,512036697,512036697,277776207,277776207,237149788,237149788,36136852,36136852,246446202,246446202,187686288,187686288,306251959,306251959,48068467,48068467,-146194224,-146194224,-13727656,-13727656,-63570561,-63570561,130997628,130997628,112825063,112825063,193260343,193260343,61513872,61513872,-186115522,-186115522,-21656728,-21656728,-17564140
f = 231208645,0,1 | route T | claimed 2436.9228837868014988 | coeffs 608587272,567001843,567001843,668124069,668124069,743351852,743351852,663762848,663762848,679874892,679874892,517590074,517590074,260421523,260421523,328525200,328525200,410999702,410999702,599812750,599812750,636277487,636277487,786775637,786775637,609399264,609399264,91112444,91112444,156393376,156393376,126168008,126168008,215255571,215255571,31081440,31081440,206015544,206015544,58880988,58880988,-138321040,-138321040,36857746,36857746,-263642954,-263642954,-324531273,-324531273,-585990606,-585990606,-585844576,-585844576,-577656453,-577656453,-715416903,-715416903,-588641192,-588641192,-350453046,-350453046,-474227261,-474227261,-608587272
# status f = 231208645,0,1 : PASS_RHO (rho 0.91830, T 2436.9, 0s)
f = 239342169,0,1 | route RHO | claimed 0.9398229638621777422 | coeffs -575583649,-584655950,-584655950,-337026556,-337026556,-218460885,-218460885,-160997399,-160997399,-82953115,-82953115,111615074,111615074,152241493,152241493,19187908,19187908,183646702,183646702,441830194,441830194,413585505,413585505,580618262,580618262,598790827,598790827,397777891,397777891,289198564,289198564,285105976,285105976,90843285,90843285,144913336,144913336,254108808,254108808,334544088,334544088,124234738,124234738,336201954,336201954,347340733,347340733,214874165,214874165,543216481,543216481,201406412,201406412,333152883,333152883,274392969,274392969,453547057,453547057,391166064,391166064,341323159,341323159,575583649
f = 239342169,0,1 | route T | claimed 2039.4011269998793323 | coeffs -256552860,-256552860,-106680214,-106680214,-139002453,-139002453,-78625760,-78625760,-151868773,-151868773,-23931171,-23931171,-87482320,-87482320,339701121,339701121,176683283,176683283,337418770,337418770,730421126,730421126,762319612,762319612,714829667,714829667,715656189,715656189,764483697,764483697,928115396,928115396,940677742,940677742,707327655,707327655,745690725,745690725,812488757,812488757,1007466273,1007466273,1079248284,1079248284,1014663796,1014663796,833309280,833309280,820949945,820949945,765877952,765877952,581055708,581055708,663613587,663613587,831235412,831235412,792681035,792681035,414139624,414139624,462272164,462272164
# status f = 239342169,0,1 : PASS_RHO (rho 0.93982, T 2039.4, 0s)
f = 285937931,0,1 | route RHO | claimed 0.94332070309341395173 | coeffs -190092747,-290040596,-290040596,-242392432,-242392432,-299304801,-299304801,-418162743,-418162743,-200083184,-200083184,-505055932,-505055932,-183294838,-183294838,-56697878,-56697878,-53323534,-53323534,226783523,226783523,337663770,337663770,225262333,225262333,382587023,382587023,511560321,511560321,147959199,147959199,134852418,134852418,244683239,244683239,186543183,186543183,163613060,163613060,287854924,287854924,336655711,336655711,393753873,393753873,318890091,318890091,447056919,447056919,538113491,538113491,697873195,697873195,425690523,425690523,476482352,476482352,723542233,723542233,611858077,611858077,498126782,498126782,190092747
f = 285937931,0,1 | route T | claimed 2815.744564019655203 | coeffs -291867056,-142901303,-142901303,-151734192,-151734192,-254176274,-254176274,-311778056,-311778056,-291984637,-291984637,-300680676,-300680676,-240001552,-240001552,-594986325,-594986325,-511497432,-511497432,-476179606,-476179606,-388313365,-388313365,-433825710,-433825710,-471451148,-471451148,-315755226,-315755226,-343575077,-343575077,-411335462,-411335462,-548546433,-548546433,-480178503,-480178503,-33943950,-33943950,22086831,22086831,-121202589,-121202589,-423038397,-423038397,-18706868,-18706868,50206094,50206094,-228744821,-228744821,-169988165,-169988165,-372690375,-372690375,-126830235,-126830235,-158661417,-158661417,46494736,46494736,51661124,51661124,291867056
# status f = 285937931,0,1 : PASS_RHO (rho 0.94332, T 2815.7, 0s)
f = 308496951,0,1 | route RHO | claimed 0.95861498557264438516 | coeffs 175319480,175319480,-123509891,-123509891,-91785601,-91785601,-26801747,-26801747,-213180961,-213180961,-378357446,-378357446,-436715959,-436715959,-283669437,-283669437,-551729617,-551729617,-417224195,-417224195,-534863478,-534863478,-608784835,-608784835,-496224731,-496224731,-703820817,-703820817,-468818427,-468818427,-588934488,-588934488,-436994238,-436994238,-247985513,-247985513,-192793141,-192793141,-395414691,-395414691,-248831789,-248831789,-184583101,-184583101,-166165854,-166165854,-192623158,-192623158,-112386836,-112386836,-257594188,-257594188,-393782124,-393782124,-466475028,-466475028,-575125095,-575125095,-278147697,-278147697,29896610,29896610,-203904814,-203904814
f = 308496951,0,1 | route T | claimed 2364.2360535283820078 | coeffs 660690532,660690532,348149153,348149153,584638764,584638764,606606656,606606656,323265248,323265248,217923038,217923038,209576554,209576554,210300513,210300513,52919486,52919486,-137206948,-137206948,149846220,149846220,139398816,139398816,143757216,143757216,173441641,173441641,-106384184,-106384184,-312325535,-312325535,-424182987,-424182987,-624432901,-624432901,-586452643,-586452643,-649759522,-649759522,-514732244,-514732244,-423958461,-423958461,-656943562,-656943562,-802801275,-802801275,-852502315,-852502315,-1098950874,-1098950874,-1031776499,-1031776499,-661587070,-661587070,-730965584,-730965584,-845620635,-845620635,-860530455,-860530455,-765687223,-765687223
# status f = 308496951,0,1 : PASS_RHO (rho 0.95861, T 2364.2, 0s)
f = 338289282,0,1 | route RHO | claimed 0.95762101606691519929 | coeffs 760549265,761375787,761375787,723012717,723012717,541658201,541658201,374036376,374036376,224163730,224163730,160612581,160612581,128714095,128714095,141276441,141276441,69494430,69494430,-115327814,-115327814,-163460354,-163460354,-90217341,-90217341,70518146,70518146,21690638,21690638,88488670,88488670,100848005,100848005,62293628,62293628,29971389,29971389,-397212052,-397212052,-444701997,-444701997,-211351910,-211351910,-275936398,-275936398,-358494277,-358494277,-564213581,-564213581,-436275979,-436275979,-829278335,-829278335,-665646636,-665646636,-860624152,-860624152,-915696145,-915696145,-537154734,-537154734,-597531427,-597531427,-760549265
f = 338289282,0,1 | route T | claimed 2184.7521464594428859 | coeffs -116146768,-72773905,-72773905,-24923227,-24923227,-232561481,-232561481,-385507558,-385507558,-171704571,-171704571,-1283098,-1283098,180009582,180009582,377328889,377328889,351748673,351748673,504160198,504160198,426756355,426756355,301315701,301315701,356623242,356623242,614470843,614470843,419008764,419008764,480306614,480306614,525451800,525451800,774036461,774036461,905016269,905016269,840578928,840578928,654650466,654650466,288395227,288395227,166062927,166062927,352363228,352363228,21116802,21116802,111331271,111331271,315901462,315901462,190253977,190253977,49934464,49934464,156262124,156262124,104769264,104769264,116146768
# status f = 338289282,0,1 : PASS_RHO (rho 0.95762, T 2184.8, 0s)
f = 408605443,0,1 | route RHO | claimed 0.95039190115289061092 | coeffs 168973415,73900954,73900954,174493032,174493032,135965918,135965918,-106931996,-106931996,-4093917,-4093917,-17460782,-17460782,-244935615,-244935615,-313810466,-313810466,-191270583,-191270583,-24431590,-24431590,75166353,75166353,-119455211,-119455211,-414768999,-414768999,-19687696,-19687696,-20708328,-20708328,-42965172,-42965172,-71529431,-71529431,-92398232,-92398232,-227758474,-227758474,-296219516,-296219516,-363701870,-363701870,-291648974,-291648974,-289978761,-289978761,-349240582,-349240582,-379425382,-379425382,-564036279,-564036279,-407832851,-407832851,-413783183,-413783183,-452854810,-452854810,-65501723,-65501723,124208006,124208006,-168973415
f = 408605443,0,1 | route T | claimed 2305.1433933146763685 | coeffs -3199015,-3199015,105996457,105996457,110089045,110089045,128261610,128261610,-129921882,-129921882,-89295463,-89295463,-146758949,-146758949,-155831250,-155831250,-218212243,-218212243,-349958714,-349958714,-482425282,-482425282,-272115932,-272115932,-218045881,-218045881,-109466554,-109466554,57566203,57566203,-106892591,-106892591,87675598,87675598,-30890073,-30890073,-265150563,-265150563,-85996475,-85996475,255813594,255813594,266952373,266952373,186517093,186517093,-7745598,-7745598,193267338,193267338,165022649,165022649,298076234,298076234,376120518,376120518,128491124,128491124,178334029,178334029,119574115,119574115,-208768201,-208768201
# status f = 408605443,0,1 : PASS_RHO (rho 0.95039, T 2305.1, 0s)
f = 424595110,0,1 | route RHO | claimed 0.95701162716818466021 | coeffs 401709207,401709207,433184904,433184904,467150589,467150589,454574813,454574813,679159565,679159565,495051882,495051882,493313295,493313295,-11644690,-11644690,178333666,178333666,24596842,24596842,-39780423,-39780423,93912751,93912751,94923335,94923335,103570077,103570077,133350204,133350204,75845928,75845928,77531033,77531033,17937703,17937703,48540228,48540228,-110042090,-110042090,-10332638,-10332638,-132785096,-132785096,-490810452,-490810452,-535473538,-535473538,-631774190,-631774190,-982170200,-982170200,-691583317,-691583317,-593775485,-593775485,-589300996,-589300996,-441059202,-441059202,-437342881,-437342881,-557164320,-557164320
f = 424595110,0,1 | route T | claimed 2164.4053454677353228 | coeffs -386691431,-386691431,-425245808,-425245808,-463608878,-463608878,-36425437,-36425437,131196388,131196388,364546475,364546475,300995326,300995326,383553205,383553205,370990859,370990859,498928461,498928461,314106217,314106217,150474518,150474518,77231505,77231505,22159512,22159512,-26667996,-26667996,33708697,33708697,21349362,21349362,20522840,20522840,-11799399,-11799399,-193153915,-193153915,-145663970,-145663970,4208676,4208676,-60375812,-60375812,-92274298,-92274298,113445006,113445006,185227017,185227017,-207775339,-207775339,-255907879,-255907879,-60930363,-60930363,-221665850,-221665850,156875561,156875561,223673593,223673593
# status f = 424595110,0,1 : PASS_RHO (rho 0.95701, T 2164.4, 0s)
f = 441335079,0,1 | route RHO | claimed 0.93967331554933748158 | coeffs -164098546,-164098546,-159878562,-159878562,145722,145722,-225300995,-225300995,-139956419,-139956419,-167798035,-167798035,-231809124,-231809124,-533894876,-533894876,-407462821,-407462821,-625960294,-625960294,-609425687,-609425687,-364084305,-364084305,-540561056,-540561056,-222524150,-222524150,-59245197,-59245197,-67502673,-67502673,-39709588,-39709588,53690760,53690760,258288802,258288802,110430287,110430287,231539022,231539022,-190088323,-190088323,105060486,105060486,33724763,33724763,-167142143,-167142143,-52633122,-52633122,143887242,143887242,212068143,212068143,192072797,192072797,266426030,266426030,268319473,268319473,70652583,70652583
f = 441335079,0,1 | route T | claimed 1888.8324981982203886 | coeffs -665134096,-628669359,-628669359,-490908909,-490908909,-313532536,-313532536,-75344390,-75344390,-10063458,-10063458,124296553,124296553,35208990,35208990,-65913236,-65913236,109020868,109020868,29431864,29431864,226633892,226633892,388918710,388918710,88418010,88418010,156521687,156521687,417981020,417981020,229167972,229167972,237356095,237356095,387854245,387854245,261078534,261078534,779365354,779365354,655591139,655591139,625365771,625365771,583780342,583780342,767954473,767954473,692726690,692726690,545592134,545592134,561704178,561704178,386525392,386525392,643693943,643693943,582805624,582805624,665280126,665280126,665134096
# status f = 441335079,0,1 : PASS_RHO (rho 0.93967, T 1888.8, 0s)
f = 485539948,0,1 | route RHO | claimed 0.92747627175154148649 | coeffs 0,69856161,0,-137052490,0,-58810702,0,-72450608,0,-132846516,0,166156813,0,-39244658,0,-62527023,0,-103926305,0,91738236,0,-328948499,0,-103621923,0,-71173765,0,-102241200,0,250320554,0,313089442,0,246774087,0,-66699276,0,17580239,0,216354869,0,128981759,0,56795731,0,66993898,0,-12199888,0,156761539,0,29272307,0,12132645,0,-223592985,0,136041906,0,1306426,0,41848083,0,10394058
f = 485539948,0,1 | route T | claimed 2466.89048347687727 | coeffs 134421491,-92327436,-92327436,-151453034,-151453034,-345301255,-345301255,-471105855,-471105855,-531356575,-531356575,-820964630,-820964630,-684080124,-684080124,-735457427,-735457427,-574391465,-574391465,-814359676,-814359676,-723927866,-723927866,-1094724448,-1094724448,-1208740429,-1208740429,-1210058033,-1210058033,-1449351723,-1449351723,-1257841871,-1257841871,-1017203037,-1017203037,-903275466,-903275466,-803817929,-803817929,-825482348,-825482348,-671654502,-671654502,-646599048,-646599048,-498065081,-498065081,-760019682,-760019682,-875841493,-875841493,-790253719,-790253719,-863222612,-863222612,-600769413,-600769413,-511272956,-511272956,-128456963,-128456963,-193849813,-193849813,-134421491
# status f = 485539948,0,1 : PASS_RHO (rho 0.92748, T 2466.9, 0s)
f = 492040832,0,1 | route RHO | claimed 0.94477233239597681533 | coeffs 401781483,410853784,410853784,464923835,464923835,583489506,583489506,503054226,503054226,425009942,425009942,636977158,636977158,677603577,677603577,810070145,810070145,645611351,645611351,303801282,303801282,275556593,275556593,334316507,334316507,316143942,316143942,253762949,253762949,145183622,145183622,-89076868,-89076868,105185823,105185823,-142443571,-142443571,-33248099,-33248099,24215387,24215387,234524737,234524737,39956548,39956548,51095327,51095327,-81958258,-81958258,-410300574,-410300574,-668484066,-668484066,-536737595,-536737595,-369704838,-369704838,-548858926,-548858926,-347845990,-347845990,-397688895,-397688895,-401781483
f = 492040832,0,1 | route T | claimed 2632.2510365885608128 | coeffs 128981759,0,-72450608,0,-17580239,0,137052490,0,246774087,0,-10394058,0,-250320554,0,1306426,0,-71173765,0,223592985,0,328948499,0,29272307,0,-103926305,0,12199888,0,39244658,0,56795731,0,-132846516,0,-216354869,0,58810702,0,-66699276,0,69856161,0,-313089442,0,41848083,0,-102241200,0,-136041906,0,103621923,0,12132645,0,91738236,0,-156761539,0,62527023,0,66993898,0,166156813,0
# status f = 492040832,0,1 : PASS_RHO (rho 0.94477, T 2632.3, 0s)
f = 508022465,0,1 | route RHO | claimed 0.95861498557264438516 | coeffs 436715959,436715959,378357446,378357446,213180961,213180961,26801747,26801747,91785601,91785601,123509891,123509891,-175319480,-175319480,-203904814,-203904814,29896610,29896610,-278147697,-278147697,-575125095,-575125095,-466475028,-466475028,-393782124,-393782124,-257594188,-257594188,-112386836,-112386836,-192623158,-192623158,-166165854,-166165854,-184583101,-184583101,-248831789,-248831789,-395414691,-395414691,-192793141,-192793141,-247985513,-247985513,-436994238,-436994238,-588934488,-588934488,-468818427,-468818427,-703820817,-703820817,-496224731,-496224731,-608784835,-608784835,-534863478,-534863478,-417224195,-417224195,-551729617,-551729617,-283669437,-283669437
f = 508022465,0,1 | route T | claimed 2303.1682150282968003 | coeffs -8037966,56367959,56367959,138024162,138024162,-123566676,-123566676,65908466,65908466,102563212,102563212,431316880,431316880,367291857,367291857,617403352,617403352,600765357,600765357,460584140,460584140,356776430,356776430,464330145,464330145,379200401,379200401,625159557,625159557,452222760,452222760,331166601,331166601,576743486,576743486,377653576,377653576,218530315,218530315,77843128,77843128,296937128,296937128,277291369,277291369,431772097,431772097,199166418,199166418,168268650,168268650,88556610,88556610,-46489755,-46489755,-74571875,-74571875,122345,122345,329421982,329421982,153973883,153973883,8037966
# status f = 508022465,0,1 : PASS_RHO (rho 0.95861, T 2303.2, 0s)
f = 514523349,0,1 | route RHO | claimed 0.9398229638621777422 | coeffs -160997399,-160997399,-218460885,-218460885,-337026556,-337026556,-584655950,-584655950,-575583649,-575583649,-341323159,-341323159,-391166064,-391166064,-453547057,-453547057,-274392969,-274392969,-333152883,-333152883,-201406412,-201406412,-543216481,-543216481,-214874165,-214874165,-347340733,-347340733,-336201954,-336201954,-124234738,-124234738,-334544088,-334544088,-254108808,-254108808,-144913336,-144913336,-90843285,-90843285,-285105976,-285105976,-289198564,-289198564,-397777891,-397777891,-598790827,-598790827,-580618262,-580618262,-413585505,-413585505,-441830194,-441830194,-183646702,-183646702,-19187908,-19187908,-152241493,-152241493,-111615074,-111615074,82953115,82953115
f = 514523349,0,1 | route T | claimed 2619.2945008443386437 | coeffs 239412298,239412298,92277742,92277742,-34497969,-34497969,127786849,127786849,193067781,193067781,253956100,253956100,295541529,295541529,484354577,484354577,309420473,309420473,171660023,171660023,187772067,187772067,706058887,706058887,405558187,405558187,539918198,539918198,457443696,457443696,273269565,273269565,265081442,265081442,344670446,344670446,167294073,167294073,-7884713,-7884713,-131658928,-131658928,-63555251,-63555251,-152642814,-152642814,-152496784,-152496784,-77269001,-77269001,-227767151,-227767151,-424969179,-424969179,-663157325,-663157325,-405988774,-405988774,-436214142,-436214142,-174754809,-174754809,-275877035,-275877035
# status f = 514523349,0,1 : PASS_RHO (rho 0.93982, T 2619.3, 0s)
f = 558728218,0,1 | route RHO | claimed 0.93346359926497864353 | coeffs -136041906,0,166156813,0,250320554,0,-12199888,0,-69856161,0,-91738236,0,-17580239,0,223592985,0,-132846516,0,-102241200,0,66993898,0,10394058,0,103926305,0,66699276,0,-12132645,0,-72450608,0,-71173765,0,56795731,0,41848083,0,62527023,0,-246774087,0,-29272307,0,-58810702,0,-103621923,0,128981759,0,1306426,0,39244658,0,-313089442,0,-156761539,0,-137052490,0,-328948499,0,216354869,0
f = 558728218,0,1 | route T | claimed 2618.3167743566528633 | coeffs -896607312,-896607312,-719497101,-719497101,-270365753,-270365753,-279761027,-279761027,-393029091,-393029091,-51880704,-51880704,-198379412,-198379412,-242683082,-242683082,-58946030,-58946030,-32218461,-32218461,88428167,88428167,120813206,120813206,-37918928,-37918928,-65893225,-65893225,53773455,53773455,-145772337,-145772337,-235880892,-235880892,-96436386,-96436386,-14868563,-14868563,32262011,32262011,57113204,57113204,-17546464,-17546464,156777015,156777015,114875557,114875557,230481990,230481990,375951996,375951996,309497260,309497260,61416747,61416747,-7100218,-7100218,247178522,247178522,300318138,300318138,566352387,566352387
# status f = 558728218,0,1 : PASS_RHO (rho 0.93346, T 2618.3, 0s)
f = 575468187,0,1 | route RHO | claimed 0.94332070309341395173 | coeffs -183294838,-505055932,-505055932,-200083184,-200083184,-418162743,-418162743,-299304801,-299304801,-242392432,-242392432,-290040596,-290040596,-190092747,-190092747,-498126782,-498126782,-611858077,-611858077,-723542233,-723542233,-476482352,-476482352,-425690523,-425690523,-697873195,-697873195,-538113491,-538113491,-447056919,-447056919,-318890091,-318890091,-393753873,-393753873,-336655711,-336655711,-287854924,-287854924,-163613060,-163613060,-186543183,-186543183,-244683239,-244683239,-134852418,-134852418,-147959199,-147959199,-511560321,-511560321,-382587023,-382587023,-225262333,-225262333,-337663770,-337663770,-226783523,-226783523,53323534,53323534,56697878,56697878,183294838
f = 575468187,0,1 | route T | claimed 2004.5173023516097692 | coeffs 393753873,336655711,336655711,287854924,287854924,163613060,163613060,186543183,186543183,244683239,244683239,134852418,134852418,147959199,147959199,511560321,511560321,382587023,382587023,225262333,225262333,337663770,337663770,226783523,226783523,-53323534,-53323534,-56697878,-56697878,-183294838,-183294838,-505055932,-505055932,-200083184,-200083184,-418162743,-418162743,-299304801,-299304801,-242392432,-242392432,-290040596,-290040596,-190092747,-190092747,-498126782,-498126782,-611858077,-611858077,-723542233,-723542233,-476482352,-476482352,-425690523,-425690523,-697873195,-697873195,-538113491,-538113491,-447056919,-447056919,-318890091,-318890091,-393753873
# status f = 575468187,0,1 : PASS_RHO (rho 0.94332, T 2004.5, 0s)
f = 591457854,0,1 | route RHO | claimed 0.95517820116393502334 | coeffs 453564973,453564973,398372601,398372601,233196116,233196116,313432438,313432438,387353795,387353795,79309488,79309488,268318213,268318213,454697427,454697427,481154731,481154731,363515448,363515448,660492846,660492846,508552596,508552596,573536450,573536450,591953697,591953697,457448275,457448275,566098342,566098342,445982281,445982281,414257991,414257991,350009303,350009303,81949123,81949123,9256219,9256219,-225746171,-225746171,-524575542,-524575542,-377992640,-377992640,-531039162,-531039162,-394851226,-394851226,-602447312,-602447312,-573861978,-573861978,-371240428,-371240428,-429598941,-429598941,-574806293,-574806293,-687366397,-687366397
f = 591457854,0,1 | route T | claimed 2314.7104270389332217 | coeffs -197285496,-197285496,-291646988,-291646988,-65639299,-65639299,-96304103,-96304103,-10749184,-10749184,144025538,144025538,43976476,43976476,45696525,45696525,260325721,260325721,395581673,395581673,140331419,140331419,90446926,90446926,377382513,377382513,154604095,154604095,-15349729,-15349729,-177576806,-177576806,-140830369,-140830369,-34853979,-34853979,167129064,167129064,118967086,118967086,91344986,91344986,366233111,366233111,296484773,296484773,356278593,356278593,385272766,385272766,95753484,95753484,142513402,142513402,417029000,417029000,59721752,59721752,-104417981,-104417981,208260248,208260248,320352703,320352703
# status f = 591457854,0,1 : PASS_RHO (rho 0.95518, T 2314.7, 0s)
f = 661774015,0,1 | route RHO | claimed 0.96168119537359617399 | coeffs -189316431,-189316431,22650785,22650785,154397256,154397256,388657746,388657746,310613462,310613462,52429970,52429970,161009297,161009297,80574017,80574017,-247768299,-247768299,-185387306,-185387306,-66821635,-66821635,-199875220,-199875220,-181702655,-181702655,-127632604,-127632604,-116493825,-116493825,-175253739,-175253739,-166181438,-166181438,-360749627,-360749627,-332504938,-332504938,-328412350,-328412350,-118103000,-118103000,223707069,223707069,273549974,273549974,331013460,331013460,495472254,495472254,294459318,294459318,403654790,403654790,271188222,271188222,450342310,450342310,202712916,202712916,162086497,162086497,-4946260,-4946260
f = 661774015,0,1 | route T | claimed 2352.9607649868926769 | coeffs -166181438,-166181438,-360749627,-360749627,-332504938,-332504938,-328412350,-328412350,-118103000,-118103000,223707069,223707069,273549974,273549974,331013460,331013460,495472254,495472254,294459318,294459318,403654790,403654790,271188222,271188222,450342310,450342310,202712916,202712916,162086497,162086497,-4946260,-4946260,189316431,189316431,-22650785,-22650785,-154397256,-154397256,-388657746,-388657746,-310613462,-310613462,-52429970,-52429970,-161009297,-161009297,-80574017,-80574017,247768299,247768299,185387306,185387306,66821635,66821635,199875220,199875220,181702655,181702655,127632604,127632604,116493825,116493825,175253739,175253739
# status f = 661774015,0,1 : PASS_RHO (rho 0.96168, T 2353.0, 0s)
f = 691566346,0,1 | route RHO | claimed 0.94477233239597681533 | coeffs 51095327,39956548,39956548,234524737,234524737,24215387,24215387,-33248099,-33248099,-142443571,-142443571,105185823,105185823,-89076868,-89076868,145183622,145183622,253762949,253762949,316143942,316143942,334316507,334316507,275556593,275556593,303801282,303801282,645611351,645611351,810070145,810070145,677603577,677603577,636977158,636977158,425009942,425009942,503054226,503054226,583489506,583489506,464923835,464923835,410853784,410853784,401781483,401781483,397688895,397688895,347845990,347845990,548858926,548858926,369704838,369704838,536737595,536737595,668484066,668484066,410300574,410300574,81958258,81958258,-51095327
f = 691566346,0,1 | route T | claimed 3223.3789125252839083 | coeffs 208519843,-159546825,-159546825,-208913048,-208913048,-170607532,-170607532,-194816399,-194816399,-64736164,-64736164,-66305092,-66305092,-288563612,-288563612,72646563,72646563,112374045,112374045,38359903,38359903,44825572,44825572,249273048,249273048,111961299,111961299,69566300,69566300,353866718,353866718,36411262,36411262,297736134,297736134,228397223,228397223,283324623,283324623,277316284,277316284,281691515,281691515,236926155,236926155,100250348,100250348,432069935,432069935,540929795,540929795,649155757,649155757,715383307,715383307,419234719,419234719,176686360,176686360,-80562423,-80562423,-293538485,-293538485,-208519843
# status f = 691566346,0,1 : PASS_RHO (rho 0.94477, T 3223.4, 0s)
f = 714125366,0,1 | route RHO | claimed 0.95701162716818466021 | coeffs 982170200,982170200,631774190,631774190,535473538,535473538,490810452,490810452,132785096,132785096,10332638,10332638,110042090,110042090,-48540228,-48540228,-17937703,-17937703,-77531033,-77531033,-75845928,-75845928,-133350204,-133350204,-103570077,-103570077,-94923335,-94923335,-93912751,-93912751,39780423,39780423,-24596842,-24596842,-178333666,-178333666,11644690,11644690,-493313295,-493313295,-495051882,-495051882,-679159565,-679159565,-454574813,-454574813,-467150589,-467150589,-433184904,-433184904,-401709207,-401709207,-557164320,-557164320,-437342881,-437342881,-441059202,-441059202,-589300996,-589300996,-593775485,-593775485,-691583317,-691583317
f = 714125366,0,1 | route T | claimed 2251.1605710395780656 | coeffs -185227017,-185227017,-113445006,-113445006,92274298,92274298,60375812,60375812,-4208676,-4208676,145663970,145663970,193153915,193153915,11799399,11799399,-20522840,-20522840,-21349362,-21349362,-33708697,-33708697,26667996,26667996,-22159512,-22159512,-77231505,-77231505,-150474518,-150474518,-314106217,-314106217,-498928461,-498928461,-370990859,-370990859,-383553205,-383553205,-300995326,-300995326,-364546475,-364546475,-131196388,-131196388,36425437,36425437,463608878,463608878,425245808,425245808,386691431,386691431,223673593,223673593,156875561,156875561,-221665850,-221665850,-60930363,-60930363,-255907879,-255907879,-207775339,-207775339
# status f = 714125366,0,1 : PASS_RHO (rho 0.95701, T 2251.2, 0s)
f = 760721128,0,1 | route RHO | claimed 0.92747627175154148649 | coeffs 0,-250320554,0,102241200,0,71173765,0,103621923,0,328948499,0,-91738236,0,103926305,0,62527023,0,39244658,0,-166156813,0,132846516,0,72450608,0,58810702,0,137052490,0,-69856161,0,10394058,0,41848083,0,1306426,0,136041906,0,-223592985,0,12132645,0,29272307,0,156761539,0,-12199888,0,66993898,0,56795731,0,128981759,0,216354869,0,17580239,0,-66699276,0,246774087,0,313089442
f = 760721128,0,1 | route T | claimed 2213.5154054090880198 | coeffs -235003503,-331304155,-331304155,-208851697,-208851697,-178249172,-178249172,-120744896,-120744896,-119734312,-119734312,34002512,34002512,32263925,32263925,44839701,44839701,-110615412,-110615412,37626382,37626382,-252960501,-252960501,-297623587,-297623587,-397333039,-397333039,-456926369,-456926369,-486706496,-486706496,-353013322,-353013322,-542991678,-542991678,-727099361,-727099361,-761065046,-761065046,-641243607,-641243607,-636769118,-636769118,-286373108,-286373108,-644398464,-644398464,-485816146,-485816146,-484131041,-484131041,-492777783,-492777783,-557155048,-557155048,-52197063,-52197063,172387689,172387689,140911992,140911992,137195671,137195671,235003503
# status f = 760721128,0,1 : PASS_RHO (rho 0.92748, T 2213.5, 0s)
f = 768854652,0,1 | route RHO | claimed 0.97564382893271600427 | coeffs -45166391,0,255618161,0,246050847,0,22092178,0,-61292803,0,116313908,0,-152720106,0,-5972677,0,166338807,0,-223484707,0,188818692,0,-59134191,0,-133074347,0,-91102421,0,-23136335,0,-88438342,0,-10271218,0,-42496196,0,12861570,0,63378307,0,-269095491,0,-51783596,0,-38353338,0,116627065,0,-127319647,0,-1027618,0,-36489812,0,-224720393,0,-367107006,0,41932845,0,-268006834,0,102780092,0
f = 768854652,0,1 | route T | claimed 2321.3827383670410546 | coeffs 256410389,187535538,187535538,31332110,31332110,-363749193,-363749193,-268676732,-268676732,-337137774,-337137774,-564612607,-564612607,-380001710,-380001710,-84687922,-84687922,-377869343,-377869343,-513229585,-513229585,-526596450,-526596450,-496411650,-496411650,-301790086,-301790086,-112080357,-112080357,-132949158,-132949158,-30111079,-30111079,29150742,29150742,-70447201,-70447201,316905886,316905886,288341627,288341627,45443713,45443713,43773500,43773500,-123065493,-123065493,-162137120,-162137120,-184393964,-184393964,-222921078,-222921078,-294973974,-294973974,-417513857,-417513857,-423464189,-423464189,-424484821,-424484821,-323892743,-323892743,-256410389
# status f = 768854652,0,1 : PASS_RHO (rho 0.97564, T 2321.4, 0s)
f = 869335058,0,1 | route RHO | claimed 0.93967331554933748158 | coeffs -225300995,145722,145722,-159878562,-159878562,-164098546,-164098546,-70652583,-70652583,-268319473,-268319473,-266426030,-266426030,-192072797,-192072797,-212068143,-212068143,-143887242,-143887242,52633122,52633122,167142143,167142143,-33724763,-33724763,-105060486,-105060486,190088323,190088323,-231539022,-231539022,-110430287,-110430287,-258288802,-258288802,-53690760,-53690760,39709588,39709588,67502673,67502673,59245197,59245197,222524150,222524150,540561056,540561056,364084305,364084305,609425687,609425687,625960294,625960294,407462821,407462821,533894876,533894876,231809124,231809124,167798035,167798035,139956419,139956419,225300995
f = 869335058,0,1 | route T | claimed 2261.9350109088341043 | coeffs -324624691,-324624691,-229493623,-229493623,-304708055,-304708055,-12227729,-12227729,181946943,181946943,-62633155,-62633155,-148189078,-148189078,18551159,18551159,-25522138,-25522138,-130088392,-130088392,-53182321,-53182321,275932173,275932173,359262813,359262813,481382132,481382132,393116947,393116947,239689633,239689633,235282149,235282149,418530347,418530347,226165188,226165188,453821406,453821406,714354036,714354036,438167833,438167833,333113205,333113205,345931491,345931491,140009794,140009794,456420205,456420205,145687711,145687711,112279147,112279147,129100617,129100617,218919682,218919682,24948662,24948662,186711533,186711533
# status f = 869335058,0,1 : PASS_RHO (rho 0.93967, T 2261.9, 0s)
f = 877491572,0,1 | route RHO | claimed 0.92046310043474012993 | coeffs -120613517,-120613517,-209747936,-209747936,-225254925,-225254925,-210376066,-210376066,-353576979,-353576979,-366387605,-366387605,-459383469,-459383469,12114095,12114095,21919085,21919085,-163043474,-163043474,-214063593,-214063593,-181081208,-181081208,-260210745,-260210745,-301157152,-301157152,-185362467,-185362467,-128839777,-128839777,-53852770,-53852770,255487691,255487691,-164517380,-164517380,-94177436,-94177436,-72211167,-72211167,-20052501,-20052501,185159297,185159297,345879382,345879382,139039799,139039799,431793572,431793572,314265484,314265484,164899838,164899838,116656196,116656196,199785326,199785326,20950425,20950425,125621138,125621138
f = 877491572,0,1 | route T | claimed 1986.2616941041043206 | coeffs -80978280,231699949,231699949,8921531,8921531,366228779,366228779,416113272,416113272,462873190,462873190,598129142,598129142,569134969,569134969,567414920,567414920,497666582,497666582,652441304,652441304,680063404,680063404,710728208,710728208,912711251,912711251,818349759,818349759,781603322,781603322,893695777,893695777,723741953,723741953,887881686,887881686,600946099,600946099,875461697,875461697,620211443,620211443,909730725,909730725,695101529,695101529,754895349,754895349,654846287,654846287,379958162,379958162,294403243,294403243,246241265,246241265,472248954,472248954,366272564,366272564,243205357,243205357,80978280
# status f = 877491572,0,1 : PASS_RHO (rho 0.92046, T 1986.3, 0s)
f = 914279622,0,1 | route RHO | claimed 0.95039190115289061092 | coeffs -20708328,-19687696,-19687696,-414768999,-414768999,-119455211,-119455211,75166353,75166353,-24431590,-24431590,-191270583,-191270583,-313810466,-313810466,-244935615,-244935615,-17460782,-17460782,-4093917,-4093917,-106931996,-106931996,135965918,135965918,174493032,174493032,73900954,73900954,168973415,168973415,-124208006,-124208006,65501723,65501723,452854810,452854810,413783183,413783183,407832851,407832851,564036279,564036279,379425382,379425382,349240582,349240582,289978761,289978761,291648974,291648974,363701870,363701870,296219516,296219516,227758474,227758474,92398232,92398232,71529431,71529431,42965172,42965172,20708328
f = 914279622,0,1 | route T | claimed 2414.6705792130070114 | coeffs 6196767,-465300797,-465300797,-258461214,-258461214,-443423773,-443423773,-560951861,-560951861,-593934246,-593934246,-545690604,-545690604,-586637011,-586637011,-765471912,-765471912,-821994602,-821994602,-816986981,-816986981,-507646520,-507646520,-492139531,-492139531,-562479475,-562479475,-705680388,-705680388,-653521722,-653521722,-560525858,-560525858,-721245943,-721245943,-711440953,-711440953,-418687180,-418687180,-367667061,-367667061,-218301415,-218301415,-297430952,-297430952,-214301822,-214301822,-330096507,-330096507,-434767220,-434767220,-359780213,-359780213,-270645794,-270645794,149359277,149359277,164238136,164238136,186204405,186204405,199015031,199015031,-6196767
# status f = 914279622,0,1 : PASS_RHO (rho 0.95039, T 2414.7, 1s)
f = 936244818,0,1 | route RHO | claimed 0.96168119537359617399 | coeffs 161009297,52429970,52429970,310613462,310613462,388657746,388657746,154397256,154397256,22650785,22650785,-189316431,-189316431,4946260,4946260,-162086497,-162086497,-202712916,-202712916,-450342310,-450342310,-271188222,-271188222,-403654790,-403654790,-294459318,-294459318,-495472254,-495472254,-331013460,-331013460,-273549974,-273549974,-223707069,-223707069,118103000,118103000,328412350,328412350,332504938,332504938,360749627,360749627,166181438,166181438,175253739,175253739,116493825,116493825,127632604,127632604,181702655,181702655,199875220,199875220,66821635,66821635,185387306,185387306,247768299,247768299,-80574017,-80574017,-161009297
f = 936244818,0,1 | route T | claimed 2386.8831629539993019 | coeffs -164601305,50027891,50027891,162120346,162120346,231868684,231868684,9090266,9090266,-76464653,-76464653,-350980251,-350980251,-148997208,-148997208,-284253160,-284253160,-161185953,-161185953,-101392133,-101392133,68561691,68561691,223336413,223336413,-133970835,-133970835,-85808857,-85808857,-341059111,-341059111,-246697619,-246697619,-275691792,-275691792,-437918869,-437918869,-337869807,-337869807,-173730074,-173730074,-201352174,-201352174,-151467681,-151467681,74540008,74540008,-214979274,-214979274,-251725711,-251725711,-250005662,-250005662,62672567,62672567,-212215558,-212215558,74720029,74720029,105384833,105384833,58624915,58624915,164601305
# status f = 936244818,0,1 : PASS_RHO (rho 0.96168, T 2386.9, 0s)
f = 961431747,0,1 | route RHO | claimed 0.91830014942081908193 | coeffs -17564140,-21656728,-21656728,-186115522,-186115522,61513872,61513872,193260343,193260343,112825063,112825063,130997628,130997628,-63570561,-63570561,-13727656,-13727656,-146194224,-146194224,48068467,48068467,306251959,306251959,187686288,187686288,246446202,246446202,36136852,36136852,237149788,237149788,277776207,277776207,512036697,512036697,183694381,183694381,237764432,237764432,266009121,266009121,323472607,323472607,502626695,502626695,290659479,290659479,182080152,182080152,315133737,315133737,306061436,306061436,-35748633,-35748633,-144944105,-144944105,22088652,22088652,-55955632,-55955632,6425361,6425361,17564140
f = 961431747,0,1 | route T | claimed 2078.1643261382274303 | coeffs -106956178,-194910706,-194910706,-71060466,-71060466,166086632,166086632,355747155,355747155,293644789,293644789,388778444,388778444,97500276,97500276,106973540,106973540,204490374,204490374,201020920,201020920,187651001,187651001,389525391,389525391,424502391,424502391,497818872,497818872,174741934,174741934,368976403,368976403,384526160,384526160,691888162,691888162,585878310,585878310,487213479,487213479,521860228,521860228,648544060,648544060,385322691,385322691,495010108,495010108,590197121,590197121,248870835,248870835,407414184,407414184,616880160,616880160,433796503,433796503,464806303,464806303,419001463,419001463,106956178
# status f = 961431747,0,1 : PASS_RHO (rho 0.91830, T 2078.2, 0s)
f = 998117921,0,1 | route RHO | claimed 0.94521219560922197779 | coeffs 10271218,0,-224720393,0,-152720106,0,42496196,0,-367107006,0,-5972677,0,-12861570,0,41932845,0,166338807,0,-63378307,0,-268006834,0,-223484707,0,269095491,0,102780092,0,188818692,0,51783596,0,45166391,0,-59134191,0,38353338,0,-255618161,0,-133074347,0,-116627065,0,-246050847,0,-91102421,0,127319647,0,-22092178,0,-23136335,0,1027618,0,61292803,0,-88438342,0,36489812,0,-116313908,0
f = 998117921,0,1 | route T | claimed 2570.9128389019259734 | coeffs -33479400,79080704,79080704,199196765,199196765,254389137,254389137,190140449,190140449,270376771,270376771,343069675,343069675,651113982,651113982,352284611,352284611,538663825,538663825,691710347,691710347,809349630,809349630,601753544,601753544,449813294,449813294,247191744,247191744,228774497,228774497,83567145,83567145,192217212,192217212,-41584212,-41584212,-9859922,-9859922,155316563,155316563,-112743617,-112743617,-38822260,-38822260,196180130,196180130,7171405,7171405,153754307,153754307,180211611,180211611,44023675,44023675,-252953723,-252953723,-224368389,-224368389,-159384535,-159384535,-101026022,-101026022,33479400
# status f = 998117921,0,1 : PASS_RHO (rho 0.94521, T 2570.9, 0s)
# summary n = 7 l = 1000063297 : EXCLUSION_CANDIDATE ; PASS 32 / 32 ; OPEN_NEAR 0 ; OPEN_FAR 0 ; 14s
