# FAMILY WITNESS FILE (generator family_gen.sage r10). n = 7 ; l = 1000671937 ; m = 64 ; deg = 2 ; ncomp = 32 ; bar_T = 4224 ; L_n = 16.3328709449664096755483535644
# line: f = c0,...,c_deg (monic, over F_l) | route RHO|T | claimed (rho or T, float) | coeffs a_0..a_{m-1}
f = 7855914,0,1 | route RHO | claimed 0.93091652291351373736 | coeffs 164682257,174971599,174971599,225708615,225708615,366413081,366413081,624766050,624766050,518081069,518081069,400231438,400231438,441825138,441825138,361232456,361232456,651850598,651850598,573818695,573818695,949310821,949310821,790163980,790163980,970091650,970091650,843321562,843321562,941498811,941498811,774596076,774596076,561401346,561401346,636995221,636995221,787309475,787309475,629844564,629844564,565153161,565153161,611611936,611611936,298602627,298602627,155606279,155606279,36510512,36510512,-193153457,-193153457,-31396019,-31396019,-136228527,-136228527,-58492165,-58492165,-182337892,-182337892,-72823859,-72823859,-164682257
f = 7855914,0,1 | route T | claimed 1802.7462505866412141 | coeffs -298602627,-155606279,-155606279,-36510512,-36510512,193153457,193153457,31396019,31396019,136228527,136228527,58492165,58492165,182337892,182337892,72823859,72823859,164682257,164682257,174971599,174971599,225708615,225708615,366413081,366413081,624766050,624766050,518081069,518081069,400231438,400231438,441825138,441825138,361232456,361232456,651850598,651850598,573818695,573818695,949310821,949310821,790163980,790163980,970091650,970091650,843321562,843321562,941498811,941498811,774596076,774596076,561401346,561401346,636995221,636995221,787309475,787309475,629844564,629844564,565153161,565153161,611611936,611611936,298602627
# status f = 7855914,0,1 : PASS_RHO (rho 0.93092, T 1802.7, 1s)
f = 11830967,0,1 | route RHO | claimed 0.93451073342962199941 | coeffs -97965734,-97965734,95812647,95812647,-31431395,-31431395,104968591,104968591,-143183444,-143183444,-16300388,-16300388,98359197,98359197,-250979143,-250979143,-524970722,-524970722,-368585479,-368585479,-467550878,-467550878,-235691634,-235691634,-206443211,-206443211,-369841107,-369841107,-334881167,-334881167,-375674376,-375674376,-360562501,-360562501,-437188254,-437188254,-408874845,-408874845,-373326493,-373326493,-363134094,-363134094,-599207735,-599207735,-510019609,-510019609,-531533658,-531533658,-500198353,-500198353,-510672919,-510672919,-459860616,-459860616,-465587413,-465587413,-614821500,-614821500,-553635273,-553635273,-486939559,-486939559,-94382591,-94382591
f = 11830967,0,1 | route T | claimed 2591.9648641783863438 | coeffs 34082205,34082205,140096489,140096489,281625093,281625093,-102723501,-102723501,-234998864,-234998864,-141238312,-141238312,-267587143,-267587143,-391641872,-391641872,-300268020,-300268020,-667204565,-667204565,-445769367,-445769367,-167642794,-167642794,-426291057,-426291057,-658324930,-658324930,-585878293,-585878293,-808865861,-808865861,-638453245,-638453245,-582229397,-582229397,-417067154,-417067154,-287521785,-287521785,47717348,47717348,83243091,83243091,-58607693,-58607693,-99524967,-99524967,-109400949,-109400949,-215157829,-215157829,18559739,18559739,-24699692,-24699692,98474735,98474735,212332072,212332072,-89136276,-89136276,-317731600,-317731600
# status f = 11830967,0,1 : PASS_RHO (rho 0.93451, T 2592.0, 0s)
f = 28140341,0,1 | route RHO | claimed 0.90380415400676958595 | coeffs -161426190,-161426190,-84800437,-84800437,-55552014,-55552014,293786326,293786326,166542284,166542284,227728511,227728511,196393206,196393206,231941558,231941558,196981618,196981618,353366861,353366861,601518896,601518896,208961928,208961928,259774231,259774231,495847872,495847872,510959747,510959747,279100503,279100503,393760088,393760088,199981707,199981707,349215794,349215794,327701745,327701745,299388336,299388336,135990440,135990440,409982019,409982019,546382005,546382005,613077719,613077719,623552285,623552285,633744684,633744684,674537893,674537893,575572494,575572494,448689438,448689438,256341113,256341113,250614316,250614316
f = 28140341,0,1 | route T | claimed 2856.6650275479242001 | coeffs -55552014,293786326,293786326,166542284,166542284,227728511,227728511,196393206,196393206,231941558,231941558,196981618,196981618,353366861,353366861,601518896,601518896,208961928,208961928,259774231,259774231,495847872,495847872,510959747,510959747,279100503,279100503,393760088,393760088,199981707,199981707,349215794,349215794,327701745,327701745,299388336,299388336,135990440,135990440,409982019,409982019,546382005,546382005,613077719,613077719,623552285,623552285,633744684,633744684,674537893,674537893,575572494,575572494,448689438,448689438,256341113,256341113,250614316,250614316,161426190,161426190,84800437,84800437,55552014
# status f = 28140341,0,1 : PASS_RHO (rho 0.90380, T 2856.7, 0s)
f = 40366053,0,1 | route RHO | claimed 0.91609264956365250563 | coeffs 44974427,44974427,-114172414,-114172414,-264486668,-264486668,-494150637,-494150637,-483861295,-483861295,-403268613,-403268613,-305091364,-305091364,-351550139,-351550139,-273813777,-273813777,-15460808,-15460808,-390952934,-390952934,-315359059,-315359059,-196263292,-196263292,-288121690,-288121690,-246527990,-246527990,-119757902,-119757902,-184449305,-184449305,-79616797,-79616797,-220321263,-220321263,-298353166,-298353166,-85158436,-85158436,-228154784,-228154784,-337668817,-337668817,-219819186,-219819186,-39891516,-39891516,117573395,117573395,279330833,279330833,330067849,330067849,39449707,39449707,-127453028,-127453028,185556281,185556281,61710554,61710554
f = 40366053,0,1 | route T | claimed 1871.3259164912812059 | coeffs -337668817,-337668817,-219819186,-219819186,-39891516,-39891516,117573395,117573395,279330833,279330833,330067849,330067849,39449707,39449707,-127453028,-127453028,185556281,185556281,61710554,61710554,-44974427,-44974427,114172414,114172414,264486668,264486668,494150637,494150637,483861295,483861295,403268613,403268613,305091364,305091364,351550139,351550139,273813777,273813777,15460808,15460808,390952934,390952934,315359059,315359059,196263292,196263292,288121690,288121690,246527990,246527990,119757902,119757902,184449305,184449305,79616797,79616797,220321263,220321263,298353166,298353166,85158436,85158436,228154784,228154784
# status f = 40366053,0,1 : PASS_RHO (rho 0.91609, T 1871.3, 1s)
f = 227444531,0,1 | route RHO | claimed 0.90626479179357531462 | coeffs -50566239,-164601913,-164601913,31005848,31005848,67799149,67799149,-182718022,-182718022,-260648270,-260648270,-204944484,-204944484,-209924589,-209924589,149619667,149619667,156186255,156186255,124204684,124204684,317196851,317196851,406321040,406321040,281352997,281352997,175613972,175613972,284831720,284831720,366073993,366073993,205036647,205036647,438922845,438922845,131401911,131401911,137271992,137271992,27258932,27258932,116353724,116353724,-119539594,-119539594,73646712,73646712,251767000,251767000,227043279,227043279,126216626,126216626,28924927,28924927,283178753,283178753,330478495,330478495,254357695,254357695,50566239
f = 227444531,0,1 | route T | claimed 2428.2258413798261944 | coeffs -50566239,-164601913,-164601913,31005848,31005848,67799149,67799149,-182718022,-182718022,-260648270,-260648270,-204944484,-204944484,-209924589,-209924589,149619667,149619667,156186255,156186255,124204684,124204684,317196851,317196851,406321040,406321040,281352997,281352997,175613972,175613972,284831720,284831720,366073993,366073993,205036647,205036647,438922845,438922845,131401911,131401911,137271992,137271992,27258932,27258932,116353724,116353724,-119539594,-119539594,73646712,73646712,251767000,251767000,227043279,227043279,126216626,126216626,28924927,28924927,283178753,283178753,330478495,330478495,254357695,254357695,50566239
# status f = 227444531,0,1 : PASS_RHO (rho 0.90626, T 2428.2, 1s)
f = 280291182,0,1 | route RHO | claimed 0.93451073342962199941 | coeffs 369841107,206443211,206443211,235691634,235691634,467550878,467550878,368585479,368585479,524970722,524970722,250979143,250979143,-98359197,-98359197,16300388,16300388,143183444,143183444,-104968591,-104968591,31431395,31431395,-95812647,-95812647,97965734,97965734,-94382591,-94382591,-486939559,-486939559,-553635273,-553635273,-614821500,-614821500,-465587413,-465587413,-459860616,-459860616,-510672919,-510672919,-500198353,-500198353,-531533658,-531533658,-510019609,-510019609,-599207735,-599207735,-363134094,-363134094,-373326493,-373326493,-408874845,-408874845,-437188254,-437188254,-360562501,-360562501,-375674376,-375674376,-334881167,-334881167,-369841107
f = 280291182,0,1 | route T | claimed 2395.556535282613252 | coeffs 192317028,192317028,417714477,417714477,267511917,267511917,540209861,540209861,565266831,565266831,440741154,440741154,343293823,343293823,347192586,347192586,183734780,183734780,530484777,530484777,453826799,453826799,465842252,465842252,492607484,492607484,547844042,547844042,470145487,470145487,247467988,247467988,367128944,367128944,171062990,171062990,390876304,390876304,595629612,595629612,592646187,592646187,694134361,694134361,711840592,711840592,541148732,541148732,271949274,271949274,567806473,567806473,195627702,195627702,243830773,243830773,242459038,242459038,296502517,296502517,18738033,18738033,-189144931,-189144931
# status f = 280291182,0,1 : PASS_RHO (rho 0.93451, T 2395.6, 0s)
f = 293626126,0,1 | route RHO | claimed 0.94934852724375297449 | coeffs 382021201,254241785,254241785,414664383,414664383,707023146,707023146,627867042,627867042,590086586,590086586,568529307,568529307,729429182,729429182,740580988,740580988,641383949,641383949,548999118,548999118,590398062,590398062,723886440,723886440,825446156,825446156,809445690,809445690,582131556,582131556,628674536,628674536,488256644,488256644,438791970,438791970,321440002,321440002,388896173,388896173,402419279,402419279,686388632,686388632,273764632,273764632,85730903,85730903,-112800826,-112800826,-242581352,-242581352,-187354526,-187354526,-28500206,-28500206,19921333,19921333,-326735776,-326735776,-206897382,-206897382,-382021201
f = 293626126,0,1 | route T | claimed 2992.2023834630438679 | coeffs 75549574,202276203,202276203,150040060,150040060,319383069,319383069,460385848,460385848,377457213,377457213,316028079,316028079,292974397,292974397,438961746,438961746,668146380,668146380,784885763,784885763,942096806,942096806,666261595,666261595,906950889,906950889,688745596,688745596,507793059,507793059,661997181,661997181,422182692,422182692,421074353,421074353,326603170,326603170,134491809,134491809,31351421,31351421,266534322,266534322,319729592,319729592,187744126,187744126,143612034,143612034,-61521992,-61521992,-324410753,-324410753,-200101410,-200101410,172261307,172261307,-101991382,-101991382,-55794397,-55794397,-75549574
# status f = 293626126,0,1 : PASS_RHO (rho 0.94935, T 2992.2, 0s)
f = 302421217,0,1 | route RHO | claimed 0.92183904484920210189 | coeffs 45451503,45451503,23937454,23937454,-26874849,-26874849,34311378,34311378,-158036947,-158036947,-294436933,-294436933,-179777348,-179777348,-336162591,-336162591,-306914168,-306914168,-266120959,-266120959,-237807550,-237807550,-1733909,-1733909,29601396,29601396,35328193,35328193,102023907,102023907,295802288,295802288,543954323,543954323,194615983,194615983,293581382,293581382,130183486,130183486,115071611,115071611,150619963,150619963,61431837,61431837,50957271,50957271,200191358,200191358,592748326,592748326,465504284,465504284,338621228,338621228,64629649,64629649,-167229595,-167229595,-132269655,-132269655,-55643902,-55643902
f = 302421217,0,1 | route T | claimed 2601.0579248840910442 | coeffs -270423358,-192391455,-192391455,-342705709,-342705709,-237873201,-237873201,-344558182,-344558182,-471328270,-471328270,-784337579,-784337579,-876195977,-876195977,-1166814119,-1166814119,-1242407994,-1242407994,-1404165432,-1404165432,-1145812463,-1145812463,-965884793,-965884793,-919426018,-919426018,-809911985,-809911985,-729319303,-729319303,-516124573,-516124573,-286460604,-286460604,-145756138,-145756138,-304902979,-304902979,-369594382,-369594382,-493440109,-493440109,-535033809,-535033809,-368131074,-368131074,-249035307,-249035307,-198298291,-198298291,177193835,177193835,19728924,19728924,97465286,97465286,215314917,215314917,117137668,117137668,260134016,260134016,270423358
# status f = 302421217,0,1 : PASS_RHO (rho 0.92184, T 2601.1, 0s)
f = 304559062,0,1 | route RHO | claimed 0.93134375471744758424 | coeffs 628216629,628216629,679028932,679028932,755654685,755654685,481663106,481663106,874220074,874220074,785031948,785031948,621634052,621634052,869786087,869786087,875512884,875512884,903826293,903826293,747441050,747441050,555092725,555092725,533578676,533578676,498618736,498618736,625501792,625501792,476267705,476267705,440719353,440719353,341753954,341753954,147975573,147975573,116640268,116640268,75847059,75847059,-38812526,-38812526,-99998753,-99998753,-89806354,-89806354,-321665598,-321665598,-448909640,-448909640,-459384206,-459384206,-474496081,-474496081,-823834421,-823834421,-757138707,-757138707,-521065066,-521065066,-491816643,-491816643
f = 304559062,0,1 | route T | claimed 2179.1028868891117605 | coeffs 665094034,633508703,633508703,731915461,731915461,403980109,403980109,250284063,250284063,498970961,498970961,481500921,481500921,552573470,552573470,516792093,516792093,745133624,745133624,534112602,534112602,503018933,503018933,344794526,344794526,246842416,246842416,339282150,339282150,354788926,354788926,465142451,465142451,375414702,375414702,326281917,326281917,-72430095,-72430095,-45290766,-45290766,35803394,35803394,55524748,55524748,207793348,207793348,181052463,181052463,156037536,156037536,240660955,240660955,-90632326,-90632326,11611839,11611839,-151795103,-151795103,14631978,14631978,-306554755,-306554755,-665094034
# status f = 304559062,0,1 : PASS_RHO (rho 0.93134, T 2179.1, 0s)
f = 304991727,0,1 | route RHO | claimed 0.92245570474556532856 | coeffs 1084226409,810234830,810234830,616456449,616456449,565644146,565644146,601192498,601192498,571944075,571944075,698827131,698827131,765522845,765522845,787036894,787036894,802148769,802148769,645763526,645763526,518519484,518519484,512792687,512792687,502600288,502600288,339202392,339202392,224542807,224542807,-168014161,-168014161,-136678856,-136678856,-60053103,-60053103,-159018502,-159018502,-295418488,-295418488,-146184401,-146184401,-382258042,-382258042,-417217982,-417217982,-766556322,-766556322,-574207997,-574207997,-563733431,-563733431,-535420022,-535420022,-767279266,-767279266,-1015431301,-1015431301,-954245074,-954245074,-1043433200,-1043433200,-1084226409
f = 304991727,0,1 | route T | claimed 2122.5999151717495732 | coeffs 766556322,574207997,574207997,563733431,563733431,535420022,535420022,767279266,767279266,1015431301,1015431301,954245074,954245074,1043433200,1043433200,1084226409,1084226409,810234830,810234830,616456449,616456449,565644146,565644146,601192498,601192498,571944075,571944075,698827131,698827131,765522845,765522845,787036894,787036894,802148769,802148769,645763526,645763526,518519484,518519484,512792687,512792687,502600288,502600288,339202392,339202392,224542807,224542807,-168014161,-168014161,-136678856,-136678856,-60053103,-60053103,-159018502,-159018502,-295418488,-295418488,-146184401,-146184401,-382258042,-382258042,-417217982,-417217982,-766556322
# status f = 304991727,0,1 : PASS_RHO (rho 0.92246, T 2122.6, 0s)
f = 343815236,0,1 | route RHO | claimed 0.92183904484920210189 | coeffs -158036947,-158036947,34311378,34311378,-26874849,-26874849,23937454,23937454,45451503,45451503,55643902,55643902,132269655,132269655,167229595,167229595,-64629649,-64629649,-338621228,-338621228,-465504284,-465504284,-592748326,-592748326,-200191358,-200191358,-50957271,-50957271,-61431837,-61431837,-150619963,-150619963,-115071611,-115071611,-130183486,-130183486,-293581382,-293581382,-194615983,-194615983,-543954323,-543954323,-295802288,-295802288,-102023907,-102023907,-35328193,-35328193,-29601396,-29601396,1733909,1733909,237807550,237807550,266120959,266120959,306914168,306914168,336162591,336162591,179777348,179777348,294436933,294436933
f = 343815236,0,1 | route T | claimed 2501.2102201684679353 | coeffs -199667572,-199667572,315758393,315758393,58569011,58569011,115050679,115050679,160424268,160424268,240668969,240668969,522769337,522769337,476142931,476142931,426241831,426241831,323888665,323888665,332941679,332941679,231096586,231096586,360419172,360419172,255147194,255147194,213711846,213711846,242200744,242200744,322894572,322894572,275764139,275764139,331128436,331128436,167757002,167757002,-30041664,-30041664,-19821344,-19821344,-176191042,-176191042,-42589696,-42589696,-59811091,-59811091,-878442,-878442,112197217,112197217,154160706,154160706,332256529,332256529,-6710769,-6710769,161805181,161805181,274809617,274809617
# status f = 343815236,0,1 : PASS_RHO (rho 0.92184, T 2501.2, 0s)
f = 348325141,0,1 | route RHO | claimed 0.94978188762469705295 | coeffs 62140359,123326586,123326586,88366646,88366646,-304190322,-304190322,-289078447,-289078447,-482856828,-482856828,-511170237,-511170237,-374770251,-374770251,-364577852,-364577852,-491460908,-491460908,-580649034,-580649034,-929987374,-929987374,-898652069,-898652069,-1055037312,-1055037312,-1105849615,-1105849615,-873990371,-873990371,-1023224458,-1023224458,-859826562,-859826562,-926522276,-926522276,-967315485,-967315485,-774967160,-774967160,-698341407,-698341407,-825585449,-825585449,-790037097,-790037097,-541885062,-541885062,-305811421,-305811421,-191151836,-191151836,-212665885,-212665885,61325694,61325694,71800260,71800260,-27165139,-27165139,-32891936,-32891936,-62140359
f = 348325141,0,1 | route T | claimed 2313.1449738982161409 | coeffs 230040661,255721995,255721995,257152051,257152051,208839707,208839707,199683763,199683763,153943012,153943012,32674033,32674033,-114211482,-114211482,120467273,120467273,110646017,110646017,-6960319,-6960319,33377418,33377418,-99516427,-99516427,55444457,55444457,-78705016,-78705016,49176925,49176925,55010194,55010194,470776838,470776838,409262960,409262960,342728621,342728621,278866860,278866860,167114811,167114811,-58766431,-58766431,-300309072,-300309072,-367983149,-367983149,9358869,9358869,30219608,30219608,-27200236,-27200236,-72285742,-72285742,188821925,188821925,100774065,100774065,229212021,229212021,-230040661
# status f = 348325141,0,1 : PASS_RHO (rho 0.94978, T 2313.1, 0s)
f = 387308734,0,1 | route RHO | claimed 0.93167025988372233781 | coeffs -60550079,196639303,196639303,154675814,154675814,-43122852,-43122852,62149126,62149126,344249494,344249494,457253930,457253930,474475325,474475325,427344892,427344892,418291878,418291878,474773546,474773546,652869369,652869369,642649049,642649049,601213701,601213701,647840107,647840107,722982152,722982152,781914801,781914801,726550504,726550504,624705411,624705411,579331822,579331822,918299120,918299120,761929422,761929422,733440524,733440524,683539424,683539424,168113459,168113459,55037800,55037800,-108333634,-108333634,-237656220,-237656220,-157411519,-157411519,11104431,11104431,-122496915,-122496915,-41803087,-41803087,60550079
f = 387308734,0,1 | route T | claimed 2658.2061098733204054 | coeffs -443482161,-289396088,-289396088,-176028904,-176028904,-355392413,-355392413,-490250073,-490250073,-276982610,-276982610,-443368410,-443368410,-271362415,-271362415,-321989494,-321989494,-235964365,-235964365,-14698283,-14698283,88286705,88286705,37585111,37585111,133261675,133261675,285197857,285197857,380712353,380712353,195082247,195082247,270404518,270404518,218502876,218502876,170614045,170614045,252808157,252808157,543166913,543166913,277714523,277714523,428001890,428001890,272227004,272227004,-102289516,-102289516,-49853018,-49853018,-40689266,-40689266,267120345,267120345,362405425,362405425,114567632,114567632,104551675,104551675,443482161
# status f = 387308734,0,1 : PASS_RHO (rho 0.93167, T 2658.2, 0s)
f = 435744041,0,1 | route RHO | claimed 0.94552841474053847546 | coeffs 110725982,-3933603,-3933603,232140038,232140038,-16011997,-16011997,19536355,19536355,146780397,146780397,223406150,223406150,31057825,31057825,-9735384,-9735384,56960330,56960330,220358226,220358226,369592313,369592313,601451557,601451557,652263860,652263860,495878617,495878617,464543312,464543312,115204972,115204972,204393098,204393098,77510042,77510042,67317643,67317643,203717629,203717629,232031038,232031038,38252657,38252657,23140782,23140782,-369416186,-369416186,-334456246,-334456246,-273270019,-273270019,-302518442,-302518442,-296791645,-296791645,-395757044,-395757044,-406231610,-406231610,-132240031,-132240031,-110725982
f = 435744041,0,1 | route T | claimed 2269.3264321761012943 | coeffs 552095133,543042119,543042119,623286820,623286820,548144775,548144775,506181286,506181286,349811588,349811588,396942021,396942021,526264607,526264607,572891013,572891013,315701631,315701631,-23265667,-23265667,-6044272,-6044272,-169415706,-169415706,-127980358,-127980358,-230333524,-230333524,-275707113,-275707113,-388711549,-388711549,-275635890,-275635890,-285856210,-285856210,-205162382,-205162382,-103317289,-103317289,178783079,178783079,-336642886,-336642886,-514738709,-514738709,-381137363,-381137363,-436501660,-436501660,-541773638,-541773638,-491872538,-491872538,-435390870,-435390870,-266874920,-266874920,-325807569,-325807569,-523606235,-523606235,-552095133
# status f = 435744041,0,1 : PASS_RHO (rho 0.94553, T 2269.3, 0s)
f = 454458678,0,1 | route RHO | claimed 0.92245570474556532856 | coeffs -136678856,-168014161,-168014161,224542807,224542807,339202392,339202392,502600288,502600288,512792687,512792687,518519484,518519484,645763526,645763526,802148769,802148769,787036894,787036894,765522845,765522845,698827131,698827131,571944075,571944075,601192498,601192498,565644146,565644146,616456449,616456449,810234830,810234830,1084226409,1084226409,1043433200,1043433200,954245074,954245074,1015431301,1015431301,767279266,767279266,535420022,535420022,563733431,563733431,574207997,574207997,766556322,766556322,417217982,417217982,382258042,382258042,146184401,146184401,295418488,295418488,159018502,159018502,60053103,60053103,136678856
f = 454458678,0,1 | route T | claimed 2793.79616488278413 | coeffs -87357628,196611725,196611725,56193833,56193833,189682211,189682211,350582086,350582086,511004684,511004684,462583145,462583145,650616874,650616874,767968842,767968842,783969308,783969308,883166347,883166347,962322451,962322451,1082160845,1082160845,952380319,952380319,965903425,965903425,1012446405,1012446405,1053845349,1053845349,1032288070,1032288070,904508654,904508654,745654334,745654334,1158278334,1158278334,1207743008,1207743008,1106183292,1106183292,1095031486,1095031486,802672723,802672723,456015614,456015614,257483885,257483885,324940056,324940056,97625922,97625922,5241091,5241091,-32539365,-32539365,142584454,142584454,87357628
# status f = 454458678,0,1 : PASS_RHO (rho 0.92246, T 2793.8, 0s)
f = 477003642,0,1 | route RHO | claimed 0.91609264956365250563 | coeffs 117573395,-39891516,-39891516,-219819186,-219819186,-337668817,-337668817,-228154784,-228154784,-85158436,-85158436,-298353166,-298353166,-220321263,-220321263,-79616797,-79616797,-184449305,-184449305,-119757902,-119757902,-246527990,-246527990,-288121690,-288121690,-196263292,-196263292,-315359059,-315359059,-390952934,-390952934,-15460808,-15460808,-273813777,-273813777,-351550139,-351550139,-305091364,-305091364,-403268613,-403268613,-483861295,-483861295,-494150637,-494150637,-264486668,-264486668,-114172414,-114172414,44974427,44974427,-61710554,-61710554,-185556281,-185556281,127453028,127453028,-39449707,-39449707,-330067849,-330067849,-279330833,-279330833,-117573395
f = 477003642,0,1 | route T | claimed 1477.5742746690906146 | coeffs -39449707,-39449707,-330067849,-330067849,-279330833,-279330833,-117573395,-117573395,39891516,39891516,219819186,219819186,337668817,337668817,228154784,228154784,85158436,85158436,298353166,298353166,220321263,220321263,79616797,79616797,184449305,184449305,119757902,119757902,246527990,246527990,288121690,288121690,196263292,196263292,315359059,315359059,390952934,390952934,15460808,15460808,273813777,273813777,351550139,351550139,305091364,305091364,403268613,403268613,483861295,483861295,494150637,494150637,264486668,264486668,114172414,114172414,-44974427,-44974427,61710554,61710554,185556281,185556281,-127453028,-127453028
# status f = 477003642,0,1 : PASS_RHO (rho 0.91609, T 1477.6, 0s)
f = 523668295,0,1 | route RHO | claimed 0.88900150544735948896 | coeffs -56503213,-56503213,-158062929,-158062929,-237219033,-237219033,-181992207,-181992207,-132527533,-132527533,-231724572,-231724572,-406848391,-406848391,5775609,5775609,-10224857,-10224857,27555599,27555599,-131298721,-131298721,-248650689,-248650689,-156265858,-156265858,-284045274,-284045274,-472079003,-472079003,-244764869,-244764869,-266322148,-266322148,-217900609,-217900609,-285356780,-285356780,-243957836,-243957836,-404380434,-404380434,-205848705,-205848705,-159305725,-159305725,-320205600,-320205600,26451509,26451509,39974615,39974615,-93513763,-93513763,198845000,198845000,69064474,69064474,209482366,209482366,220634172,220634172,340472566,340472566
f = 523668295,0,1 | route T | claimed 2003.6935052891213522 | coeffs 340472566,340472566,56503213,56503213,158062929,158062929,237219033,237219033,181992207,181992207,132527533,132527533,231724572,231724572,406848391,406848391,-5775609,-5775609,10224857,10224857,-27555599,-27555599,131298721,131298721,248650689,248650689,156265858,156265858,284045274,284045274,472079003,472079003,244764869,244764869,266322148,266322148,217900609,217900609,285356780,285356780,243957836,243957836,404380434,404380434,205848705,205848705,159305725,159305725,320205600,320205600,-26451509,-26451509,-39974615,-39974615,93513763,93513763,-198845000,-198845000,-69064474,-69064474,-209482366,-209482366,-220634172,-220634172
# status f = 523668295,0,1 : PASS_RHO (rho 0.88900, T 2003.7, 0s)
f = 546213259,0,1 | route RHO | claimed 0.93281269577701794359 | coeffs 328958963,328958963,226605797,226605797,48509974,48509974,20021076,20021076,277210458,277210458,287430778,287430778,237529678,237529678,195566189,195566189,237001537,237001537,-278424428,-278424428,-476223094,-476223094,-522849500,-522849500,-635925159,-635925159,-530653181,-530653181,-605795226,-605795226,-769166660,-769166660,-487066292,-487066292,-545998941,-545998941,-675321527,-675321527,-562317091,-562317091,-506952794,-506952794,-426708093,-426708093,-409486698,-409486698,-307641605,-307641605,-139125655,-139125655,-186256088,-186256088,-140882499,-140882499,-274483845,-274483845,-283536859,-283536859,-622504157,-622504157,-541810329,-541810329,-485328661,-485328661
f = 546213259,0,1 | route T | claimed 2442.0282268378352826 | coeffs 148572038,254666971,254666971,106948249,106948249,416094987,416094987,420516268,420516268,80226142,80226142,476907611,476907611,357280175,357280175,468710826,468710826,426347281,426347281,628068201,628068201,427456741,427456741,534681008,534681008,629235082,629235082,504456178,504456178,502265293,502265293,390404459,390404459,277019781,277019781,430192291,430192291,419282738,419282738,259342100,259342100,319479866,319479866,358721663,358721663,169775463,169775463,52727147,52727147,229517204,229517204,-151904520,-151904520,-210648296,-210648296,-318242553,-318242553,-528877741,-528877741,-699951093,-699951093,-355404083,-355404083,-148572038
# status f = 546213259,0,1 : PASS_RHO (rho 0.93281, T 2442.0, 0s)
f = 564927896,0,1 | route RHO | claimed 0.94978188762469705295 | coeffs -1055037312,-1055037312,-898652069,-898652069,-929987374,-929987374,-580649034,-580649034,-491460908,-491460908,-364577852,-364577852,-374770251,-374770251,-511170237,-511170237,-482856828,-482856828,-289078447,-289078447,-304190322,-304190322,88366646,88366646,123326586,123326586,62140359,62140359,32891936,32891936,27165139,27165139,-71800260,-71800260,-61325694,-61325694,212665885,212665885,191151836,191151836,305811421,305811421,541885062,541885062,790037097,790037097,825585449,825585449,698341407,698341407,774967160,774967160,967315485,967315485,926522276,926522276,859826562,859826562,1023224458,1023224458,873990371,873990371,1105849615,1105849615
f = 564927896,0,1 | route T | claimed 2766.6288916963838512 | coeffs -492147607,-492147607,-454367151,-454367151,-443215345,-443215345,-484614289,-484614289,-500614755,-500614755,-360196863,-360196863,-292740692,-292740692,119883308,119883308,-9897218,-9897218,-58318757,-58318757,-233442576,-233442576,58916187,58916187,80473466,80473466,-18723573,-18723573,-152211951,-152211951,-379526085,-379526085,-330061411,-330061411,-316538305,-316538305,-128504576,-128504576,-73277750,-73277750,273379359,273379359,401158775,401158775,322002671,322002671,161102796,161102796,68717965,68717965,-32841751,-32841751,13701229,13701229,131053197,131053197,415022550,415022550,613554279,613554279,772408599,772408599,652570205,652570205
# status f = 564927896,0,1 : PASS_RHO (rho 0.94978, T 2766.6, 1s)
f = 613363203,0,1 | route RHO | claimed 0.93091652291351373736 | coeffs -136228527,-31396019,-31396019,-193153457,-193153457,36510512,36510512,155606279,155606279,298602627,298602627,611611936,611611936,565153161,565153161,629844564,629844564,787309475,787309475,636995221,636995221,561401346,561401346,774596076,774596076,941498811,941498811,843321562,843321562,970091650,970091650,790163980,790163980,949310821,949310821,573818695,573818695,651850598,651850598,361232456,361232456,441825138,441825138,400231438,400231438,518081069,518081069,624766050,624766050,366413081,366413081,225708615,225708615,174971599,174971599,164682257,164682257,72823859,72823859,182337892,182337892,58492165,58492165,136228527
f = 613363203,0,1 | route T | claimed 2417.6925629259089982 | coeffs -136228527,-31396019,-31396019,-193153457,-193153457,36510512,36510512,155606279,155606279,298602627,298602627,611611936,611611936,565153161,565153161,629844564,629844564,787309475,787309475,636995221,636995221,561401346,561401346,774596076,774596076,941498811,941498811,843321562,843321562,970091650,970091650,790163980,790163980,949310821,949310821,573818695,573818695,651850598,651850598,361232456,361232456,441825138,441825138,400231438,400231438,518081069,518081069,624766050,624766050,366413081,366413081,225708615,225708615,174971599,174971599,164682257,164682257,72823859,72823859,182337892,182337892,58492165,58492165,136228527
# status f = 613363203,0,1 : PASS_RHO (rho 0.93092, T 2417.7, 0s)
f = 652346796,0,1 | route RHO | claimed 0.94552841474053847546 | coeffs -406231610,-395757044,-395757044,-296791645,-296791645,-302518442,-302518442,-273270019,-273270019,-334456246,-334456246,-369416186,-369416186,23140782,23140782,38252657,38252657,232031038,232031038,203717629,203717629,67317643,67317643,77510042,77510042,204393098,204393098,115204972,115204972,464543312,464543312,495878617,495878617,652263860,652263860,601451557,601451557,369592313,369592313,220358226,220358226,56960330,56960330,-9735384,-9735384,31057825,31057825,223406150,223406150,146780397,146780397,19536355,19536355,-16011997,-16011997,232140038,232140038,-3933603,-3933603,110725982,110725982,132240031,132240031,406231610
f = 652346796,0,1 | route T | claimed 2570.5369707419309616 | coeffs 38252657,232031038,232031038,203717629,203717629,67317643,67317643,77510042,77510042,204393098,204393098,115204972,115204972,464543312,464543312,495878617,495878617,652263860,652263860,601451557,601451557,369592313,369592313,220358226,220358226,56960330,56960330,-9735384,-9735384,31057825,31057825,223406150,223406150,146780397,146780397,19536355,19536355,-16011997,-16011997,232140038,232140038,-3933603,-3933603,110725982,110725982,132240031,132240031,406231610,406231610,395757044,395757044,296791645,296791645,302518442,302518442,273270019,273270019,334456246,334456246,369416186,369416186,-23140782,-23140782,-38252657
# status f = 652346796,0,1 : PASS_RHO (rho 0.94553, T 2570.5, 0s)
f = 656856701,0,1 | route RHO | claimed 0.93510372913887644895 | coeffs -317814,-317814,-157782725,-157782725,-533274851,-533274851,-482537835,-482537835,-601633602,-601633602,-434730867,-434730867,-393137167,-393137167,-516982894,-516982894,-452291491,-452291491,-611438332,-611438332,-752142798,-752142798,-522478829,-522478829,-735673559,-735673559,-655080877,-655080877,-764594910,-764594910,-718136135,-718136135,-898063805,-898063805,-639710836,-639710836,-477953398,-477953398,-553547273,-553547273,-262929131,-262929131,-354787529,-354787529,-41778220,-41778220,-168548308,-168548308,-61863327,-61863327,42969181,42969181,193283435,193283435,271315338,271315338,281604680,281604680,138608332,138608332,40431083,40431083,-77418548,-77418548
f = 656856701,0,1 | route T | claimed 1883.759672502566701 | coeffs 157782725,533274851,533274851,482537835,482537835,601633602,601633602,434730867,434730867,393137167,393137167,516982894,516982894,452291491,452291491,611438332,611438332,752142798,752142798,522478829,522478829,735673559,735673559,655080877,655080877,764594910,764594910,718136135,718136135,898063805,898063805,639710836,639710836,477953398,477953398,553547273,553547273,262929131,262929131,354787529,354787529,41778220,41778220,168548308,168548308,61863327,61863327,-42969181,-42969181,-193283435,-193283435,-271315338,-271315338,-281604680,-281604680,-138608332,-138608332,-40431083,-40431083,77418548,77418548,-317814,-317814,-157782725
# status f = 656856701,0,1 : PASS_RHO (rho 0.93510, T 1883.8, 0s)
f = 695680210,0,1 | route RHO | claimed 0.93281269577701794359 | coeffs 605795226,605795226,530653181,530653181,635925159,635925159,522849500,522849500,476223094,476223094,278424428,278424428,-237001537,-237001537,-195566189,-195566189,-237529678,-237529678,-287430778,-287430778,-277210458,-277210458,-20021076,-20021076,-48509974,-48509974,-226605797,-226605797,-328958963,-328958963,-485328661,-485328661,-541810329,-541810329,-622504157,-622504157,-283536859,-283536859,-274483845,-274483845,-140882499,-140882499,-186256088,-186256088,-139125655,-139125655,-307641605,-307641605,-409486698,-409486698,-426708093,-426708093,-506952794,-506952794,-562317091,-562317091,-675321527,-675321527,-545998941,-545998941,-487066292,-487066292,-769166660,-769166660
f = 695680210,0,1 | route T | claimed 2712.1302479162068584 | coeffs -251683379,-353243095,-353243095,-402707769,-402707769,9916231,9916231,168770551,168770551,40991135,40991135,62548414,62548414,103947358,103947358,57404378,57404378,70927484,70927484,200708010,200708010,320546404,320546404,241390300,241390300,340587339,340587339,324586873,324586873,441938841,441938841,253905112,253905112,205483573,205483573,45060975,45060975,205960850,205960850,72472472,72472472,-67945420,-67945420,-351914773,-351914773,-296687947,-296687947,-121564128,-121564128,-83783672,-83783672,-176168503,-176168503,51145631,51145631,118601802,118601802,317133531,317133531,-29523578,-29523578,262835185,262835185,251683379
# status f = 695680210,0,1 : PASS_RHO (rho 0.93281, T 2712.1, 1s)
f = 696112875,0,1 | route RHO | claimed 0.90626479179357531462 | coeffs 126216626,126216626,227043279,227043279,251767000,251767000,73646712,73646712,-119539594,-119539594,116353724,116353724,27258932,27258932,137271992,137271992,131401911,131401911,438922845,438922845,205036647,205036647,366073993,366073993,284831720,284831720,175613972,175613972,281352997,281352997,406321040,406321040,317196851,317196851,124204684,124204684,156186255,156186255,149619667,149619667,-209924589,-209924589,-204944484,-204944484,-260648270,-260648270,-182718022,-182718022,67799149,67799149,31005848,31005848,-164601913,-164601913,-50566239,-50566239,-254357695,-254357695,-330478495,-330478495,-283178753,-283178753,-28924927,-28924927
f = 696112875,0,1 | route T | claimed 2484.1534191319982273 | coeffs -56497884,45855282,45855282,175177868,175177868,146688970,146688970,202053267,202053267,191832947,191832947,174611552,174611552,132648063,132648063,301164013,301164013,816589978,816589978,771216389,771216389,724589983,724589983,715536969,715536969,610264991,610264991,529571163,529571163,366199729,366199729,522569427,522569427,581502076,581502076,403406253,403406253,516410689,516410689,259221307,259221307,178976606,178976606,129075506,129075506,230920599,230920599,189485251,189485251,236615684,236615684,38817018,38817018,-94784328,-94784328,18291331,18291331,357258629,357258629,282116584,282116584,338598252,338598252,56497884
# status f = 696112875,0,1 : PASS_RHO (rho 0.90626, T 2484.2, 0s)
f = 698250720,0,1 | route RHO | claimed 0.93510372913887644895 | coeffs 77418548,-40431083,-40431083,-138608332,-138608332,-281604680,-281604680,-271315338,-271315338,-193283435,-193283435,-42969181,-42969181,61863327,61863327,168548308,168548308,41778220,41778220,354787529,354787529,262929131,262929131,553547273,553547273,477953398,477953398,639710836,639710836,898063805,898063805,718136135,718136135,764594910,764594910,655080877,655080877,735673559,735673559,522478829,522478829,752142798,752142798,611438332,611438332,452291491,452291491,516982894,516982894,393137167,393137167,434730867,434730867,601633602,601633602,482537835,482537835,533274851,533274851,157782725,157782725,317814,317814,-77418548
f = 698250720,0,1 | route T | claimed 2730.0410235187589426 | coeffs 77418548,-40431083,-40431083,-138608332,-138608332,-281604680,-281604680,-271315338,-271315338,-193283435,-193283435,-42969181,-42969181,61863327,61863327,168548308,168548308,41778220,41778220,354787529,354787529,262929131,262929131,553547273,553547273,477953398,477953398,639710836,639710836,898063805,898063805,718136135,718136135,764594910,764594910,655080877,655080877,735673559,735673559,522478829,522478829,752142798,752142798,611438332,611438332,452291491,452291491,516982894,516982894,393137167,393137167,434730867,434730867,601633602,601633602,482537835,482537835,533274851,533274851,157782725,157782725,317814,317814,-77418548
# status f = 698250720,0,1 : PASS_RHO (rho 0.93510, T 2730.0, 0s)
f = 707045811,0,1 | route RHO | claimed 0.90380415400676958595 | coeffs 353366861,196981618,196981618,231941558,231941558,196393206,196393206,227728511,227728511,166542284,166542284,293786326,293786326,-55552014,-55552014,-84800437,-84800437,-161426190,-161426190,-250614316,-250614316,-256341113,-256341113,-448689438,-448689438,-575572494,-575572494,-674537893,-674537893,-633744684,-633744684,-623552285,-623552285,-613077719,-613077719,-546382005,-546382005,-409982019,-409982019,-135990440,-135990440,-299388336,-299388336,-327701745,-327701745,-349215794,-349215794,-199981707,-199981707,-393760088,-393760088,-279100503,-279100503,-510959747,-510959747,-495847872,-495847872,-259774231,-259774231,-208961928,-208961928,-601518896,-601518896,-353366861
f = 707045811,0,1 | route T | claimed 2342.3177533551231515 | coeffs -515079695,-515079695,-604174487,-604174487,-296653553,-296653553,-377895826,-377895826,-252927783,-252927783,-220946212,-220946212,-215966107,-215966107,34551064,34551064,148586738,148586738,195886480,195886480,95059827,95059827,288246133,288246133,178233073,178233073,412119271,412119271,521337019,521337019,610461208,610461208,617027796,617027796,672731582,672731582,709524883,709524883,913316339,913316339,659062513,659062513,683786234,683786234,919679552,919679552,913809471,913809471,1074846817,1074846817,1180585842,1180585842,987593675,987593675,628049419,628049419,705979667,705979667,510371906,510371906,434251106,434251106,336959407,336959407
# status f = 707045811,0,1 : PASS_RHO (rho 0.90380, T 2342.3, 0s)
f = 720380755,0,1 | route RHO | claimed 0.91898722561258751437 | coeffs -380275186,-380275186,-146388988,-146388988,-324509276,-324509276,-528300732,-528300732,-533280837,-533280837,-427541812,-427541812,-537554872,-537554872,-440263173,-440263173,-477056474,-477056474,-509038045,-509038045,-348000699,-348000699,-154814393,-154814393,-78693593,-78693593,-134397379,-134397379,-259365422,-259365422,-265235503,-265235503,-366062156,-366062156,-170454395,-170454395,-177020983,-177020983,-95778710,-95778710,140114608,140114608,187414350,187414350,109484102,109484102,20359913,20359913,-287161021,-287161021,-262437300,-262437300,-148401626,-148401626,211142630,211142630,101924882,101924882,191019674,191019674,-63234152,-63234152,187283019,187283019
f = 720380755,0,1 | route T | claimed 2247.074254397879142 | coeffs -158472258,-99539609,-99539609,-54166020,-54166020,-82654918,-82654918,30420741,30420741,110665442,110665442,29971614,29971614,71935103,71935103,354035471,354035471,401165904,401165904,579261727,579261727,532635321,532635321,477271024,477271024,138303726,138303726,88402626,88402626,251774060,251774060,420290010,420290010,317936844,317936844,515735510,515735510,628739946,628739946,637792960,637792960,627572640,627572640,552430595,552430595,450585502,450585502,606955200,606955200,91529235,91529235,220851821,220851821,87250475,87250475,344439857,344439857,239167879,239167879,256389274,256389274,199907606,199907606,158472258
# status f = 720380755,0,1 : PASS_RHO (rho 0.91899, T 2247.1, 0s)
f = 773227406,0,1 | route RHO | claimed 0.93134375471744758424 | coeffs 99998753,38812526,38812526,-75847059,-75847059,-116640268,-116640268,-147975573,-147975573,-341753954,-341753954,-440719353,-440719353,-476267705,-476267705,-625501792,-625501792,-498618736,-498618736,-533578676,-533578676,-555092725,-555092725,-747441050,-747441050,-903826293,-903826293,-875512884,-875512884,-869786087,-869786087,-621634052,-621634052,-785031948,-785031948,-874220074,-874220074,-481663106,-481663106,-755654685,-755654685,-679028932,-679028932,-628216629,-628216629,-491816643,-491816643,-521065066,-521065066,-757138707,-757138707,-823834421,-823834421,-474496081,-474496081,-459384206,-459384206,-448909640,-448909640,-321665598,-321665598,-89806354,-89806354,-99998753
f = 773227406,0,1 | route T | claimed 2204.9885927301300107 | coeffs 498618736,498618736,533578676,533578676,555092725,555092725,747441050,747441050,903826293,903826293,875512884,875512884,869786087,869786087,621634052,621634052,785031948,785031948,874220074,874220074,481663106,481663106,755654685,755654685,679028932,679028932,628216629,628216629,491816643,491816643,521065066,521065066,757138707,757138707,823834421,823834421,474496081,474496081,459384206,459384206,448909640,448909640,321665598,321665598,89806354,89806354,99998753,99998753,38812526,38812526,-75847059,-75847059,-116640268,-116640268,-147975573,-147975573,-341753954,-341753954,-440719353,-440719353,-476267705,-476267705,-625501792,-625501792
# status f = 773227406,0,1 : PASS_RHO (rho 0.93134, T 2205.0, 0s)
f = 960305884,0,1 | route RHO | claimed 0.88900150544735948896 | coeffs 131298721,-27555599,-27555599,10224857,10224857,-5775609,-5775609,406848391,406848391,231724572,231724572,132527533,132527533,181992207,181992207,237219033,237219033,158062929,158062929,56503213,56503213,340472566,340472566,220634172,220634172,209482366,209482366,69064474,69064474,198845000,198845000,-93513763,-93513763,39974615,39974615,26451509,26451509,-320205600,-320205600,-159305725,-159305725,-205848705,-205848705,-404380434,-404380434,-243957836,-243957836,-285356780,-285356780,-217900609,-217900609,-266322148,-266322148,-244764869,-244764869,-472079003,-472079003,-284045274,-284045274,-156265858,-156265858,-248650689,-248650689,-131298721
f = 960305884,0,1 | route T | claimed 2438.066949782988459 | coeffs -69064474,-198845000,-198845000,93513763,93513763,-39974615,-39974615,-26451509,-26451509,320205600,320205600,159305725,159305725,205848705,205848705,404380434,404380434,243957836,243957836,285356780,285356780,217900609,217900609,266322148,266322148,244764869,244764869,472079003,472079003,284045274,284045274,156265858,156265858,248650689,248650689,131298721,131298721,-27555599,-27555599,10224857,10224857,-5775609,-5775609,406848391,406848391,231724572,231724572,132527533,132527533,181992207,181992207,237219033,237219033,158062929,158062929,56503213,56503213,340472566,340472566,220634172,220634172,209482366,209482366,69064474
# status f = 960305884,0,1 : PASS_RHO (rho 0.88900, T 2438.1, 0s)
f = 972531596,0,1 | route RHO | claimed 0.94934852724375297449 | coeffs 382021201,382021201,206897382,206897382,326735776,326735776,-19921333,-19921333,28500206,28500206,187354526,187354526,242581352,242581352,112800826,112800826,-85730903,-85730903,-273764632,-273764632,-686388632,-686388632,-402419279,-402419279,-388896173,-388896173,-321440002,-321440002,-438791970,-438791970,-488256644,-488256644,-628674536,-628674536,-582131556,-582131556,-809445690,-809445690,-825446156,-825446156,-723886440,-723886440,-590398062,-590398062,-548999118,-548999118,-641383949,-641383949,-740580988,-740580988,-729429182,-729429182,-568529307,-568529307,-590086586,-590086586,-627867042,-627867042,-707023146,-707023146,-414664383,-414664383,-254241785,-254241785
f = 972531596,0,1 | route T | claimed 2276.3077305293005808 | coeffs 76547240,76547240,-41302391,-41302391,-354311700,-354311700,-273719018,-273719018,-154623251,-154623251,-232655154,-232655154,-70897716,-70897716,88249125,88249125,10512763,10512763,-116257325,-116257325,-6743292,-6743292,160159443,160159443,170448785,170448785,246042660,246042660,105338194,105338194,262803105,262803105,156118124,156118124,202576899,202576899,160983199,160983199,303979547,303979547,594597689,594597689,364933720,364933720,-10558406,-10558406,94274102,94274102,274201772,274201772,150356045,150356045,52178796,52178796,144037194,144037194,-69157536,-69157536,-119894552,-119894552,-270208806,-270208806,-11855837,-11855837
# status f = 972531596,0,1 : PASS_RHO (rho 0.94935, T 2276.3, 0s)
f = 988840970,0,1 | route RHO | claimed 0.91898722561258751437 | coeffs -78693593,-78693593,-154814393,-154814393,-348000699,-348000699,-509038045,-509038045,-477056474,-477056474,-440263173,-440263173,-537554872,-537554872,-427541812,-427541812,-533280837,-533280837,-528300732,-528300732,-324509276,-324509276,-146388988,-146388988,-380275186,-380275186,-187283019,-187283019,63234152,63234152,-191019674,-191019674,-101924882,-101924882,-211142630,-211142630,148401626,148401626,262437300,262437300,287161021,287161021,-20359913,-20359913,-109484102,-109484102,-187414350,-187414350,-140114608,-140114608,95778710,95778710,177020983,177020983,170454395,170454395,366062156,366062156,265235503,265235503,259365422,259365422,134397379,134397379
f = 988840970,0,1 | route T | claimed 2484.4259213265925077 | coeffs 433879016,197805375,197805375,108617249,108617249,87103200,87103200,55767895,55767895,45293329,45293329,-5518974,-5518974,-11245771,-11245771,137988316,137988316,199174543,199174543,132478829,132478829,525035797,525035797,332687472,332687472,138909091,138909091,11665049,11665049,-124734937,-124734937,-372886972,-372886972,-499770028,-499770028,-385110443,-385110443,-35772103,-35772103,-309763682,-309763682,-466148925,-466148925,-565114324,-565114324,-796973568,-796973568,-767725145,-767725145,-604327249,-604327249,-569367309,-569367309,-528574100,-528574100,-513462225,-513462225,-436836472,-436836472,-408523063,-408523063,-444071415,-444071415,-433879016
# status f = 988840970,0,1 : PASS_RHO (rho 0.91899, T 2484.4, 0s)
f = 992816023,0,1 | route RHO | claimed 0.93167025988372233781 | coeffs 726550504,781914801,781914801,722982152,722982152,647840107,647840107,601213701,601213701,642649049,642649049,652869369,652869369,474773546,474773546,418291878,418291878,427344892,427344892,474475325,474475325,457253930,457253930,344249494,344249494,62149126,62149126,-43122852,-43122852,154675814,154675814,196639303,196639303,-60550079,-60550079,41803087,41803087,122496915,122496915,-11104431,-11104431,157411519,157411519,237656220,237656220,108333634,108333634,-55037800,-55037800,-168113459,-168113459,-683539424,-683539424,-733440524,-733440524,-761929422,-761929422,-918299120,-918299120,-579331822,-579331822,-624705411,-624705411,-726550504
f = 992816023,0,1 | route T | claimed 2890.1369373865091863 | coeffs 71241701,-28118849,-28118849,-126556965,-126556965,-70082338,-70082338,130632417,130632417,-172435504,-172435504,49938589,49938589,-38834158,-38834158,-118577361,-118577361,-119078859,-119078859,10745225,10745225,44292575,44292575,123820884,123820884,559718540,559718540,173721984,173721984,588207438,588207438,330091682,330091682,249240140,249240140,375465271,375465271,351085233,351085233,430829568,430829568,292152584,292152584,355687523,355687523,245526178,245526178,397122871,397122871,255746498,255746498,219027048,219027048,199264830,199264830,228080062,228080062,246395263,246395263,210858667,210858667,133390827,133390827,-71241701
# status f = 992816023,0,1 : PASS_RHO (rho 0.93167, T 2890.1, 0s)
# summary n = 7 l = 1000671937 : EXCLUSION_CANDIDATE ; PASS 32 / 32 ; OPEN_NEAR 0 ; OPEN_FAR 0 ; 15s
