# FAMILY WITNESS FILE (generator family_gen.sage r10). n = 7 ; l = 1000648897 ; m = 64 ; deg = 2 ; ncomp = 32 ; bar_T = 4224 ; L_n = 16.3328709449664096755483535644
# line: f = c0,...,c_deg (monic, over F_l) | route RHO|T | claimed (rho or T, float) | coeffs a_0..a_{m-1}
f = 65200882,0,1 | route RHO | claimed 0.93513873778527609499 | coeffs -93292224,-182119072,-182119072,-89540594,-89540594,96048043,96048043,313300787,313300787,345681037,345681037,510590962,510590962,395941306,395941306,277792546,277792546,48653496,48653496,149310971,149310971,118663703,118663703,321679481,321679481,369444991,369444991,529025274,529025274,374833885,374833885,555756603,555756603,387988633,387988633,464082412,464082412,503399047,503399047,529214656,529214656,334834837,334834837,556899630,556899630,498079226,498079226,722630826,722630826,570650303,570650303,199001763,199001763,227585900,227585900,222234296,222234296,442314774,442314774,162386169,162386169,220701959,220701959,93292224
f = 65200882,0,1 | route T | claimed 2662.1032638791380651 | coeffs -658248962,-658248962,-628725707,-628725707,-619396210,-619396210,-782553443,-782553443,-895657849,-895657849,-789777581,-789777581,-753391258,-753391258,-536907589,-536907589,-678646655,-678646655,-520148590,-520148590,-750628910,-750628910,-459625420,-459625420,-601802879,-601802879,-395201832,-395201832,-266829143,-266829143,-102332841,-102332841,-61017561,-61017561,56418140,56418140,232472241,232472241,176443948,176443948,143066943,143066943,29776159,29776159,14299616,14299616,340241775,340241775,480495810,480495810,130817105,130817105,599841562,599841562,692920211,692920211,496041872,496041872,802517962,802517962,660446521,660446521,672003570,672003570
# status f = 65200882,0,1 : PASS_RHO (rho 0.93514, T 2662.1, 1s)
f = 87805217,0,1 | route RHO | claimed 0.90320599200965349001 | coeffs 136794765,230934982,230934982,155473397,155473397,451898932,451898932,374387766,374387766,351226788,351226788,381588182,381588182,257235222,257235222,411189220,411189220,290633883,290633883,305028902,305028902,-170764803,-170764803,47072379,47072379,-217436155,-217436155,-343667781,-343667781,-410105608,-410105608,-471596387,-471596387,-565723009,-565723009,-349236308,-349236308,-433799999,-433799999,-336117089,-336117089,-347491000,-347491000,-418074300,-418074300,-568088925,-568088925,-574407110,-574407110,-481663295,-481663295,-298336324,-298336324,-6949341,-6949341,-102905530,-102905530,18515339,18515339,-62373954,-62373954,-13094980,-13094980,-136794765
f = 87805217,0,1 | route T | claimed 1740.1655363487604636 | coeffs 217436155,343667781,343667781,410105608,410105608,471596387,471596387,565723009,565723009,349236308,349236308,433799999,433799999,336117089,336117089,347491000,347491000,418074300,418074300,568088925,568088925,574407110,574407110,481663295,481663295,298336324,298336324,6949341,6949341,102905530,102905530,-18515339,-18515339,62373954,62373954,13094980,13094980,136794765,136794765,230934982,230934982,155473397,155473397,451898932,451898932,374387766,374387766,351226788,351226788,381588182,381588182,257235222,257235222,411189220,411189220,290633883,290633883,305028902,305028902,-170764803,-170764803,47072379,47072379,-217436155
# status f = 87805217,0,1 : PASS_RHO (rho 0.90321, T 1740.2, 0s)
f = 151770346,0,1 | route RHO | claimed 0.92767316685813685222 | coeffs 232515448,232515448,152793416,152793416,321775499,321775499,589236431,589236431,324601708,324601708,269955506,269955506,-68145111,-68145111,-88279705,-88279705,-2792863,-2792863,-273748359,-273748359,-42755722,-42755722,32313706,32313706,53018249,53018249,-251445379,-251445379,-194995827,-194995827,-280124541,-280124541,-372466705,-372466705,-103960535,-103960535,-43691361,-43691361,82772622,82772622,55056556,55056556,45278003,45278003,38129818,38129818,20847813,20847813,131127160,131127160,79436097,79436097,68137665,68137665,245306879,245306879,135628031,135628031,334941937,334941937,-3121061,-3121061,-51124194,-51124194
f = 151770346,0,1 | route T | claimed 1786.6297578075895216 | coeffs -456198706,-456198706,-164811723,-164811723,-171129908,-171129908,-182503819,-182503819,33982882,33982882,-32454945,-32454945,185382237,185382237,64826900,64826900,95188294,95188294,391613829,391613829,515313614,515313614,393892745,393892745,210565774,210565774,360580399,360580399,262897489,262897489,357024111,357024111,483255737,483255737,959049442,959049442,805095444,805095444,828256422,828256422,903718007,903718007,952996981,952996981,857040792,857040792,949784607,949784607,879201307,879201307,794637616,794637616,733146837,733146837,468638303,468638303,483033322,483033322,358680362,358680362,281169196,281169196,375309413,375309413
# status f = 151770346,0,1 : PASS_RHO (rho 0.92767, T 1786.6, 0s)
f = 167096044,0,1 | route RHO | claimed 0.9609653549335814567 | coeffs -98074585,-391675,-391675,475402030,475402030,399940445,399940445,492684260,492684260,554175039,554175039,429822079,429822079,348932786,348932786,360306697,360306697,578143879,578143879,281718344,281718344,98391373,98391373,4264751,4264751,-149689247,-149689247,-198968221,-198968221,-269551521,-269551521,-5042987,-5042987,-82554153,-82554153,208832830,208832830,-7653871,-7653871,-128209208,-128209208,-251908993,-251908993,-101894368,-101894368,-228125994,-228125994,-204965016,-204965016,-109008827,-109008827,-193572518,-193572518,-207967537,-207967537,-113827320,-113827320,-120145505,-120145505,-53707678,-53707678,-23346284,-23346284,98074585
f = 167096044,0,1 | route T | claimed 2897.8839846169801202 | coeffs 74209291,86978383,86978383,85865223,85865223,-93148288,-93148288,44258761,44258761,-232538434,-232538434,-31053462,-31053462,137321443,137321443,441753596,441753596,430471403,430471403,117073055,117073055,444467928,444467928,271353347,271353347,384375568,384375568,539873027,539873027,433887816,433887816,265835024,265835024,213844940,213844940,111151452,111151452,61048381,61048381,-13128675,-13128675,133363684,133363684,-82946045,-82946045,-204774410,-204774410,-295229588,-295229588,-453067058,-453067058,-279994020,-279994020,-407599466,-407599466,-184798498,-184798498,-37900027,-37900027,14206419,14206419,-202137282,-202137282,-74209291
# status f = 167096044,0,1 : PASS_RHO (rho 0.96097, T 2897.9, 0s)
f = 190400405,0,1 | route RHO | claimed 0.9687457425198545402 | coeffs 258482979,258482979,490519604,490519604,497543812,497543812,473744075,473744075,371388469,371388469,346170526,346170526,601802566,601802566,707003492,707003492,743086651,743086651,763556352,763556352,949095356,949095356,1384514036,1384514036,946068144,946068144,1015003480,1015003480,895341304,895341304,854523546,854523546,715573079,715573079,563332657,563332657,487750344,487750344,597172230,597172230,655183454,655183454,495288861,495288861,457244319,457244319,411596611,411596611,409828851,409828851,417201999,417201999,296713822,296713822,55310202,55310202,68912719,68912719,-116549639,-116549639,-164504289,-164504289,-40409558,-40409558
f = 190400405,0,1 | route T | claimed 2454.4256787733976972 | coeffs -169935557,-169935557,-103497730,-103497730,20202055,20202055,-73924567,-73924567,1537018,1537018,86100709,86100709,8589543,8589543,-2784368,-2784368,-33145762,-33145762,116868863,116868863,270822861,270822861,363566676,363566676,349171657,349171657,57784674,57784674,275621856,275621856,397042725,397042725,523274351,523274351,473995377,473995377,412504598,412504598,318364381,318364381,101877680,101877680,398303215,398303215,495986125,495986125,519147103,519147103,589730403,589730403,465377443,465377443,459059258,459059258,579614595,579614595,396287624,396287624,-79506081,-79506081,-175462270,-175462270,89046264,89046264
# status f = 190400405,0,1 : PASS_RHO (rho 0.96875, T 2454.4, 0s)
f = 206617321,0,1 | route RHO | claimed 0.96635316539366206327 | coeffs -388370751,-388370751,-395394959,-395394959,-547635381,-547635381,-329561960,-329561960,-288744202,-288744202,-336698852,-336698852,-267763516,-267763516,-281366033,-281366033,-716784713,-716784713,-837272890,-837272890,-816803189,-816803189,-815035429,-815035429,-920236355,-920236355,-958280897,-958280897,-983498840,-983498840,-1041510064,-1041510064,-1017710327,-1017710327,-1093292640,-1093292640,-861256015,-861256015,-722305548,-722305548,-598210817,-598210817,-717872993,-717872993,-532410635,-532410635,-93964743,-93964743,-335368363,-335368363,-149829359,-149829359,-157202507,-157202507,-193285666,-193285666,-238933374,-238933374,16698666,16698666,176593259,176593259,278948865,278948865
f = 206617321,0,1 | route T | claimed 2123.6453342829044205 | coeffs -222982105,-222982105,-606515170,-606515170,-388380973,-388380973,-358262524,-358262524,-340359365,-340359365,22252151,22252151,-81223669,-81223669,-39373584,-39373584,-171413020,-171413020,-230115631,-230115631,-224598677,-224598677,-14434050,-14434050,-23507839,-23507839,-378033579,-378033579,-359121528,-359121528,-461722961,-461722961,-466867119,-466867119,-470073678,-470073678,-498743091,-498743091,-103478988,-103478988,55315995,55315995,274428864,274428864,86551468,86551468,224108982,224108982,121799325,121799325,-42059332,-42059332,68195654,68195654,165185171,165185171,208406649,208406649,450006205,450006205,310979192,310979192,407385128,407385128
# status f = 206617321,0,1 : PASS_RHO (rho 0.96635, T 2123.6, 0s)
f = 206912224,0,1 | route RHO | claimed 0.93513873778527609499 | coeffs -182119072,-182119072,-93292224,-93292224,-220701959,-220701959,-162386169,-162386169,-442314774,-442314774,-222234296,-222234296,-227585900,-227585900,-199001763,-199001763,-570650303,-570650303,-722630826,-722630826,-498079226,-498079226,-556899630,-556899630,-334834837,-334834837,-529214656,-529214656,-503399047,-503399047,-464082412,-464082412,-387988633,-387988633,-555756603,-555756603,-374833885,-374833885,-529025274,-529025274,-369444991,-369444991,-321679481,-321679481,-118663703,-118663703,-149310971,-149310971,-48653496,-48653496,-277792546,-277792546,-395941306,-395941306,-510590962,-510590962,-345681037,-345681037,-313300787,-313300787,-96048043,-96048043,89540594,89540594
f = 206912224,0,1 | route T | claimed 2443.5773199279828228 | coeffs 464633975,464633975,314619350,314619350,376110129,376110129,255554792,255554792,331016377,331016377,39629394,39629394,137312304,137312304,401820838,401820838,432182232,432182232,481461206,481461206,487779391,487779391,393652769,393652769,379257750,379257750,675683285,675683285,579727096,579727096,591101007,591101007,464869381,464869381,589222341,589222341,712922126,712922126,805665941,805665941,589179240,589179240,113385535,113385535,190896701,190896701,69475832,69475832,-1107468,-1107468,65330359,65330359,219284357,219284357,125144140,125144140,-58182831,-58182831,-142746522,-142746522,-360583704,-360583704,-383744682,-383744682
# status f = 206912224,0,1 : PASS_RHO (rho 0.93514, T 2443.6, 0s)
f = 239345575,0,1 | route RHO | claimed 0.90228626962020629345 | coeffs -212536675,-154220885,-154220885,-128405276,-128405276,-357544326,-357544326,-77615721,-77615721,-116932356,-116932356,1216404,1216404,221296882,221296882,297390661,297390661,182741005,182741005,188092609,188092609,355860579,355860579,190950654,190950654,219534791,219534791,400457509,400457509,432837759,432837759,804486299,804486299,958677688,958677688,741424944,741424944,589444421,589444421,749024704,749024704,934613341,934613341,710061741,710061741,662296231,662296231,569717753,569717753,510897349,510897349,713913127,713913127,625086279,625086279,403021486,403021486,433668754,433668754,306259019,306259019,111879200,111879200,212536675
f = 239345575,0,1 | route T | claimed 2090.2647956043712633 | coeffs 387191904,260727921,260727921,429710004,429710004,698216174,698216174,516824920,516824920,601953634,601953634,940016632,940016632,635553004,635553004,525874156,525874156,450804728,450804728,462103160,462103160,191147664,191147664,301427011,301427011,321561605,321561605,328709790,328709790,274063588,274063588,246347522,246347522,-21113410,-21113410,-81382584,-81382584,-161104616,-161104616,-253446780,-253446780,-301449913,-301449913,-357899465,-357899465,-557213371,-557213371,-536508828,-536508828,-359339614,-359339614,-590332251,-590332251,-538641188,-538641188,-453154346,-453154346,-470436351,-470436351,-132335734,-132335734,-122557181,-122557181,-387191904
# status f = 239345575,0,1 : PASS_RHO (rho 0.90229, T 2090.3, 0s)
f = 351291301,0,1 | route RHO | claimed 0.9687457425198545402 | coeffs 655183454,597172230,597172230,487750344,487750344,563332657,563332657,715573079,715573079,854523546,854523546,895341304,895341304,1015003480,1015003480,946068144,946068144,1384514036,1384514036,949095356,949095356,763556352,763556352,743086651,743086651,707003492,707003492,601802566,601802566,346170526,346170526,371388469,371388469,473744075,473744075,497543812,497543812,490519604,490519604,258482979,258482979,40409558,40409558,164504289,164504289,116549639,116549639,-68912719,-68912719,-55310202,-55310202,-296713822,-296713822,-417201999,-417201999,-409828851,-409828851,-411596611,-411596611,-457244319,-457244319,-495288861,-495288861,-655183454
f = 351291301,0,1 | route T | claimed 2963.7807793185299446 | coeffs -162171101,-162171101,22430165,22430165,-44807954,-44807954,144911130,144911130,355602012,355602012,123899457,123899457,90314388,90314388,76949125,76949125,354471043,354471043,438854193,438854193,302276242,302276242,189006699,189006699,645218457,645218457,682354242,682354242,338421768,338421768,292609689,292609689,264632830,264632830,242366878,242366878,340904229,340904229,222555419,222555419,34484516,34484516,-4882604,-4882604,-76756539,-76756539,-28037808,-28037808,166759884,166759884,413839300,413839300,468469878,468469878,536618071,536618071,255616919,255616919,152429393,152429393,316406641,316406641,178821137,178821137
# status f = 351291301,0,1 : PASS_RHO (rho 0.96875, T 2963.8, 0s)
f = 373618179,0,1 | route RHO | claimed 0.92767316685813685222 | coeffs 68137665,68137665,79436097,79436097,131127160,131127160,20847813,20847813,38129818,38129818,45278003,45278003,55056556,55056556,82772622,82772622,-43691361,-43691361,-103960535,-103960535,-372466705,-372466705,-280124541,-280124541,-194995827,-194995827,-251445379,-251445379,53018249,53018249,32313706,32313706,-42755722,-42755722,-273748359,-273748359,-2792863,-2792863,-88279705,-88279705,-68145111,-68145111,269955506,269955506,324601708,324601708,589236431,589236431,321775499,321775499,152793416,152793416,232515448,232515448,51124194,51124194,3121061,3121061,-334941937,-334941937,-135628031,-135628031,-245306879,-245306879
f = 373618179,0,1 | route T | claimed 2076.7253537434325196 | coeffs -251445379,53018249,53018249,32313706,32313706,-42755722,-42755722,-273748359,-273748359,-2792863,-2792863,-88279705,-88279705,-68145111,-68145111,269955506,269955506,324601708,324601708,589236431,589236431,321775499,321775499,152793416,152793416,232515448,232515448,51124194,51124194,3121061,3121061,-334941937,-334941937,-135628031,-135628031,-245306879,-245306879,-68137665,-68137665,-79436097,-79436097,-131127160,-131127160,-20847813,-20847813,-38129818,-38129818,-45278003,-45278003,-55056556,-55056556,-82772622,-82772622,43691361,43691361,103960535,103960535,372466705,372466705,280124541,280124541,194995827,194995827,251445379
# status f = 373618179,0,1 : PASS_RHO (rho 0.92767, T 2076.7, 0s)
f = 391008513,0,1 | route RHO | claimed 0.9602615557835274462 | coeffs 195323516,195323516,413396937,413396937,253502344,253502344,67963340,67963340,-56131391,-56131391,1879833,1879833,-18589868,-18589868,29364782,29364782,138786668,138786668,102703509,102703509,288165867,288165867,212583554,212583554,107382628,107382628,93780111,93780111,-58460311,-58460311,-314092351,-314092351,-72688731,-72688731,-211639198,-211639198,-186421255,-186421255,-65933078,-65933078,-106750836,-106750836,-4395230,-4395230,-11768378,-11768378,-131430554,-131430554,-107630817,-107630817,-105863057,-105863057,-36927721,-36927721,-43951929,-43951929,1695779,1695779,-436750113,-436750113,-668786738,-668786738,-630742196,-630742196
f = 391008513,0,1 | route T | claimed 2632.5255887524407806 | coeffs -69118210,-69118210,114208761,114208761,64929787,64929787,142440953,142440953,21885616,21885616,148117242,148117242,63553551,63553551,69871736,69871736,191292605,191292605,115831020,115831020,240183980,240183980,458021162,458021162,552147784,552147784,481564484,481564484,190177501,190177501,66477716,66477716,43316738,43316738,28921719,28921719,-37516108,-37516108,-135199018,-135199018,-42455203,-42455203,38434090,38434090,-257991445,-257991445,-104037447,-104037447,160471087,160471087,376957788,376957788,526972413,526972413,431016224,431016224,525156441,525156441,494795047,494795047,19001342,19001342,80492121,80492121
# status f = 391008513,0,1 : PASS_RHO (rho 0.96026, T 2632.5, 0s)
f = 399588156,0,1 | route RHO | claimed 0.91558620333308047487 | coeffs -278636231,-316680773,-316680773,-75277153,-75277153,-293350574,-293350574,-318568517,-318568517,-504107521,-504107521,-544925279,-544925279,-602936503,-602936503,-595563355,-595563355,-547608705,-547608705,-523808968,-523808968,-487725809,-487725809,-556661145,-556661145,-632243458,-632243458,-586595750,-586595750,-572993233,-572993233,-340956608,-340956608,-596588648,-596588648,-161169968,-161169968,-22219501,-22219501,-182114094,-182114094,-61625917,-61625917,62468814,62468814,-39886792,-39886792,-60356493,-60356493,-180018669,-180018669,-289440555,-289440555,-291208315,-291208315,-105745957,-105745957,-112770165,-112770165,-7569239,-7569239,430876653,430876653,278636231
f = 399588156,0,1 | route T | claimed 1928.8797290040795758 | coeffs 849807436,728386567,728386567,511899866,511899866,636252826,636252826,540296637,540296637,446170015,446170015,476531409,476531409,185144426,185144426,246635205,246635205,269796183,269796183,453123154,453123154,386685327,386685327,309174161,309174161,216430346,216430346,342661972,342661972,46236437,46236437,39918252,39918252,-224590282,-224590282,-300051867,-300051867,-150037242,-150037242,-367874424,-367874424,-462014641,-462014641,-532597941,-532597941,-1008391646,-1008391646,-884691861,-884691861,-873317950,-873317950,-887712969,-887712969,-838433995,-838433995,-740751085,-740751085,-861306422,-861306422,-780417129,-780417129,-695853438,-695853438,-849807436
# status f = 399588156,0,1 : PASS_RHO (rho 0.91559, T 1928.9, 0s)
f = 409889918,0,1 | route RHO | claimed 0.91950411471771457548 | coeffs -218086159,-218086159,-81831405,-81831405,21272969,21272969,-128351992,-128351992,-162241454,-162241454,-7792451,-7792451,-362484873,-362484873,-221794942,-221794942,-173646920,-173646920,-385311871,-385311871,199762862,199762862,112423542,112423542,152119589,152119589,191620010,191620010,97935186,97935186,106933094,106933094,-55689334,-55689334,-30219295,-30219295,-150482730,-150482730,105604291,105604291,206106252,206106252,131145306,131145306,203934517,203934517,128472707,128472707,80727188,80727188,337076210,337076210,378309568,378309568,424661009,424661009,308812773,308812773,429896802,429896802,267232904,267232904,313369988,313369988
f = 409889918,0,1 | route T | claimed 2684.2813590824605084 | coeffs -181640244,-64842188,-64842188,58330487,58330487,58585147,58585147,142805262,142805262,277515688,277515688,621335578,621335578,518948602,518948602,300433166,300433166,245654121,245654121,269345263,269345263,255147798,255147798,425124732,425124732,339636493,339636493,112302228,112302228,207993199,207993199,44584965,44584965,144367880,144367880,241713494,241713494,84351967,84351967,-205110232,-205110232,-55896157,-55896157,75628182,75628182,123121433,123121433,217379641,217379641,275884673,275884673,200068941,200068941,536700451,536700451,490685542,490685542,306348477,306348477,342709557,342709557,-40919064,-40919064,181640244
# status f = 409889918,0,1 : PASS_RHO (rho 0.91950, T 2684.3, 0s)
f = 462006045,0,1 | route RHO | claimed 0.91558620333308047487 | coeffs -572993233,-572993233,-586595750,-586595750,-632243458,-632243458,-556661145,-556661145,-487725809,-487725809,-523808968,-523808968,-547608705,-547608705,-595563355,-595563355,-602936503,-602936503,-544925279,-544925279,-504107521,-504107521,-318568517,-318568517,-293350574,-293350574,-75277153,-75277153,-316680773,-316680773,-278636231,-278636231,-430876653,-430876653,7569239,7569239,112770165,112770165,105745957,105745957,291208315,291208315,289440555,289440555,180018669,180018669,60356493,60356493,39886792,39886792,-62468814,-62468814,61625917,61625917,182114094,182114094,22219501,22219501,161169968,161169968,596588648,596588648,340956608,340956608
f = 462006045,0,1 | route T | claimed 2075.1390337574532619 | coeffs 216430346,216430346,309174161,309174161,386685327,386685327,453123154,453123154,269796183,269796183,246635205,246635205,185144426,185144426,476531409,476531409,446170015,446170015,540296637,540296637,636252826,636252826,511899866,511899866,728386567,728386567,849807436,849807436,695853438,695853438,780417129,780417129,861306422,861306422,740751085,740751085,838433995,838433995,887712969,887712969,873317950,873317950,884691861,884691861,1008391646,1008391646,532597941,532597941,462014641,462014641,367874424,367874424,150037242,150037242,300051867,300051867,224590282,224590282,-39918252,-39918252,-46236437,-46236437,-342661972,-342661972
# status f = 462006045,0,1 : PASS_RHO (rho 0.91559, T 2075.1, 0s)
f = 480417475,0,1 | route RHO | claimed 0.92537013611785693013 | coeffs -20422428,100998441,100998441,94680256,94680256,10116565,10116565,-116115061,-116115061,-236670398,-236670398,-314181564,-314181564,-363460538,-363460538,-546787509,-546787509,-535413598,-535413598,-473922819,-473922819,1870886,1870886,-28490508,-28490508,-122630725,-122630725,-218586914,-218586914,-368601539,-368601539,-152114838,-152114838,-416623372,-416623372,-262669374,-262669374,33756161,33756161,114645454,114645454,21901639,21901639,-75781271,-75781271,-9343444,-9343444,-23738463,-23738463,-577485,-577485,-124277270,-124277270,167109713,167109713,96526413,96526413,2399791,2399791,220236973,220236973,95884013,95884013,20422428
f = 480417475,0,1 | route T | claimed 2656.7650053950963774 | coeffs 422748255,422748255,633439137,633439137,386359721,386359721,730292195,730292195,540573111,540573111,735370803,735370803,772506588,772506588,705268469,705268469,656549738,656549738,200337980,200337980,15736714,15736714,-56137221,-56137221,-169406764,-169406764,-152756728,-152756728,-113389608,-113389608,23188343,23188343,-114397161,-114397161,-302468064,-302468064,-218084914,-218084914,-382062162,-382062162,-263713352,-263713352,-541235270,-541235270,-644422796,-644422796,-545885445,-545885445,-559250708,-559250708,-278249556,-278249556,-255983604,-255983604,-222398535,-222398535,-154250342,-154250342,-182227201,-182227201,-413929756,-413929756,-468560334,-468560334
# status f = 480417475,0,1 : PASS_RHO (rho 0.92537, T 2656.8, 0s)
f = 480795424,0,1 | route RHO | claimed 0.93747539743111162492 | coeffs -300095847,-205955630,-205955630,-332187256,-332187256,-40800273,-40800273,-194754271,-194754271,-183380360,-183380360,-258841945,-258841945,-325279772,-325279772,-421235961,-421235961,-300680624,-300680624,-230097324,-230097324,66328211,66328211,4837432,4837432,126258301,126258301,111863282,111863282,261877907,261877907,184366741,184366741,90240119,90240119,9350826,9350826,485144531,485144531,491462716,491462716,468301738,468301738,684788439,684788439,734067413,734067413,516230231,516230231,423486416,423486416,453847810,453847810,369284119,369284119,245584334,245584334,510092868,510092868,326765897,326765897,202412937,202412937,300095847
f = 480795424,0,1 | route T | claimed 1758.0810354185858309 | coeffs 4837432,126258301,126258301,111863282,111863282,261877907,261877907,184366741,184366741,90240119,90240119,9350826,9350826,485144531,485144531,491462716,491462716,468301738,468301738,684788439,684788439,734067413,734067413,516230231,516230231,423486416,423486416,453847810,453847810,369284119,369284119,245584334,245584334,510092868,510092868,326765897,326765897,202412937,202412937,300095847,300095847,205955630,205955630,332187256,332187256,40800273,40800273,194754271,194754271,183380360,183380360,258841945,258841945,325279772,325279772,421235961,421235961,300680624,300680624,230097324,230097324,-66328211,-66328211,-4837432
# status f = 480795424,0,1 : PASS_RHO (rho 0.93748, T 1758.1, 0s)
f = 519853473,0,1 | route RHO | claimed 0.90228626962020629345 | coeffs -212536675,-111879200,-111879200,-306259019,-306259019,-433668754,-433668754,-403021486,-403021486,-625086279,-625086279,-713913127,-713913127,-510897349,-510897349,-569717753,-569717753,-662296231,-662296231,-710061741,-710061741,-934613341,-934613341,-749024704,-749024704,-589444421,-589444421,-741424944,-741424944,-958677688,-958677688,-804486299,-804486299,-432837759,-432837759,-400457509,-400457509,-219534791,-219534791,-190950654,-190950654,-355860579,-355860579,-188092609,-188092609,-182741005,-182741005,-297390661,-297390661,-221296882,-221296882,-1216404,-1216404,116932356,116932356,77615721,77615721,357544326,357544326,128405276,128405276,154220885,154220885,212536675
f = 519853473,0,1 | route T | claimed 2066.8712572307420836 | coeffs -334993952,-318497022,-318497022,-27867193,-27867193,67738067,67738067,23817296,23817296,274489396,274489396,157620743,157620743,-63915614,-63915614,47620947,47620947,301349859,301349859,206204826,206204826,386059626,386059626,110752521,110752521,67453017,67453017,237524689,237524689,-79770726,-79770726,75456517,75456517,150473109,150473109,122192371,122192371,169448161,169448161,506966521,506966521,754262101,754262101,688959441,688959441,775741942,775741942,678094453,678094453,221797545,221797545,235611517,235611517,229589210,229589210,39477969,39477969,182009575,182009575,306133864,306133864,303727287,303727287,334993952
# status f = 519853473,0,1 : PASS_RHO (rho 0.90229, T 2066.9, 0s)
f = 520231422,0,1 | route RHO | claimed 0.9602615557835274462 | coeffs 4395230,4395230,106750836,106750836,65933078,65933078,186421255,186421255,211639198,211639198,72688731,72688731,314092351,314092351,58460311,58460311,-93780111,-93780111,-107382628,-107382628,-212583554,-212583554,-288165867,-288165867,-102703509,-102703509,-138786668,-138786668,-29364782,-29364782,18589868,18589868,-1879833,-1879833,56131391,56131391,-67963340,-67963340,-253502344,-253502344,-413396937,-413396937,-195323516,-195323516,-630742196,-630742196,-668786738,-668786738,-436750113,-436750113,1695779,1695779,-43951929,-43951929,-36927721,-36927721,-105863057,-105863057,-107630817,-107630817,-131430554,-131430554,-11768378,-11768378
f = 520231422,0,1 | route T | claimed 2488.5495915400572966 | coeffs 101539055,101539055,307266218,307266218,340162075,340162075,274877877,274877877,14322223,14322223,420998161,420998161,266355356,266355356,309722847,309722847,390065578,390065578,291461615,291461615,247024295,247024295,147585064,147585064,211536883,211536883,165794266,165794266,334784649,334784649,120190783,120190783,203910489,203910489,397132641,397132641,419130826,419130826,667304221,667304221,297736337,297736337,545243372,545243372,646650617,646650617,363926483,363926483,136948393,136948393,91151302,91151302,245457305,245457305,251897761,251897761,168441913,168441913,154872895,154872895,149556712,149556712,-10737934,-10737934
# status f = 520231422,0,1 : PASS_RHO (rho 0.96026, T 2488.5, 0s)
f = 538642852,0,1 | route RHO | claimed 0.96783496604974066959 | coeffs 92794130,162919450,162919450,358622198,358622198,392442153,392442153,304730003,304730003,298947779,298947779,382870805,382870805,167230664,167230664,274470661,274470661,531466725,531466725,147451679,147451679,328868732,328868732,598633888,598633888,370116301,370116301,423927908,423927908,389260911,389260911,14250965,14250965,66949412,66949412,-73702796,-73702796,-225911774,-225911774,-161931134,-161931134,-86273613,-86273613,-417496102,-417496102,-521568254,-521568254,-299012262,-299012262,-316836403,-316836403,-299080190,-299080190,60882851,60882851,-8931374,-8931374,60931285,60931285,93499453,93499453,114140406,114140406,-92794130
f = 538642852,0,1 | route T | claimed 2464.2286208799305783 | coeffs -217164496,-217164496,-100366440,-100366440,-389828639,-389828639,-287441663,-287441663,-211625931,-211625931,-297114170,-297114170,-74554862,-74554862,82806665,82806665,426626555,426626555,485131587,485131587,315154653,315154653,698783274,698783274,796128888,796128888,661418462,661418462,567160254,567160254,552962789,552962789,589323869,589323869,489540954,489540954,573761069,573761069,621254320,621254320,597563178,597563178,781900243,781900243,618492009,618492009,618237349,618237349,486713010,486713010,431933965,431933965,385919056,385919056,290228085,290228085,413400760,413400760,562614835,562614835,781130271,781130271,444498761,444498761
# status f = 538642852,0,1 : PASS_RHO (rho 0.96783, T 2464.2, 0s)
f = 590758979,0,1 | route RHO | claimed 0.9609653549335814567 | coeffs 149689247,-4264751,-4264751,-98391373,-98391373,-281718344,-281718344,-578143879,-578143879,-360306697,-360306697,-348932786,-348932786,-429822079,-429822079,-554175039,-554175039,-492684260,-492684260,-399940445,-399940445,-475402030,-475402030,391675,391675,98074585,98074585,-23346284,-23346284,-53707678,-53707678,-120145505,-120145505,-113827320,-113827320,-207967537,-207967537,-193572518,-193572518,-109008827,-109008827,-204965016,-204965016,-228125994,-228125994,-101894368,-101894368,-251908993,-251908993,-128209208,-128209208,-7653871,-7653871,208832830,208832830,-82554153,-82554153,-5042987,-5042987,-269551521,-269551521,-198968221,-198968221,-149689247
f = 590758979,0,1 | route T | claimed 2784.589242456343383 | coeffs -184845517,186803023,186803023,415942073,415942073,640493673,640493673,525844017,525844017,303779224,303779224,271398974,271398974,297214583,297214583,482803220,482803220,406709441,406709441,495536289,495536289,676459007,676459007,618143217,618143217,458562934,458562934,678643412,678643412,881659190,881659190,853075053,853075053,752417578,752417578,600437055,600437055,482288295,482288295,541108699,541108699,376198774,376198774,181818955,181818955,399071699,399071699,359755064,359755064,267176586,267176586,99408616,99408616,226818351,226818351,381009740,381009740,101081135,101081135,148846645,148846645,154198249,154198249,184845517
# status f = 590758979,0,1 : PASS_RHO (rho 0.96097, T 2784.6, 0s)
f = 601060741,0,1 | route RHO | claimed 0.96783496604974066959 | coeffs -304730003,-304730003,-392442153,-392442153,-358622198,-358622198,-162919450,-162919450,-92794130,-92794130,114140406,114140406,93499453,93499453,60931285,60931285,-8931374,-8931374,60882851,60882851,-299080190,-299080190,-316836403,-316836403,-299012262,-299012262,-521568254,-521568254,-417496102,-417496102,-86273613,-86273613,-161931134,-161931134,-225911774,-225911774,-73702796,-73702796,66949412,66949412,14250965,14250965,389260911,389260911,423927908,423927908,370116301,370116301,598633888,598633888,328868732,328868732,147451679,147451679,531466725,531466725,274470661,274470661,167230664,167230664,382870805,382870805,298947779,298947779
f = 601060741,0,1 | route T | claimed 2605.8331761564666939 | coeffs -313110691,-313110691,-55969167,-55969167,-129345990,-129345990,-227483881,-227483881,-7904367,-7904367,-188243706,-188243706,-304807966,-304807966,-412032076,-412032076,-66014515,-66014515,-43890856,-43890856,-95028693,-95028693,-24971265,-24971265,7881493,7881493,114971593,114971593,488716560,488716560,566229455,566229455,764117639,764117639,720663669,720663669,707650285,707650285,442469616,442469616,456432239,456432239,485674473,485674473,391743787,391743787,275348408,275348408,614564162,614564162,506561392,506561392,511837517,511837517,429294305,429294305,451889266,451889266,571838128,571838128,236181707,236181707,330436263,330436263
# status f = 601060741,0,1 : PASS_RHO (rho 0.96783, T 2605.8, 0s)
f = 609640384,0,1 | route RHO | claimed 0.92537013611785693013 | coeffs 416623372,152114838,152114838,368601539,368601539,218586914,218586914,122630725,122630725,28490508,28490508,-1870886,-1870886,473922819,473922819,535413598,535413598,546787509,546787509,363460538,363460538,314181564,314181564,236670398,236670398,116115061,116115061,-10116565,-10116565,-94680256,-94680256,-100998441,-100998441,20422428,20422428,95884013,95884013,220236973,220236973,2399791,2399791,96526413,96526413,167109713,167109713,-124277270,-124277270,-577485,-577485,-23738463,-23738463,-9343444,-9343444,-75781271,-75781271,21901639,21901639,114645454,114645454,33756161,33756161,-262669374,-262669374,-416623372
f = 609640384,0,1 | route T | claimed 2607.3621618565080234 | coeffs 452167364,614789792,614789792,654290213,654290213,69215480,69215480,209905411,209905411,243794873,243794873,380049627,380049627,217385729,217385729,171034288,171034288,123288769,123288769,198249715,198249715,77986280,77986280,68988372,68988372,108684419,108684419,320349370,320349370,-34343052,-34343052,115281909,115281909,210565738,210565738,331649767,331649767,290416409,290416409,214954599,214954599,114452638,114452638,139922677,139922677,233607501,233607501,146268181,146268181,98120159,98120159,252569162,252569162,149464788,149464788,103327704,103327704,-12520532,-12520532,-268869554,-268869554,-196080343,-196080343,-452167364
# status f = 609640384,0,1 : PASS_RHO (rho 0.92537, T 2607.4, 0s)
f = 627030718,0,1 | route RHO | claimed 0.94854007539455240515 | coeffs 609435072,609435072,472737585,472737585,265879470,265879470,443122073,443122073,505470592,505470592,499229726,499229726,329609998,329609998,404388357,404388357,177411705,177411705,88487555,88487555,-58206936,-58206936,-121298730,-121298730,-66226616,-66226616,-437353090,-437353090,-739825195,-739825195,-630282806,-630282806,-452537197,-452537197,-501178526,-501178526,-580217332,-580217332,-557792912,-557792912,-574819627,-574819627,-241332942,-241332942,-251323428,-251323428,-510201012,-510201012,-413926662,-413926662,-272767614,-272767614,-513945911,-513945911,-459991304,-459991304,-270368185,-270368185,-494903099,-494903099,-477187572,-477187572,-367321586,-367321586
f = 627030718,0,1 | route T | claimed 2373.0414975750250504 | coeffs -466134839,-59458901,-59458901,-64775084,-64775084,217949050,217949050,301668756,301668756,400272719,400272719,433168576,433168576,439609032,439609032,809176916,809176916,763434299,763434299,918077104,918077104,1078371750,1078371750,851393660,851393660,658171508,658171508,613734188,613734188,679018386,679018386,762474234,762474234,1009981269,1009981269,840990886,840990886,884358377,884358377,793557256,793557256,839354347,839354347,861352532,861352532,960791763,960791763,700236109,700236109,686667091,686667091,585259846,585259846,370665980,370665980,290323249,290323249,496050412,496050412,650356415,650356415,402183020,402183020,466134839
# status f = 627030718,0,1 : PASS_RHO (rho 0.94854, T 2373.0, 0s)
f = 649357596,0,1 | route RHO | claimed 0.94215877676772534309 | coeffs 9668425,274176959,274176959,370133148,370133148,-105660557,-105660557,77666414,77666414,198221751,198221751,204539936,204539936,80186976,80186976,9603676,9603676,32764654,32764654,-64918256,-64918256,231507279,231507279,447993980,447993980,353853763,353853763,415344542,415344542,366065568,366065568,239833942,239833942,361254811,361254811,143417629,143417629,-147969354,-147969354,-133574335,-133574335,-40830520,-40830520,-194784518,-194784518,-44769893,-44769893,-14408499,-14408499,-25782410,-25782410,51728756,51728756,136292447,136292447,60830862,60830862,-33295760,-33295760,-156995545,-156995545,-90557718,-90557718,-9668425
f = 649357596,0,1 | route T | claimed 2026.3058062840997882 | coeffs 9668425,274176959,274176959,370133148,370133148,-105660557,-105660557,77666414,77666414,198221751,198221751,204539936,204539936,80186976,80186976,9603676,9603676,32764654,32764654,-64918256,-64918256,231507279,231507279,447993980,447993980,353853763,353853763,415344542,415344542,366065568,366065568,239833942,239833942,361254811,361254811,143417629,143417629,-147969354,-147969354,-133574335,-133574335,-40830520,-40830520,-194784518,-194784518,-44769893,-44769893,-14408499,-14408499,-25782410,-25782410,51728756,51728756,136292447,136292447,60830862,60830862,-33295760,-33295760,-156995545,-156995545,-90557718,-90557718,-9668425
# status f = 649357596,0,1 : PASS_RHO (rho 0.94216, T 2026.3, 0s)
f = 761303322,0,1 | route RHO | claimed 0.93747539743111162492 | coeffs -230097324,-300680624,-300680624,-421235961,-421235961,-325279772,-325279772,-258841945,-258841945,-183380360,-183380360,-194754271,-194754271,-40800273,-40800273,-332187256,-332187256,-205955630,-205955630,-300095847,-300095847,-202412937,-202412937,-326765897,-326765897,-510092868,-510092868,-245584334,-245584334,-369284119,-369284119,-453847810,-453847810,-423486416,-423486416,-516230231,-516230231,-734067413,-734067413,-684788439,-684788439,-468301738,-468301738,-491462716,-491462716,-485144531,-485144531,-9350826,-9350826,-90240119,-90240119,-184366741,-184366741,-261877907,-261877907,-111863282,-111863282,-126258301,-126258301,-4837432,-4837432,-66328211,-66328211,230097324
f = 761303322,0,1 | route T | claimed 1794.4320892266035436 | coeffs 205955630,300095847,300095847,202412937,202412937,326765897,326765897,510092868,510092868,245584334,245584334,369284119,369284119,453847810,453847810,423486416,423486416,516230231,516230231,734067413,734067413,684788439,684788439,468301738,468301738,491462716,491462716,485144531,485144531,9350826,9350826,90240119,90240119,184366741,184366741,261877907,261877907,111863282,111863282,126258301,126258301,4837432,4837432,66328211,66328211,-230097324,-230097324,-300680624,-300680624,-421235961,-421235961,-325279772,-325279772,-258841945,-258841945,-183380360,-183380360,-194754271,-194754271,-40800273,-40800273,-332187256,-332187256,-205955630
# status f = 761303322,0,1 : PASS_RHO (rho 0.93748, T 1794.4, 0s)
f = 793736673,0,1 | route RHO | claimed 0.9698366227767552587 | coeffs -833014015,-833014015,-647475011,-647475011,-756896897,-756896897,-743294380,-743294380,-768512323,-768512323,-648850147,-648850147,-694497855,-694497855,-476424434,-476424434,-496894135,-496894135,-572476448,-572476448,-331072828,-331072828,-228717222,-228717222,-159781886,-159781886,-121737344,-121737344,2357387,2357387,38440546,38440546,190680968,190680968,70192791,70192791,46393054,46393054,484838946,484838946,324944353,324944353,372899003,372899003,267698077,267698077,128747610,128747610,121374462,121374462,114350254,114350254,549768934,549768934,491757710,491757710,306295352,306295352,561927392,561927392,602745150,602745150,600977390,600977390
f = 793736673,0,1 | route T | claimed 3025.1737124876950179 | coeffs 186130351,233895861,233895861,30880083,30880083,232815,232815,-100424660,-100424660,-329563710,-329563710,-211414950,-211414950,-326064606,-326064606,-490974531,-490974531,-458594281,-458594281,-675847025,-675847025,-490258388,-490258388,-582836866,-582836866,-671663714,-671663714,-799073449,-799073449,-857389239,-857389239,-1137317844,-1137317844,-1357398322,-1357398322,-1362749926,-1362749926,-1391334063,-1391334063,-1762982603,-1762982603,-1611002080,-1611002080,-1386450480,-1386450480,-1327630076,-1327630076,-1105565283,-1105565283,-911185464,-911185464,-885369855,-885369855,-924686490,-924686490,-848592711,-848592711,-680824741,-680824741,-499902023,-499902023,-345710634,-345710634,-186130351
# status f = 793736673,0,1 : PASS_RHO (rho 0.96984, T 3025.2, 0s)
f = 794031576,0,1 | route RHO | claimed 0.90320599200965349001 | coeffs -410105608,-343667781,-343667781,-217436155,-217436155,47072379,47072379,-170764803,-170764803,305028902,305028902,290633883,290633883,411189220,411189220,257235222,257235222,381588182,381588182,351226788,351226788,374387766,374387766,451898932,451898932,155473397,155473397,230934982,230934982,136794765,136794765,13094980,13094980,62373954,62373954,-18515339,-18515339,102905530,102905530,6949341,6949341,298336324,298336324,481663295,481663295,574407110,574407110,568088925,568088925,418074300,418074300,347491000,347491000,336117089,336117089,433799999,433799999,349236308,349236308,565723009,565723009,471596387,471596387,410105608
f = 794031576,0,1 | route T | claimed 1786.2407195406202421 | coeffs 305028902,305028902,290633883,290633883,411189220,411189220,257235222,257235222,381588182,381588182,351226788,351226788,374387766,374387766,451898932,451898932,155473397,155473397,230934982,230934982,136794765,136794765,13094980,13094980,62373954,62373954,-18515339,-18515339,102905530,102905530,6949341,6949341,298336324,298336324,481663295,481663295,574407110,574407110,568088925,568088925,418074300,418074300,347491000,347491000,336117089,336117089,433799999,433799999,349236308,349236308,565723009,565723009,471596387,471596387,410105608,410105608,343667781,343667781,217436155,217436155,-47072379,-47072379,170764803,170764803
# status f = 794031576,0,1 : PASS_RHO (rho 0.90321, T 1786.2, 0s)
f = 810248492,0,1 | route RHO | claimed 0.94215877676772534309 | coeffs 14408499,14408499,44769893,44769893,194784518,194784518,40830520,40830520,133574335,133574335,147969354,147969354,-143417629,-143417629,-361254811,-361254811,-239833942,-239833942,-366065568,-366065568,-415344542,-415344542,-353853763,-353853763,-447993980,-447993980,-231507279,-231507279,64918256,64918256,-32764654,-32764654,-9603676,-9603676,-80186976,-80186976,-204539936,-204539936,-198221751,-198221751,-77666414,-77666414,105660557,105660557,-370133148,-370133148,-274176959,-274176959,-9668425,-9668425,-90557718,-90557718,-156995545,-156995545,-33295760,-33295760,60830862,60830862,136292447,136292447,51728756,51728756,-25782410,-25782410
f = 810248492,0,1 | route T | claimed 2073.8238174506104954 | coeffs -164143012,-164143012,207505528,207505528,296332376,296332376,178183616,178183616,332375005,332375005,554439798,554439798,334359320,334359320,117106576,117106576,86459308,86459308,10365529,10365529,-141614994,-141614994,-14205259,-14205259,100444397,100444397,260024680,260024680,454404499,454404499,449052895,449052895,634641532,634641532,533984057,533984057,366216087,366216087,141664487,141664487,199980277,199980277,364890202,364890202,317124692,317124692,342940301,342940301,314356164,314356164,221777686,221777686,-7361364,-7361364,-188284082,-188284082,-247104486,-247104486,32824119,32824119,443869,443869,203459647,203459647
# status f = 810248492,0,1 : PASS_RHO (rho 0.94216, T 2073.8, 0s)
f = 833552853,0,1 | route RHO | claimed 0.91950411471771457548 | coeffs -362484873,-362484873,-7792451,-7792451,-162241454,-162241454,-128351992,-128351992,21272969,21272969,-81831405,-81831405,-218086159,-218086159,-313369988,-313369988,-267232904,-267232904,-429896802,-429896802,-308812773,-308812773,-424661009,-424661009,-378309568,-378309568,-337076210,-337076210,-80727188,-80727188,-128472707,-128472707,-203934517,-203934517,-131145306,-131145306,-206106252,-206106252,-105604291,-105604291,150482730,150482730,30219295,30219295,55689334,55689334,-106933094,-106933094,-97935186,-97935186,-191620010,-191620010,-152119589,-152119589,-112423542,-112423542,-199762862,-199762862,385311871,385311871,173646920,173646920,221794942,221794942
f = 833552853,0,1 | route T | claimed 2121.510596030974193 | coeffs -106933094,-97935186,-97935186,-191620010,-191620010,-152119589,-152119589,-112423542,-112423542,-199762862,-199762862,385311871,385311871,173646920,173646920,221794942,221794942,362484873,362484873,7792451,7792451,162241454,162241454,128351992,128351992,-21272969,-21272969,81831405,81831405,218086159,218086159,313369988,313369988,267232904,267232904,429896802,429896802,308812773,308812773,424661009,424661009,378309568,378309568,337076210,337076210,80727188,80727188,128472707,128472707,203934517,203934517,131145306,131145306,206106252,206106252,105604291,105604291,-150482730,-150482730,-30219295,-30219295,-55689334,-55689334,106933094
# status f = 833552853,0,1 : PASS_RHO (rho 0.91950, T 2121.5, 0s)
f = 848878551,0,1 | route RHO | claimed 0.94854007539455240515 | coeffs -270368185,-459991304,-459991304,-513945911,-513945911,-272767614,-272767614,-413926662,-413926662,-510201012,-510201012,-251323428,-251323428,-241332942,-241332942,-574819627,-574819627,-557792912,-557792912,-580217332,-580217332,-501178526,-501178526,-452537197,-452537197,-630282806,-630282806,-739825195,-739825195,-437353090,-437353090,-66226616,-66226616,-121298730,-121298730,-58206936,-58206936,88487555,88487555,177411705,177411705,404388357,404388357,329609998,329609998,499229726,499229726,505470592,505470592,443122073,443122073,265879470,265879470,472737585,472737585,609435072,609435072,367321586,367321586,477187572,477187572,494903099,494903099,270368185
f = 848878551,0,1 | route T | claimed 2740.2799940065711998 | coeffs -273535764,-108625839,-108625839,-19798991,-19798991,-14447387,-14447387,-73267791,-73267791,-149361570,-149361570,-101596060,-101596060,16552700,16552700,202141337,202141337,-77787268,-77787268,74193255,74193255,100008864,100008864,254200253,254200253,354857728,354857728,322477478,322477478,449887213,449887213,478471350,478471350,256406557,256406557,88638587,88638587,-114377191,-114377191,-229026847,-229026847,-321605325,-321605325,-541685803,-541685803,-317134203,-317134203,-356450838,-356450838,-196870555,-196870555,32268495,32268495,249521239,249521239,307837029,307837029,679485569,679485569,485105750,485105750,304183032,304183032,273535764
# status f = 848878551,0,1 : PASS_RHO (rho 0.94854, T 2740.3, 0s)
f = 912843680,0,1 | route RHO | claimed 0.96635316539366206327 | coeffs -157202507,-157202507,-149829359,-149829359,-335368363,-335368363,-93964743,-93964743,-532410635,-532410635,-717872993,-717872993,-598210817,-598210817,-722305548,-722305548,-861256015,-861256015,-1093292640,-1093292640,-1017710327,-1017710327,-1041510064,-1041510064,-983498840,-983498840,-958280897,-958280897,-920236355,-920236355,-815035429,-815035429,-816803189,-816803189,-837272890,-837272890,-716784713,-716784713,-281366033,-281366033,-267763516,-267763516,-336698852,-336698852,-288744202,-288744202,-329561960,-329561960,-547635381,-547635381,-395394959,-395394959,-388370751,-388370751,-278948865,-278948865,-176593259,-176593259,-16698666,-16698666,238933374,238933374,193285666,193285666
f = 912843680,0,1 | route T | claimed 2676.3593369207028557 | coeffs -25702840,111542064,111542064,-321269975,-321269975,-260566737,-260566737,-262832456,-262832456,-48343858,-48343858,6482121,6482121,40771809,40771809,-79378686,-79378686,-219995066,-219995066,-180489369,-180489369,-232133710,-232133710,-490246561,-490246561,-316764184,-316764184,-11021861,-11021861,-387654026,-387654026,-46777766,-46777766,108123273,108123273,44892005,44892005,111526942,111526942,120001753,120001753,-115396999,-115396999,154565050,154565050,65955929,65955929,-155582609,-155582609,-90516263,-90516263,-181828277,-181828277,-43470656,-43470656,7423074,7423074,-72428077,-72428077,-143652610,-143652610,-65599580,-65599580,25702840
# status f = 912843680,0,1 : PASS_RHO (rho 0.96635, T 2676.4, 0s)
f = 935448015,0,1 | route RHO | claimed 0.9698366227767552587 | coeffs 768512323,743294380,743294380,756896897,756896897,647475011,647475011,833014015,833014015,600977390,600977390,602745150,602745150,561927392,561927392,306295352,306295352,491757710,491757710,549768934,549768934,114350254,114350254,121374462,121374462,128747610,128747610,267698077,267698077,372899003,372899003,324944353,324944353,484838946,484838946,46393054,46393054,70192791,70192791,190680968,190680968,38440546,38440546,2357387,2357387,-121737344,-121737344,-159781886,-159781886,-228717222,-228717222,-331072828,-331072828,-572476448,-572476448,-496894135,-496894135,-476424434,-476424434,-694497855,-694497855,-648850147,-648850147,-768512323
f = 935448015,0,1 | route T | claimed 2466.384815923505424 | coeffs -427758609,-427758609,-477037583,-477037583,-446676189,-446676189,-711184723,-711184723,-613501813,-613501813,-322114830,-322114830,-246653245,-246653245,-126097908,-126097908,-64607129,-64607129,85407496,85407496,166296789,166296789,143135811,143135811,360972993,360972993,276409302,276409302,459736273,459736273,365596056,365596056,211642058,211642058,278079885,278079885,348663185,348663185,227242316,227242316,149731150,149731150,-326062555,-326062555,-109575854,-109575854,-16832039,-16832039,-140531824,-140531824,-16178864,-16178864,110052762,110052762,121426673,121426673,217382862,217382862,513808397,513808397,528203416,528203416,434076794,434076794
# status f = 935448015,0,1 : PASS_RHO (rho 0.96984, T 2466.4, 0s)
# summary n = 7 l = 1000648897 : EXCLUSION_CANDIDATE ; PASS 32 / 32 ; OPEN_NEAR 0 ; OPEN_FAR 0 ; 14s
