# FAMILY WITNESS FILE (generator family_gen.sage r10). n = 7 ; l = 1000923713 ; m = 64 ; deg = 2 ; ncomp = 32 ; bar_T = 4224 ; L_n = 16.3328709449664096755483535644
# line: f = c0,...,c_deg (monic, over F_l) | route RHO|T | claimed (rho or T, float) | coeffs a_0..a_{m-1}
f = 16773987,0,1 | route RHO | claimed 0.93277089097985158033 | coeffs -218380720,-218380720,-259949278,-259949278,-366328979,-366328979,-409549052,-409549052,-592376852,-592376852,-765189372,-765189372,-957276223,-957276223,-1040694681,-1040694681,-864386607,-864386607,-649520937,-649520937,-646394836,-646394836,-636276035,-636276035,-552041503,-552041503,-500746664,-500746664,-450511822,-450511822,-391824795,-391824795,-444718890,-444718890,-262045931,-262045931,-21886600,-21886600,-89739795,-89739795,295934662,295934662,83117351,83117351,-166315179,-166315179,-295555317,-295555317,-177191543,-177191543,-253787216,-253787216,-159896210,-159896210,18390729,18390729,-3483784,-3483784,-170013594,-170013594,46967261,46967261,186465415,186465415
f = 16773987,0,1 | route T | claimed 2702.7107009584592834 | coeffs 154122080,154122080,288448002,288448002,347544428,347544428,419052167,419052167,610852483,610852483,832374831,832374831,684979945,684979945,1025589712,1025589712,956169844,956169844,678604489,678604489,473045024,473045024,802639016,802639016,763269081,763269081,636478015,636478015,742443608,742443608,909382817,909382817,816803796,816803796,686432999,686432999,635880711,635880711,514770462,514770462,363326071,363326071,463503441,463503441,252542816,252542816,3410969,3410969,22554336,22554336,-23638384,-23638384,-68012382,-68012382,74531942,74531942,266471765,266471765,350541355,350541355,87424235,87424235,-51331368,-51331368
# status f = 16773987,0,1 : PASS_RHO (rho 0.93277, T 2702.7, 1s)
f = 28913444,0,1 | route RHO | claimed 0.92799973098539444937 | coeffs -22558354,219160675,219160675,229639827,229639827,298828200,298828200,390871366,390871366,333986965,333986965,348697339,348697339,364056416,364056416,128303746,128303746,276419149,276419149,306898539,306898539,487036907,487036907,259325389,259325389,207434013,207434013,33807210,33807210,-64662495,-64662495,-234952716,-234952716,-496479055,-496479055,-323388923,-323388923,-97464395,-97464395,183660228,183660228,195875745,195875745,202672526,202672526,149197406,149197406,301315536,301315536,332580026,332580026,305287453,305287453,363726924,363726924,534154995,534154995,497076931,497076931,126198244,126198244,221380718,221380718,22558354
f = 28913444,0,1 | route T | claimed 1537.0362051597871424 | coeffs 205218162,0,-41915610,0,251410882,0,-134494631,0,-89198885,0,128622489,0,10978485,0,167992424,0,82486224,0,123618426,0,212857021,0,54198558,0,74101418,0,265159183,0,-52689648,0,73358867,0,-195233972,0,22806579,0,82331383,0,125597291,0,-166800464,0,19631698,0,54721884,0,211571521,0,175832133,0,6012056,0,41506211,0,-13131311,0,208445420,0,134263575,0,124375830,0,-17180816,0
# status f = 28913444,0,1 : PASS_RHO (rho 0.92800, T 1537.0, 0s)
f = 60236028,0,1 | route RHO | claimed 0.90820461671493812053 | coeffs 41915610,-10978485,-10978485,-54198558,-54198558,195233972,195233972,-19631698,-19631698,-41506211,-41506211,17180816,17180816,-89198885,-89198885,123618426,123618426,-52689648,-52689648,125597291,125597291,175832133,175832133,134263575,134263575,-251410882,-251410882,-167992424,-167992424,-74101418,-74101418,-22806579,-22806579,-54721884,-54721884,13131311,13131311,205218162,205218162,128622489,128622489,212857021,212857021,73358867,73358867,-166800464,-166800464,6012056,6012056,124375830,124375830,134494631,134494631,-82486224,-82486224,-265159183,-265159183,-82331383,-82331383,-211571521,-211571521,-208445420,-208445420,-41915610
f = 60236028,0,1 | route T | claimed 1923.5216935918621624 | coeffs -208445420,0,-41915610,0,10978485,0,54198558,0,-195233972,0,19631698,0,41506211,0,-17180816,0,89198885,0,-123618426,0,52689648,0,-125597291,0,-175832133,0,-134263575,0,251410882,0,167992424,0,74101418,0,22806579,0,54721884,0,-13131311,0,-205218162,0,-128622489,0,-212857021,0,-73358867,0,166800464,0,-6012056,0,-124375830,0,-134494631,0,82486224,0,265159183,0,82331383,0,211571521,0
# status f = 60236028,0,1 : PASS_RHO (rho 0.90820, T 1923.5, 0s)
f = 76290296,0,1 | route RHO | claimed 0.89822768608384347036 | coeffs -134528493,-134528493,-84293651,-84293651,-223791805,-223791805,-170897710,-170897710,-129329152,-129329152,110830179,110830179,67610106,67610106,-318064351,-318064351,-145251831,-145251831,-394684361,-394684361,-478102819,-478102819,-596466593,-596466593,-811332263,-811332263,-717441257,-717441257,-707322456,-707322456,-685447943,-685447943,-736742782,-736742782,-519761927,-519761927,-461074900,-461074900,-492990205,-492990205,-675663164,-675663164,-569283463,-569283463,-637136658,-637136658,-819964458,-819964458,-607147147,-607147147,-415060296,-415060296,-544300434,-544300434,-367992360,-367992360,-291396687,-291396687,-294522788,-294522788,-116235849,-116235849,-32001317,-32001317
f = 76290296,0,1 | route T | claimed 2199.7968015950182019 | coeffs -512155926,-512155926,-171546159,-171546159,-190689526,-190689526,86875829,86875829,42501831,42501831,372095823,372095823,180156000,180156000,306947066,306947066,43829946,43829946,210769155,210769155,313559867,313559867,443930664,443930664,384834238,384834238,263723989,263723989,455524305,455524305,355346935,355346935,502741821,502741821,253609974,253609974,184190106,184190106,230382826,230382826,435942291,435942291,578486615,578486615,539116680,539116680,455047090,455047090,349081497,349081497,210325894,210325894,117746873,117746873,252072795,252072795,302625083,302625083,231117344,231117344,79672953,79672953,301195301,301195301
# status f = 76290296,0,1 : PASS_RHO (rho 0.89823, T 2199.8, 0s)
f = 89562225,0,1 | route RHO | claimed 0.89822768608384347036 | coeffs 110830179,110830179,-129329152,-129329152,-170897710,-170897710,-223791805,-223791805,-84293651,-84293651,-134528493,-134528493,32001317,32001317,116235849,116235849,294522788,294522788,291396687,291396687,367992360,367992360,544300434,544300434,415060296,415060296,607147147,607147147,819964458,819964458,637136658,637136658,569283463,569283463,675663164,675663164,492990205,492990205,461074900,461074900,519761927,519761927,736742782,736742782,685447943,685447943,707322456,707322456,717441257,717441257,811332263,811332263,596466593,596466593,478102819,478102819,394684361,394684361,145251831,145251831,318064351,318064351,-67610106,-67610106
f = 89562225,0,1 | route T | claimed 2485.0421058037731438 | coeffs -10978485,0,-73358867,0,-175832133,0,-41915610,0,212857021,0,125597291,0,208445420,0,-128622489,0,52689648,0,-211571521,0,205218162,0,123618426,0,82331383,0,-13131311,0,89198885,0,-265159183,0,-54721884,0,17180816,0,82486224,0,22806579,0,41506211,0,134494631,0,-74101418,0,-19631698,0,-124375830,0,167992424,0,-195233972,0,6012056,0,-251410882,0,-54198558,0,166800464,0,-134263575,0
# status f = 89562225,0,1 : PASS_RHO (rho 0.89823, T 2485.0, 0s)
f = 156575188,0,1 | route RHO | claimed 0.92493825929636878892 | coeffs 53623690,-116666531,-116666531,-79588467,-79588467,-110067857,-110067857,-163542977,-163542977,-71499811,-71499811,190026528,190026528,-180852159,-180852159,-713791,-713791,-152831921,-152831921,-95947520,-95947520,77142612,77142612,-18039862,-18039862,209671656,209671656,240936146,240936146,255646520,255646520,29721992,29721992,-169100372,-169100372,-220991748,-220991748,-193699175,-193699175,-209058252,-209058252,72066371,72066371,313785400,313785400,487412203,487412203,545851674,545851674,310099004,310099004,297883487,297883487,287404335,287404335,188934630,188934630,18506559,18506559,-129608844,-129608844,-122812063,-122812063,-53623690
f = 156575188,0,1 | route T | claimed 2180.3776981726415479 | coeffs -357714093,-357714093,-117554762,-117554762,-284084572,-284084572,-460392646,-460392646,-392539451,-392539451,-609520306,-609520306,-394654636,-394654636,-8980179,-8980179,130517975,130517975,127391874,127391874,340209185,340209185,308293880,308293880,318412681,318412681,68980151,68980151,110548709,110548709,26314177,26314177,155554315,155554315,49174614,49174614,100469453,100469453,218833227,218833227,262053300,262053300,211818458,211818458,288414131,288414131,105586331,105586331,164273358,164273358,258164364,258164364,430976884,430976884,483870979,483870979,305584040,305584040,113497189,113497189,296170148,296170148,274295635,274295635
# status f = 156575188,0,1 : PASS_RHO (rho 0.92494, T 2180.4, 0s)
f = 172663384,0,1 | route RHO | claimed 0.94043723101065670847 | coeffs -13131311,0,10978485,0,-22806579,0,208445420,0,167992424,0,-82331383,0,134263575,0,82486224,0,-125597291,0,124375830,0,123618426,0,166800464,0,-17180816,0,212857021,0,-19631698,0,-205218162,0,54198558,0,-54721884,0,41915610,0,74101418,0,-211571521,0,-251410882,0,265159183,0,-175832133,0,134494631,0,-52689648,0,-6012056,0,89198885,0,73358867,0,-41506211,0,-128622489,0,-195233972,0
f = 172663384,0,1 | route T | claimed 2052.9247655138609385 | coeffs -665564224,-665564224,-419349387,-419349387,-405098841,-405098841,-765275809,-765275809,-622147240,-622147240,-607427487,-607427487,-481693336,-481693336,-731397315,-731397315,-512361162,-512361162,-480714316,-480714316,-288679312,-288679312,-327212231,-327212231,-384142741,-384142741,-258198409,-258198409,-36798957,-36798957,-155133787,-155133787,-238152445,-238152445,118882939,118882939,-13907646,-13907646,93999990,93999990,205489390,205489390,256499302,256499302,447512753,447512753,795294213,795294213,832285136,832285136,577143024,577143024,648104239,648104239,404891888,404891888,441025820,441025820,382491979,382491979,514828770,514828770,630265318,630265318
# status f = 172663384,0,1 : PASS_RHO (rho 0.94044, T 2052.9, 0s)
f = 189227060,0,1 | route RHO | claimed 0.93277089097985158033 | coeffs 295555317,295555317,166315179,166315179,-83117351,-83117351,-295934662,-295934662,89739795,89739795,21886600,21886600,262045931,262045931,444718890,444718890,391824795,391824795,450511822,450511822,500746664,500746664,552041503,552041503,636276035,636276035,646394836,646394836,649520937,649520937,864386607,864386607,1040694681,1040694681,957276223,957276223,765189372,765189372,592376852,592376852,409549052,409549052,366328979,366328979,259949278,259949278,218380720,218380720,186465415,186465415,46967261,46967261,-170013594,-170013594,-3483784,-3483784,18390729,18390729,-159896210,-159896210,-253787216,-253787216,-177191543,-177191543
f = 189227060,0,1 | route T | claimed 2395.8907067299933847 | coeffs 0,52689648,0,167992424,0,-205218162,0,-6012056,0,82331383,0,-54198558,0,-89198885,0,134263575,0,-54721884,0,73358867,0,-82486224,0,-41915610,0,41506211,0,-125597291,0,74101418,0,-128622489,0,-124375830,0,211571521,0,195233972,0,123618426,0,-251410882,0,13131311,0,-166800464,0,-265159183,0,10978485,0,-17180816,0,-175832133,0,22806579,0,-212857021,0,-134494631,0,208445420,0,-19631698
# status f = 189227060,0,1 : PASS_RHO (rho 0.93277, T 2395.9, 0s)
f = 253267475,0,1 | route RHO | claimed 0.90347016458542579657 | coeffs -396183268,-344888429,-344888429,-594320959,-594320959,-454822805,-454822805,-631130879,-631130879,-813803838,-813803838,-907694844,-907694844,-950914917,-950914917,-866680385,-866680385,-1079497696,-1079497696,-862516841,-862516841,-779098383,-779098383,-726204288,-726204288,-649608615,-649608615,-755988316,-755988316,-745869515,-745869515,-360195058,-360195058,-526724868,-526724868,-334638017,-334638017,-393325044,-393325044,-511688818,-511688818,-553257376,-553257376,-550131275,-550131275,-617984470,-617984470,-639858983,-639858983,-467046463,-467046463,-517281305,-517281305,-388041167,-388041167,-419956472,-419956472,-205090802,-205090802,35068529,35068529,213355468,213355468,396183268
f = 253267475,0,1 | route T | claimed 1673.4643633114877223 | coeffs -19902860,-158658463,-158658463,-89238595,-89238595,41132202,41132202,85506200,85506200,157013939,157013939,117644004,117644004,217821374,217821374,-45295746,-45295746,-385905513,-385905513,-293326492,-293326492,-247133772,-247133772,-188037346,-188037346,141556646,141556646,-9887745,-9887745,74181845,74181845,221576731,221576731,54637522,54637522,35494155,35494155,169820077,169820077,-35739388,-35739388,-156849637,-156849637,35090186,35090186,-186432162,-186432162,-292397755,-292397755,-43265908,-43265908,59524804,59524804,-218040551,-218040551,-268592839,-268592839,-126048515,-126048515,-317848831,-317848831,-191057765,-191057765,19902860
# status f = 253267475,0,1 : PASS_RHO (rho 0.90347, T 1673.5, 0s)
f = 292840511,0,1 | route RHO | claimed 0.94161267689007843576 | coeffs -139634209,-139634209,-352451520,-352451520,-402686362,-402686362,-486104820,-486104820,-454189515,-454189515,-377593842,-377593842,-137434511,-137434511,-147553312,-147553312,-330381112,-330381112,-496910922,-496910922,-247478392,-247478392,-188791365,-188791365,-365099439,-365099439,-406667997,-406667997,-312776991,-312776991,-244923796,-244923796,-160689264,-160689264,12123256,12123256,-204857599,-204857599,-334097737,-334097737,-281203642,-281203642,-66337972,-66337972,40041729,40041729,-138245210,-138245210,247429247,247429247,196134408,196134408,4047557,4047557,143545711,143545711,25181937,25181937,207854896,207854896,204728795,204728795,161508722,161508722
f = 292840511,0,1 | route T | claimed 2140.3059692695194984 | coeffs -56391436,-56391436,70399630,70399630,-76995256,-76995256,-215750859,-215750859,-234894226,-234894226,-365265023,-365265023,-159705558,-159705558,-88197819,-88197819,103742004,103742004,3564634,3564634,109530227,109530227,-231079540,-231079540,-128288828,-128288828,-174481548,-174481548,-123929260,-123929260,205664732,205664732,13864416,13864416,-70205174,-70205174,-281165799,-281165799,-448105008,-448105008,-517524876,-517524876,-651850798,-651850798,-607476800,-607476800,-728587049,-728587049,-689217114,-689217114,-467694766,-467694766,-730811886,-730811886,-481680039,-481680039,-574259060,-574259060,-296693705,-296693705,-237597279,-237597279,-95052955,-95052955
# status f = 292840511,0,1 : PASS_RHO (rho 0.94161, T 2140.3, 0s)
f = 346507514,0,1 | route RHO | claimed 0.89174934209413319526 | coeffs -13131311,0,-124375830,0,41915610,0,-89198885,0,-167992424,0,212857021,0,-265159183,0,-195233972,0,-125597291,0,54721884,0,-6012056,0,208445420,0,17180816,0,-251410882,0,128622489,0,-82486224,0,54198558,0,52689648,0,22806579,0,166800464,0,211571521,0,-41506211,0,134263575,0,205218162,0,134494631,0,10978485,0,-123618426,0,74101418,0,-73358867,0,82331383,0,-19631698,0,175832133,0
f = 346507514,0,1 | route T | claimed 2323.849392958409346 | coeffs 486912178,486912178,412730333,412730333,600767679,600767679,986673192,986673192,869029188,869029188,827896986,827896986,847799846,847799846,721751331,721751331,781276135,781276135,594843973,594843973,559104585,559104585,613742107,613742107,603854362,603854362,356720590,356720590,311424844,311424844,468438783,468438783,379200188,379200188,570257953,570257953,838850792,838850792,882116700,882116700,847026514,847026514,677206437,677206437,455629706,455629706,314073060,314073060,607399552,607399552,389578178,389578178,304071978,304071978,462730441,462730441,144881610,144881610,-73158941,-73158941,-365556696,-365556696,-522406333,-522406333
# status f = 346507514,0,1 : PASS_RHO (rho 0.89175, T 2323.8, 0s)
f = 352583746,0,1 | route RHO | claimed 0.92493825929636878892 | coeffs 71499811,71499811,163542977,163542977,110067857,110067857,79588467,79588467,116666531,116666531,-53623690,-53623690,-122812063,-122812063,-129608844,-129608844,18506559,18506559,188934630,188934630,287404335,287404335,297883487,297883487,310099004,310099004,545851674,545851674,487412203,487412203,313785400,313785400,72066371,72066371,-209058252,-209058252,-193699175,-193699175,-220991748,-220991748,-169100372,-169100372,29721992,29721992,255646520,255646520,240936146,240936146,209671656,209671656,-18039862,-18039862,77142612,77142612,-95947520,-95947520,-152831921,-152831921,-713791,-713791,-180852159,-180852159,190026528,190026528
f = 352583746,0,1 | route T | claimed 2969.8322340417308341 | coeffs -843131737,-843131737,-830789997,-830789997,-746279066,-746279066,-1074656655,-1074656655,-938975352,-938975352,-914499956,-914499956,-1021840165,-1021840165,-962573912,-962573912,-868534983,-868534983,-506663660,-506663660,-593986531,-593986531,-548796384,-548796384,-467484182,-467484182,-407912946,-407912946,-15012304,-15012304,87359647,87359647,59816854,59816854,199275344,199275344,251567468,251567468,163593465,163593465,237461387,237461387,160836781,160836781,220260989,220260989,304503895,304503895,312375055,312375055,315100458,315100458,641028975,641028975,530485778,530485778,215309977,215309977,532712781,532712781,597653649,597653649,746490650,746490650
# status f = 352583746,0,1 : PASS_RHO (rho 0.92494, T 2969.8, 0s)
f = 368944351,0,1 | route RHO | claimed 0.94043723101065670847 | coeffs 41506211,0,-73358867,0,-89198885,0,6012056,0,52689648,0,-134494631,0,175832133,0,-265159183,0,251410882,0,211571521,0,-74101418,0,-41915610,0,54721884,0,-54198558,0,205218162,0,19631698,0,-212857021,0,17180816,0,-166800464,0,-123618426,0,-124375830,0,125597291,0,-82486224,0,-134263575,0,82331383,0,-167992424,0,-208445420,0,22806579,0,-10978485,0,13131311,0,-195233972,0,-128622489,0
f = 368944351,0,1 | route T | claimed 1930.3929541694009608 | coeffs -19631698,0,212857021,0,-17180816,0,166800464,0,123618426,0,124375830,0,-125597291,0,82486224,0,134263575,0,-82331383,0,167992424,0,208445420,0,-22806579,0,10978485,0,-13131311,0,195233972,0,128622489,0,41506211,0,-73358867,0,-89198885,0,6012056,0,52689648,0,-134494631,0,175832133,0,-265159183,0,251410882,0,211571521,0,-74101418,0,-41915610,0,54721884,0,-54198558,0,205218162,0
# status f = 368944351,0,1 : PASS_RHO (rho 0.94044, T 1930.4, 0s)
f = 373851833,0,1 | route RHO | claimed 0.91058516436890314337 | coeffs -458435093,-374200561,-374200561,-442053756,-442053756,-348162750,-348162750,-306594192,-306594192,-482902266,-482902266,-541589293,-541589293,-292156763,-292156763,-125626953,-125626953,-308454753,-308454753,-298335952,-298335952,-58176621,-58176621,-134772294,-134772294,-102856989,-102856989,-19438531,-19438531,-69673373,-69673373,143143938,143143938,165018451,165018451,121798378,121798378,124924479,124924479,307597438,307597438,425961212,425961212,565459366,565459366,757546217,757546217,706251378,706251378,320576921,320576921,142289982,142289982,35910281,35910281,250775951,250775951,197881856,197881856,68641718,68641718,285622573,285622573,458435093
f = 373851833,0,1 | route T | claimed 1988.083487595141456 | coeffs 257087136,257087136,234572846,234572846,554786212,554786212,315832834,315832834,375227552,375227552,466012186,466012186,443677868,443677868,218228911,218228911,241349464,241349464,445186829,445186829,330503881,330503881,411218113,411218113,256840273,256840273,462677278,462677278,542975415,542975415,366222511,366222511,278732026,278732026,330658473,330658473,432879348,432879348,413882629,413882629,395989095,395989095,500538929,500538929,621941467,621941467,735117949,735117949,504893202,504893202,405669167,405669167,683024708,683024708,438751280,438751280,85800392,85800392,-393147,-393147,-120137718,-120137718,-397125399,-397125399
# status f = 373851833,0,1 : PASS_RHO (rho 0.91059, T 1988.1, 0s)
f = 476708918,0,1 | route RHO | claimed 0.87544146319452594488 | coeffs -21300281,-21300281,-53215586,-53215586,-231502525,-231502525,17930005,17930005,-164742954,-164742954,-248977486,-248977486,-165559028,-165559028,-59179327,-59179327,-225709137,-225709137,-107345363,-107345363,-175198558,-175198558,-124963716,-124963716,89901954,89901954,-92925846,-92925846,-232424000,-232424000,-326315006,-326315006,-113497695,-113497695,-60603600,-60603600,-70722401,-70722401,121364450,121364450,162933008,162933008,141058495,141058495,11818357,11818357,251977688,251977688,303272527,303272527,479580601,479580601,436360528,436360528,219379673,219379673,295975346,295975346,-89699111,-89699111,-148386138,-148386138,-151512239,-151512239
f = 476708918,0,1 | route T | claimed 2252.9605938694640273 | coeffs -70722401,-70722401,121364450,121364450,162933008,162933008,141058495,141058495,11818357,11818357,251977688,251977688,303272527,303272527,479580601,479580601,436360528,436360528,219379673,219379673,295975346,295975346,-89699111,-89699111,-148386138,-148386138,-151512239,-151512239,21300281,21300281,53215586,53215586,231502525,231502525,-17930005,-17930005,164742954,164742954,248977486,248977486,165559028,165559028,59179327,59179327,225709137,225709137,107345363,107345363,175198558,175198558,124963716,124963716,-89901954,-89901954,92925846,92925846,232424000,232424000,326315006,326315006,113497695,113497695,60603600,60603600
# status f = 476708918,0,1 : PASS_RHO (rho 0.87544, T 2253.0, 0s)
f = 478324846,0,1 | route RHO | claimed 0.90820461671493812053 | coeffs -82486224,-82486224,134494631,134494631,124375830,124375830,6012056,6012056,-166800464,-166800464,73358867,73358867,212857021,212857021,128622489,128622489,205218162,205218162,13131311,13131311,-54721884,-54721884,-22806579,-22806579,-74101418,-74101418,-167992424,-167992424,-251410882,-251410882,134263575,134263575,175832133,175832133,125597291,125597291,-52689648,-52689648,123618426,123618426,-89198885,-89198885,17180816,17180816,-41506211,-41506211,-19631698,-19631698,195233972,195233972,-54198558,-54198558,-10978485,-10978485,41915610,41915610,208445420,208445420,211571521,211571521,82331383,82331383,265159183,265159183
f = 478324846,0,1 | route T | claimed 3127.4132027404994281 | coeffs -260212391,-194548300,-194548300,12500974,12500974,-97669390,-97669390,-277480211,-277480211,-214223245,-214223245,-169187077,-169187077,-510198733,-510198733,-502620068,-502620068,-886271657,-886271657,-1011279038,-1011279038,-1001131657,-1001131657,-839661763,-839661763,-872680218,-872680218,-770555823,-770555823,-647845600,-647845600,-682164529,-682164529,-484313381,-484313381,-337760228,-337760228,-355699183,-355699183,-176566705,-176566705,-260617866,-260617866,-531539626,-531539626,-202627816,-202627816,-171544855,-171544855,-396057945,-396057945,-180213473,-180213473,-163010194,-163010194,-37553393,-37553393,-340662736,-340662736,-151185521,-151185521,-44369455,-44369455,260212391
# status f = 478324846,0,1 : PASS_RHO (rho 0.90820, T 3127.4, 0s)
f = 522598867,0,1 | route RHO | claimed 0.93405433551145303849 | coeffs 377527159,377527159,-8147298,-8147298,33421260,33421260,83656102,83656102,-94630837,-94630837,-270938911,-270938911,-483756222,-483756222,-590135923,-590135923,-648822950,-648822950,-670697463,-670697463,-455831793,-455831793,-206399263,-206399263,-163179190,-163179190,-216073285,-216073285,-49543475,-49543475,-52669576,-52669576,-181909714,-181909714,-364737514,-364737514,-547410473,-547410473,-330429618,-330429618,-320310817,-320310817,-438674591,-438674591,-265862071,-265862071,-25702740,-25702740,-165200894,-165200894,-249435426,-249435426,-326031099,-326031099,-518117950,-518117950,-450264755,-450264755,-418349450,-418349450,-367054611,-367054611,-460945617,-460945617
f = 522598867,0,1 | route T | claimed 2325.8964458114462198 | coeffs 192378381,335768773,335768773,9391988,9391988,-43375918,-43375918,232614662,232614662,371865060,371865060,391307254,391307254,152314166,152314166,307018219,307018219,61263049,61263049,155663591,155663591,172272709,172272709,177389141,177389141,299055120,299055120,271447276,271447276,112054920,112054920,227110278,227110278,128591836,128591836,84066039,84066039,93979689,93979689,-101603615,-101603615,-108717070,-108717070,49948073,49948073,-62361517,-62361517,-441897117,-441897117,-293795570,-293795570,-245866062,-245866062,-435279585,-435279585,-315960072,-315960072,-696808521,-696808521,-377114042,-377114042,-430026032,-430026032,-192378381
# status f = 522598867,0,1 : PASS_RHO (rho 0.93405, T 2325.9, 0s)
f = 524214795,0,1 | route RHO | claimed 0.89174934209413319526 | coeffs -265159183,0,212857021,0,-167992424,0,-89198885,0,41915610,0,-124375830,0,-13131311,0,-175832133,0,19631698,0,-82331383,0,73358867,0,-74101418,0,123618426,0,-10978485,0,-134494631,0,-205218162,0,-134263575,0,41506211,0,-211571521,0,-166800464,0,-22806579,0,-52689648,0,-54198558,0,82486224,0,-128622489,0,251410882,0,-17180816,0,-208445420,0,6012056,0,-54721884,0,125597291,0,195233972,0
f = 524214795,0,1 | route T | claimed 1818.8246985315749858 | coeffs -41915610,0,124375830,0,13131311,0,175832133,0,-19631698,0,82331383,0,-73358867,0,74101418,0,-123618426,0,10978485,0,134494631,0,205218162,0,134263575,0,-41506211,0,211571521,0,166800464,0,22806579,0,52689648,0,54198558,0,-82486224,0,128622489,0,-251410882,0,17180816,0,208445420,0,-6012056,0,54721884,0,-125597291,0,-195233972,0,-265159183,0,212857021,0,-167992424,0,-89198885,0
# status f = 524214795,0,1 : PASS_RHO (rho 0.89175, T 1818.8, 0s)
f = 627071880,0,1 | route RHO | claimed 0.94161267689007843576 | coeffs -244923796,-312776991,-312776991,-406667997,-406667997,-365099439,-365099439,-188791365,-188791365,-247478392,-247478392,-496910922,-496910922,-330381112,-330381112,-147553312,-147553312,-137434511,-137434511,-377593842,-377593842,-454189515,-454189515,-486104820,-486104820,-402686362,-402686362,-352451520,-352451520,-139634209,-139634209,-161508722,-161508722,-204728795,-204728795,-207854896,-207854896,-25181937,-25181937,-143545711,-143545711,-4047557,-4047557,-196134408,-196134408,-247429247,-247429247,138245210,138245210,-40041729,-40041729,66337972,66337972,281203642,281203642,334097737,334097737,204857599,204857599,-12123256,-12123256,160689264,160689264,244923796
f = 627071880,0,1 | route T | claimed 2607.8025055065045647 | coeffs -196134408,-247429247,-247429247,138245210,138245210,-40041729,-40041729,66337972,66337972,281203642,281203642,334097737,334097737,204857599,204857599,-12123256,-12123256,160689264,160689264,244923796,244923796,312776991,312776991,406667997,406667997,365099439,365099439,188791365,188791365,247478392,247478392,496910922,496910922,330381112,330381112,147553312,147553312,137434511,137434511,377593842,377593842,454189515,454189515,486104820,486104820,402686362,402686362,352451520,352451520,139634209,139634209,161508722,161508722,204728795,204728795,207854896,207854896,25181937,25181937,143545711,143545711,4047557,4047557,196134408
# status f = 627071880,0,1 : PASS_RHO (rho 0.94161, T 2607.8, 0s)
f = 631979362,0,1 | route RHO | claimed 0.89698946428193019399 | coeffs -970890085,-970890085,-841649947,-841649947,-935540953,-935540953,-769011143,-769011143,-800926448,-800926448,-844146521,-844146521,-1036233372,-1036233372,-821367702,-821367702,-737133170,-737133170,-678446143,-678446143,-438286812,-438286812,-651104123,-651104123,-532740349,-532740349,-354453410,-354453410,-137472555,-137472555,-95903997,-95903997,86923803,86923803,170342261,170342261,167216160,167216160,115921321,115921321,168815416,168815416,236668611,236668611,486101141,486101141,562696814,562696814,584571327,584571327,445073173,445073173,338693472,338693472,165880952,165880952,342189026,342189026,352307827,352307827,402542669,402542669,585215628,585215628
f = 631979362,0,1 | route T | claimed 1720.0386074394554473 | coeffs 0,-41915610,0,-54721884,0,-54198558,0,-205218162,0,19631698,0,212857021,0,17180816,0,166800464,0,-123618426,0,124375830,0,125597291,0,82486224,0,-134263575,0,-82331383,0,-167992424,0,208445420,0,22806579,0,10978485,0,13131311,0,195233972,0,-128622489,0,41506211,0,73358867,0,-89198885,0,-6012056,0,52689648,0,134494631,0,175832133,0,265159183,0,251410882,0,-211571521,0,-74101418
# status f = 631979362,0,1 : PASS_RHO (rho 0.89699, T 1720.0, 0s)
f = 648339967,0,1 | route RHO | claimed 0.91334845406024614291 | coeffs 512813881,727679551,727679551,944660406,944660406,1012513601,1012513601,1188821675,1188821675,1022291865,1022291865,782132534,782132534,698714076,698714076,676839563,676839563,494166604,494166604,302079753,302079753,480366692,480366692,533260787,533260787,360448267,360448267,454339273,454339273,395652246,395652246,212824446,212824446,136228773,136228773,85993931,85993931,42773858,42773858,161137632,161137632,109842793,109842793,3463092,3463092,-125777046,-125777046,-210011578,-210011578,-251580136,-251580136,-501012666,-501012666,-511131467,-511131467,-543046772,-543046772,-755864083,-755864083,-758990184,-758990184,-898488338,-898488338,-512813881
f = 648339967,0,1 | route T | claimed 2987.4784212235428173 | coeffs 501012666,501012666,511131467,511131467,543046772,543046772,755864083,755864083,758990184,758990184,898488338,898488338,512813881,512813881,727679551,727679551,944660406,944660406,1012513601,1012513601,1188821675,1188821675,1022291865,1022291865,782132534,782132534,698714076,698714076,676839563,676839563,494166604,494166604,302079753,302079753,480366692,480366692,533260787,533260787,360448267,360448267,454339273,454339273,395652246,395652246,212824446,212824446,136228773,136228773,85993931,85993931,42773858,42773858,161137632,161137632,109842793,109842793,3463092,3463092,-125777046,-125777046,-210011578,-210011578,-251580136,-251580136
# status f = 648339967,0,1 : PASS_RHO (rho 0.91335, T 2987.5, 0s)
f = 654416199,0,1 | route RHO | claimed 0.87544146319452594488 | coeffs 151512239,148386138,148386138,89699111,89699111,-295975346,-295975346,-219379673,-219379673,-436360528,-436360528,-479580601,-479580601,-303272527,-303272527,-251977688,-251977688,-11818357,-11818357,-141058495,-141058495,-162933008,-162933008,-121364450,-121364450,70722401,70722401,60603600,60603600,113497695,113497695,326315006,326315006,232424000,232424000,92925846,92925846,-89901954,-89901954,124963716,124963716,175198558,175198558,107345363,107345363,225709137,225709137,59179327,59179327,165559028,165559028,248977486,248977486,164742954,164742954,-17930005,-17930005,231502525,231502525,53215586,53215586,21300281,21300281,-151512239
f = 654416199,0,1 | route T | claimed 3140.5546079987392455 | coeffs -353874304,-425382043,-425382043,-355962175,-355962175,-229171109,-229171109,-178618821,-178618821,70513026,70513026,-121426797,-121426797,12899125,12899125,-134495761,-134495761,195098231,195098231,102519210,102519210,202696580,202696580,158322582,158322582,19566979,19566979,-172233337,-172233337,105332018,105332018,-633575,-633575,120476674,120476674,101333307,101333307,17263717,17263717,76360143,76360143,416969910,416969910,377599975,377599975,247229178,247229178,36268553,36268553,178812877,178812877,76022165,76022165,-145500183,-145500183,60059282,60059282,-106879927,-106879927,44564464,44564464,90757184,90757184,353874304
# status f = 654416199,0,1 : PASS_RHO (rho 0.87544, T 3140.6, 0s)
f = 708083202,0,1 | route RHO | claimed 0.91058516436890314337 | coeffs -68641718,-197881856,-197881856,-250775951,-250775951,-35910281,-35910281,-142289982,-142289982,-320576921,-320576921,-706251378,-706251378,-757546217,-757546217,-565459366,-565459366,-425961212,-425961212,-307597438,-307597438,-124924479,-124924479,-121798378,-121798378,-165018451,-165018451,-143143938,-143143938,69673373,69673373,19438531,19438531,102856989,102856989,134772294,134772294,58176621,58176621,298335952,298335952,308454753,308454753,125626953,125626953,292156763,292156763,541589293,541589293,482902266,482902266,306594192,306594192,348162750,348162750,442053756,442053756,374200561,374200561,458435093,458435093,285622573,285622573,68641718
f = 708083202,0,1 | route T | claimed 3205.1707177447108997 | coeffs 0,208445420,0,54198558,0,-41506211,0,-123618426,0,175832133,0,167992424,0,-54721884,0,-128622489,0,-166800464,0,-134494631,0,-82331383,0,41915610,0,-195233972,0,17180816,0,52689648,0,134263575,0,74101418,0,13131311,0,-212857021,0,6012056,0,82486224,0,-211571521,0,-10978485,0,19631698,0,-89198885,0,-125597291,0,-251410882,0,22806579,0,205218162,0,-73358867,0,124375830,0,265159183
# status f = 708083202,0,1 : PASS_RHO (rho 0.91059, T 3205.2, 0s)
f = 747656238,0,1 | route RHO | claimed 0.92799973098539444937 | coeffs 219160675,-22558354,-22558354,-221380718,-221380718,-126198244,-126198244,-497076931,-497076931,-534154995,-534154995,-363726924,-363726924,-305287453,-305287453,-332580026,-332580026,-301315536,-301315536,-149197406,-149197406,-202672526,-202672526,-195875745,-195875745,-183660228,-183660228,97464395,97464395,323388923,323388923,496479055,496479055,234952716,234952716,64662495,64662495,-33807210,-33807210,-207434013,-207434013,-259325389,-259325389,-487036907,-487036907,-306898539,-306898539,-276419149,-276419149,-128303746,-128303746,-364056416,-364056416,-348697339,-348697339,-333986965,-333986965,-390871366,-390871366,-298828200,-298828200,-229639827,-229639827,-219160675
f = 747656238,0,1 | route T | claimed 1897.8936502369563595 | coeffs 175832133,0,211571521,0,54721884,0,19631698,0,-166800464,0,125597291,0,82331383,0,22806579,0,-195233972,0,73358867,0,-52689648,0,265159183,0,74101418,0,54198558,0,212857021,0,123618426,0,82486224,0,167992424,0,10978485,0,128622489,0,-89198885,0,-134494631,0,251410882,0,-41915610,0,205218162,0,17180816,0,-124375830,0,-134263575,0,-208445420,0,13131311,0,-41506211,0,-6012056,0
# status f = 747656238,0,1 : PASS_RHO (rho 0.92800, T 1897.9, 0s)
f = 811696653,0,1 | route RHO | claimed 0.90426977785261893081 | coeffs -175832133,0,-22806579,0,-212857021,0,134494631,0,208445420,0,19631698,0,-52689648,0,167992424,0,205218162,0,-6012056,0,-82331383,0,-54198558,0,89198885,0,134263575,0,54721884,0,73358867,0,82486224,0,-41915610,0,-41506211,0,-125597291,0,-74101418,0,-128622489,0,124375830,0,211571521,0,-195233972,0,123618426,0,251410882,0,13131311,0,166800464,0,-265159183,0,-10978485,0,-17180816,0
f = 811696653,0,1 | route T | claimed 1673.5809144682578582 | coeffs -22806579,0,-212857021,0,134494631,0,208445420,0,19631698,0,-52689648,0,167992424,0,205218162,0,-6012056,0,-82331383,0,-54198558,0,89198885,0,134263575,0,54721884,0,73358867,0,82486224,0,-41915610,0,-41506211,0,-125597291,0,-74101418,0,-128622489,0,124375830,0,211571521,0,-195233972,0,123618426,0,251410882,0,13131311,0,166800464,0,-265159183,0,-10978485,0,-17180816,0,175832133,0
# status f = 811696653,0,1 : PASS_RHO (rho 0.90427, T 1673.6, 0s)
f = 828260329,0,1 | route RHO | claimed 0.89698946428193019399 | coeffs 86923803,-95903997,-95903997,-137472555,-137472555,-354453410,-354453410,-532740349,-532740349,-651104123,-651104123,-438286812,-438286812,-678446143,-678446143,-737133170,-737133170,-821367702,-821367702,-1036233372,-1036233372,-844146521,-844146521,-800926448,-800926448,-769011143,-769011143,-935540953,-935540953,-841649947,-841649947,-970890085,-970890085,-585215628,-585215628,-402542669,-402542669,-352307827,-352307827,-342189026,-342189026,-165880952,-165880952,-338693472,-338693472,-445073173,-445073173,-584571327,-584571327,-562696814,-562696814,-486101141,-486101141,-236668611,-236668611,-168815416,-168815416,-115921321,-115921321,-167216160,-167216160,-170342261,-170342261,-86923803
f = 828260329,0,1 | route T | claimed 2322.6978290822542279 | coeffs 354453410,354453410,532740349,532740349,651104123,651104123,438286812,438286812,678446143,678446143,737133170,737133170,821367702,821367702,1036233372,1036233372,844146521,844146521,800926448,800926448,769011143,769011143,935540953,935540953,841649947,841649947,970890085,970890085,585215628,585215628,402542669,402542669,352307827,352307827,342189026,342189026,165880952,165880952,338693472,338693472,445073173,445073173,584571327,584571327,562696814,562696814,486101141,486101141,236668611,236668611,168815416,168815416,115921321,115921321,167216160,167216160,170342261,170342261,86923803,86923803,-95903997,-95903997,-137472555,-137472555
# status f = 828260329,0,1 : PASS_RHO (rho 0.89699, T 2322.7, 0s)
f = 844348525,0,1 | route RHO | claimed 0.91334845406024614291 | coeffs -125777046,3463092,3463092,109842793,109842793,161137632,161137632,42773858,42773858,85993931,85993931,136228773,136228773,212824446,212824446,395652246,395652246,454339273,454339273,360448267,360448267,533260787,533260787,480366692,480366692,302079753,302079753,494166604,494166604,676839563,676839563,698714076,698714076,782132534,782132534,1022291865,1022291865,1188821675,1188821675,1012513601,1012513601,944660406,944660406,727679551,727679551,512813881,512813881,898488338,898488338,758990184,758990184,755864083,755864083,543046772,543046772,511131467,511131467,501012666,501012666,251580136,251580136,210011578,210011578,125777046
f = 844348525,0,1 | route T | claimed 2491.9038524293991673 | coeffs -263947050,-58387585,-58387585,41789785,41789785,144580497,144580497,-185013495,-185013495,-395974120,-395974120,-261648198,-261648198,-222278263,-222278263,-471410110,-471410110,-412313684,-412313684,-285522618,-285522618,-266379251,-266379251,-194871512,-194871512,-300837105,-300837105,-347029825,-347029825,-155229509,-155229509,-322168718,-322168718,-366542716,-366542716,-145020368,-145020368,-52441347,-52441347,90102977,90102977,-57291909,-57291909,73078888,73078888,265018711,265018711,605628478,605628478,656180766,656180766,740250356,740250356,670830488,670830488,791940737,791940737,528823617,528823617,251258262,251258262,402702653,402702653,263947050
# status f = 844348525,0,1 : PASS_RHO (rho 0.91335, T 2491.9, 0s)
f = 911361488,0,1 | route RHO | claimed 0.92354930224933286413 | coeffs -372482408,-424373784,-424373784,-431170565,-431170565,-335988091,-335988091,-571740761,-571740761,-310214422,-310214422,-337506995,-337506995,-268318622,-268318622,-40607104,-40607104,-28391587,-28391587,342487100,342487100,327128023,327128023,156837802,156837802,125573312,125573312,115094160,115094160,295232528,295232528,14107905,14107905,-22970159,-22970159,-8259785,-8259785,90209920,90209920,242328050,242328050,484047079,484047079,453567689,453567689,679492217,679492217,509064146,509064146,565948547,565948547,392321744,392321744,445796864,445796864,246974500,246974500,395089903,395089903,221999771,221999771,280439242,280439242,372482408
f = 911361488,0,1 | route T | claimed 2168.7274705203774516 | coeffs 0,-82486224,0,22806579,0,-41506211,0,134494631,0,74101418,0,-19631698,0,124375830,0,167992424,0,195233972,0,6012056,0,251410882,0,-54198558,0,-166800464,0,-134263575,0,-10978485,0,73358867,0,-175832133,0,41915610,0,212857021,0,-125597291,0,208445420,0,128622489,0,52689648,0,211571521,0,205218162,0,-123618426,0,82331383,0,13131311,0,89198885,0,265159183,0,-54721884,0,-17180816
# status f = 911361488,0,1 : PASS_RHO (rho 0.92355, T 2168.7, 0s)
f = 924633417,0,1 | route RHO | claimed 0.92354930224933286413 | coeffs -115094160,-125573312,-125573312,-156837802,-156837802,-327128023,-327128023,-342487100,-342487100,28391587,28391587,40607104,40607104,268318622,268318622,337506995,337506995,310214422,310214422,571740761,571740761,335988091,335988091,431170565,431170565,424373784,424373784,372482408,372482408,280439242,280439242,221999771,221999771,395089903,395089903,246974500,246974500,445796864,445796864,392321744,392321744,565948547,565948547,509064146,509064146,679492217,679492217,453567689,453567689,484047079,484047079,242328050,242328050,90209920,90209920,-8259785,-8259785,-22970159,-22970159,14107905,14107905,295232528,295232528,115094160
f = 924633417,0,1 | route T | claimed 2503.5100372901782556 | coeffs 0,212857021,0,41915610,0,-175832133,0,73358867,0,-10978485,0,-134263575,0,-166800464,0,-54198558,0,251410882,0,6012056,0,195233972,0,167992424,0,124375830,0,-19631698,0,74101418,0,134494631,0,-41506211,0,22806579,0,-82486224,0,17180816,0,54721884,0,-265159183,0,-89198885,0,-13131311,0,-82331383,0,123618426,0,-205218162,0,-211571521,0,-52689648,0,-128622489,0,-208445420,0,125597291
# status f = 924633417,0,1 : PASS_RHO (rho 0.92355, T 2503.5, 0s)
f = 940687685,0,1 | route RHO | claimed 0.93405433551145303849 | coeffs -418349450,-450264755,-450264755,-518117950,-518117950,-326031099,-326031099,-249435426,-249435426,-165200894,-165200894,-25702740,-25702740,-265862071,-265862071,-438674591,-438674591,-320310817,-320310817,-330429618,-330429618,-547410473,-547410473,-364737514,-364737514,-181909714,-181909714,-52669576,-52669576,-49543475,-49543475,-216073285,-216073285,-163179190,-163179190,-206399263,-206399263,-455831793,-455831793,-670697463,-670697463,-648822950,-648822950,-590135923,-590135923,-483756222,-483756222,-270938911,-270938911,-94630837,-94630837,83656102,83656102,33421260,33421260,-8147298,-8147298,377527159,377527159,460945617,460945617,367054611,367054611,418349450
f = 940687685,0,1 | route T | claimed 2562.5200378920106921 | coeffs 21568616,21568616,-45592356,-45592356,40259327,40259327,-171852303,-171852303,-99016380,-99016380,-199061562,-199061562,185311408,185311408,211497631,211497631,-14086617,-14086617,307962611,307962611,430287481,430287481,519226250,519226250,519347005,519347005,331419644,331419644,557073048,557073048,741206572,741206572,719532622,719532622,392737695,392737695,407474754,407474754,546663720,546663720,488157369,488157369,446425718,446425718,391259004,391259004,497019914,497019914,751227269,751227269,661334359,661334359,497895502,497895502,738179840,738179840,683325375,683325375,408394792,408394792,451509445,451509445,230490169,230490169
# status f = 940687685,0,1 : PASS_RHO (rho 0.93405, T 2562.5, 0s)
f = 972010269,0,1 | route RHO | claimed 0.90347016458542579657 | coeffs 344888429,344888429,396183268,396183268,213355468,213355468,35068529,35068529,-205090802,-205090802,-419956472,-419956472,-388041167,-388041167,-517281305,-517281305,-467046463,-467046463,-639858983,-639858983,-617984470,-617984470,-550131275,-550131275,-553257376,-553257376,-511688818,-511688818,-393325044,-393325044,-334638017,-334638017,-526724868,-526724868,-360195058,-360195058,-745869515,-745869515,-755988316,-755988316,-649608615,-649608615,-726204288,-726204288,-779098383,-779098383,-862516841,-862516841,-1079497696,-1079497696,-866680385,-866680385,-950914917,-950914917,-907694844,-907694844,-813803838,-813803838,-631130879,-631130879,-454822805,-454822805,-594320959,-594320959
f = 972010269,0,1 | route T | claimed 1849.5322008969864208 | coeffs 0,52689648,0,73358867,0,195233972,0,22806579,0,-82331383,0,125597291,0,166800464,0,19631698,0,-54721884,0,211571521,0,-175832133,0,6012056,0,-41506211,0,-13131311,0,-208445420,0,134263575,0,-124375830,0,-17180816,0,205218162,0,41915610,0,251410882,0,134494631,0,-89198885,0,-128622489,0,10978485,0,-167992424,0,82486224,0,-123618426,0,212857021,0,-54198558,0,74101418,0,-265159183
# status f = 972010269,0,1 : PASS_RHO (rho 0.90347, T 1849.5, 0s)
f = 984149726,0,1 | route RHO | claimed 0.90426977785261893081 | coeffs -6012056,0,205218162,0,167992424,0,-52689648,0,19631698,0,208445420,0,134494631,0,-212857021,0,-22806579,0,-175832133,0,17180816,0,10978485,0,265159183,0,-166800464,0,-13131311,0,-251410882,0,-123618426,0,195233972,0,-211571521,0,-124375830,0,128622489,0,74101418,0,125597291,0,41506211,0,41915610,0,-82486224,0,-73358867,0,-54721884,0,-134263575,0,-89198885,0,54198558,0,82331383,0
f = 984149726,0,1 | route T | claimed 2746.6476414717775708 | coeffs -242937836,-189462716,-189462716,181415971,181415971,124531570,124531570,-103179948,-103179948,122744580,122744580,95452007,95452007,-146267022,-146267022,89485648,89485648,187955353,187955353,181158572,181158572,218236636,218236636,310279802,310279802,490418170,490418170,663508302,663508302,694772792,694772792,495950428,495950428,480591351,480591351,654218154,654218154,642002637,642002637,471574566,471574566,540762939,540762939,571242329,571242329,309715990,309715990,461834120,461834120,557016594,557016594,542306220,542306220,594197596,594197596,313072973,313072973,254633502,254633502,265112654,265112654,413228057,413228057,242937836
# status f = 984149726,0,1 : PASS_RHO (rho 0.90427, T 2746.6, 0s)
# summary n = 7 l = 1000923713 : EXCLUSION_CANDIDATE ; PASS 32 / 32 ; OPEN_NEAR 0 ; OPEN_FAR 0 ; 13s
