# FAMILY WITNESS FILE (generator family_gen.sage r10). n = 7 ; l = 1000642369 ; m = 64 ; deg = 2 ; ncomp = 32 ; bar_T = 4224 ; L_n = 16.3328709449664096755483535644
# line: f = c0,...,c_deg (monic, over F_l) | route RHO|T | claimed (rho or T, float) | coeffs a_0..a_{m-1}
f = 25957705,0,1 | route RHO | claimed 0.91358179813714751948 | coeffs 283756290,273690429,273690429,169253257,169253257,298037490,298037490,295822732,295822732,182213106,182213106,-116172329,-116172329,-143041131,-143041131,-270655244,-270655244,-469740424,-469740424,-371304892,-371304892,-577195513,-577195513,-245699714,-245699714,-516485079,-516485079,-535508399,-535508399,-519555492,-519555492,-484736420,-484736420,-510488356,-510488356,-555860435,-555860435,-303848036,-303848036,-385187456,-385187456,-647457958,-647457958,-466351995,-466351995,-734573232,-734573232,-809876020,-809876020,-650080851,-650080851,-450665539,-450665539,-425879803,-425879803,-559569156,-559569156,-422506881,-422506881,-503067839,-503067839,-368098196,-368098196,-283756290
f = 25957705,0,1 | route T | claimed 2487.9219873504337433 | coeffs 371304892,371304892,577195513,577195513,245699714,245699714,516485079,516485079,535508399,535508399,519555492,519555492,484736420,484736420,510488356,510488356,555860435,555860435,303848036,303848036,385187456,385187456,647457958,647457958,466351995,466351995,734573232,734573232,809876020,809876020,650080851,650080851,450665539,450665539,425879803,425879803,559569156,559569156,422506881,422506881,503067839,503067839,368098196,368098196,283756290,283756290,273690429,273690429,169253257,169253257,298037490,298037490,295822732,295822732,182213106,182213106,-116172329,-116172329,-143041131,-143041131,-270655244,-270655244,-469740424,-469740424
# status f = 25957705,0,1 : PASS_RHO (rho 0.91358, T 2487.9, 1s)
f = 129081169,0,1 | route RHO | claimed 0.93804513996134186756 | coeffs -226160305,-121723133,-121723133,-256692776,-256692776,-390382129,-390382129,-550177298,-550177298,-369071335,-369071335,-621083734,-621083734,-586264662,-586264662,-315479297,-315479297,-217043765,-217043765,-190174963,-190174963,-192389721,-192389721,-182323860,-182323860,-101762902,-101762902,-76977166,-76977166,-1674378,-1674378,-263944880,-263944880,-218572801,-218572801,-202619894,-202619894,-534115693,-534115693,-733200873,-733200873,-434815438,-434815438,-306031205,-306031205,-221689299,-221689299,-358751574,-358751574,-159336262,-159336262,108884975,108884975,27545555,27545555,53297491,53297491,34274171,34274171,240164792,240164792,112550679,112550679,226160305
f = 129081169,0,1 | route T | claimed 3073.4459160557458409 | coeffs 247183203,232124018,232124018,248427620,248427620,285913818,285913818,593996867,593996867,400173914,400173914,513092795,513092795,622799988,622799988,443080594,443080594,410499516,410499516,177869730,177869730,327648995,327648995,267327201,267327201,-145420301,-145420301,-155146852,-155146852,-246753242,-246753242,-21968938,-21968938,-375424066,-375424066,-197554020,-197554020,21022898,21022898,110400885,110400885,-8265156,-8265156,-104468311,-104468311,43819569,43819569,31102579,31102579,-107990939,-107990939,36535326,36535326,127601297,127601297,193455751,193455751,-12305233,-12305233,135259274,135259274,85003341,85003341,-247183203
# status f = 129081169,0,1 : PASS_RHO (rho 0.93805, T 3073.4, 1s)
f = 172245978,0,1 | route RHO | claimed 0.89186000628756351266 | coeffs -284696813,-284696813,-13911448,-13911448,119777905,119777905,-86112716,-86112716,113302596,113302596,312387776,312387776,387690564,387690564,360821762,360821762,541927725,541927725,655537351,655537351,736876771,736876771,865661004,865661004,820288925,820288925,830354786,830354786,795535714,795535714,660566071,660566071,641542751,641542751,778605026,778605026,447109227,447109227,422323491,422323491,520759023,520759023,680554192,680554192,808168305,808168305,1076389542,1076389542,778004107,778004107,515733605,515733605,517948363,517948363,265935964,265935964,161498792,161498792,135746856,135746856,220088762,220088762,204135855,204135855
f = 172245978,0,1 | route T | claimed 2414.3084462098186337 | coeffs -284696813,-284696813,-13911448,-13911448,119777905,119777905,-86112716,-86112716,113302596,113302596,312387776,312387776,387690564,387690564,360821762,360821762,541927725,541927725,655537351,655537351,736876771,736876771,865661004,865661004,820288925,820288925,830354786,830354786,795535714,795535714,660566071,660566071,641542751,641542751,778605026,778605026,447109227,447109227,422323491,422323491,520759023,520759023,680554192,680554192,808168305,808168305,1076389542,1076389542,778004107,778004107,515733605,515733605,517948363,517948363,265935964,265935964,161498792,161498792,135746856,135746856,220088762,220088762,204135855,204135855
# status f = 172245978,0,1 : PASS_RHO (rho 0.89186, T 2414.3, 1s)
f = 190743268,0,1 | route RHO | claimed 0.96263818061442670603 | coeffs 215183089,-53038148,-53038148,-384533947,-384533947,-394599808,-394599808,-213493845,-213493845,-7603224,-7603224,-91945130,-91945130,-354215632,-354215632,-452651164,-452651164,-587620807,-587620807,-668960227,-668960227,-469875047,-469875047,-389314089,-389314089,-137301690,-137301690,-9687577,-9687577,-146749852,-146749852,-192121931,-192121931,-165253129,-165253129,-31563776,-31563776,-57315712,-57315712,241069723,241069723,216283987,216283987,251103059,251103059,364712685,364712685,165297373,165297373,181250280,181250280,183465038,183465038,23669869,23669869,4646549,4646549,-124137684,-124137684,-48834896,-48834896,-319620261,-319620261,-215183089
f = 190743268,0,1 | route T | claimed 2909.4700276514603003 | coeffs -18043795,-63568602,-63568602,-322360182,-322360182,-169179200,-169179200,-271627874,-271627874,-212086161,-212086161,-389458765,-389458765,-108039220,-108039220,-142832079,-142832079,-100632129,-100632129,-134287750,-134287750,-142750902,-142750902,212544707,212544707,66090634,66090634,41459427,41459427,-17985596,-17985596,135320770,135320770,292966834,292966834,88324695,88324695,319694728,319694728,265924215,265924215,441310740,441310740,-135895274,-135895274,-38493056,-38493056,-123397560,-123397560,-87566615,-87566615,-45368470,-45368470,197846291,197846291,174511614,174511614,353273405,353273405,198348936,198348936,17527927,17527927,18043795
# status f = 190743268,0,1 : PASS_RHO (rho 0.96264, T 2909.5, 0s)
f = 192940321,0,1 | route RHO | claimed 0.91998037939108221361 | coeffs 375878522,242189169,242189169,-26032068,-26032068,-71404147,-71404147,-342189512,-342189512,-469803625,-469803625,-341019392,-341019392,-260458434,-260458434,-420253603,-420253603,-338914183,-338914183,-354867090,-354867090,-453302622,-453302622,-339692996,-339692996,-255351090,-255351090,-230565354,-230565354,-49459391,-49459391,-75211327,-75211327,256284472,256284472,229415670,229415670,124978498,124978498,-12083777,-12083777,63219011,63219011,-188793388,-188793388,-169770068,-169770068,29315112,29315112,31529870,31529870,166499513,166499513,365914825,365914825,103644323,103644323,138463395,138463395,-67427226,-67427226,-365812661,-365812661,-375878522
f = 192940321,0,1 | route T | claimed 2456.0664679118723685 | coeffs -945378940,-773942965,-773942965,-888712093,-888712093,-653054314,-653054314,-393006695,-393006695,-229200781,-229200781,-117687300,-117687300,42865656,42865656,-67956143,-67956143,-121520319,-121520319,5881625,5881625,99271052,99271052,151045801,151045801,107146634,107146634,403112391,403112391,89943392,89943392,-82984051,-82984051,-102047132,-102047132,-78892278,-78892278,107412961,107412961,248401140,248401140,110813058,110813058,611839948,611839948,523421919,523421919,542581295,542581295,641612829,641612829,744951054,744951054,825419909,825419909,755817034,755817034,692955607,692955607,864196308,864196308,840752147,840752147,945378940
# status f = 192940321,0,1 : PASS_RHO (rho 0.91998, T 2456.1, 0s)
f = 202746411,0,1 | route RHO | claimed 0.95750776200480200652 | coeffs 45468321,45468321,-25544683,-25544683,154497623,154497623,411277566,411277566,573220834,573220834,717143811,717143811,517822252,517822252,408302719,408302719,676602820,676602820,784714055,784714055,683601531,683601531,683516104,683516104,796198247,796198247,585927621,585927621,312189567,312189567,316923458,316923458,307030925,307030925,466066629,466066629,531441960,531441960,408365093,408365093,397238632,397238632,555857252,555857252,493975035,493975035,100631913,100631913,338445281,338445281,178226502,178226502,265650939,265650939,249733736,249733736,80546744,80546744,226289088,226289088,391107728,391107728,-5193218,-5193218
f = 202746411,0,1 | route T | claimed 2364.5202791569290824 | coeffs 45468321,45468321,-25544683,-25544683,154497623,154497623,411277566,411277566,573220834,573220834,717143811,717143811,517822252,517822252,408302719,408302719,676602820,676602820,784714055,784714055,683601531,683601531,683516104,683516104,796198247,796198247,585927621,585927621,312189567,312189567,316923458,316923458,307030925,307030925,466066629,466066629,531441960,531441960,408365093,408365093,397238632,397238632,555857252,555857252,493975035,493975035,100631913,100631913,338445281,338445281,178226502,178226502,265650939,265650939,249733736,249733736,80546744,80546744,226289088,226289088,391107728,391107728,-5193218,-5193218
# status f = 202746411,0,1 : PASS_RHO (rho 0.95751, T 2364.5, 1s)
f = 256148607,0,1 | route RHO | claimed 0.96625110112389661248 | coeffs -357254413,-548259200,-548259200,-220167717,-220167717,-196151495,-196151495,-277993165,-277993165,55742858,55742858,169432156,169432156,-150325745,-150325745,-226062251,-226062251,-87829676,-87829676,-287927893,-287927893,-11851427,-11851427,11242203,11242203,125792282,125792282,95755979,95755979,-64439020,-64439020,-323085024,-323085024,-301705076,-301705076,-259633377,-259633377,-421801928,-421801928,-542178355,-542178355,-525508523,-525508523,-461365135,-461365135,-165049735,-165049735,28800969,28800969,168723917,168723917,219739442,219739442,447458163,447458163,356608611,356608611,184990945,184990945,250820563,250820563,357991584,357991584,357254413
f = 256148607,0,1 | route T | claimed 1980.0336046815077319 | coeffs -140959056,-140959056,-226394713,-226394713,-122158451,-122158451,-57935242,-57935242,11897314,11897314,334177589,334177589,379179343,379179343,344149419,344149419,541927832,541927832,483246109,483246109,711949989,711949989,461649312,461649312,516449846,516449846,487476148,487476148,570778088,570778088,591364427,591364427,417871211,417871211,713865846,713865846,766486747,766486747,776131433,776131433,917542755,917542755,690824224,690824224,595720399,595720399,420270582,420270582,504569510,504569510,286597731,286597731,369386390,369386390,11003468,11003468,-284693209,-284693209,-260456092,-260456092,-261776162,-261776162,-53448089,-53448089
# status f = 256148607,0,1 : PASS_RHO (rho 0.96625, T 1980.0, 0s)
f = 259044189,0,1 | route RHO | claimed 0.91358179813714751948 | coeffs 425879803,450665539,450665539,650080851,650080851,809876020,809876020,734573232,734573232,466351995,466351995,647457958,647457958,385187456,385187456,303848036,303848036,555860435,555860435,510488356,510488356,484736420,484736420,519555492,519555492,535508399,535508399,516485079,516485079,245699714,245699714,577195513,577195513,371304892,371304892,469740424,469740424,270655244,270655244,143041131,143041131,116172329,116172329,-182213106,-182213106,-295822732,-295822732,-298037490,-298037490,-169253257,-169253257,-273690429,-273690429,-283756290,-283756290,-368098196,-368098196,-503067839,-503067839,-422506881,-422506881,-559569156,-559569156,-425879803
f = 259044189,0,1 | route T | claimed 2399.1069300606564008 | coeffs 169253257,273690429,273690429,283756290,283756290,368098196,368098196,503067839,503067839,422506881,422506881,559569156,559569156,425879803,425879803,450665539,450665539,650080851,650080851,809876020,809876020,734573232,734573232,466351995,466351995,647457958,647457958,385187456,385187456,303848036,303848036,555860435,555860435,510488356,510488356,484736420,484736420,519555492,519555492,535508399,535508399,516485079,516485079,245699714,245699714,577195513,577195513,371304892,371304892,469740424,469740424,270655244,270655244,143041131,143041131,116172329,116172329,-182213106,-182213106,-295822732,-295822732,-298037490,-298037490,-169253257
# status f = 259044189,0,1 : PASS_RHO (rho 0.91358, T 2399.1, 0s)
f = 263421005,0,1 | route RHO | claimed 0.89186000628756351266 | coeffs -422323491,-422323491,-447109227,-447109227,-778605026,-778605026,-641542751,-641542751,-660566071,-660566071,-795535714,-795535714,-830354786,-830354786,-820288925,-820288925,-865661004,-865661004,-736876771,-736876771,-655537351,-655537351,-541927725,-541927725,-360821762,-360821762,-387690564,-387690564,-312387776,-312387776,-113302596,-113302596,86112716,86112716,-119777905,-119777905,13911448,13911448,284696813,284696813,204135855,204135855,220088762,220088762,135746856,135746856,161498792,161498792,265935964,265935964,517948363,517948363,515733605,515733605,778004107,778004107,1076389542,1076389542,808168305,808168305,680554192,680554192,520759023,520759023
f = 263421005,0,1 | route T | claimed 2267.5893744320629054 | coeffs 220088762,220088762,135746856,135746856,161498792,161498792,265935964,265935964,517948363,517948363,515733605,515733605,778004107,778004107,1076389542,1076389542,808168305,808168305,680554192,680554192,520759023,520759023,422323491,422323491,447109227,447109227,778605026,778605026,641542751,641542751,660566071,660566071,795535714,795535714,830354786,830354786,820288925,820288925,865661004,865661004,736876771,736876771,655537351,655537351,541927725,541927725,360821762,360821762,387690564,387690564,312387776,312387776,113302596,113302596,-86112716,-86112716,119777905,119777905,-13911448,-13911448,-284696813,-284696813,-204135855,-204135855
# status f = 263421005,0,1 : PASS_RHO (rho 0.89186, T 2267.6, 0s)
f = 265604142,0,1 | route RHO | claimed 0.96740605397989636233 | coeffs 645326008,645326008,313830209,313830209,154035040,154035040,-144350395,-144350395,107662004,107662004,192003910,192003910,462789275,462789275,263373963,263373963,236505161,236505161,155165741,155165741,165231602,165231602,184254922,184254922,159469186,159469186,31855073,31855073,-230415429,-230415429,-125978257,-125978257,-141931164,-141931164,-8241811,-8241811,-207326991,-207326991,-26221028,-26221028,-155005261,-155005261,-189824333,-189824333,-326886608,-326886608,-228451076,-228451076,-496672313,-496672313,-494457555,-494457555,-468705619,-468705619,-388144661,-388144661,-594035282,-594035282,-669338070,-669338070,-555728444,-555728444,-510356365,-510356365
f = 265604142,0,1 | route T | claimed 2155.2096672403599479 | coeffs -137166179,-137166179,-136650311,-136650311,-172481256,-172481256,-377123395,-377123395,-368660243,-368660243,-471108917,-471108917,-292347126,-292347126,284858888,284858888,225413865,225413865,260206724,260206724,214681917,214681917,256880062,256880062,25510029,25510029,380805638,380805638,321263925,321263925,476188394,476188394,573590612,573590612,420284246,420284246,462484196,462484196,721275776,721275776,478061015,478061015,424290502,424290502,570744575,570744575,393371971,393371971,212550962,212550962,297455466,297455466,455101530,455101530,488757151,488757151,641938133,641938133,618603456,618603456,443216931,443216931,418585724,418585724
# status f = 265604142,0,1 : PASS_RHO (rho 0.96741, T 2155.2, 0s)
f = 270065941,0,1 | route RHO | claimed 0.95750776200480200652 | coeffs -796198247,-683516104,-683516104,-683601531,-683601531,-784714055,-784714055,-676602820,-676602820,-408302719,-408302719,-517822252,-517822252,-717143811,-717143811,-573220834,-573220834,-411277566,-411277566,-154497623,-154497623,25544683,25544683,-45468321,-45468321,-5193218,-5193218,391107728,391107728,226289088,226289088,80546744,80546744,249733736,249733736,265650939,265650939,178226502,178226502,338445281,338445281,100631913,100631913,493975035,493975035,555857252,555857252,397238632,397238632,408365093,408365093,531441960,531441960,466066629,466066629,307030925,307030925,316923458,316923458,312189567,312189567,585927621,585927621,796198247
f = 270065941,0,1 | route T | claimed 2762.4597313544357256 | coeffs -269385076,-317752488,-317752488,-357011012,-357011012,-184462783,-184462783,-427189858,-427189858,-115540452,-115540452,-130218234,-130218234,113938035,113938035,-135903823,-135903823,-126482303,-126482303,-240417366,-240417366,-280140897,-280140897,-129975233,-129975233,160998708,160998708,468247776,468247776,466903892,466903892,212122099,212122099,359168745,359168745,401404368,401404368,574176571,574176571,558139771,558139771,942194967,942194967,801625205,801625205,768897076,768897076,752318476,752318476,623869390,623869390,592586599,592586599,600945362,600945362,331923918,331923918,259709860,259709860,365478900,365478900,416761923,416761923,269385076
# status f = 270065941,0,1 : PASS_RHO (rho 0.95751, T 2762.5, 1s)
f = 275924116,0,1 | route RHO | claimed 0.96754950639853876239 | coeffs 609411192,585111716,585111716,566398982,566398982,884014923,884014923,714974252,714974252,548469023,548469023,412791598,412791598,526656296,526656296,525427002,525427002,496219611,496219611,700300976,700300976,658611863,658611863,791290576,791290576,739795735,739795735,969353288,969353288,751530811,751530811,768487106,768487106,610102879,610102879,527572182,527572182,464905847,464905847,357451519,357451519,338770423,338770423,517771909,517771909,398247867,398247867,610792110,610792110,305195132,305195132,45693902,45693902,26906615,26906615,-9630789,-9630789,112360449,112360449,-177845597,-177845597,-372829059,-372829059,-609411192
f = 275924116,0,1 | route T | claimed 2789.488827552580271 | coeffs -132480683,-132480683,-307930500,-307930500,-134437284,-134437284,-193119007,-193119007,-297355269,-297355269,61027653,61027653,202438975,202438975,231412673,231412673,276414427,276414427,484742500,484742500,400443572,400443572,696438207,696438207,467734327,467734327,531957536,531957536,236260859,236260859,462979390,462979390,546281330,546281330,581311254,581311254,386904109,386904109,168932330,168932330,116311429,116311429,-133989248,-133989248,-203821804,-203821804,-228058921,-228058921,-323162746,-323162746,-343749085,-343749085,-145970672,-145970672,-60535015,-60535015,-143323674,-143323674,-133678988,-133678988,-188479522,-188479522,133800753,133800753
# status f = 275924116,0,1 : PASS_RHO (rho 0.96755, T 2789.5, 1s)
f = 348027168,0,1 | route RHO | claimed 0.90978800442750244952 | coeffs 118666041,-179719394,-179719394,91065971,91065971,9726551,9726551,-15059185,-15059185,89377987,89377987,-109707193,-109707193,-144526265,-144526265,-412747502,-412747502,-332186544,-332186544,-218576918,-218576918,112918881,112918881,-139093518,-139093518,60321794,60321794,50255933,50255933,177870046,177870046,193822953,193822953,12716990,12716990,149779265,149779265,147564507,147564507,353455128,353455128,308083049,308083049,148287880,148287880,232629786,232629786,205760984,205760984,224784304,224784304,-37486198,-37486198,96203155,96203155,-32581078,-32581078,65854454,65854454,91606390,91606390,16303602,16303602,-118666041
f = 348027168,0,1 | route T | claimed 2388.9242715103891083 | coeffs 324912229,324912229,393439084,393439084,553266432,553266432,566268028,566268028,930292154,930292154,648880207,648880207,755853790,755853790,658627969,658627969,498164797,498164797,544973436,544973436,519249409,519249409,351163277,351163277,289655982,289655982,168788927,168788927,235229203,235229203,367707004,367707004,331713490,331713490,563209988,563209988,399629698,399629698,353324315,353324315,64456656,64456656,-214292572,-214292572,-477518474,-477518474,-535234464,-535234464,-430841587,-430841587,-663450336,-663450336,-452694186,-452694186,-508092169,-508092169,-359851694,-359851694,-226126457,-226126457,-456382592,-456382592,-445926876,-445926876
# status f = 348027168,0,1 : PASS_RHO (rho 0.90979, T 2388.9, 0s)
f = 360338930,0,1 | route RHO | claimed 0.90978800442750244952 | coeffs -232629786,-232629786,-148287880,-148287880,-308083049,-308083049,-353455128,-353455128,-147564507,-147564507,-149779265,-149779265,-12716990,-12716990,-193822953,-193822953,-177870046,-177870046,-50255933,-50255933,-60321794,-60321794,139093518,139093518,-112918881,-112918881,218576918,218576918,332186544,332186544,412747502,412747502,144526265,144526265,109707193,109707193,-89377987,-89377987,15059185,15059185,-9726551,-9726551,-91065971,-91065971,179719394,179719394,-118666041,-118666041,16303602,16303602,91606390,91606390,65854454,65854454,-32581078,-32581078,96203155,96203155,-37486198,-37486198,224784304,224784304,205760984,205760984
f = 360338930,0,1 | route T | claimed 2684.608178848351416 | coeffs 139093518,139093518,-112918881,-112918881,218576918,218576918,332186544,332186544,412747502,412747502,144526265,144526265,109707193,109707193,-89377987,-89377987,15059185,15059185,-9726551,-9726551,-91065971,-91065971,179719394,179719394,-118666041,-118666041,16303602,16303602,91606390,91606390,65854454,65854454,-32581078,-32581078,96203155,96203155,-37486198,-37486198,224784304,224784304,205760984,205760984,232629786,232629786,148287880,148287880,308083049,308083049,353455128,353455128,147564507,147564507,149779265,149779265,12716990,12716990,193822953,193822953,177870046,177870046,50255933,50255933,60321794,60321794
# status f = 360338930,0,1 : PASS_RHO (rho 0.90979, T 2684.6, 0s)
f = 434345228,0,1 | route RHO | claimed 0.95633598041296856276 | coeffs 254705802,254705802,48815181,48815181,-31745777,-31745777,-5993841,-5993841,-8208599,-8208599,-276429836,-276429836,-374865368,-374865368,-511927643,-511927643,-477108571,-477108571,-605892804,-605892804,-786998767,-786998767,-986083947,-986083947,-1119773300,-1119773300,-1135726207,-1135726207,-1240163379,-1240163379,-1502433881,-1502433881,-1374819768,-1374819768,-1399605504,-1399605504,-1418628824,-1418628824,-1408562963,-1408562963,-1327223543,-1327223543,-1354092345,-1354092345,-1154677033,-1154677033,-883891668,-883891668,-968233574,-968233574,-716221175,-716221175,-417835740,-417835740,-577630909,-577630909,-246135110,-246135110,-111165467,-111165467,-65793388,-65793388,-179403014,-179403014
f = 434345228,0,1 | route T | claimed 2989.435292786815572 | coeffs 314075102,314075102,194551060,194551060,177594765,177594765,148387374,148387374,167100108,167100108,185887395,185887395,78433067,78433067,129927908,129927908,-5749517,-5749517,-200732979,-200732979,-413277222,-413277222,-571661449,-571661449,-775742814,-775742814,-458126873,-458126873,-494664277,-494664277,-475983181,-475983181,-246425628,-246425628,-360290326,-360290326,-123708193,-123708193,-429305171,-429305171,-346774474,-346774474,-388463587,-388463587,-219422916,-219422916,-341414154,-341414154,-162412668,-162412668,55409809,55409809,54180515,54180515,78479991,78479991,337981221,337981221,275314886,275314886,142636173,142636173,-23869056,-23869056
# status f = 434345228,0,1 : PASS_RHO (rho 0.95634, T 2989.4, 0s)
f = 456826602,0,1 | route RHO | claimed 0.91998037939108221361 | coeffs -103644323,-103644323,-365914825,-365914825,-166499513,-166499513,-31529870,-31529870,-29315112,-29315112,169770068,169770068,188793388,188793388,-63219011,-63219011,12083777,12083777,-124978498,-124978498,-229415670,-229415670,-256284472,-256284472,75211327,75211327,49459391,49459391,230565354,230565354,255351090,255351090,339692996,339692996,453302622,453302622,354867090,354867090,338914183,338914183,420253603,420253603,260458434,260458434,341019392,341019392,469803625,469803625,342189512,342189512,71404147,71404147,26032068,26032068,-242189169,-242189169,-375878522,-375878522,-365812661,-365812661,-67427226,-67427226,138463395,138463395
f = 456826602,0,1 | route T | claimed 2495.2562641812891573 | coeffs -26032068,242189169,242189169,375878522,375878522,365812661,365812661,67427226,67427226,-138463395,-138463395,-103644323,-103644323,-365914825,-365914825,-166499513,-166499513,-31529870,-31529870,-29315112,-29315112,169770068,169770068,188793388,188793388,-63219011,-63219011,12083777,12083777,-124978498,-124978498,-229415670,-229415670,-256284472,-256284472,75211327,75211327,49459391,49459391,230565354,230565354,255351090,255351090,339692996,339692996,453302622,453302622,354867090,354867090,338914183,338914183,420253603,420253603,260458434,260458434,341019392,341019392,469803625,469803625,342189512,342189512,71404147,71404147,26032068
# status f = 456826602,0,1 : PASS_RHO (rho 0.91998, T 2495.3, 0s)
f = 543815767,0,1 | route RHO | claimed 0.96053502331485300997 | coeffs 192178374,192178374,86598228,86598228,-89137928,-89137928,121424052,121424052,69815528,69815528,79494361,79494361,411981932,411981932,405548810,405548810,584052676,584052676,422685066,422685066,832614764,832614764,739419236,739419236,785872956,785872956,708204578,708204578,877748038,877748038,936364568,936364568,847003090,847003090,848340968,848340968,750400721,750400721,867642982,867642982,793250941,793250941,670225470,670225470,655194263,655194263,506544232,506544232,500152118,500152118,696127869,696127869,579409421,579409421,422896435,422896435,254933249,254933249,37383266,37383266,76298165,76298165,208287967,208287967
f = 543815767,0,1 | route T | claimed 3232.6908962803214895 | coeffs -535465493,-713700244,-713700244,-750374129,-750374129,-492052813,-492052813,-363728515,-363728515,-275443510,-275443510,8445157,8445157,291278712,291278712,611617782,611617782,627634878,627634878,404637854,404637854,271183543,271183543,227883084,227883084,-65906126,-65906126,-18521412,-18521412,-127282275,-127282275,99687267,99687267,97784033,97784033,252249694,252249694,457823257,457823257,490933157,490933157,255437611,255437611,333820587,333820587,422328051,422328051,463310171,463310171,834188728,834188728,908823346,908823346,870570797,870570797,721965617,721965617,726703562,726703562,517114481,517114481,511440505,511440505,535465493
# status f = 543815767,0,1 : PASS_RHO (rho 0.96054, T 3232.7, 0s)
f = 566297141,0,1 | route RHO | claimed 0.96740605397989636233 | coeffs -263373963,-263373963,-462789275,-462789275,-192003910,-192003910,-107662004,-107662004,144350395,144350395,-154035040,-154035040,-313830209,-313830209,-645326008,-645326008,-510356365,-510356365,-555728444,-555728444,-669338070,-669338070,-594035282,-594035282,-388144661,-388144661,-468705619,-468705619,-494457555,-494457555,-496672313,-496672313,-228451076,-228451076,-326886608,-326886608,-189824333,-189824333,-155005261,-155005261,-26221028,-26221028,-207326991,-207326991,-8241811,-8241811,-141931164,-141931164,-125978257,-125978257,-230415429,-230415429,31855073,31855073,159469186,159469186,184254922,184254922,165231602,165231602,155165741,155165741,236505161,236505161
f = 566297141,0,1 | route T | claimed 2360.0603818462887178 | coeffs -34589904,-24134188,-24134188,264733471,264733471,311542110,311542110,81285975,81285975,127591358,127591358,-32871814,-32871814,100853423,100853423,264433713,264433713,167207892,167207892,315448367,315448367,83951869,83951869,190925452,190925452,135527469,135527469,171520983,171520983,-109890964,-109890964,100865186,100865186,-31612615,-31612615,332411511,332411511,99802762,99802762,33362486,33362486,46364082,46364082,150756959,150756959,271624014,271624014,431451362,431451362,373735372,373735372,435242667,435242667,503769522,503769522,240543620,240543620,408629752,408629752,287615105,287615105,8865877,8865877,34589904
# status f = 566297141,0,1 : PASS_RHO (rho 0.96741, T 2360.1, 0s)
f = 640303439,0,1 | route RHO | claimed 0.98124185253497385792 | coeffs -9577676,374477520,374477520,617204595,617204595,444432392,444432392,405173868,405173868,552220514,552220514,404843667,404843667,406187551,406187551,300418511,300418511,591392452,591392452,322371008,322371008,362094539,362094539,393377330,393377330,402798850,402798850,386220250,386220250,142063981,142063981,282633743,282633743,594283149,594283149,578246349,578246349,405698120,405698120,363462497,363462497,315095085,315095085,60313292,60313292,111596315,111596315,-195652753,-195652753,-123438695,-123438695,26726969,26726969,35085732,35085732,149020795,149020795,277469881,277469881,27628023,27628023,-5100106,-5100106,9577676
f = 640303439,0,1 | route T | claimed 1944.7581042669256532 | coeffs -9577676,374477520,374477520,617204595,617204595,444432392,444432392,405173868,405173868,552220514,552220514,404843667,404843667,406187551,406187551,300418511,300418511,591392452,591392452,322371008,322371008,362094539,362094539,393377330,393377330,402798850,402798850,386220250,386220250,142063981,142063981,282633743,282633743,594283149,594283149,578246349,578246349,405698120,405698120,363462497,363462497,315095085,315095085,60313292,60313292,111596315,111596315,-195652753,-195652753,-123438695,-123438695,26726969,26726969,35085732,35085732,149020795,149020795,277469881,277469881,27628023,27628023,-5100106,-5100106,9577676
# status f = 640303439,0,1 : PASS_RHO (rho 0.98124, T 1944.8, 1s)
f = 652615201,0,1 | route RHO | claimed 0.98124185253497385792 | coeffs 591392452,591392452,300418511,300418511,406187551,406187551,404843667,404843667,552220514,552220514,405173868,405173868,444432392,444432392,617204595,617204595,374477520,374477520,-9577676,-9577676,5100106,5100106,-27628023,-27628023,-277469881,-277469881,-149020795,-149020795,-35085732,-35085732,-26726969,-26726969,123438695,123438695,195652753,195652753,-111596315,-111596315,-60313292,-60313292,-315095085,-315095085,-363462497,-363462497,-405698120,-405698120,-578246349,-578246349,-594283149,-594283149,-282633743,-282633743,-142063981,-142063981,-386220250,-386220250,-402798850,-402798850,-393377330,-393377330,-362094539,-362094539,-322371008,-322371008
f = 652615201,0,1 | route T | claimed 2208.5347027584229502 | coeffs 591392452,591392452,300418511,300418511,406187551,406187551,404843667,404843667,552220514,552220514,405173868,405173868,444432392,444432392,617204595,617204595,374477520,374477520,-9577676,-9577676,5100106,5100106,-27628023,-27628023,-277469881,-277469881,-149020795,-149020795,-35085732,-35085732,-26726969,-26726969,123438695,123438695,195652753,195652753,-111596315,-111596315,-60313292,-60313292,-315095085,-315095085,-363462497,-363462497,-405698120,-405698120,-578246349,-578246349,-594283149,-594283149,-282633743,-282633743,-142063981,-142063981,-386220250,-386220250,-402798850,-402798850,-393377330,-393377330,-362094539,-362094539,-322371008,-322371008
# status f = 652615201,0,1 : PASS_RHO (rho 0.98124, T 2208.5, 1s)
f = 724718253,0,1 | route RHO | claimed 0.96263818061442670603 | coeffs 384533947,53038148,53038148,-215183089,-215183089,-319620261,-319620261,-48834896,-48834896,-124137684,-124137684,4646549,4646549,23669869,23669869,183465038,183465038,181250280,181250280,165297373,165297373,364712685,364712685,251103059,251103059,216283987,216283987,241069723,241069723,-57315712,-57315712,-31563776,-31563776,-165253129,-165253129,-192121931,-192121931,-146749852,-146749852,-9687577,-9687577,-137301690,-137301690,-389314089,-389314089,-469875047,-469875047,-668960227,-668960227,-587620807,-587620807,-452651164,-452651164,-354215632,-354215632,-91945130,-91945130,-7603224,-7603224,-213493845,-213493845,-394599808,-394599808,-384533947
f = 724718253,0,1 | route T | claimed 2554.6159091483534419 | coeffs 22737863,-69575894,-69575894,-96510974,-96510974,-84512337,-84512337,-97484943,-97484943,-316107816,-316107816,-191853051,-191853051,-272668966,-272668966,-359508070,-359508070,-225461027,-225461027,-359477618,-359477618,-10506118,-10506118,-181447141,-181447141,-360354719,-360354719,-299642636,-299642636,-290063677,-290063677,-300728508,-300728508,-480113291,-480113291,-211291353,-211291353,-223580335,-223580335,-409014943,-409014943,-543570192,-543570192,-765793268,-765793268,-996998205,-996998205,-526934995,-526934995,-643662529,-643662529,-501544979,-501544979,-290192263,-290192263,-131976019,-131976019,-157416021,-157416021,-138383871,-138383871,-160538115,-160538115,-22737863
# status f = 724718253,0,1 : PASS_RHO (rho 0.96264, T 2554.6, 0s)
f = 730576428,0,1 | route RHO | claimed 0.938691604869575152 | coeffs -169336759,-213131729,-213131729,-92269962,-92269962,-297057996,-297057996,-142074905,-142074905,-407859190,-407859190,-297028252,-297028252,-524384084,-524384084,-119657464,-119657464,-429949861,-429949861,-360824232,-360824232,-177753857,-177753857,-101237278,-101237278,-296707916,-296707916,-243029933,-243029933,-265860728,-265860728,-484054063,-484054063,-236198975,-236198975,-126834237,-126834237,-309585225,-309585225,-387756844,-387756844,-201611924,-201611924,-326583007,-326583007,-347037283,-347037283,-181470558,-181470558,-144778773,-144778773,-20105026,-20105026,-106991441,-106991441,-263600606,-263600606,-24664674,-24664674,83967202,83967202,146330742,146330742,169336759
f = 730576428,0,1 | route T | claimed 2128.8425816018829351 | coeffs 153508068,95792078,95792078,256255250,256255250,488863999,488863999,463139972,463139972,407741989,407741989,469249284,469249284,335524047,335524047,401964323,401964323,412420039,412420039,448413553,448413553,516940408,516940408,353360118,353360118,340358522,340358522,629226181,629226181,347814234,347814234,84588332,84588332,181814153,181814153,77421276,77421276,124229915,124229915,334986065,334986065,503072197,503072197,354831722,354831722,233964667,233964667,3708532,3708532,-128769269,-128769269,-249783916,-249783916,-18287418,-18287418,-178114766,-178114766,-131809383,-131809383,232214743,232214743,-46534485,-46534485,-153508068
# status f = 730576428,0,1 : PASS_RHO (rho 0.93869, T 2128.8, 1s)
f = 735038227,0,1 | route RHO | claimed 0.95633598041296856276 | coeffs 276429836,8208599,8208599,5993841,5993841,31745777,31745777,-48815181,-48815181,-254705802,-254705802,-179403014,-179403014,-65793388,-65793388,-111165467,-111165467,-246135110,-246135110,-577630909,-577630909,-417835740,-417835740,-716221175,-716221175,-968233574,-968233574,-883891668,-883891668,-1154677033,-1154677033,-1354092345,-1354092345,-1327223543,-1327223543,-1408562963,-1408562963,-1418628824,-1418628824,-1399605504,-1399605504,-1374819768,-1374819768,-1502433881,-1502433881,-1240163379,-1240163379,-1135726207,-1135726207,-1119773300,-1119773300,-986083947,-986083947,-786998767,-786998767,-605892804,-605892804,-477108571,-477108571,-511927643,-511927643,-374865368,-374865368,-276429836
f = 735038227,0,1 | route T | claimed 2252.786962118492208 | coeffs -31745777,48815181,48815181,254705802,254705802,179403014,179403014,65793388,65793388,111165467,111165467,246135110,246135110,577630909,577630909,417835740,417835740,716221175,716221175,968233574,968233574,883891668,883891668,1154677033,1154677033,1354092345,1354092345,1327223543,1327223543,1408562963,1408562963,1418628824,1418628824,1399605504,1399605504,1374819768,1374819768,1502433881,1502433881,1240163379,1240163379,1135726207,1135726207,1119773300,1119773300,986083947,986083947,786998767,786998767,605892804,605892804,477108571,477108571,511927643,511927643,374865368,374865368,276429836,276429836,8208599,8208599,5993841,5993841,31745777
# status f = 735038227,0,1 : PASS_RHO (rho 0.95634, T 2252.8, 0s)
f = 737221364,0,1 | route RHO | claimed 0.92560111161403567616 | coeffs -327720854,-456302003,-456302003,-428701933,-428701933,-241041654,-241041654,-384608674,-384608674,-309155411,-309155411,-433342879,-433342879,-353691443,-353691443,-274208043,-274208043,-139360526,-139360526,-382607708,-382607708,-219191916,-219191916,83848393,83848393,-33699859,-33699859,171467389,171467389,201816090,201816090,95690934,95690934,540796359,540796359,496752671,496752671,488907189,488907189,278634758,278634758,512539010,512539010,323189559,323189559,162671017,162671017,157765897,157765897,347211842,347211842,541382426,541382426,376229370,376229370,433702474,433702474,384151622,384151622,478799630,478799630,531396717,531396717,327720854
f = 737221364,0,1 | route T | claimed 2324.2516090675280443 | coeffs 171467389,201816090,201816090,95690934,95690934,540796359,540796359,496752671,496752671,488907189,488907189,278634758,278634758,512539010,512539010,323189559,323189559,162671017,162671017,157765897,157765897,347211842,347211842,541382426,541382426,376229370,376229370,433702474,433702474,384151622,384151622,478799630,478799630,531396717,531396717,327720854,327720854,456302003,456302003,428701933,428701933,241041654,241041654,384608674,384608674,309155411,309155411,433342879,433342879,353691443,353691443,274208043,274208043,139360526,139360526,382607708,382607708,219191916,219191916,-83848393,-83848393,33699859,33699859,-171467389
# status f = 737221364,0,1 : PASS_RHO (rho 0.92560, T 2324.3, 0s)
f = 741598180,0,1 | route RHO | claimed 0.95707804479189516868 | coeffs 132964555,132964555,9939084,9939084,188442950,188442950,344955936,344955936,175412476,175412476,280992622,280992622,206600581,206600581,200167459,200167459,316885907,316885907,394554285,394554285,-5912056,-5912056,111330205,111330205,443817776,443817776,247842025,247842025,201388305,201388305,333378107,333378107,235437860,235437860,245116693,245116693,251508807,251508807,344704335,344704335,383619234,383619234,384957112,384957112,333348588,333348588,481998619,481998619,72068921,72068921,-145481062,-145481062,-234842540,-234842540,-24280560,-24280560,-9249353,-9249353,152118257,152118257,-15844929,-15844929,42771601,42771601
f = 741598180,0,1 | route T | claimed 2427.3439992641089721 | coeffs -84362893,-84362893,-289936456,-289936456,-573825123,-573825123,-202946566,-202946566,-246247025,-246247025,-240573049,-240573049,-395038710,-395038710,-483323715,-483323715,-442341595,-442341595,-575795906,-575795906,-366206825,-366206825,-364303591,-364303591,-492627889,-492627889,-404120425,-404120425,-627117449,-627117449,-631855394,-631855394,-858824936,-858824936,-1117146252,-1117146252,-1038763276,-1038763276,-1022746180,-1022746180,-874141000,-874141000,-765380137,-765380137,-728706252,-728706252,-964201798,-964201798,-643862728,-643862728,-605610179,-605610179,-652994893,-652994893,-474760142,-474760142,-441650242,-441650242,-158816687,-158816687,-233451305,-233451305,60337905,60337905
# status f = 741598180,0,1 : PASS_RHO (rho 0.95708, T 2427.3, 0s)
f = 744493762,0,1 | route RHO | claimed 0.93804513996134186756 | coeffs 27545555,108884975,108884975,-159336262,-159336262,-358751574,-358751574,-221689299,-221689299,-306031205,-306031205,-434815438,-434815438,-733200873,-733200873,-534115693,-534115693,-202619894,-202619894,-218572801,-218572801,-263944880,-263944880,-1674378,-1674378,-76977166,-76977166,-101762902,-101762902,-182323860,-182323860,-192389721,-192389721,-190174963,-190174963,-217043765,-217043765,-315479297,-315479297,-586264662,-586264662,-621083734,-621083734,-369071335,-369071335,-550177298,-550177298,-390382129,-390382129,-256692776,-256692776,-121723133,-121723133,-226160305,-226160305,-112550679,-112550679,-240164792,-240164792,-34274171,-34274171,-53297491,-53297491,-27545555
f = 744493762,0,1 | route T | claimed 2313.418332286039043 | coeffs -149861395,-136859799,-136859799,23603373,23603373,-97263682,-97263682,66316608,66316608,8600618,8600618,-139639857,-139639857,-208166712,-208166712,-101193129,-101193129,66893003,66893003,30899489,30899489,309648717,309648717,520404867,520404867,509949151,509949151,145925025,145925025,192733664,192733664,126293388,126293388,79988005,79988005,-24404872,-24404872,109320365,109320365,269147713,269147713,366373534,366373534,304866239,304866239,73369741,73369741,-189856161,-189856161,-134458178,-134458178,-13443531,-13443531,-294855478,-294855478,-269131451,-269131451,-136653650,-136653650,152214009,152214009,-80394740,-80394740,149861395
# status f = 744493762,0,1 : PASS_RHO (rho 0.93805, T 2313.4, 0s)
f = 797895958,0,1 | route RHO | claimed 0.938691604869575152 | coeffs -326583007,-201611924,-201611924,-387756844,-387756844,-309585225,-309585225,-126834237,-126834237,-236198975,-236198975,-484054063,-484054063,-265860728,-265860728,-243029933,-243029933,-296707916,-296707916,-101237278,-101237278,-177753857,-177753857,-360824232,-360824232,-429949861,-429949861,-119657464,-119657464,-524384084,-524384084,-297028252,-297028252,-407859190,-407859190,-142074905,-142074905,-297057996,-297057996,-92269962,-92269962,-213131729,-213131729,-169336759,-169336759,-146330742,-146330742,-83967202,-83967202,24664674,24664674,263600606,263600606,106991441,106991441,20105026,20105026,144778773,144778773,181470558,181470558,347037283,347037283,326583007
f = 797895958,0,1 | route T | claimed 2240.982365646672489 | coeffs -522234740,-320253496,-320253496,-208581345,-208581345,-335469850,-335469850,-101376270,-101376270,-85837032,-85837032,-200352399,-200352399,52232797,52232797,-159664059,-159664059,-280907752,-280907752,-226940997,-226940997,-4809936,-4809936,9605478,9605478,147237855,147237855,143199848,143199848,54702793,54702793,409968600,409968600,229014849,229014849,251835095,251835095,101370046,101370046,274600168,274600168,168258983,168258983,411567722,411567722,376039572,376039572,651889718,651889718,595342159,595342159,548117794,548117794,293566674,293566674,223752018,223752018,265781355,265781355,59923658,59923658,84213628,84213628,522234740
# status f = 797895958,0,1 : PASS_RHO (rho 0.93869, T 2241.0, 0s)
f = 807702048,0,1 | route RHO | claimed 0.96053502331485300997 | coeffs -192178374,-192178374,208287967,208287967,76298165,76298165,37383266,37383266,254933249,254933249,422896435,422896435,579409421,579409421,696127869,696127869,500152118,500152118,506544232,506544232,655194263,655194263,670225470,670225470,793250941,793250941,867642982,867642982,750400721,750400721,848340968,848340968,847003090,847003090,936364568,936364568,877748038,877748038,708204578,708204578,785872956,785872956,739419236,739419236,832614764,832614764,422685066,422685066,584052676,584052676,405548810,405548810,411981932,411981932,79494361,79494361,69815528,69815528,121424052,121424052,-89137928,-89137928,86598228,86598228
f = 807702048,0,1 | route T | claimed 2618.7036655836752958 | coeffs -192178374,-192178374,208287967,208287967,76298165,76298165,37383266,37383266,254933249,254933249,422896435,422896435,579409421,579409421,696127869,696127869,500152118,500152118,506544232,506544232,655194263,655194263,670225470,670225470,793250941,793250941,867642982,867642982,750400721,750400721,848340968,848340968,847003090,847003090,936364568,936364568,877748038,877748038,708204578,708204578,785872956,785872956,739419236,739419236,832614764,832614764,422685066,422685066,584052676,584052676,405548810,405548810,411981932,411981932,79494361,79494361,69815528,69815528,121424052,121424052,-89137928,-89137928,86598228,86598228
# status f = 807702048,0,1 : PASS_RHO (rho 0.96054, T 2618.7, 0s)
f = 809899101,0,1 | route RHO | claimed 0.96754950639853876239 | coeffs 751530811,751530811,969353288,969353288,739795735,739795735,791290576,791290576,658611863,658611863,700300976,700300976,496219611,496219611,525427002,525427002,526656296,526656296,412791598,412791598,548469023,548469023,714974252,714974252,884014923,884014923,566398982,566398982,585111716,585111716,609411192,609411192,372829059,372829059,177845597,177845597,-112360449,-112360449,9630789,9630789,-26906615,-26906615,-45693902,-45693902,-305195132,-305195132,-610792110,-610792110,-398247867,-398247867,-517771909,-517771909,-338770423,-338770423,-357451519,-357451519,-464905847,-464905847,-527572182,-527572182,-610102879,-610102879,-768487106,-768487106
f = 809899101,0,1 | route T | claimed 3007.4160540842980202 | coeffs -56635992,18666796,18666796,289452161,289452161,393889333,393889333,125668096,125668096,457163895,457163895,447098034,447098034,265992071,265992071,471882692,471882692,556224598,556224598,293954096,293954096,392389628,392389628,257419985,257419985,338759405,338759405,537844585,537844585,457283627,457283627,709296026,709296026,581681913,581681913,444619638,444619638,489991717,489991717,516860519,516860519,383171166,383171166,357419230,357419230,59033795,59033795,34248059,34248059,-571013,-571013,113038613,113038613,312453925,312453925,328406832,328406832,326192074,326192074,166396905,166396905,185420225,185420225,56635992
# status f = 809899101,0,1 : PASS_RHO (rho 0.96755, T 3007.4, 1s)
f = 828396391,0,1 | route RHO | claimed 0.92560111161403567616 | coeffs 278634758,278634758,488907189,488907189,496752671,496752671,540796359,540796359,95690934,95690934,201816090,201816090,171467389,171467389,-33699859,-33699859,83848393,83848393,-219191916,-219191916,-382607708,-382607708,-139360526,-139360526,-274208043,-274208043,-353691443,-353691443,-433342879,-433342879,-309155411,-309155411,-384608674,-384608674,-241041654,-241041654,-428701933,-428701933,-456302003,-456302003,-327720854,-327720854,-531396717,-531396717,-478799630,-478799630,-384151622,-384151622,-433702474,-433702474,-376229370,-376229370,-541382426,-541382426,-347211842,-347211842,-157765897,-157765897,-162671017,-162671017,-323189559,-323189559,-512539010,-512539010
f = 828396391,0,1 | route T | claimed 2419.6318793855277721 | coeffs -17902705,-17902705,-108968676,-108968676,-12765521,-12765521,340689607,340689607,401011401,401011401,291304208,291304208,275000606,275000606,69239622,69239622,56522632,56522632,275099550,275099550,265372999,265372999,232791921,232791921,540874970,540874970,591130903,591130903,446604638,446604638,565270679,565270679,340486375,340486375,190707110,190707110,77788229,77788229,92847414,92847414,158701868,158701868,306989748,306989748,484859794,484859794,72112292,72112292,-107607102,-107607102,-70120904,-70120904,-217685411,-217685411,-78591893,-78591893,-167969880,-167969880,-76363490,-76363490,156266296,156266296,350089249,350089249
# status f = 828396391,0,1 : PASS_RHO (rho 0.92560, T 2419.6, 0s)
f = 871561200,0,1 | route RHO | claimed 0.96625110112389661248 | coeffs 250820563,250820563,184990945,184990945,356608611,356608611,447458163,447458163,219739442,219739442,168723917,168723917,28800969,28800969,-165049735,-165049735,-461365135,-461365135,-525508523,-525508523,-542178355,-542178355,-421801928,-421801928,-259633377,-259633377,-301705076,-301705076,-323085024,-323085024,-64439020,-64439020,95755979,95755979,125792282,125792282,11242203,11242203,-11851427,-11851427,-287927893,-287927893,-87829676,-87829676,-226062251,-226062251,-150325745,-150325745,169432156,169432156,55742858,55742858,-277993165,-277993165,-196151495,-196151495,-220167717,-220167717,-548259200,-548259200,-357254413,-357254413,-357991584,-357991584
f = 871561200,0,1 | route T | claimed 2298.2358803630637007 | coeffs -1043007950,-881877444,-881877444,-835413615,-835413615,-569551973,-569551973,-518959399,-518959399,-618206455,-618206455,-292999538,-292999538,-248501470,-248501470,-283445177,-283445177,-425809312,-425809312,-389783452,-389783452,-285724022,-285724022,-178161809,-178161809,-72012444,-72012444,-242429466,-242429466,-191839252,-191839252,-168364664,-168364664,-110131193,-110131193,108844453,108844453,-36986338,-36986338,60355793,60355793,381942881,381942881,351048741,351048741,158446062,158446062,217715762,217715762,215324607,215324607,44915530,44915530,301401675,301401675,176366677,176366677,448578843,448578843,879738295,879738295,1118373086,1118373086,1043007950
# status f = 871561200,0,1 : PASS_RHO (rho 0.96625, T 2298.2, 0s)
f = 974684664,0,1 | route RHO | claimed 0.95707804479189516868 | coeffs -111330205,-111330205,5912056,5912056,-394554285,-394554285,-316885907,-316885907,-200167459,-200167459,-206600581,-206600581,-280992622,-280992622,-175412476,-175412476,-344955936,-344955936,-188442950,-188442950,-9939084,-9939084,-132964555,-132964555,42771601,42771601,-15844929,-15844929,152118257,152118257,-9249353,-9249353,-24280560,-24280560,-234842540,-234842540,-145481062,-145481062,72068921,72068921,481998619,481998619,333348588,333348588,384957112,384957112,383619234,383619234,344704335,344704335,251508807,251508807,245116693,245116693,235437860,235437860,333378107,333378107,201388305,201388305,247842025,247842025,443817776,443817776
f = 974684664,0,1 | route T | claimed 2448.386124720128842 | coeffs 114169517,114169517,104747997,104747997,-150033796,-150033796,-117305667,-117305667,-11536627,-11536627,300112779,300112779,149947115,149947115,322719318,322719318,354002109,354002109,402369521,402369521,152527663,152527663,153871547,153871547,13301785,13301785,85515843,85515843,328242918,328242918,288519387,288519387,246283764,246283764,117834678,117834678,265211525,265211525,21055256,21055256,328304324,328304324,-55750872,-55750872,-324772316,-324772316,-152224087,-152224087,-38289024,-38289024,108757622,108757622,125336222,125336222,176619245,176619245,161941463,161941463,-129032478,-129032478,-145069278,-145069278,-153428041,-153428041
# status f = 974684664,0,1 : PASS_RHO (rho 0.95708, T 2448.4, 0s)
# summary n = 7 l = 1000642369 : EXCLUSION_CANDIDATE ; PASS 32 / 32 ; OPEN_NEAR 0 ; OPEN_FAR 0 ; 16s
