# FAMILY WITNESS FILE (generator family_gen.sage r10). n = 7 ; l = 1000469441 ; m = 64 ; deg = 2 ; ncomp = 32 ; bar_T = 4224 ; L_n = 16.3328709449664096755483535644
# line: f = c0,...,c_deg (monic, over F_l) | route RHO|T | claimed (rho or T, float) | coeffs a_0..a_{m-1}
f = 7832114,0,1 | route RHO | claimed 0.8774851007949054539 | coeffs 64247449,-166560800,-166560800,-226895021,-226895021,-228219543,-228219543,-313258463,-313258463,-283007466,-283007466,-198900664,-198900664,-29164665,-29164665,-72216820,-72216820,-348393840,-348393840,-455150720,-455150720,-612990347,-612990347,-486089038,-486089038,-560399271,-560399271,-581989134,-581989134,-404402642,-404402642,-368019677,-368019677,-299695588,-299695588,-227587096,-227587096,-189748144,-189748144,-122608838,-122608838,-393836865,-393836865,-384624649,-384624649,-400839377,-400839377,-164780820,-164780820,-296105243,-296105243,-159724142,-159724142,178373512,178373512,89821971,89821971,342411930,342411930,245912583,245912583,236140149,236140149,-64247449
f = 7832114,0,1 | route T | claimed 1531.9307100890256959 | coeffs -159724142,178373512,178373512,89821971,89821971,342411930,342411930,245912583,245912583,236140149,236140149,-64247449,-64247449,166560800,166560800,226895021,226895021,228219543,228219543,313258463,313258463,283007466,283007466,198900664,198900664,29164665,29164665,72216820,72216820,348393840,348393840,455150720,455150720,612990347,612990347,486089038,486089038,560399271,560399271,581989134,581989134,404402642,404402642,368019677,368019677,299695588,299695588,227587096,227587096,189748144,189748144,122608838,122608838,393836865,393836865,384624649,384624649,400839377,400839377,164780820,164780820,296105243,296105243,159724142
# status f = 7832114,0,1 : PASS_RHO (rho 0.87749, T 1531.9, 1s)
f = 30142066,0,1 | route RHO | claimed 0.87790797419572507495 | coeffs 19921456,19921456,-157665036,-157665036,-224804342,-224804342,-93479919,-93479919,3019428,3019428,1694906,1694906,-41357249,-41357249,-115667482,-115667482,-43558990,-43558990,-59773718,-59773718,-148325259,-148325259,82482990,82482990,-1623812,-1623812,156215815,156215815,119832850,119832850,391060877,391060877,254679776,254679776,264452210,264452210,179413290,179413290,-96763730,-96763730,-118353593,-118353593,-80514641,-80514641,155543916,155543916,408133875,408133875,468468096,468468096,298732097,298732097,171830788,171830788,103506699,103506699,94294483,94294483,-243803171,-243803171,56584427,56584427,86835424,86835424
f = 30142066,0,1 | route T | claimed 1857.0098659787852038 | coeffs 119832850,391060877,391060877,254679776,254679776,264452210,264452210,179413290,179413290,-96763730,-96763730,-118353593,-118353593,-80514641,-80514641,155543916,155543916,408133875,408133875,468468096,468468096,298732097,298732097,171830788,171830788,103506699,103506699,94294483,94294483,-243803171,-243803171,56584427,56584427,86835424,86835424,-19921456,-19921456,157665036,157665036,224804342,224804342,93479919,93479919,-3019428,-3019428,-1694906,-1694906,41357249,41357249,115667482,115667482,43558990,43558990,59773718,59773718,148325259,148325259,-82482990,-82482990,1623812,1623812,-156215815,-156215815,-119832850
# status f = 30142066,0,1 : PASS_RHO (rho 0.87791, T 1857.0, 0s)
f = 70484203,0,1 | route RHO | claimed 0.86624029393631563198 | coeffs -260060195,-391384618,-391384618,-498141498,-498141498,-836239152,-836239152,-963140461,-963140461,-710550502,-710550502,-732140365,-732140365,-722367931,-722367931,-758750896,-758750896,-527942647,-527942647,-455834155,-455834155,-457158677,-457158677,-524297983,-524297983,-554548980,-554548980,-545336764,-545336764,-375600765,-375600765,-611659322,-611659322,-335482302,-335482302,-199101201,-199101201,-356940828,-356940828,-268389287,-268389287,-194079054,-194079054,-290578401,-290578401,-112991909,-112991909,187395689,187395689,119071600,119071600,179405821,179405821,217244773,217244773,132205853,132205853,403433880,403433880,319327078,319327078,303112350,303112350,260060195
f = 70484203,0,1 | route T | claimed 1553.7985668247647898 | coeffs -290578401,-112991909,-112991909,187395689,187395689,119071600,119071600,179405821,179405821,217244773,217244773,132205853,132205853,403433880,403433880,319327078,319327078,303112350,303112350,260060195,260060195,391384618,391384618,498141498,498141498,836239152,836239152,963140461,963140461,710550502,710550502,732140365,732140365,722367931,722367931,758750896,758750896,527942647,527942647,455834155,455834155,457158677,457158677,524297983,524297983,554548980,554548980,545336764,545336764,375600765,375600765,611659322,611659322,335482302,335482302,199101201,199101201,356940828,356940828,268389287,268389287,194079054,194079054,290578401
# status f = 70484203,0,1 : PASS_RHO (rho 0.86624, T 1553.8, 0s)
f = 96074507,0,1 | route RHO | claimed 0.91626323453321425534 | coeffs -96575908,-267526817,-267526817,-270510661,-270510661,-157355940,-157355940,-129193126,-129193126,96083174,96083174,-60012949,-60012949,-356107571,-356107571,-369575273,-369575273,-394594687,-394594687,-629935100,-629935100,-789241203,-789241203,-621177572,-621177572,-492859657,-492859657,-267649015,-267649015,-289093142,-289093142,-599793153,-599793153,-516045196,-516045196,-559506583,-559506583,-489770969,-489770969,-378500265,-378500265,-263489083,-263489083,-234913104,-234913104,-10054124,-10054124,30301920,30301920,116788638,116788638,343328196,343328196,160651679,160651679,159643844,159643844,239844104,239844104,216105234,216105234,-92785467,-92785467,96575908
f = 96074507,0,1 | route T | claimed 2678.2560348428729154 | coeffs -157088262,-157088262,-93940432,-93940432,-79884939,-79884939,-294797989,-294797989,-188034036,-188034036,25385658,25385658,-93309117,-93309117,-32129390,-32129390,70953980,70953980,-121840528,-121840528,-57564239,-57564239,372935112,372935112,77123418,77123418,-17422629,-17422629,-75411082,-75411082,-268636727,-268636727,-29978183,-29978183,95114699,95114699,142432131,142432131,134217888,134217888,221212732,221212732,25974744,25974744,-11489166,-11489166,56123557,56123557,233211232,233211232,377416100,377416100,380124914,380124914,749787768,749787768,449983965,449983965,619645743,619645743,300943006,300943006,235414502,235414502
# status f = 96074507,0,1 : PASS_RHO (rho 0.91626, T 2678.3, 0s)
f = 102274206,0,1 | route RHO | claimed 0.91874029284569995652 | coeffs 19024806,-87732074,-87732074,143076175,143076175,-92982382,-92982382,84604110,84604110,497308,497308,-252092651,-252092651,-184953345,-184953345,-27113718,-27113718,-87447939,-87447939,-218772362,-218772362,-255155327,-255155327,-85419328,-85419328,-181918675,-181918675,89309352,89309352,216210661,216210661,217535183,217535183,81154082,81154082,149478171,149478171,192530326,192530326,202302760,202302760,211514976,211514976,285825209,285825209,200786289,200786289,538883943,538883943,466775451,466775451,190598431,190598431,-109789167,-109789167,-93574439,-93574439,-115164302,-115164302,-145415299,-145415299,-56863758,-56863758,-19024806
f = 102274206,0,1 | route T | claimed 1618.4534589060384632 | coeffs -85419328,-181918675,-181918675,89309352,89309352,216210661,216210661,217535183,217535183,81154082,81154082,149478171,149478171,192530326,192530326,202302760,202302760,211514976,211514976,285825209,285825209,200786289,200786289,538883943,538883943,466775451,466775451,190598431,190598431,-109789167,-109789167,-93574439,-93574439,-115164302,-115164302,-145415299,-145415299,-56863758,-56863758,-19024806,-19024806,87732074,87732074,-143076175,-143076175,92982382,92982382,-84604110,-84604110,-497308,-497308,252092651,252092651,184953345,184953345,27113718,27113718,87447939,87447939,218772362,218772362,255155327,255155327,85419328
# status f = 102274206,0,1 : PASS_RHO (rho 0.91874, T 1618.5, 1s)
f = 134106805,0,1 | route RHO | claimed 0.95828393741523866304 | coeffs -428719588,-428719588,-578450825,-578450825,-473892801,-473892801,-495844800,-495844800,-638924134,-638924134,-448991395,-448991395,-295723794,-295723794,-559224107,-559224107,-457846951,-457846951,-225776818,-225776818,-35149742,-35149742,-55469127,-55469127,303413802,303413802,315117161,315117161,185508923,185508923,315679336,315679336,49650202,49650202,-147017627,-147017627,-3661203,-3661203,110257567,110257567,224997531,224997531,385296263,385296263,248450752,248450752,315083180,315083180,185648534,185648534,68322693,68322693,-49554572,-49554572,388726500,388726500,322507039,322507039,443885532,443885532,476041479,476041479,289608177,289608177
f = 134106805,0,1 | route T | claimed 2483.4831299987972633 | coeffs -104679712,-104679712,-35224972,-35224972,-94023517,-94023517,-52243168,-52243168,-238824914,-238824914,-147329657,-147329657,130198210,130198210,64196179,64196179,374935724,374935724,565004527,565004527,580807694,580807694,559071804,559071804,539379372,539379372,445576790,445576790,513874262,513874262,616432484,616432484,282956287,282956287,259170071,259170071,455291029,455291029,631978640,631978640,545891351,545891351,727080311,727080311,766205744,766205744,746515572,746515572,872370651,872370651,448125535,448125535,480084655,480084655,609165819,609165819,519936037,519936037,517068790,517068790,725021090,725021090,318903515,318903515
# status f = 134106805,0,1 : PASS_RHO (rho 0.95828, T 2483.5, 0s)
f = 153881881,0,1 | route RHO | claimed 0.8854508336093342888 | coeffs 409145099,409145099,410469621,410469621,326362819,326362819,602539839,602539839,475638530,475638530,298052038,298052038,225943546,225943546,497171573,497171573,261113016,261113016,-76984638,-76984638,19514709,19514709,-211293540,-211293540,-296332460,-296332460,-126596461,-126596461,-233353341,-233353341,-307663574,-307663574,-271280609,-271280609,-233441657,-233441657,-224229441,-224229441,-355553864,-355553864,-444105405,-444105405,-453877839,-453877839,-393543618,-393543618,-423794615,-423794615,-380742460,-380742460,-222902833,-222902833,-201312970,-201312970,-269637059,-269637059,-336776365,-336776365,-320561637,-320561637,-456942738,-456942738,-709532697,-709532697
f = 153881881,0,1 | route T | claimed 1900.7319085177886152 | coeffs -192648507,-192648507,-241925259,-241925259,-13298310,-13298310,-47144394,-47144394,18623510,18623510,78603416,78603416,-43031851,-43031851,-28756591,-28756591,-153062834,-153062834,-330756803,-330756803,-506881189,-506881189,-456171810,-456171810,-659320362,-659320362,-330140148,-330140148,-357562222,-357562222,-281465306,-281465306,-351441190,-351441190,-233833979,-233833979,-399368383,-399368383,-289450317,-289450317,-37750991,-37750991,87412381,87412381,135065949,135065949,8772035,8772035,13087369,13087369,-12188427,-12188427,-48137602,-48137602,221134462,221134462,218874895,218874895,60658913,60658913,459565273,459565273,473504738,473504738
# status f = 153881881,0,1 : PASS_RHO (rho 0.88545, T 1900.7, 0s)
f = 211873991,0,1 | route RHO | claimed 0.8854508336093342888 | coeffs -410469621,-410469621,-409145099,-409145099,-709532697,-709532697,-456942738,-456942738,-320561637,-320561637,-336776365,-336776365,-269637059,-269637059,-201312970,-201312970,-222902833,-222902833,-380742460,-380742460,-423794615,-423794615,-393543618,-393543618,-453877839,-453877839,-444105405,-444105405,-355553864,-355553864,-224229441,-224229441,-233441657,-233441657,-271280609,-271280609,-307663574,-307663574,-233353341,-233353341,-126596461,-126596461,-296332460,-296332460,-211293540,-211293540,19514709,19514709,-76984638,-76984638,261113016,261113016,497171573,497171573,225943546,225943546,298052038,298052038,475638530,475638530,602539839,602539839,326362819,326362819
f = 211873991,0,1 | route T | claimed 2315.1551541958556348 | coeffs -192648507,-473504738,-473504738,-459565273,-459565273,-60658913,-60658913,-218874895,-218874895,-221134462,-221134462,48137602,48137602,12188427,12188427,-13087369,-13087369,-8772035,-8772035,-135065949,-135065949,-87412381,-87412381,37750991,37750991,289450317,289450317,399368383,399368383,233833979,233833979,351441190,351441190,281465306,281465306,357562222,357562222,330140148,330140148,659320362,659320362,456171810,456171810,506881189,506881189,330756803,330756803,153062834,153062834,28756591,28756591,43031851,43031851,-78603416,-78603416,-18623510,-18623510,47144394,47144394,13298310,13298310,241925259,241925259,192648507
# status f = 211873991,0,1 : PASS_RHO (rho 0.88545, T 2315.2, 0s)
f = 251772119,0,1 | route RHO | claimed 0.92762729312684794665 | coeffs 81311139,141645360,141645360,67335127,67335127,-168723430,-168723430,-167398908,-167398908,-188988771,-188988771,-57664348,-57664348,27374572,27374572,204961064,204961064,68579963,68579963,38328966,38328966,74711931,74711931,-263385723,-263385723,-347492525,-347492525,-279168436,-279168436,-190616895,-190616895,-360352894,-360352894,-288244402,-288244402,-540834361,-540834361,-497782206,-497782206,-459943254,-459943254,-363443907,-363443907,-87266887,-87266887,-20127581,-20127581,-10355147,-10355147,96401733,96401733,-174826294,-174826294,125561304,125561304,283400931,283400931,292613147,292613147,61804898,61804898,-65096411,-65096411,-81311139
f = 251772119,0,1 | route T | claimed 2358.8561546579040438 | coeffs 37370467,23431002,23431002,19115668,19115668,-98491543,-98491543,77632843,77632843,111478927,111478927,109219360,109219360,234382732,234382732,206960658,206960658,221235918,221235918,502092149,502092149,527367945,527367945,692902349,692902349,642192970,642192970,576425066,576425066,418209084,418209084,465862652,465862652,541959568,541959568,417653325,417653325,368376573,368376573,404325748,404325748,294407682,294407682,497556234,497556234,437576328,437576328,836482688,836482688,710188774,710188774,640212890,640212890,462518921,462518921,691145870,691145870,421873806,421873806,170174480,170174480,-159005734,-159005734,-37370467
# status f = 251772119,0,1 : PASS_RHO (rho 0.92763, T 2358.9, 1s)
f = 293325587,0,1 | route RHO | claimed 0.91626323453321425534 | coeffs -96083174,-96083174,129193126,129193126,157355940,157355940,270510661,270510661,267526817,267526817,96575908,96575908,-92785467,-92785467,216105234,216105234,239844104,239844104,159643844,159643844,160651679,160651679,343328196,343328196,116788638,116788638,30301920,30301920,-10054124,-10054124,-234913104,-234913104,-263489083,-263489083,-378500265,-378500265,-489770969,-489770969,-559506583,-559506583,-516045196,-516045196,-599793153,-599793153,-289093142,-289093142,-267649015,-267649015,-492859657,-492859657,-621177572,-621177572,-789241203,-789241203,-629935100,-629935100,-394594687,-394594687,-369575273,-369575273,-356107571,-356107571,-60012949,-60012949
f = 293325587,0,1 | route T | claimed 2283.2854444010341487 | coeffs -356844699,-356844699,-80667679,-80667679,-20333458,-20333458,317764196,317764196,384903502,384903502,310593269,310593269,394700071,394700071,404472505,404472505,168413948,168413948,100089859,100089859,206846739,206846739,208171261,208171261,119619720,119619720,-151608307,-151608307,-173198170,-173198170,-3462171,-3462171,296925427,296925427,428249850,428249850,356141358,356141358,513980985,513980985,599019905,599019905,851609864,851609864,860822080,860822080,1038408572,1038408572,995356417,995356417,764548168,764548168,628167067,628167067,590328115,590328115,463426806,463426806,433175809,433175809,336676462,336676462,320461734,320461734
# status f = 293325587,0,1 : PASS_RHO (rho 0.91626, T 2283.3, 0s)
f = 310734048,0,1 | route RHO | claimed 0.95331046685328392795 | coeffs 255244527,227081713,227081713,140594995,140594995,365805637,365805637,252650916,252650916,212294872,212294872,340612787,340612787,343596631,343596631,118737651,118737651,286801282,286801282,457752191,457752191,429176212,429176212,269870109,269870109,459231484,459231484,344220302,344220302,108879889,108879889,-200010812,-200010812,-311281516,-311281516,-336300930,-336300930,-360039800,-360039800,-429775414,-429775414,-443243116,-443243116,-363042856,-363042856,-319581469,-319581469,-615676091,-615676091,-616683926,-616683926,-700431883,-700431883,-856528006,-856528006,-1039204523,-1039204523,-728504512,-728504512,-503228212,-503228212,-276688654,-276688654,-255244527
f = 310734048,0,1 | route T | claimed 2497.5843595732670227 | coeffs -173324222,-173324222,-51688955,-51688955,-177982869,-177982869,-302289112,-302289112,-277013316,-277013316,-100888930,-100888930,168383134,168383134,-34765418,-34765418,123450564,123450564,150872638,150872638,164812103,164812103,94836219,94836219,45559467,45559467,211093871,211093871,244939955,244939955,496639281,496639281,556619187,556619187,508965619,508965619,494690359,494690359,499005693,499005693,321311724,321311724,357260899,357260899,306551520,306551520,304291953,304291953,633472167,633472167,234565807,234565807,158468891,158468891,-122387340,-122387340,-4780129,-4780129,223846820,223846820,113928754,113928754,48160850,48160850
# status f = 310734048,0,1 : PASS_RHO (rho 0.95331, T 2497.6, 1s)
f = 384373288,0,1 | route RHO | claimed 0.89315646336338358467 | coeffs -200755013,-191542797,-191542797,-190218275,-190218275,-226601240,-226601240,-479191199,-479191199,-585948079,-585948079,-602162807,-602162807,-517123887,-517123887,-585447976,-585447976,-488948629,-488948629,-646788256,-646788256,-410729699,-410729699,-440980696,-440980696,-513089188,-513089188,-503316754,-503316754,-376415445,-376415445,-507739868,-507739868,-591846670,-591846670,-629685622,-629685622,-329298024,-329298024,-403608257,-403608257,-267227156,-267227156,-436963155,-436963155,-504102461,-504102461,-734910710,-734910710,-756500573,-756500573,-418402919,-418402919,-375350764,-375350764,-104122737,-104122737,-164456958,-164456958,13129534,13129534,-75422007,-75422007,200755013
f = 384373288,0,1 | route T | claimed 2608.0008547766936785 | coeffs -417328725,-345933164,-345933164,-343898538,-343898538,-425073061,-425073061,-73847992,-73847992,-242773378,-242773378,-440813507,-440813507,-575000923,-575000923,-630822897,-630822897,-575909440,-575909440,-331395538,-331395538,-596122746,-596122746,-570598611,-570598611,-271999867,-271999867,-370999815,-370999815,-489684299,-489684299,-100836885,-100836885,-157972289,-157972289,-21839696,-21839696,144958065,144958065,27776609,27776609,245465424,245465424,283725677,283725677,121670236,121670236,85489183,85489183,326884449,326884449,379824605,379824605,529563903,529563903,324323901,324323901,269847017,269847017,467487665,467487665,498868627,498868627,417328725
# status f = 384373288,0,1 : PASS_RHO (rho 0.89316, T 2608.0, 0s)
f = 393727408,0,1 | route RHO | claimed 0.8774851007949054539 | coeffs -159724142,-296105243,-296105243,-164780820,-164780820,-400839377,-400839377,-384624649,-384624649,-393836865,-393836865,-122608838,-122608838,-189748144,-189748144,-227587096,-227587096,-299695588,-299695588,-368019677,-368019677,-404402642,-404402642,-581989134,-581989134,-560399271,-560399271,-486089038,-486089038,-612990347,-612990347,-455150720,-455150720,-348393840,-348393840,-72216820,-72216820,-29164665,-29164665,-198900664,-198900664,-283007466,-283007466,-313258463,-313258463,-228219543,-228219543,-226895021,-226895021,-166560800,-166560800,64247449,64247449,-236140149,-236140149,-245912583,-245912583,-342411930,-342411930,-89821971,-89821971,-178373512,-178373512,159724142
f = 393727408,0,1 | route T | claimed 1656.9292477941993722 | coeffs 296105243,296105243,164780820,164780820,400839377,400839377,384624649,384624649,393836865,393836865,122608838,122608838,189748144,189748144,227587096,227587096,299695588,299695588,368019677,368019677,404402642,404402642,581989134,581989134,560399271,560399271,486089038,486089038,612990347,612990347,455150720,455150720,348393840,348393840,72216820,72216820,29164665,29164665,198900664,198900664,283007466,283007466,313258463,313258463,228219543,228219543,226895021,226895021,166560800,166560800,-64247449,-64247449,236140149,236140149,245912583,245912583,342411930,342411930,89821971,89821971,178373512,178373512,-159724142,-159724142
# status f = 393727408,0,1 : PASS_RHO (rho 0.87749, T 1656.9, 0s)
f = 395572880,0,1 | route RHO | claimed 0.91874029284569995652 | coeffs 285825209,285825209,211514976,211514976,202302760,202302760,192530326,192530326,149478171,149478171,81154082,81154082,217535183,217535183,216210661,216210661,89309352,89309352,-181918675,-181918675,-85419328,-85419328,-255155327,-255155327,-218772362,-218772362,-87447939,-87447939,-27113718,-27113718,-184953345,-184953345,-252092651,-252092651,497308,497308,84604110,84604110,-92982382,-92982382,143076175,143076175,-87732074,-87732074,19024806,19024806,56863758,56863758,145415299,145415299,115164302,115164302,93574439,93574439,109789167,109789167,-190598431,-190598431,-466775451,-466775451,-538883943,-538883943,-200786289,-200786289
f = 395572880,0,1 | route T | claimed 2124.9488138911662955 | coeffs 538883943,538883943,200786289,200786289,285825209,285825209,211514976,211514976,202302760,202302760,192530326,192530326,149478171,149478171,81154082,81154082,217535183,217535183,216210661,216210661,89309352,89309352,-181918675,-181918675,-85419328,-85419328,-255155327,-255155327,-218772362,-218772362,-87447939,-87447939,-27113718,-27113718,-184953345,-184953345,-252092651,-252092651,497308,497308,84604110,84604110,-92982382,-92982382,143076175,143076175,-87732074,-87732074,19024806,19024806,56863758,56863758,145415299,145415299,115164302,115164302,93574439,93574439,109789167,109789167,-190598431,-190598431,-466775451,-466775451
# status f = 395572880,0,1 : PASS_RHO (rho 0.91874, T 2124.9, 0s)
f = 448912149,0,1 | route RHO | claimed 0.92762729312684794665 | coeffs 167398908,168723430,168723430,-67335127,-67335127,-141645360,-141645360,-81311139,-81311139,-65096411,-65096411,61804898,61804898,292613147,292613147,283400931,283400931,125561304,125561304,-174826294,-174826294,96401733,96401733,-10355147,-10355147,-20127581,-20127581,-87266887,-87266887,-363443907,-363443907,-459943254,-459943254,-497782206,-497782206,-540834361,-540834361,-288244402,-288244402,-360352894,-360352894,-190616895,-190616895,-279168436,-279168436,-347492525,-347492525,-263385723,-263385723,74711931,74711931,38328966,38328966,68579963,68579963,204961064,204961064,27374572,27374572,-57664348,-57664348,-188988771,-188988771,-167398908
f = 448912149,0,1 | route T | claimed 2479.2255308110251498 | coeffs -112426768,-115410612,-115410612,109865688,109865688,96397986,96397986,-62908117,-62908117,162302525,162302525,246050482,246050482,357321186,357321186,582180166,582180166,808719724,808719724,888919984,888919984,1078281359,1078281359,965126638,965126638,1121222761,1121222761,1146242175,1146242175,978178544,978178544,999622671,999622671,1043084058,1043084058,928072876,928072876,887716832,887716832,1070393349,1070393349,1094132219,1094132219,923181310,923181310,951344124,951344124,655249502,655249502,419909089,419909089,548227004,548227004,237526993,237526993,307262607,307262607,335838586,335838586,422325304,422325304,421317469,421317469,112426768
# status f = 448912149,0,1 : PASS_RHO (rho 0.92763, T 2479.2, 0s)
f = 488316939,0,1 | route RHO | claimed 0.91656918939614397382 | coeffs 54175990,39900730,39900730,109876614,109876614,135152410,135152410,363779359,363779359,414488738,414488738,666188064,666188064,507972082,507972082,629607349,629607349,553510433,553510433,549195099,549195099,499918347,499918347,323793961,323793961,433712027,433712027,431452460,431452460,371472554,371472554,398894628,398894628,525188542,525188542,806044773,806044773,628350804,628350804,462816400,462816400,732088464,732088464,666320560,666320560,337140346,337140346,289486778,289486778,275547313,275547313,151241070,151241070,268848281,268848281,232899106,232899106,266745190,266745190,469893742,469893742,344730370,344730370,-54175990
f = 488316939,0,1 | route T | claimed 2014.2917977855470198 | coeffs 54175990,39900730,39900730,109876614,109876614,135152410,135152410,363779359,363779359,414488738,414488738,666188064,666188064,507972082,507972082,629607349,629607349,553510433,553510433,549195099,549195099,499918347,499918347,323793961,323793961,433712027,433712027,431452460,431452460,371472554,371472554,398894628,398894628,525188542,525188542,806044773,806044773,628350804,628350804,462816400,462816400,732088464,732088464,666320560,666320560,337140346,337140346,289486778,289486778,275547313,275547313,151241070,151241070,268848281,268848281,232899106,232899106,266745190,266745190,469893742,469893742,344730370,344730370,-54175990
# status f = 488316939,0,1 : PASS_RHO (rho 0.91657, T 2014.3, 1s)
f = 512152502,0,1 | route RHO | claimed 0.87790797419572507495 | coeffs -119832850,-119832850,-156215815,-156215815,1623812,1623812,-82482990,-82482990,148325259,148325259,59773718,59773718,43558990,43558990,115667482,115667482,41357249,41357249,-1694906,-1694906,-3019428,-3019428,93479919,93479919,224804342,224804342,157665036,157665036,-19921456,-19921456,86835424,86835424,56584427,56584427,-243803171,-243803171,94294483,94294483,103506699,103506699,171830788,171830788,298732097,298732097,468468096,468468096,408133875,408133875,155543916,155543916,-80514641,-80514641,-118353593,-118353593,-96763730,-96763730,179413290,179413290,264452210,264452210,254679776,254679776,391060877,391060877
f = 512152502,0,1 | route T | claimed 1732.2479370786521358 | coeffs 148325259,59773718,59773718,43558990,43558990,115667482,115667482,41357249,41357249,-1694906,-1694906,-3019428,-3019428,93479919,93479919,224804342,224804342,157665036,157665036,-19921456,-19921456,86835424,86835424,56584427,56584427,-243803171,-243803171,94294483,94294483,103506699,103506699,171830788,171830788,298732097,298732097,468468096,468468096,408133875,408133875,155543916,155543916,-80514641,-80514641,-118353593,-118353593,-96763730,-96763730,179413290,179413290,264452210,264452210,254679776,254679776,391060877,391060877,119832850,119832850,156215815,156215815,-1623812,-1623812,82482990,82482990,-148325259
# status f = 512152502,0,1 : PASS_RHO (rho 0.87791, T 1732.2, 0s)
f = 551557292,0,1 | route RHO | claimed 0.92011680837200903529 | coeffs -169855293,-169855293,101372734,101372734,208129614,208129614,198357180,198357180,265496486,265496486,-10680534,-10680534,85818813,85818813,47979861,47979861,91032016,91032016,343621975,343621975,415730467,415730467,585466466,585466466,674018007,674018007,605693918,605693918,521587116,521587116,859684770,859684770,896067735,896067735,926318732,926318732,789937631,789937631,612351139,612351139,697390059,697390059,566065636,566065636,544475773,544475773,543151251,543151251,307092694,307092694,381402927,381402927,441737148,441737148,425522420,425522420,552423729,552423729,321615480,321615480,312403264,312403264,470242891,470242891
f = 551557292,0,1 | route T | claimed 2676.2773469518420752 | coeffs 377313565,377313565,209249934,209249934,187805807,187805807,231267194,231267194,346278376,346278376,305922332,305922332,123245815,123245815,146984685,146984685,317935594,317935594,346098408,346098408,642193030,642193030,406852617,406852617,278534702,278534702,-32165309,-32165309,-101900923,-101900923,-73324944,-73324944,-159811662,-159811662,-160819497,-160819497,148071204,148071204,151055048,151055048,376331348,376331348,389799050,389799050,230492947,230492947,5282305,5282305,89030262,89030262,-22240442,-22240442,202618538,202618538,-23921020,-23921020,56279240,56279240,-133082135,-133082135,-246236856,-246236856,-402332979,-402332979
# status f = 551557292,0,1 : PASS_RHO (rho 0.92012, T 2676.3, 1s)
f = 604896561,0,1 | route RHO | claimed 0.93947275165746265348 | coeffs -775006533,-775006533,-881763413,-881763413,-843924461,-843924461,-932476002,-932476002,-962726999,-962726999,-941137136,-941137136,-924922408,-924922408,-624534810,-624534810,-900711830,-900711830,-828603338,-828603338,-490505684,-490505684,-405466764,-405466764,-331156531,-331156531,-340368747,-340368747,-330596313,-330596313,-373648468,-373648468,-305324379,-305324379,-168943278,-168943278,-167618756,-167618756,-294520065,-294520065,-23292038,-23292038,73207309,73207309,242943308,242943308,279326273,279326273,148001850,148001850,208336071,208336071,366175698,366175698,299036392,299036392,46446433,46446433,130553235,130553235,308139727,308139727,544198284,544198284
f = 604896561,0,1 | route T | claimed 2580.7703521286204017 | coeffs -23292038,73207309,73207309,242943308,242943308,279326273,279326273,148001850,148001850,208336071,208336071,366175698,366175698,299036392,299036392,46446433,46446433,130553235,130553235,308139727,308139727,544198284,544198284,775006533,775006533,881763413,881763413,843924461,843924461,932476002,932476002,962726999,962726999,941137136,941137136,924922408,924922408,624534810,624534810,900711830,900711830,828603338,828603338,490505684,490505684,405466764,405466764,331156531,331156531,340368747,340368747,330596313,330596313,373648468,373648468,305324379,305324379,168943278,168943278,167618756,167618756,294520065,294520065,23292038
# status f = 604896561,0,1 : PASS_RHO (rho 0.93947, T 2580.8, 1s)
f = 606742033,0,1 | route RHO | claimed 0.90220568909981744957 | coeffs 1515502,1515502,14983204,14983204,98731161,98731161,-127808397,-127808397,-240963118,-240963118,-72899487,-72899487,-187910669,-187910669,-211649539,-211649539,-507744161,-507744161,-197044150,-197044150,-110557432,-110557432,-113541276,-113541276,45764827,45764827,157035531,157035531,76835271,76835271,232931394,232931394,211487267,211487267,171131223,171131223,342082132,342082132,106741719,106741719,37006105,37006105,35998270,35998270,261274570,261274570,36063928,36063928,260922908,260922908,71561533,71561533,96580947,96580947,53119560,53119560,235796077,235796077,207633263,207633263,335951178,335951178,307375199,307375199
f = 606742033,0,1 | route T | claimed 3086.4192198846620198 | coeffs -141470878,-140146356,-140146356,-200480577,-200480577,30327672,30327672,330715270,330715270,320942836,320942836,417442183,417442183,670032142,670032142,758583683,758583683,1096681337,1096681337,960300236,960300236,828975813,828975813,592917256,592917256,576702528,576702528,567490312,567490312,296262285,296262285,229122979,229122979,266961931,266961931,194853439,194853439,263177528,263177528,226794563,226794563,404381055,404381055,425970918,425970918,351660685,351660685,224759376,224759376,66919749,66919749,173676629,173676629,-102500391,-102500391,-59448236,-59448236,110287763,110287763,26180961,26180961,56431958,56431958,141470878
# status f = 606742033,0,1 : PASS_RHO (rho 0.90221, T 3086.4, 0s)
f = 616096153,0,1 | route RHO | claimed 0.93790474342317074507 | coeffs -245448399,-481506956,-481506956,-511757953,-511757953,-439649461,-439649461,-429877027,-429877027,-556778336,-556778336,-688102759,-688102759,-603995957,-603995957,-641834909,-641834909,-942222507,-942222507,-1016532740,-1016532740,-1152913841,-1152913841,-1322649840,-1322649840,-1255510534,-1255510534,-1486318783,-1486318783,-1464728920,-1464728920,-1126631266,-1126631266,-1169683421,-1169683421,-898455394,-898455394,-838121173,-838121173,-660534681,-660534681,-571983140,-571983140,-295806120,-295806120,-286593904,-286593904,-287918426,-287918426,-324301391,-324301391,-71711432,-71711432,-178468312,-178468312,-162253584,-162253584,-77214664,-77214664,-8890575,-8890575,87608772,87608772,245448399
f = 616096153,0,1 | route T | claimed 2118.0458773141116121 | coeffs 269870109,269870109,429176212,429176212,457752191,457752191,286801282,286801282,118737651,118737651,343596631,343596631,340612787,340612787,212294872,212294872,252650916,252650916,365805637,365805637,140594995,140594995,227081713,227081713,255244527,255244527,276688654,276688654,503228212,503228212,728504512,728504512,1039204523,1039204523,856528006,856528006,700431883,700431883,616683926,616683926,615676091,615676091,319581469,319581469,363042856,363042856,443243116,443243116,429775414,429775414,360039800,360039800,336300930,336300930,311281516,311281516,200010812,200010812,-108879889,-108879889,-344220302,-344220302,-459231484,-459231484
# status f = 616096153,0,1 : PASS_RHO (rho 0.93790, T 2118.0, 0s)
f = 689735393,0,1 | route RHO | claimed 0.89315646336338358467 | coeffs 591846670,591846670,507739868,507739868,376415445,376415445,503316754,503316754,513089188,513089188,440980696,440980696,410729699,410729699,646788256,646788256,488948629,488948629,585447976,585447976,517123887,517123887,602162807,602162807,585948079,585948079,479191199,479191199,226601240,226601240,190218275,190218275,191542797,191542797,200755013,200755013,-75422007,-75422007,13129534,13129534,-164456958,-164456958,-104122737,-104122737,-375350764,-375350764,-418402919,-418402919,-756500573,-756500573,-734910710,-734910710,-504102461,-504102461,-436963155,-436963155,-267227156,-267227156,-403608257,-403608257,-329298024,-329298024,-629685622,-629685622
f = 689735393,0,1 | route T | claimed 2753.8542776850302588 | coeffs 499497933,499497933,550207312,550207312,547947745,547947745,218767531,218767531,-180138829,-180138829,-104041913,-104041913,-384898144,-384898144,-502505355,-502505355,-273878406,-273878406,-163960340,-163960340,-229728244,-229728244,-354891616,-354891616,-476526883,-476526883,-602820797,-602820797,-478514554,-478514554,-453238758,-453238758,-629363144,-629363144,-360091080,-360091080,-156942528,-156942528,1273454,1273454,-26148620,-26148620,-12209155,-12209155,57766729,57766729,8489977,8489977,-157044427,-157044427,-123198343,-123198343,-374897669,-374897669,-314917763,-314917763,-267264195,-267264195,-281539455,-281539455,-285854789,-285854789,-463548758,-463548758
# status f = 689735393,0,1 : PASS_RHO (rho 0.89316, T 2753.9, 0s)
f = 707143854,0,1 | route RHO | claimed 0.87867201582930072813 | coeffs -212785357,-212785357,125312297,125312297,58172991,58172991,-16137242,-16137242,-100244044,-100244044,-90471610,-90471610,145586947,145586947,77262858,77262858,-29494022,-29494022,-28169500,-28169500,60382041,60382041,-210845986,-210845986,-189256123,-189256123,-19520124,-19520124,-319907722,-319907722,-188583299,-188583299,-116474807,-116474807,41364820,41364820,-43674100,-43674100,208915859,208915859,199703643,199703643,377290135,377290135,420342290,420342290,189534041,189534041,325915142,325915142,288076190,288076190,414977499,414977499,384726502,384726502,481225849,481225849,465011121,465011121,428628156,428628156,152451136,152451136
f = 707143854,0,1 | route T | claimed 1917.4815221439453062 | coeffs -167455701,10238268,10238268,7978701,7978701,84075617,84075617,312702566,312702566,187539194,187539194,311845437,311845437,581117501,581117501,553695427,553695427,504418675,504418675,252719349,252719349,238444089,238444089,202494914,202494914,531675128,531675128,812531359,812531359,702613293,702613293,824248560,824248560,798972764,798972764,595824212,595824212,581884747,581884747,747419151,747419151,687439245,687439245,691754579,691754579,742463958,742463958,343557598,343557598,225950387,225950387,160182483,160182483,33888569,33888569,-142235817,-142235817,15980165,15980165,85956049,85956049,119802133,119802133,167455701
# status f = 707143854,0,1 : PASS_RHO (rho 0.87867, T 1917.5, 0s)
f = 748697322,0,1 | route RHO | claimed 0.92011680837200903529 | coeffs 585466466,415730467,415730467,343621975,343621975,91032016,91032016,47979861,47979861,85818813,85818813,-10680534,-10680534,265496486,265496486,198357180,198357180,208129614,208129614,101372734,101372734,-169855293,-169855293,-470242891,-470242891,-312403264,-312403264,-321615480,-321615480,-552423729,-552423729,-425522420,-425522420,-441737148,-441737148,-381402927,-381402927,-307092694,-307092694,-543151251,-543151251,-544475773,-544475773,-566065636,-566065636,-697390059,-697390059,-612351139,-612351139,-789937631,-789937631,-926318732,-926318732,-896067735,-896067735,-859684770,-859684770,-521587116,-521587116,-605693918,-605693918,-674018007,-674018007,-585466466
f = 748697322,0,1 | route T | claimed 2030.9936139966340614 | coeffs 699243546,699243546,1028423760,1028423760,1150059027,1150059027,1136119562,1136119562,1140434896,1140434896,1022827685,1022827685,846703299,846703299,880549383,880549383,882808950,882808950,1007972322,1007972322,1035394396,1035394396,1049669656,1049669656,768813425,768813425,794089221,794089221,628554817,628554817,577845438,577845438,643613342,643613342,485397360,485397360,437743792,437743792,513840708,513840708,638146951,638146951,588870199,588870199,552921024,552921024,443002958,443002958,239854406,239854406,179874500,179874500,-219031860,-219031860,-345325774,-345325774,-275349890,-275349890,-453043859,-453043859,-681670808,-681670808,-950942872,-950942872
# status f = 748697322,0,1 : PASS_RHO (rho 0.92012, T 2031.0, 0s)
f = 788595450,0,1 | route RHO | claimed 0.94396504595081992131 | coeffs -477799766,-407786739,-407786739,-378900273,-378900273,-390190665,-390190665,69718235,69718235,166816536,166816536,425814539,425814539,463715223,463715223,406267855,406267855,322296448,322296448,382141096,382141096,327163458,327163458,615540393,615540393,678281245,678281245,823517707,823517707,1049926836,1049926836,922536970,922536970,852368178,852368178,659155225,659155225,875916334,875916334,914197767,914197767,737185985,737185985,823210168,823210168,575624159,575624159,642352914,642352914,857693221,857693221,800036145,800036145,596383445,596383445,704995141,704995141,523366587,523366587,401814502,401814502,538431784,538431784,477799766
f = 788595450,0,1 | route T | claimed 2268.2105210847197472 | coeffs -477799766,-407786739,-407786739,-378900273,-378900273,-390190665,-390190665,69718235,69718235,166816536,166816536,425814539,425814539,463715223,463715223,406267855,406267855,322296448,322296448,382141096,382141096,327163458,327163458,615540393,615540393,678281245,678281245,823517707,823517707,1049926836,1049926836,922536970,922536970,852368178,852368178,659155225,659155225,875916334,875916334,914197767,914197767,737185985,737185985,823210168,823210168,575624159,575624159,642352914,642352914,857693221,857693221,800036145,800036145,596383445,596383445,704995141,704995141,523366587,523366587,401814502,401814502,538431784,538431784,477799766
# status f = 788595450,0,1 : PASS_RHO (rho 0.94397, T 2268.2, 0s)
f = 846587560,0,1 | route RHO | claimed 0.94396504595081992131 | coeffs 615540393,327163458,327163458,382141096,382141096,322296448,322296448,406267855,406267855,463715223,463715223,425814539,425814539,166816536,166816536,69718235,69718235,-390190665,-390190665,-378900273,-378900273,-407786739,-407786739,-477799766,-477799766,-538431784,-538431784,-401814502,-401814502,-523366587,-523366587,-704995141,-704995141,-596383445,-596383445,-800036145,-800036145,-857693221,-857693221,-642352914,-642352914,-575624159,-575624159,-823210168,-823210168,-737185985,-737185985,-914197767,-914197767,-875916334,-875916334,-659155225,-659155225,-852368178,-852368178,-922536970,-922536970,-1049926836,-1049926836,-823517707,-823517707,-678281245,-678281245,-615540393
f = 846587560,0,1 | route T | claimed 2431.2106287432887794 | coeffs -69718235,-69718235,390190665,390190665,378900273,378900273,407786739,407786739,477799766,477799766,538431784,538431784,401814502,401814502,523366587,523366587,704995141,704995141,596383445,596383445,800036145,800036145,857693221,857693221,642352914,642352914,575624159,575624159,823210168,823210168,737185985,737185985,914197767,914197767,875916334,875916334,659155225,659155225,852368178,852368178,922536970,922536970,1049926836,1049926836,823517707,823517707,678281245,678281245,615540393,615540393,327163458,327163458,382141096,382141096,322296448,322296448,406267855,406267855,463715223,463715223,425814539,425814539,166816536,166816536
# status f = 846587560,0,1 : PASS_RHO (rho 0.94397, T 2431.2, 0s)
f = 866362636,0,1 | route RHO | claimed 0.86624029393631563198 | coeffs -356940828,-356940828,-199101201,-199101201,-335482302,-335482302,-611659322,-611659322,-375600765,-375600765,-545336764,-545336764,-554548980,-554548980,-524297983,-524297983,-457158677,-457158677,-455834155,-455834155,-527942647,-527942647,-758750896,-758750896,-722367931,-722367931,-732140365,-732140365,-710550502,-710550502,-963140461,-963140461,-836239152,-836239152,-498141498,-498141498,-391384618,-391384618,-260060195,-260060195,-303112350,-303112350,-319327078,-319327078,-403433880,-403433880,-132205853,-132205853,-217244773,-217244773,-179405821,-179405821,-119071600,-119071600,-187395689,-187395689,112991909,112991909,290578401,290578401,194079054,194079054,268389287,268389287
f = 866362636,0,1 | route T | claimed 2003.653278156391134 | coeffs 290578401,194079054,194079054,268389287,268389287,356940828,356940828,199101201,199101201,335482302,335482302,611659322,611659322,375600765,375600765,545336764,545336764,554548980,554548980,524297983,524297983,457158677,457158677,455834155,455834155,527942647,527942647,758750896,758750896,722367931,722367931,732140365,732140365,710550502,710550502,963140461,963140461,836239152,836239152,498141498,498141498,391384618,391384618,260060195,260060195,303112350,303112350,319327078,319327078,403433880,403433880,132205853,132205853,217244773,217244773,179405821,179405821,119071600,119071600,187395689,187395689,-112991909,-112991909,-290578401
# status f = 866362636,0,1 : PASS_RHO (rho 0.86624, T 2003.7, 0s)
f = 898195235,0,1 | route RHO | claimed 0.93947275165746265348 | coeffs -46446433,-46446433,-299036392,-299036392,-366175698,-366175698,-208336071,-208336071,-148001850,-148001850,-279326273,-279326273,-242943308,-242943308,-73207309,-73207309,23292038,23292038,294520065,294520065,167618756,167618756,168943278,168943278,305324379,305324379,373648468,373648468,330596313,330596313,340368747,340368747,331156531,331156531,405466764,405466764,490505684,490505684,828603338,828603338,900711830,900711830,624534810,624534810,924922408,924922408,941137136,941137136,962726999,962726999,932476002,932476002,843924461,843924461,881763413,881763413,775006533,775006533,544198284,544198284,308139727,308139727,130553235,130553235
f = 898195235,0,1 | route T | claimed 2388.0514315567855756 | coeffs -130553235,-46446433,-46446433,-299036392,-299036392,-366175698,-366175698,-208336071,-208336071,-148001850,-148001850,-279326273,-279326273,-242943308,-242943308,-73207309,-73207309,23292038,23292038,294520065,294520065,167618756,167618756,168943278,168943278,305324379,305324379,373648468,373648468,330596313,330596313,340368747,340368747,331156531,331156531,405466764,405466764,490505684,490505684,828603338,828603338,900711830,900711830,624534810,624534810,924922408,924922408,941137136,941137136,962726999,962726999,932476002,932476002,843924461,843924461,881763413,881763413,775006533,775006533,544198284,544198284,308139727,308139727,130553235
# status f = 898195235,0,1 : PASS_RHO (rho 0.93947, T 2388.1, 0s)
f = 904394934,0,1 | route RHO | claimed 0.87867201582930072813 | coeffs 481225849,481225849,384726502,384726502,414977499,414977499,288076190,288076190,325915142,325915142,189534041,189534041,420342290,420342290,377290135,377290135,199703643,199703643,208915859,208915859,-43674100,-43674100,41364820,41364820,-116474807,-116474807,-188583299,-188583299,-319907722,-319907722,-19520124,-19520124,-189256123,-189256123,-210845986,-210845986,60382041,60382041,-28169500,-28169500,-29494022,-29494022,77262858,77262858,145586947,145586947,-90471610,-90471610,-100244044,-100244044,-16137242,-16137242,58172991,58172991,125312297,125312297,-212785357,-212785357,-152451136,-152451136,-428628156,-428628156,-465011121,-465011121
f = 904394934,0,1 | route T | claimed 1880.4396360157242427 | coeffs 188583299,188583299,319907722,319907722,19520124,19520124,189256123,189256123,210845986,210845986,-60382041,-60382041,28169500,28169500,29494022,29494022,-77262858,-77262858,-145586947,-145586947,90471610,90471610,100244044,100244044,16137242,16137242,-58172991,-58172991,-125312297,-125312297,212785357,212785357,152451136,152451136,428628156,428628156,465011121,465011121,481225849,481225849,384726502,384726502,414977499,414977499,288076190,288076190,325915142,325915142,189534041,189534041,420342290,420342290,377290135,377290135,199703643,199703643,208915859,208915859,-43674100,-43674100,41364820,41364820,-116474807,-116474807
# status f = 904394934,0,1 : PASS_RHO (rho 0.87867, T 1880.4, 0s)
f = 929985238,0,1 | route RHO | claimed 0.95828393741523866304 | coeffs 49554572,-68322693,-68322693,-185648534,-185648534,-315083180,-315083180,-248450752,-248450752,-385296263,-385296263,-224997531,-224997531,-110257567,-110257567,3661203,3661203,147017627,147017627,-49650202,-49650202,-315679336,-315679336,-185508923,-185508923,-315117161,-315117161,-303413802,-303413802,55469127,55469127,35149742,35149742,225776818,225776818,457846951,457846951,559224107,559224107,295723794,295723794,448991395,448991395,638924134,638924134,495844800,495844800,473892801,473892801,578450825,578450825,428719588,428719588,289608177,289608177,476041479,476041479,443885532,443885532,322507039,322507039,388726500,388726500,-49554572
f = 929985238,0,1 | route T | claimed 2212.3164860846009425 | coeffs 147017627,-49650202,-49650202,-315679336,-315679336,-185508923,-185508923,-315117161,-315117161,-303413802,-303413802,55469127,55469127,35149742,35149742,225776818,225776818,457846951,457846951,559224107,559224107,295723794,295723794,448991395,448991395,638924134,638924134,495844800,495844800,473892801,473892801,578450825,578450825,428719588,428719588,289608177,289608177,476041479,476041479,443885532,443885532,322507039,322507039,388726500,388726500,-49554572,-49554572,68322693,68322693,185648534,185648534,315083180,315083180,248450752,248450752,385296263,385296263,224997531,224997531,110257567,110257567,-3661203,-3661203,-147017627
# status f = 929985238,0,1 : PASS_RHO (rho 0.95828, T 2212.3, 0s)
f = 970327375,0,1 | route RHO | claimed 0.91656918939614397382 | coeffs -109876614,-109876614,-39900730,-39900730,-54175990,-54175990,344730370,344730370,469893742,469893742,266745190,266745190,232899106,232899106,268848281,268848281,151241070,151241070,275547313,275547313,289486778,289486778,337140346,337140346,666320560,666320560,732088464,732088464,462816400,462816400,628350804,628350804,806044773,806044773,525188542,525188542,398894628,398894628,371472554,371472554,431452460,431452460,433712027,433712027,323793961,323793961,499918347,499918347,549195099,549195099,553510433,553510433,629607349,629607349,507972082,507972082,666188064,666188064,414488738,414488738,363779359,363779359,135152410,135152410
f = 970327375,0,1 | route T | claimed 2191.5085987883570051 | coeffs -109876614,-109876614,-39900730,-39900730,-54175990,-54175990,344730370,344730370,469893742,469893742,266745190,266745190,232899106,232899106,268848281,268848281,151241070,151241070,275547313,275547313,289486778,289486778,337140346,337140346,666320560,666320560,732088464,732088464,462816400,462816400,628350804,628350804,806044773,806044773,525188542,525188542,398894628,398894628,371472554,371472554,431452460,431452460,433712027,433712027,323793961,323793961,499918347,499918347,549195099,549195099,553510433,553510433,629607349,629607349,507972082,507972082,666188064,666188064,414488738,414488738,363779359,363779359,135152410,135152410
# status f = 970327375,0,1 : PASS_RHO (rho 0.91657, T 2191.5, 0s)
f = 992637327,0,1 | route RHO | claimed 0.90220568909981744957 | coeffs -157035531,-157035531,-45764827,-45764827,113541276,113541276,110557432,110557432,197044150,197044150,507744161,507744161,211649539,211649539,187910669,187910669,72899487,72899487,240963118,240963118,127808397,127808397,-98731161,-98731161,-14983204,-14983204,-1515502,-1515502,307375199,307375199,335951178,335951178,207633263,207633263,235796077,235796077,53119560,53119560,96580947,96580947,71561533,71561533,260922908,260922908,36063928,36063928,261274570,261274570,35998270,35998270,37006105,37006105,106741719,106741719,342082132,342082132,171131223,171131223,211487267,211487267,232931394,232931394,76835271,76835271
f = 992637327,0,1 | route T | claimed 2754.0439842940694033 | coeffs -330715270,-30327672,-30327672,200480577,200480577,140146356,140146356,141470878,141470878,56431958,56431958,26180961,26180961,110287763,110287763,-59448236,-59448236,-102500391,-102500391,173676629,173676629,66919749,66919749,224759376,224759376,351660685,351660685,425970918,425970918,404381055,404381055,226794563,226794563,263177528,263177528,194853439,194853439,266961931,266961931,229122979,229122979,296262285,296262285,567490312,567490312,576702528,576702528,592917256,592917256,828975813,828975813,960300236,960300236,1096681337,1096681337,758583683,758583683,670032142,670032142,417442183,417442183,320942836,320942836,330715270
# status f = 992637327,0,1 : PASS_RHO (rho 0.90221, T 2754.0, 1s)
# summary n = 7 l = 1000469441 : EXCLUSION_CANDIDATE ; PASS 32 / 32 ; OPEN_NEAR 0 ; OPEN_FAR 0 ; 15s
