# FAMILY WITNESS FILE (generator family_gen.sage r10). n = 7 ; l = 1000886977 ; m = 64 ; deg = 2 ; ncomp = 32 ; bar_T = 4224 ; L_n = 16.3328709449664096755483535644
# line: f = c0,...,c_deg (monic, over F_l) | route RHO|T | claimed (rho or T, float) | coeffs a_0..a_{m-1}
f = 17739778,0,1 | route RHO | claimed 0.97345178248305269604 | coeffs -291518303,-291518303,-454324009,-454324009,-281086012,-281086012,-225199664,-225199664,-365643132,-365643132,-193065256,-193065256,-446570880,-446570880,-376187545,-376187545,-721721246,-721721246,-702686025,-702686025,-994169006,-994169006,-897419753,-897419753,-713451891,-713451891,-500535188,-500535188,-624169026,-624169026,-615074713,-615074713,-702364942,-702364942,-825414811,-825414811,-924663017,-924663017,-893327748,-893327748,-828037676,-828037676,-842428290,-842428290,-905811971,-905811971,-630783008,-630783008,-526514741,-526514741,-350038505,-350038505,-392038718,-392038718,-107071851,-107071851,-107025433,-107025433,-6515940,-6515940,-82917358,-82917358,-68226135,-68226135
f = 17739778,0,1 | route T | claimed 2453.6756757333117144 | coeffs 180732264,180732264,85307433,85307433,206427393,206427393,313928055,313928055,423074842,423074842,365706876,365706876,414667114,414667114,453431712,453431712,558857233,558857233,543684798,543684798,755873970,755873970,884952982,884952982,901661903,901661903,1162005172,1162005172,700870953,700870953,1000027597,1000027597,810591608,810591608,757655037,757655037,469109875,469109875,476849767,476849767,541391084,541391084,681058030,681058030,815946664,815946664,777858763,777858763,876655727,876655727,489843383,489843383,192087764,192087764,138094669,138094669,96125331,96125331,20297661,20297661,-26075690,-26075690,-20609501,-20609501
# status f = 17739778,0,1 : PASS_RHO (rho 0.97345, T 2453.7, 1s)
f = 33489175,0,1 | route RHO | claimed 0.9425111762328831139 | coeffs -150423479,-159330752,-159330752,-228481492,-228481492,-227736410,-227736410,-305035360,-305035360,-212952384,-212952384,-349387850,-349387850,-543855293,-543855293,-443791291,-443791291,-686172372,-686172372,-682296126,-682296126,-816357525,-816357525,-768110741,-768110741,-799295700,-799295700,-698398098,-698398098,-963539533,-963539533,-790527511,-790527511,-717383530,-717383530,-492791006,-492791006,-236118387,-236118387,-129911718,-129911718,-13951461,-13951461,-364122118,-364122118,-268030287,-268030287,-266930363,-266930363,-245275465,-245275465,165548819,165548819,197184578,197184578,280890019,280890019,341650284,341650284,357535757,357535757,26277013,26277013,150423479
f = 33489175,0,1 | route T | claimed 2323.6218792545166126 | coeffs 141337058,508230257,508230257,303609329,303609329,284472347,284472347,558725094,558725094,496453110,496453110,696376409,696376409,600688683,600688683,1006644039,1006644039,999935259,999935259,1092866572,1092866572,817851797,817851797,905665438,905665438,920053966,920053966,664859276,664859276,660289729,660289729,444189321,444189321,395858386,395858386,497177005,497177005,550527983,550527983,478421070,478421070,506635214,506635214,352339619,352339619,415639738,415639738,104401407,104401407,169904403,169904403,215580461,215580461,213460105,213460105,-52244067,-52244067,-96167642,-96167642,-130170692,-130170692,-104313309,-104313309,-141337058
# status f = 33489175,0,1 : PASS_RHO (rho 0.94251, T 2323.6, 0s)
f = 54748641,0,1 | route RHO | claimed 0.9425111762328831139 | coeffs -165548819,245275465,245275465,266930363,266930363,268030287,268030287,364122118,364122118,13951461,13951461,129911718,129911718,236118387,236118387,492791006,492791006,717383530,717383530,790527511,790527511,963539533,963539533,698398098,698398098,799295700,799295700,768110741,768110741,816357525,816357525,682296126,682296126,686172372,686172372,443791291,443791291,543855293,543855293,349387850,349387850,212952384,212952384,305035360,305035360,227736410,227736410,228481492,228481492,159330752,159330752,150423479,150423479,26277013,26277013,357535757,357535757,341650284,341650284,280890019,280890019,197184578,197184578,165548819
f = 54748641,0,1 | route T | claimed 2299.4896541987232999 | coeffs -165548819,245275465,245275465,266930363,266930363,268030287,268030287,364122118,364122118,13951461,13951461,129911718,129911718,236118387,236118387,492791006,492791006,717383530,717383530,790527511,790527511,963539533,963539533,698398098,698398098,799295700,799295700,768110741,768110741,816357525,816357525,682296126,682296126,686172372,686172372,443791291,443791291,543855293,543855293,349387850,349387850,212952384,212952384,305035360,305035360,227736410,227736410,228481492,228481492,159330752,159330752,150423479,150423479,26277013,26277013,357535757,357535757,341650284,341650284,280890019,280890019,197184578,197184578,165548819
# status f = 54748641,0,1 : PASS_RHO (rho 0.94251, T 2299.5, 0s)
f = 58413062,0,1 | route RHO | claimed 0.94333516669540540733 | coeffs -595794819,-546182832,-546182832,-316926841,-316926841,-365844555,-365844555,-416048065,-416048065,-238608964,-238608964,-159532263,-159532263,30312129,30312129,226969476,226969476,263780632,263780632,248615821,248615821,433300905,433300905,739719521,739719521,448654565,448654565,808483517,808483517,689699927,689699927,919773706,919773706,950545448,950545448,1093660773,1093660773,1032685789,1032685789,999257232,999257232,976357176,976357176,989301337,989301337,921628526,921628526,841577890,841577890,925362767,925362767,1065379308,1065379308,1253474903,1253474903,1138977427,1138977427,936746145,936746145,1039128349,1039128349,694165965,694165965,595794819
f = 58413062,0,1 | route T | claimed 2122.6717091313727896 | coeffs 157002969,348038682,348038682,463027436,463027436,376320245,376320245,446364252,446364252,175616926,175616926,22445283,22445283,245492985,245492985,199433381,199433381,183395390,183395390,217681383,217681383,402106328,402106328,503674270,503674270,253771117,253771117,464200184,464200184,479804066,479804066,564241737,564241737,521396920,521396920,299550634,299550634,354073895,354073895,623671827,623671827,723734472,723734472,454936828,454936828,444387444,444387444,214655332,214655332,401305095,401305095,304593927,304593927,196481595,196481595,182370053,182370053,438378929,438378929,43027292,43027292,-116511291,-116511291,-157002969
# status f = 58413062,0,1 : PASS_RHO (rho 0.94334, T 2122.7, 0s)
f = 60526064,0,1 | route RHO | claimed 0.94897093578835281429 | coeffs -117514501,76952942,76952942,177850544,177850544,61890287,61890287,145595728,145595728,146340810,146340810,142464564,142464564,215608545,215608545,214508621,214508621,-116750123,-116750123,-253185589,-253185589,-222000630,-222000630,-115793961,-115793961,-147429720,-147429720,-78278980,-78278980,-320660061,-320660061,-493672083,-493672083,-397580252,-397580252,-413465725,-413465725,-505548701,-505548701,-457301917,-457301917,-713974536,-713974536,-303150252,-303150252,-312057525,-312057525,-412121527,-412121527,-677262962,-677262962,-327092305,-327092305,-266332040,-266332040,-343630990,-343630990,-209569591,-209569591,15022933,15022933,-6631965,-6631965,117514501
f = 60526064,0,1 | route T | claimed 2175.5005673550657951 | coeffs -53452012,-106802990,-106802990,-61126932,-61126932,305766267,305766267,-100189089,-100189089,-104758636,-104758636,49536959,49536959,5613384,5613384,279866131,279866131,554880906,554880906,656199525,656199525,590696529,590696529,553672780,553672780,457985054,457985054,713179744,713179744,741393888,741393888,1007098060,1007098060,1026235042,1026235042,1119166355,1119166355,1167497290,1167497290,856258959,856258959,830401576,830401576,630478277,630478277,644866805,644866805,716973718,716973718,714853362,714853362,510232434,510232434,516941214,516941214,300840806,300840806,237540687,237540687,203537637,203537637,141265653,141265653,53452012
# status f = 60526064,0,1 : PASS_RHO (rho 0.94897, T 2175.5, 0s)
f = 83787977,0,1 | route RHO | claimed 0.93789845215768362376 | coeffs 823339907,739634466,739634466,647551490,647551490,748449092,748449092,652357261,652357261,776503727,776503727,534122646,534122646,309530122,309530122,341165881,341165881,263866931,263866931,295051890,295051890,-55118767,-55118767,276139977,276139977,176075975,176075975,249219956,249219956,-161604328,-161604328,-162349410,-162349410,-114102626,-114102626,-230062883,-230062883,-214177410,-214177410,-408644853,-408644853,-581656875,-581656875,-560001977,-560001977,-629152717,-629152717,-495091318,-495091318,-388884649,-388884649,-449644914,-449644914,-313209448,-313209448,-578350883,-578350883,-579450807,-579450807,-570543534,-570543534,-566667288,-566667288,-823339907
f = 83787977,0,1 | route T | claimed 2312.0406309190310824 | coeffs -322697045,-42995204,-42995204,135404464,135404464,121403508,121403508,171840614,171840614,88396411,88396411,184952849,184952849,127921662,127921662,92421546,92421546,283725195,283725195,335754200,335754200,542696550,542696550,466365002,466365002,332720442,332720442,491375312,491375312,459603244,459603244,366736071,366736071,713928818,713928818,693377369,693377369,476947124,476947124,696620484,696620484,874604510,874604510,454088839,454088839,539611917,539611917,283949227,283949227,133635909,133635909,-42130847,-42130847,130880833,130880833,149698271,149698271,235262257,235262257,423925764,423925764,364810079,364810079,322697045
# status f = 83787977,0,1 : PASS_RHO (rho 0.93790, T 2312.0, 1s)
f = 85779034,0,1 | route RHO | claimed 0.95219757809606463106 | coeffs -691332878,-691332878,-513893777,-513893777,-628391253,-628391253,-567416269,-567416269,-582581080,-582581080,-632193067,-632193067,-552142431,-552142431,-670926021,-670926021,-750002722,-750002722,-547771440,-547771440,-581199997,-581199997,-765885081,-765885081,-536629090,-536629090,-452844213,-452844213,-682917992,-682917992,-493073600,-493073600,-390691396,-390691396,-367791340,-367791340,-61372724,-61372724,-12455010,-12455010,-152471551,-152471551,-121699809,-121699809,-318357156,-318357156,26605228,26605228,39549389,39549389,330614345,330614345,280410835,280410835,468506430,468506430,325391105,325391105,362202261,362202261,263831115,263831115,331503926,331503926
f = 85779034,0,1 | route T | claimed 2398.6399664668373454 | coeffs 397933520,397933520,764826719,764826719,663508100,663508100,682645082,682645082,610538169,610538169,548266185,548266185,702561780,702561780,798249506,798249506,487011175,487011175,480302395,480302395,434626337,434626337,709641112,709641112,443936940,443936940,458325468,458325468,492328518,492328518,496898065,496898065,459874316,459874316,411543381,411543381,206922453,206922453,153571475,153571475,-120681272,-120681272,-92467128,-92467128,107456171,107456171,44156052,44156052,-361799304,-361799304,-296296308,-296296308,-203364995,-203364995,-201244639,-201244639,-289058280,-289058280,-332981855,-332981855,-588176545,-588176545,-614033928,-614033928
# status f = 85779034,0,1 : PASS_RHO (rho 0.95220, T 2398.6, 1s)
f = 117191643,0,1 | route RHO | claimed 0.94897093578835281429 | coeffs 61890287,61890287,177850544,177850544,76952942,76952942,-117514501,-117514501,6631965,6631965,-15022933,-15022933,209569591,209569591,343630990,343630990,266332040,266332040,327092305,327092305,677262962,677262962,412121527,412121527,312057525,312057525,303150252,303150252,713974536,713974536,457301917,457301917,505548701,505548701,413465725,413465725,397580252,397580252,493672083,493672083,320660061,320660061,78278980,78278980,147429720,147429720,115793961,115793961,222000630,222000630,253185589,253185589,116750123,116750123,-214508621,-214508621,-215608545,-215608545,-142464564,-142464564,-146340810,-146340810,-145595728,-145595728
f = 117191643,0,1 | route T | claimed 2538.7686001084172464 | coeffs 367656554,367656554,116723612,116723612,-29850048,-29850048,-170966513,-170966513,-134633688,-134633688,-218560570,-218560570,-27971096,-27971096,42790184,42790184,-250609174,-250609174,-183140129,-183140129,-37590400,-37590400,-304852191,-304852191,-332809280,-332809280,-327328025,-327328025,-116427040,-116427040,-398957042,-398957042,-661948589,-661948589,-705700630,-705700630,-628654790,-628654790,-513425977,-513425977,-420733827,-420733827,-634900764,-634900764,-310555334,-310555334,-437878819,-437878819,-368695899,-368695899,-403013936,-403013936,-438130783,-438130783,-494374752,-494374752,-221221929,-221221929,-192001523,-192001523,-41582174,-41582174,-45406639,-45406639
# status f = 117191643,0,1 : PASS_RHO (rho 0.94897, T 2538.8, 0s)
f = 126398920,0,1 | route RHO | claimed 0.96778018710786261656 | coeffs -197650195,-197650195,-93381928,-93381928,-108073151,-108073151,145432473,145432473,358349176,358349176,293059104,293059104,578025971,578025971,751263968,751263968,732228747,732228747,644938518,644938518,369909555,369909555,293508137,293508137,466086013,466086013,282118151,282118151,313453420,313453420,355453633,355453633,518259339,518259339,172725638,172725638,163631325,163631325,100247644,100247644,-261849,-261849,140181619,140181619,236930872,236930872,336179078,336179078,512655314,512655314,152910876,152910876,82527541,82527541,-41106297,-41106297,-26715683,-26715683,-26669265,-26669265,29217083,29217083,320700064,320700064
f = 126398920,0,1 | route T | claimed 2509.3262861391104233 | coeffs -209365447,-209365447,-241137515,-241137515,-222320077,-222320077,-413623726,-413623726,6891945,6891945,-7109011,-7109011,-99976184,-99976184,-14412198,-14412198,-66441203,-66441203,-151964281,-151964281,-101527175,-101527175,245665572,245665572,434329079,434329079,227386729,227386729,483049419,483049419,399605216,399605216,379053767,379053767,319938082,319938082,396269630,396269630,546582948,546582948,643139386,643139386,426709141,426709141,384596107,384596107,518240667,518240667,694007423,694007423,636976236,636976236,856649596,856649596,576947755,576947755,418292885,418292885,245281205,245281205,209781089,209781089,387765115,387765115
# status f = 126398920,0,1 : PASS_RHO (rho 0.96778, T 2509.3, 1s)
f = 134249175,0,1 | route RHO | claimed 0.97573926340237836863 | coeffs -75731802,7920655,7920655,16773925,16773925,96833521,96833521,-195462142,-195462142,-235342747,-235342747,-467100501,-467100501,-258099491,-258099491,-266843198,-266843198,25755394,25755394,31880567,31880567,181461894,181461894,226321483,226321483,-55908520,-55908520,-33272222,-33272222,13959302,13959302,65401011,65401011,356154813,356154813,540345807,540345807,362616240,362616240,166894509,166894509,240074873,240074873,20027359,20027359,212032719,212032719,142161468,142161468,5652596,5652596,-138048153,-138048153,-179331262,-179331262,-302392410,-302392410,16648154,16648154,-133878108,-133878108,-96581556,-96581556,75731802
f = 134249175,0,1 | route T | claimed 2620.8636412930971348 | coeffs 138048153,179331262,179331262,302392410,302392410,-16648154,-16648154,133878108,133878108,96581556,96581556,-75731802,-75731802,7920655,7920655,16773925,16773925,96833521,96833521,-195462142,-195462142,-235342747,-235342747,-467100501,-467100501,-258099491,-258099491,-266843198,-266843198,25755394,25755394,31880567,31880567,181461894,181461894,226321483,226321483,-55908520,-55908520,-33272222,-33272222,13959302,13959302,65401011,65401011,356154813,356154813,540345807,540345807,362616240,362616240,166894509,166894509,240074873,240074873,20027359,20027359,212032719,212032719,142161468,142161468,5652596,5652596,-138048153
# status f = 134249175,0,1 : PASS_RHO (rho 0.97574, T 2620.9, 0s)
f = 188244127,0,1 | route RHO | claimed 0.94358800251936696834 | coeffs -538862212,-538862212,-586341592,-586341592,-459870943,-459870943,-472014078,-472014078,-341867260,-341867260,-573243394,-573243394,-262836635,-262836635,-269766872,-269766872,-432981757,-432981757,-298884871,-298884871,-76527147,-76527147,51822127,51822127,298602319,298602319,410874959,410874959,348595483,348595483,260864394,260864394,241974242,241974242,256950823,256950823,303618686,303618686,329086543,329086543,146968415,146968415,472792802,472792802,281145208,281145208,373108239,373108239,266322022,266322022,348637089,348637089,102953328,102953328,116034429,116034429,497422201,497422201,139693395,139693395,313301891,313301891,455570734,455570734
f = 188244127,0,1 | route T | claimed 2160.0676878212959107 | coeffs 284155339,307055395,307055395,227004759,227004759,38909164,38909164,141291368,141291368,190903355,190903355,241106865,241106865,430951257,430951257,446116068,446116068,155051112,155051112,-75022667,-75022667,-135997651,-135997651,-148941812,-148941812,-65156935,-65156935,49340541,49340541,-295621843,-295621843,-66365852,-66365852,-243804953,-243804953,-47147606,-47147606,-231832690,-231832690,127996262,127996262,97224520,97224520,63795963,63795963,131468774,131468774,271485315,271485315,473716597,473716597,375345451,375345451,326427737,326427737,247351036,247351036,284162192,284162192,-22256424,-22256424,-141040014,-141040014,-284155339
# status f = 188244127,0,1 : PASS_RHO (rho 0.94359, T 2160.1, 0s)
f = 249845076,0,1 | route RHO | claimed 0.93336780000455208285 | coeffs 433570152,433570152,477803542,477803542,337508903,337508903,482396276,482396276,378906268,378906268,398262446,398262446,225413586,225413586,160938562,160938562,294192867,294192867,91881155,91881155,174064165,174064165,356018892,356018892,361467986,361467986,285173497,285173497,273818368,273818368,193575219,193575219,-156169749,-156169749,211712199,211712199,195205253,195205253,248827725,248827725,364218579,364218579,408701260,408701260,248266956,248266956,441055152,441055152,118543999,118543999,63906901,63906901,-177038499,-177038499,-83886625,-83886625,-503186285,-503186285,-278943378,-278943378,-271535143,-271535143,-385029915,-385029915
f = 249845076,0,1 | route T | claimed 2208.2246519536836039 | coeffs -54167168,-54167168,-72032481,-72032481,-25360612,-25360612,397741888,397741888,78633905,78633905,72067754,72067754,76246865,76246865,17703870,17703870,188902498,188902498,63128525,63128525,-38638336,-38638336,-172515534,-172515534,-8073729,-8073729,-205969738,-205969738,-596537085,-596537085,-326380819,-326380819,-414275988,-414275988,-76244452,-76244452,-187312977,-187312977,-234570439,-234570439,-411749401,-411749401,-398288441,-398288441,-295064398,-295064398,-295294637,-295294637,-26085959,-26085959,87244136,87244136,129134038,129134038,77466012,77466012,-98100699,-98100699,-258901618,-258901618,-27895423,-27895423,-28648129,-28648129
# status f = 249845076,0,1 : PASS_RHO (rho 0.93337, T 2208.2, 0s)
f = 255843356,0,1 | route RHO | claimed 0.95686569700990330772 | coeffs 432600914,371840649,371840649,367964403,367964403,464056234,464056234,386757284,386757284,313613303,313613303,329498776,329498776,195437377,195437377,194337453,194337453,102254477,102254477,326847001,326847001,658105745,658105745,609858961,609858961,631513859,631513859,495078393,495078393,238405774,238405774,362552240,362552240,331367281,331367281,-79457003,-79457003,115010440,115010440,221217109,221217109,212309836,212309836,111412234,111412234,143047993,143047993,243111995,243111995,127151738,127151738,196302478,196302478,-68838957,-68838957,-152544398,-152544398,89836683,89836683,-260333974,-260333974,-259588892,-259588892,-432600914
f = 255843356,0,1 | route T | claimed 2596.488248576590844 | coeffs 432600914,371840649,371840649,367964403,367964403,464056234,464056234,386757284,386757284,313613303,313613303,329498776,329498776,195437377,195437377,194337453,194337453,102254477,102254477,326847001,326847001,658105745,658105745,609858961,609858961,631513859,631513859,495078393,495078393,238405774,238405774,362552240,362552240,331367281,331367281,-79457003,-79457003,115010440,115010440,221217109,221217109,212309836,212309836,111412234,111412234,143047993,143047993,243111995,243111995,127151738,127151738,196302478,196302478,-68838957,-68838957,-152544398,-152544398,89836683,89836683,-260333974,-260333974,-259588892,-259588892,-432600914
# status f = 255843356,0,1 : PASS_RHO (rho 0.95687, T 2596.5, 0s)
f = 371795836,0,1 | route RHO | claimed 0.94369912391495243471 | coeffs -26511,0,-72758630,0,-132625002,0,146746583,0,-44571803,0,-7830876,0,298220226,0,216533263,0,5433684,0,114470965,0,104680471,0,227203950,0,79073772,0,-142942949,0,-44642032,0,155104901,0,28437668,0,-44769826,0,-176593991,0,117624632,0,-117758434,0,-117583575,0,-173714691,0,-184658573,0,106187187,0,334856284,0,-67669882,0,-74211787,0,-72219760,0,-347832213,0,-201368452,0,55541300,0
f = 371795836,0,1 | route T | claimed 2885.2664099004083046 | coeffs 146746583,0,-44571803,0,-7830876,0,298220226,0,216533263,0,5433684,0,114470965,0,104680471,0,227203950,0,79073772,0,-142942949,0,-44642032,0,155104901,0,28437668,0,-44769826,0,-176593991,0,117624632,0,-117758434,0,-117583575,0,-173714691,0,-184658573,0,106187187,0,334856284,0,-67669882,0,-74211787,0,-72219760,0,-347832213,0,-201368452,0,55541300,0,26511,0,72758630,0,132625002,0
# status f = 371795836,0,1 : PASS_RHO (rho 0.94370, T 2885.3, 0s)
f = 435758147,0,1 | route RHO | claimed 0.93078770221766441813 | coeffs -429134550,-457261121,-457261121,-747981634,-747981634,-531916216,-531916216,-538683386,-538683386,-728404329,-728404329,-804977081,-804977081,-615394980,-615394980,-863242250,-863242250,-757511702,-757511702,-396945436,-396945436,-616339858,-616339858,-392878939,-392878939,-357356254,-357356254,-331624047,-331624047,-297633015,-297633015,-249961144,-249961144,-242551439,-242551439,-421846447,-421846447,-129539373,-129539373,30724598,30724598,196840402,196840402,193169752,193169752,10360935,10360935,287862681,287862681,399738660,399738660,121416487,121416487,224889051,224889051,324711919,324711919,432758782,432758782,427153235,427153235,394078470,394078470,429134550
f = 435758147,0,1 | route T | claimed 2114.5612238348512681 | coeffs 457261121,457261121,747981634,747981634,531916216,531916216,538683386,538683386,728404329,728404329,804977081,804977081,615394980,615394980,863242250,863242250,757511702,757511702,396945436,396945436,616339858,616339858,392878939,392878939,357356254,357356254,331624047,331624047,297633015,297633015,249961144,249961144,242551439,242551439,421846447,421846447,129539373,129539373,-30724598,-30724598,-196840402,-196840402,-193169752,-193169752,-10360935,-10360935,-287862681,-287862681,-399738660,-399738660,-121416487,-121416487,-224889051,-224889051,-324711919,-324711919,-432758782,-432758782,-427153235,-427153235,-394078470,-394078470,-429134550,-429134550
# status f = 435758147,0,1 : PASS_RHO (rho 0.93079, T 2114.6, 0s)
f = 499410655,0,1 | route RHO | claimed 0.95185720523262894632 | coeffs 296601016,296601016,364273827,364273827,135017836,135017836,-156047120,-156047120,-75996484,-75996484,-27078770,-27078770,332750182,332750182,248965305,248965305,299168815,299168815,180385225,180385225,40368684,40368684,-137070417,-137070417,93003362,93003362,-95092233,-95092233,-174168934,-174168934,-143397192,-143397192,-28899716,-28899716,-218744108,-218744108,-75628783,-75628783,126602499,126602499,-70054848,-70054848,-131029832,-131029832,-233412036,-233412036,-270223192,-270223192,-303651749,-303651749,41310635,41310635,56475446,56475446,33575390,33575390,131946536,131946536,-52738548,-52738548,-39794387,-39794387,9817600,9817600
f = 499410655,0,1 | route T | claimed 2086.1241666674935819 | coeffs -40368684,-40368684,137070417,137070417,-93003362,-93003362,95092233,95092233,174168934,174168934,143397192,143397192,28899716,28899716,218744108,218744108,75628783,75628783,-126602499,-126602499,70054848,70054848,131029832,131029832,233412036,233412036,270223192,270223192,303651749,303651749,-41310635,-41310635,-56475446,-56475446,-33575390,-33575390,-131946536,-131946536,52738548,52738548,39794387,39794387,-9817600,-9817600,296601016,296601016,364273827,364273827,135017836,135017836,-156047120,-156047120,-75996484,-75996484,-27078770,-27078770,332750182,332750182,248965305,248965305,299168815,299168815,180385225,180385225
# status f = 499410655,0,1 : PASS_RHO (rho 0.95186, T 2086.1, 0s)
f = 501476322,0,1 | route RHO | claimed 0.97345178248305269604 | coeffs -82917358,-82917358,-6515940,-6515940,-107025433,-107025433,-107071851,-107071851,-392038718,-392038718,-350038505,-350038505,-526514741,-526514741,-630783008,-630783008,-905811971,-905811971,-842428290,-842428290,-828037676,-828037676,-893327748,-893327748,-924663017,-924663017,-825414811,-825414811,-702364942,-702364942,-615074713,-615074713,-624169026,-624169026,-500535188,-500535188,-713451891,-713451891,-897419753,-897419753,-994169006,-994169006,-702686025,-702686025,-721721246,-721721246,-376187545,-376187545,-446570880,-446570880,-193065256,-193065256,-365643132,-365643132,-225199664,-225199664,-281086012,-281086012,-454324009,-454324009,-291518303,-291518303,68226135,68226135
f = 501476322,0,1 | route T | claimed 2329.2273445586799669 | coeffs -365693566,-365693566,-330193450,-330193450,-415757436,-415757436,-436308885,-436308885,-379277698,-379277698,-398095136,-398095136,-50902389,-50902389,-147458827,-147458827,-320470507,-320470507,-413337680,-413337680,-329893477,-329893477,-154126721,-154126721,-185898789,-185898789,-236335895,-236335895,-86022577,-86022577,72632293,72632293,86633249,86633249,342295939,342295939,208651379,208651379,30251711,30251711,-55271367,-55271367,-131602915,-131602915,-411304756,-411304756,9210915,9210915,216153265,216153265,174040231,174040231,-3943795,-3943795,48085210,48085210,-11030475,-11030475,-230703835,-230703835,-39400186,-39400186,149263321,149263321
# status f = 501476322,0,1 : PASS_RHO (rho 0.97345, T 2329.2, 1s)
f = 565128830,0,1 | route RHO | claimed 0.95686569700990330772 | coeffs 89836683,89836683,-152544398,-152544398,-68838957,-68838957,196302478,196302478,127151738,127151738,243111995,243111995,143047993,143047993,111412234,111412234,212309836,212309836,221217109,221217109,115010440,115010440,-79457003,-79457003,331367281,331367281,362552240,362552240,238405774,238405774,495078393,495078393,631513859,631513859,609858961,609858961,658105745,658105745,326847001,326847001,102254477,102254477,194337453,194337453,195437377,195437377,329498776,329498776,313613303,313613303,386757284,386757284,464056234,464056234,367964403,367964403,371840649,371840649,432600914,432600914,259588892,259588892,260333974,260333974
f = 565128830,0,1 | route T | claimed 2358.0993531227053735 | coeffs 89836683,89836683,-152544398,-152544398,-68838957,-68838957,196302478,196302478,127151738,127151738,243111995,243111995,143047993,143047993,111412234,111412234,212309836,212309836,221217109,221217109,115010440,115010440,-79457003,-79457003,331367281,331367281,362552240,362552240,238405774,238405774,495078393,495078393,631513859,631513859,609858961,609858961,658105745,658105745,326847001,326847001,102254477,102254477,194337453,194337453,195437377,195437377,329498776,329498776,313613303,313613303,386757284,386757284,464056234,464056234,367964403,367964403,371840649,371840649,432600914,432600914,259588892,259588892,260333974,260333974
# status f = 565128830,0,1 : PASS_RHO (rho 0.95687, T 2358.1, 0s)
f = 629091141,0,1 | route RHO | claimed 0.95219757809606463106 | coeffs 567416269,628391253,628391253,513893777,513893777,691332878,691332878,331503926,331503926,263831115,263831115,362202261,362202261,325391105,325391105,468506430,468506430,280410835,280410835,330614345,330614345,39549389,39549389,26605228,26605228,-318357156,-318357156,-121699809,-121699809,-152471551,-152471551,-12455010,-12455010,-61372724,-61372724,-367791340,-367791340,-390691396,-390691396,-493073600,-493073600,-682917992,-682917992,-452844213,-452844213,-536629090,-536629090,-765885081,-765885081,-581199997,-581199997,-547771440,-547771440,-750002722,-750002722,-670926021,-670926021,-552142431,-552142431,-632193067,-632193067,-582581080,-582581080,-567416269
f = 629091141,0,1 | route T | claimed 2284.0994281518458457 | coeffs -614033928,-614033928,-588176545,-588176545,-332981855,-332981855,-289058280,-289058280,-201244639,-201244639,-203364995,-203364995,-296296308,-296296308,-361799304,-361799304,44156052,44156052,107456171,107456171,-92467128,-92467128,-120681272,-120681272,153571475,153571475,206922453,206922453,411543381,411543381,459874316,459874316,496898065,496898065,492328518,492328518,458325468,458325468,443936940,443936940,709641112,709641112,434626337,434626337,480302395,480302395,487011175,487011175,798249506,798249506,702561780,702561780,548266185,548266185,610538169,610538169,682645082,682645082,663508100,663508100,764826719,764826719,397933520,397933520
# status f = 629091141,0,1 : PASS_RHO (rho 0.95220, T 2284.1, 1s)
f = 745043621,0,1 | route RHO | claimed 0.93078770221766441813 | coeffs 129539373,129539373,421846447,421846447,242551439,242551439,249961144,249961144,297633015,297633015,331624047,331624047,357356254,357356254,392878939,392878939,616339858,616339858,396945436,396945436,757511702,757511702,863242250,863242250,615394980,615394980,804977081,804977081,728404329,728404329,538683386,538683386,531916216,531916216,747981634,747981634,457261121,457261121,429134550,429134550,394078470,394078470,427153235,427153235,432758782,432758782,324711919,324711919,224889051,224889051,121416487,121416487,399738660,399738660,287862681,287862681,10360935,10360935,193169752,193169752,196840402,196840402,30724598,30724598
f = 745043621,0,1 | route T | claimed 2206.3517319680602403 | coeffs -213350651,-199349695,-199349695,-163849579,-163849579,-30205019,-30205019,-9653570,-9653570,-95176648,-95176648,-113994086,-113994086,165707755,165707755,262264193,262264193,469206543,469206543,376339370,376339370,554323396,554323396,378556640,378556640,319440955,319440955,269003849,269003849,77700200,77700200,-80954670,-80954670,135475575,135475575,391138265,391138265,305574279,305574279,483973947,483973947,426942760,426942760,350611212,350611212,697803959,697803959,277288288,277288288,450299968,450299968,408186934,408186934,491631137,491631137,439602132,439602132,471374200,471374200,251700840,251700840,402014158,402014158,213350651
# status f = 745043621,0,1 : PASS_RHO (rho 0.93079, T 2206.4, 0s)
f = 751041901,0,1 | route RHO | claimed 0.94358800251936696834 | coeffs -146968415,-146968415,-329086543,-329086543,-303618686,-303618686,-256950823,-256950823,-241974242,-241974242,-260864394,-260864394,-348595483,-348595483,-410874959,-410874959,-298602319,-298602319,-51822127,-51822127,76527147,76527147,298884871,298884871,432981757,432981757,269766872,269766872,262836635,262836635,573243394,573243394,341867260,341867260,472014078,472014078,459870943,459870943,586341592,586341592,538862212,538862212,455570734,455570734,313301891,313301891,139693395,139693395,497422201,497422201,116034429,116034429,102953328,102953328,348637089,348637089,266322022,266322022,373108239,373108239,281145208,281145208,472792802,472792802
f = 751041901,0,1 | route T | claimed 2915.3446318457875819 | coeffs 509190285,572055631,572055631,608206154,608206154,604589594,604589594,468986153,468986153,438907550,438907550,81774500,81774500,279036156,279036156,292598701,292598701,356315925,356315925,472613905,472613905,613328192,613328192,492354971,492354971,87115352,87115352,219047613,219047613,-104175206,-104175206,175249978,175249978,129056282,129056282,61721352,61721352,346889418,346889418,521321270,521321270,584985587,584985587,307002629,307002629,371400873,371400873,79891381,79891381,228810225,228810225,124176172,124176172,7139596,7139596,13015000,13015000,-147542998,-147542998,-305918984,-305918984,-404508395,-404508395,-509190285
# status f = 751041901,0,1 : PASS_RHO (rho 0.94359, T 2915.3, 0s)
f = 812642850,0,1 | route RHO | claimed 0.93336780000455208285 | coeffs -356018892,-356018892,-174064165,-174064165,-91881155,-91881155,-294192867,-294192867,-160938562,-160938562,-225413586,-225413586,-398262446,-398262446,-378906268,-378906268,-482396276,-482396276,-337508903,-337508903,-477803542,-477803542,-433570152,-433570152,-385029915,-385029915,-271535143,-271535143,-278943378,-278943378,-503186285,-503186285,-83886625,-83886625,-177038499,-177038499,63906901,63906901,118543999,118543999,441055152,441055152,248266956,248266956,408701260,408701260,364218579,364218579,248827725,248827725,195205253,195205253,211712199,211712199,-156169749,-156169749,193575219,193575219,273818368,273818368,285173497,285173497,361467986,361467986
f = 812642850,0,1 | route T | claimed 2400.7473625538638952 | coeffs 441055152,441055152,248266956,248266956,408701260,408701260,364218579,364218579,248827725,248827725,195205253,195205253,211712199,211712199,-156169749,-156169749,193575219,193575219,273818368,273818368,285173497,285173497,361467986,361467986,356018892,356018892,174064165,174064165,91881155,91881155,294192867,294192867,160938562,160938562,225413586,225413586,398262446,398262446,378906268,378906268,482396276,482396276,337508903,337508903,477803542,477803542,433570152,433570152,385029915,385029915,271535143,271535143,278943378,278943378,503186285,503186285,83886625,83886625,177038499,177038499,-63906901,-63906901,-118543999,-118543999
# status f = 812642850,0,1 : PASS_RHO (rho 0.93337, T 2400.7, 0s)
f = 866637802,0,1 | route RHO | claimed 0.96778018710786261656 | coeffs 320700064,29217083,29217083,-26669265,-26669265,-26715683,-26715683,-41106297,-41106297,82527541,82527541,152910876,152910876,512655314,512655314,336179078,336179078,236930872,236930872,140181619,140181619,-261849,-261849,100247644,100247644,163631325,163631325,172725638,172725638,518259339,518259339,355453633,355453633,313453420,313453420,282118151,282118151,466086013,466086013,293508137,293508137,369909555,369909555,644938518,644938518,732228747,732228747,751263968,751263968,578025971,578025971,293059104,293059104,358349176,358349176,145432473,145432473,-108073151,-108073151,-93381928,-93381928,-197650195,-197650195,-320700064
f = 866637802,0,1 | route T | claimed 2483.9353428175127994 | coeffs -198131915,-392203459,-392203459,-476635994,-476635994,-830719142,-830719142,-454504487,-454504487,-383734742,-383734742,-547963858,-547963858,-544458437,-544458437,-318042604,-318042604,-431905129,-431905129,-392609171,-392609171,-363158526,-363158526,-212107239,-212107239,42339321,42339321,131161934,131161934,115360915,115360915,-77037979,-77037979,44691104,44691104,-268830403,-268830403,-53910760,-53910760,103167329,103167329,177276611,177276611,216627435,216627435,388796993,388796993,529643130,529643130,606970561,606970561,564644875,564644875,511583135,511583135,505366004,505366004,746368790,746368790,463913262,463913262,295718027,295718027,198131915
# status f = 866637802,0,1 : PASS_RHO (rho 0.96778, T 2483.9, 1s)
f = 874488057,0,1 | route RHO | claimed 0.97573926340237836863 | coeffs -467100501,-235342747,-235342747,-195462142,-195462142,96833521,96833521,16773925,16773925,7920655,7920655,-75731802,-75731802,96581556,96581556,133878108,133878108,-16648154,-16648154,302392410,302392410,179331262,179331262,138048153,138048153,-5652596,-5652596,-142161468,-142161468,-212032719,-212032719,-20027359,-20027359,-240074873,-240074873,-166894509,-166894509,-362616240,-362616240,-540345807,-540345807,-356154813,-356154813,-65401011,-65401011,-13959302,-13959302,33272222,33272222,55908520,55908520,-226321483,-226321483,-181461894,-181461894,-31880567,-31880567,-25755394,-25755394,266843198,266843198,258099491,258099491,467100501
f = 874488057,0,1 | route T | claimed 2837.4144224621607555 | coeffs 279956135,335536173,335536173,467397397,467397397,514367018,514367018,640068308,640068308,894924738,894924738,796963753,796963753,757161249,757161249,762019963,762019963,458869913,458869913,688108957,688108957,815679017,815679017,567651563,567651563,717614392,717614392,782478782,782478782,881032230,881032230,737267968,737267968,612453808,612453808,429259835,429259835,508119545,508119545,471601508,471601508,245564939,245564939,491370127,491370127,334642527,334642527,388141342,388141342,386679156,386679156,694285535,694285535,144256172,144256172,135882370,135882370,-88831140,-88831140,-17539903,-17539903,-222256462,-222256462,-279956135
# status f = 874488057,0,1 : PASS_RHO (rho 0.97574, T 2837.4, 0s)
f = 883695334,0,1 | route RHO | claimed 0.95480941728047529813 | coeffs -64180622,-64180622,63147558,63147558,50299490,50299490,204583196,204583196,252514310,252514310,13478359,13478359,71992563,71992563,-36360973,-36360973,-261941500,-261941500,-66475474,-66475474,-205641795,-205641795,-302619014,-302619014,-35861334,-35861334,121026318,121026318,101598717,101598717,-69156929,-69156929,-295716457,-295716457,-666620141,-666620141,-379515175,-379515175,-468814869,-468814869,-637340172,-637340172,-610875646,-610875646,-511399380,-511399380,-342121223,-342121223,-460600972,-460600972,-355722342,-355722342,-127292927,-127292927,-152852704,-152852704,115263342,115263342,-40236270,-40236270,125990465,125990465,115452587,115452587
f = 883695334,0,1 | route T | claimed 3049.6361506657428075 | coeffs 657415373,657415373,724884418,724884418,579334689,579334689,312072898,312072898,340029987,340029987,345511242,345511242,134610257,134610257,-147919745,-147919745,115071802,115071802,71319761,71319761,-5726079,-5726079,109502734,109502734,16810584,16810584,-197356353,-197356353,-521701783,-521701783,-649025268,-649025268,-718208188,-718208188,-752526225,-752526225,-717409378,-717409378,-773653347,-773653347,-1046806170,-1046806170,-1017585764,-1017585764,-1168005113,-1168005113,-1171829578,-1171829578,-849579663,-849579663,-598646721,-598646721,-745220381,-745220381,-604103916,-604103916,-567771091,-567771091,-483844209,-483844209,-293254735,-293254735,-364016015,-364016015
# status f = 883695334,0,1 : PASS_RHO (rho 0.95481, T 3049.6, 1s)
f = 915107943,0,1 | route RHO | claimed 0.94369912391495243471 | coeffs 0,55541300,0,-201368452,0,-347832213,0,-72219760,0,-74211787,0,-67669882,0,334856284,0,106187187,0,-184658573,0,-173714691,0,-117583575,0,-117758434,0,117624632,0,-176593991,0,-44769826,0,28437668,0,155104901,0,-44642032,0,-142942949,0,79073772,0,227203950,0,104680471,0,114470965,0,5433684,0,216533263,0,298220226,0,-7830876,0,-44571803,0,146746583,0,-132625002,0,-72758630,0,-26511
f = 915107943,0,1 | route T | claimed 2523.0992460554928502 | coeffs 366991702,551460518,551460518,65505308,65505308,77009098,77009098,149882425,149882425,73449306,73449306,104681426,104681426,364324420,364324420,70364808,70364808,330515855,330515855,441423260,441423260,86598193,86598193,-6990593,-6990593,93306458,93306458,252776282,252776282,176294916,176294916,344824734,344824734,330973275,330973275,301704072,301704072,421422832,421422832,152012179,152012179,120432926,120432926,90817924,90817924,-96026933,-96026933,-323746187,-323746187,-330315900,-330315900,4179989,4179989,-273363479,-273363479,-169928851,-169928851,-298946991,-298946991,-247712297,-247712297,-220426676,-220426676,-366991702
# status f = 915107943,0,1 : PASS_RHO (rho 0.94370, T 2523.1, 0s)
f = 917099000,0,1 | route RHO | claimed 0.94333516669540540733 | coeffs -546182832,-595794819,-595794819,-694165965,-694165965,-1039128349,-1039128349,-936746145,-936746145,-1138977427,-1138977427,-1253474903,-1253474903,-1065379308,-1065379308,-925362767,-925362767,-841577890,-841577890,-921628526,-921628526,-989301337,-989301337,-976357176,-976357176,-999257232,-999257232,-1032685789,-1032685789,-1093660773,-1093660773,-950545448,-950545448,-919773706,-919773706,-689699927,-689699927,-808483517,-808483517,-448654565,-448654565,-739719521,-739719521,-433300905,-433300905,-248615821,-248615821,-263780632,-263780632,-226969476,-226969476,-30312129,-30312129,159532263,159532263,238608964,238608964,416048065,416048065,365844555,365844555,316926841,316926841,546182832
f = 917099000,0,1 | route T | claimed 2478.039720766609683 | coeffs -480126508,-330795966,-330795966,-424595422,-424595422,-526639216,-526639216,-370923604,-370923604,-430511143,-430511143,-377013787,-377013787,-452462884,-452462884,-303590809,-303590809,-668937900,-668937900,-629736268,-629736268,-712828186,-712828186,-618684174,-618684174,-251410359,-251410359,-402065137,-402065137,-177825517,-177825517,-211136002,-211136002,-107008943,-107008943,-309894371,-309894371,-615657724,-615657724,-798813680,-798813680,-676717371,-676717371,-613183606,-613183606,-533673035,-533673035,-572299257,-572299257,-162751145,-162751145,-110497546,-110497546,85807792,85807792,-22861746,-22861746,145446795,145446795,418297038,418297038,384951410,384951410,480126508
# status f = 917099000,0,1 : PASS_RHO (rho 0.94334, T 2478.0, 0s)
f = 940360913,0,1 | route RHO | claimed 0.95480941728047529813 | coeffs 379515175,379515175,666620141,666620141,295716457,295716457,69156929,69156929,-101598717,-101598717,-121026318,-121026318,35861334,35861334,302619014,302619014,205641795,205641795,66475474,66475474,261941500,261941500,36360973,36360973,-71992563,-71992563,-13478359,-13478359,-252514310,-252514310,-204583196,-204583196,-50299490,-50299490,-63147558,-63147558,64180622,64180622,115452587,115452587,125990465,125990465,-40236270,-40236270,115263342,115263342,-152852704,-152852704,-127292927,-127292927,-355722342,-355722342,-460600972,-460600972,-342121223,-342121223,-511399380,-511399380,-610875646,-610875646,-637340172,-637340172,-468814869,-468814869
f = 940360913,0,1 | route T | claimed 2603.6635097452793381 | coeffs -266921,-266921,-189849022,-189849022,-196616192,-196616192,-168489621,-168489621,-162884074,-162884074,-59411510,-59411510,-336913256,-336913256,-170797452,-170797452,8497556,8497556,42488588,42488588,-180972331,-180972331,-75241783,-75241783,1330969,1330969,217396387,217396387,252452467,252452467,144405604,144405604,-133916569,-133916569,48892248,48892248,209156219,209156219,201746514,201746514,227478721,227478721,446873143,446873143,199025873,199025873,388746816,388746816,98026303,98026303,64951538,64951538,-34871330,-34871330,77004649,77004649,80675299,80675299,372982373,372982373,325310502,325310502,360833187,360833187
# status f = 940360913,0,1 : PASS_RHO (rho 0.95481, T 2603.7, 1s)
f = 942473915,0,1 | route RHO | claimed 0.93789845215768362376 | coeffs 739634466,739634466,823339907,823339907,566667288,566667288,570543534,570543534,579450807,579450807,578350883,578350883,313209448,313209448,449644914,449644914,388884649,388884649,495091318,495091318,629152717,629152717,560001977,560001977,581656875,581656875,408644853,408644853,214177410,214177410,230062883,230062883,114102626,114102626,162349410,162349410,161604328,161604328,-249219956,-249219956,-176075975,-176075975,-276139977,-276139977,55118767,55118767,-295051890,-295051890,-263866931,-263866931,-341165881,-341165881,-309530122,-309530122,-534122646,-534122646,-776503727,-776503727,-652357261,-652357261,-748449092,-748449092,-647551490,-647551490
f = 942473915,0,1 | route T | claimed 2277.8100889317910566 | coeffs 748127888,748127888,830991245,830991245,562586056,562586056,703364263,703364263,617406460,617406460,486469495,486469495,547420383,547420383,680053009,680053009,520619474,520619474,601778994,601778994,875664136,875664136,456998667,456998667,333567938,333567938,419366629,419366629,408366378,408366378,393864661,393864661,140452009,140452009,163882704,163882704,409791856,409791856,320726019,320726019,292985527,292985527,207442191,207442191,500482936,500482936,203018835,203018835,107238556,107238556,29572991,29572991,-231814502,-231814502,-563490258,-563490258,-585821947,-585821947,-717524007,-717524007,-704300177,-704300177,-770461455,-770461455
# status f = 942473915,0,1 : PASS_RHO (rho 0.93790, T 2277.8, 1s)
f = 946138336,0,1 | route RHO | claimed 0.94971325684111868507 | coeffs -544631890,-544631890,-196239257,-196239257,130866484,130866484,-245827579,-245827579,-190309466,-190309466,-43953707,-43953707,63955888,63955888,-144953164,-144953164,15668920,15668920,184961302,184961302,165702226,165702226,166291749,166291749,309583949,309583949,273597104,273597104,534473883,534473883,389681746,389681746,287701315,287701315,342703968,342703968,456606546,456606546,445754525,445754525,279391481,279391481,475403029,475403029,315864233,315864233,418610909,418610909,536189805,536189805,276928618,276928618,317621666,317621666,242990153,242990153,343155319,343155319,434105317,434105317,637302210,637302210,508667403,508667403
f = 946138336,0,1 | route T | claimed 2803.6048015880719166 | coeffs -559600230,-559600230,-326606916,-326606916,-190119669,-190119669,-532197159,-532197159,-349352952,-349352952,-117807602,-117807602,-128848359,-128848359,-306884448,-306884448,-327505977,-327505977,-319242230,-319242230,-499830982,-499830982,-340782989,-340782989,-465150896,-465150896,-100311245,-100311245,179398753,179398753,72954391,72954391,241281816,241281816,246008664,246008664,203370698,203370698,299654813,299654813,375541152,375541152,122268214,122268214,-36593791,-36593791,152796145,152796145,185283461,185283461,444105968,444105968,391172326,391172326,345081917,345081917,434483616,434483616,331360669,331360669,375455778,375455778,551535053,551535053
# status f = 946138336,0,1 : PASS_RHO (rho 0.94971, T 2803.6, 0s)
f = 967397802,0,1 | route RHO | claimed 0.94971325684111868507 | coeffs 434105317,434105317,343155319,343155319,242990153,242990153,317621666,317621666,276928618,276928618,536189805,536189805,418610909,418610909,315864233,315864233,475403029,475403029,279391481,279391481,445754525,445754525,456606546,456606546,342703968,342703968,287701315,287701315,389681746,389681746,534473883,534473883,273597104,273597104,309583949,309583949,166291749,166291749,165702226,165702226,184961302,184961302,15668920,15668920,-144953164,-144953164,63955888,63955888,-43953707,-43953707,-190309466,-190309466,-245827579,-245827579,130866484,130866484,-196239257,-196239257,-544631890,-544631890,-508667403,-508667403,-637302210,-637302210
f = 967397802,0,1 | route T | claimed 2718.611946034209863 | coeffs 392290514,465540271,465540271,201149241,201149241,274341905,274341905,15819433,15819433,-65231972,-65231972,91920417,91920417,139102631,139102631,59982884,59982884,147748277,147748277,-38338916,-38338916,-430806445,-430806445,-638435040,-638435040,-374672565,-374672565,-483865770,-483865770,-255092461,-255092461,-56585048,-56585048,-99726575,-99726575,56371137,56371137,141699501,141699501,169140681,169140681,97168889,97168889,204428299,204428299,150972478,150972478,153910297,153910297,215347353,215347353,-249822606,-249822606,-338831967,-338831967,-355842297,-355842297,-503475568,-503475568,-622902113,-622902113,-353339339,-353339339,-392290514
# status f = 967397802,0,1 : PASS_RHO (rho 0.94971, T 2718.6, 0s)
f = 983147199,0,1 | route RHO | claimed 0.95185720523262894632 | coeffs 299168815,299168815,248965305,248965305,332750182,332750182,-27078770,-27078770,-75996484,-75996484,-156047120,-156047120,135017836,135017836,364273827,364273827,296601016,296601016,-9817600,-9817600,39794387,39794387,52738548,52738548,-131946536,-131946536,-33575390,-33575390,-56475446,-56475446,-41310635,-41310635,303651749,303651749,270223192,270223192,233412036,233412036,131029832,131029832,70054848,70054848,-126602499,-126602499,75628783,75628783,218744108,218744108,28899716,28899716,143397192,143397192,174168934,174168934,95092233,95092233,-93003362,-93003362,137070417,137070417,-40368684,-40368684,-180385225,-180385225
f = 983147199,0,1 | route T | claimed 2733.1403429766802814 | coeffs 725821337,757182602,757182602,517483817,517483817,475743981,475743981,378712019,378712019,329907725,329907725,290056350,290056350,430533947,430533947,321198661,321198661,248265805,248265805,506114326,506114326,591018885,591018885,651810445,651810445,569654541,569654541,395916663,395916663,115196841,115196841,218418564,218418564,94175064,94175064,-36347993,-36347993,344348639,344348639,132074915,132074915,10182834,10182834,-148274177,-148274177,-323944179,-323944179,-398425217,-398425217,-738308124,-738308124,-599961433,-599961433,-629936447,-629936447,-392586052,-392586052,-697564010,-697564010,-1007042379,-1007042379,-872200640,-872200640,-725821337
# status f = 983147199,0,1 : PASS_RHO (rho 0.95186, T 2733.1, 0s)
# summary n = 7 l = 1000886977 : EXCLUSION_CANDIDATE ; PASS 32 / 32 ; OPEN_NEAR 0 ; OPEN_FAR 0 ; 16s
