# FAMILY WITNESS FILE (generator family_gen.sage r10). n = 7 ; l = 1000847041 ; m = 64 ; deg = 2 ; ncomp = 32 ; bar_T = 4224 ; L_n = 16.3328709449664096755483535644
# line: f = c0,...,c_deg (monic, over F_l) | route RHO|T | claimed (rho or T, float) | coeffs a_0..a_{m-1}
f = 23860415,0,1 | route RHO | claimed 0.94133133903775235649 | coeffs -342110698,-342110698,-494051942,-494051942,-465270072,-465270072,-227180002,-227180002,146849443,146849443,99744160,99744160,-15574524,-15574524,40145643,40145643,157190569,157190569,-329324,-329324,-68193746,-68193746,-11266713,-11266713,-326955353,-326955353,-232340027,-232340027,-194567479,-194567479,-122043909,-122043909,-399597543,-399597543,-304775593,-304775593,-426681554,-426681554,-446430988,-446430988,-287121812,-287121812,-308021331,-308021331,-168090121,-168090121,-163162530,-163162530,-334407962,-334407962,-61947691,-61947691,94552774,94552774,212477847,212477847,232829289,232829289,138977475,138977475,238859773,238859773,231941125,231941125
f = 23860415,0,1 | route T | claimed 1907.2659607511190082 | coeffs 366203035,237060703,237060703,261622477,261622477,94733044,94733044,63972095,63972095,36732668,36732668,-408398978,-408398978,-545243578,-545243578,-687145149,-687145149,-793671461,-793671461,-906945237,-906945237,-1049082587,-1049082587,-1270106955,-1270106955,-1216726485,-1216726485,-1303324257,-1303324257,-1409925277,-1409925277,-1293742207,-1293742207,-1422279609,-1422279609,-1162146826,-1162146826,-1368423529,-1368423529,-1371614682,-1371614682,-1425815437,-1425815437,-1388052782,-1388052782,-1315018856,-1315018856,-1496994057,-1496994057,-1334263010,-1334263010,-1428700395,-1428700395,-1315909492,-1315909492,-1131562299,-1131562299,-787803418,-787803418,-746520007,-746520007,-585199317,-585199317,-366203035
# status f = 23860415,0,1 : PASS_RHO (rho 0.94133, T 1907.3, 1s)
f = 27808738,0,1 | route RHO | claimed 0.93283609085751568595 | coeffs 341550925,361902367,361902367,267287041,267287041,167404743,167404743,239928313,239928313,350097886,350097886,255275936,255275936,284057806,284057806,264308372,264308372,-109721073,-109721073,-88821554,-88821554,-204140238,-204140238,-199212647,-199212647,-316257573,-316257573,-588717844,-588717844,-656582266,-656582266,-538657193,-538657193,-222968553,-222968553,-129116739,-129116739,-91344191,-91344191,-98262839,-98262839,179290795,179290795,27349551,27349551,-94556410,-94556410,-332646480,-332646480,-491955656,-491955656,-539060939,-539060939,-399129729,-399129729,-454849896,-454849896,-283604464,-283604464,-441124357,-441124357,-284623892,-284623892,-341550925
f = 27808738,0,1 | route T | claimed 2308.7654496817733964 | coeffs -255275936,-284057806,-284057806,-264308372,-264308372,109721073,109721073,88821554,88821554,204140238,204140238,199212647,199212647,316257573,316257573,588717844,588717844,656582266,656582266,538657193,538657193,222968553,222968553,129116739,129116739,91344191,91344191,98262839,98262839,-179290795,-179290795,-27349551,-27349551,94556410,94556410,332646480,332646480,491955656,491955656,539060939,539060939,399129729,399129729,454849896,454849896,283604464,283604464,441124357,441124357,284623892,284623892,341550925,341550925,361902367,361902367,267287041,267287041,167404743,167404743,239928313,239928313,350097886,350097886,255275936
# status f = 27808738,0,1 : PASS_RHO (rho 0.93284, T 2308.8, 0s)
f = 54839483,0,1 | route RHO | claimed 0.91093981704147720686 | coeffs 505275538,131246093,131246093,283187337,283187337,383069635,383069635,500994708,500994708,329749276,329749276,308849757,308849757,186943796,186943796,259467366,259467366,-56221274,-56221274,-213741167,-213741167,-329059851,-329059851,-90969781,-90969781,-201139354,-201139354,-107287540,-107287540,-263788005,-263788005,-268715596,-268715596,-428024772,-428024772,-522846722,-522846722,-560619270,-560619270,-617546303,-617546303,-734591229,-734591229,-687485946,-687485946,-716267816,-716267816,-723186464,-723186464,-702835022,-702835022,-430374751,-430374751,-290443541,-290443541,-310192975,-310192975,-587746609,-587746609,-493131283,-493131283,-560995705,-560995705,-505275538
f = 54839483,0,1 | route T | claimed 2059.8720827877847352 | coeffs -17887455,-17887455,-234146558,-234146558,-47989987,-47989987,297853702,297853702,376700709,376700709,433778910,433778910,458691767,458691767,397744261,397744261,412426009,412426009,657400542,657400542,237035032,237035032,113417256,113417256,227946776,227946776,87167167,87167167,187263512,187263512,287412487,287412487,233755865,233755865,259244472,259244472,225136564,225136564,347439328,347439328,440591396,440591396,632319633,632319633,488937668,488937668,597518699,597518699,556644861,556644861,578295957,578295957,310552048,310552048,565122544,565122544,598062635,598062635,521319555,521319555,487386890,487386890,408121704,408121704
# status f = 54839483,0,1 : PASS_RHO (rho 0.91094, T 2059.9, 0s)
f = 83931910,0,1 | route RHO | claimed 0.90842212602780132892 | coeffs -509847636,-625166320,-625166320,-632084968,-632084968,-460839536,-460839536,-366017586,-366017586,-298153164,-298153164,-60063094,-60063094,-39711652,-39711652,-18812133,-18812133,18960415,18960415,-36759752,-36759752,-146929325,-146929325,125530946,125530946,247436907,247436907,304363940,304363940,-69665505,-69665505,24186309,24186309,164117519,164117519,91593949,91593949,208638875,208638875,360580119,360580119,204079654,204079654,184330220,184330220,500018860,500018860,452913577,452913577,552795875,552795875,547868284,547868284,270314650,270314650,427834543,427834543,456616413,456616413,574541486,574541486,415232310,415232310,509847636
f = 83931910,0,1 | route T | claimed 2146.3226072328720375 | coeffs -88953018,-88953018,130043264,130043264,-32687783,-32687783,227445000,227445000,369582350,369582350,338821401,338821401,682580282,682580282,644817627,644817627,538216607,538216607,680118178,680118178,550975846,550975846,456538461,456538461,662815164,662815164,441790796,441790796,469030223,469030223,427746812,427746812,500780738,500780738,384597668,384597668,278071356,278071356,253509582,253509582,140718679,140718679,137527526,137527526,84147056,84147056,-360984590,-360984590,-199663900,-199663900,-17688699,-17688699,-146226101,-146226101,-32952325,-32952325,-199841758,-199841758,-15494565,-15494565,38706190,38706190,-47891582,-47891582
# status f = 83931910,0,1 : PASS_RHO (rho 0.90842, T 2146.3, 0s)
f = 96528034,0,1 | route RHO | claimed 0.93283609085751568595 | coeffs 539060939,491955656,491955656,332646480,332646480,94556410,94556410,-27349551,-27349551,-179290795,-179290795,98262839,98262839,91344191,91344191,129116739,129116739,222968553,222968553,538657193,538657193,656582266,656582266,588717844,588717844,316257573,316257573,199212647,199212647,204140238,204140238,88821554,88821554,109721073,109721073,-264308372,-264308372,-284057806,-284057806,-255275936,-255275936,-350097886,-350097886,-239928313,-239928313,-167404743,-167404743,-267287041,-267287041,-361902367,-361902367,-341550925,-341550925,-284623892,-284623892,-441124357,-441124357,-283604464,-283604464,-454849896,-454849896,-399129729,-399129729,-539060939
f = 96528034,0,1 | route T | claimed 2141.4286581575734626 | coeffs 264308372,264308372,284057806,284057806,255275936,255275936,350097886,350097886,239928313,239928313,167404743,167404743,267287041,267287041,361902367,361902367,341550925,341550925,284623892,284623892,441124357,441124357,283604464,283604464,454849896,454849896,399129729,399129729,539060939,539060939,491955656,491955656,332646480,332646480,94556410,94556410,-27349551,-27349551,-179290795,-179290795,98262839,98262839,91344191,91344191,129116739,129116739,222968553,222968553,538657193,538657193,656582266,656582266,588717844,588717844,316257573,316257573,199212647,199212647,204140238,204140238,88821554,88821554,109721073,109721073
# status f = 96528034,0,1 : PASS_RHO (rho 0.93284, T 2141.4, 0s)
f = 122498984,0,1 | route RHO | claimed 0.89634888103163643886 | coeffs 154566813,59951487,59951487,31169617,31169617,36097208,36097208,-279591432,-279591432,-431532676,-431532676,-571463886,-571463886,-628390919,-628390919,-518221346,-518221346,-539120865,-539120865,-606985287,-606985287,-600066639,-600066639,-759375815,-759375815,-601855922,-601855922,-501973624,-501973624,-521723058,-521723058,-404678132,-404678132,-310826318,-310826318,-188920357,-188920357,-244640524,-244640524,-224289082,-224289082,-129467132,-129467132,-244785816,-244785816,-362710889,-362710889,-85157255,-85157255,-38051972,-38051972,118448493,118448493,190972063,190972063,565001508,565001508,292541237,292541237,254768689,254768689,16678619,16678619,-154566813
f = 122498984,0,1 | route T | claimed 2040.3866177404755548 | coeffs -362710889,-85157255,-85157255,-38051972,-38051972,118448493,118448493,190972063,190972063,565001508,565001508,292541237,292541237,254768689,254768689,16678619,16678619,-154566813,-154566813,-59951487,-59951487,-31169617,-31169617,-36097208,-36097208,279591432,279591432,431532676,431532676,571463886,571463886,628390919,628390919,518221346,518221346,539120865,539120865,606985287,606985287,600066639,600066639,759375815,759375815,601855922,601855922,501973624,501973624,521723058,521723058,404678132,404678132,310826318,310826318,188920357,188920357,244640524,244640524,224289082,224289082,129467132,129467132,244785816,244785816,362710889
# status f = 122498984,0,1 : PASS_RHO (rho 0.89635, T 2040.4, 0s)
f = 143875557,0,1 | route RHO | claimed 0.88544055118200703688 | coeffs -358397787,-453219737,-453219737,-570264663,-570264663,-577183311,-577183311,-437252101,-437252101,-342636775,-342636775,31392670,31392670,-86532403,-86532403,35373558,35373558,192893451,192893451,303063024,303063024,307990615,307990615,345763163,345763163,298657880,298657880,278306438,278306438,298055872,298055872,365920294,365920294,517861538,517861538,346616106,346616106,419139676,419139676,303820992,303820992,397672806,397672806,238363630,238363630,181436597,181436597,152654727,152654727,425114998,425114998,147561364,147561364,203281531,203281531,103399233,103399233,124298752,124298752,439987392,439987392,201897322,201897322,358397787
f = 143875557,0,1 | route T | claimed 1825.4609103031593196 | coeffs -86532403,-86532403,35373558,35373558,192893451,192893451,303063024,303063024,307990615,307990615,345763163,345763163,298657880,298657880,278306438,278306438,298055872,298055872,365920294,365920294,517861538,517861538,346616106,346616106,419139676,419139676,303820992,303820992,397672806,397672806,238363630,238363630,181436597,181436597,152654727,152654727,425114998,425114998,147561364,147561364,203281531,203281531,103399233,103399233,124298752,124298752,439987392,439987392,201897322,201897322,358397787,358397787,453219737,453219737,570264663,570264663,577183311,577183311,437252101,437252101,342636775,342636775,-31392670,-31392670
# status f = 143875557,0,1 : PASS_RHO (rho 0.88544, T 1825.5, 0s)
f = 192524098,0,1 | route RHO | claimed 0.88394312329941461094 | coeffs -19551884,-19551884,-66657167,-66657167,-134521589,-134521589,-61998019,-61998019,97311157,97311157,369771428,369771428,469653726,469653726,231563656,231563656,114518730,114518730,19903404,19903404,141809365,141809365,136881774,136881774,116530332,116530332,-35410912,-35410912,-150729596,-150729596,-93802563,-93802563,-371356197,-371356197,-392255716,-392255716,-235755251,-235755251,-242673899,-242673899,-616703344,-616703344,-459183451,-459183451,-496955999,-496955999,-477206565,-477206565,-305961133,-305961133,-212109319,-212109319,-183327449,-183327449,-127607282,-127607282,-443295922,-443295922,-348473972,-348473972,-208542762,-208542762,-90617689,-90617689
f = 192524098,0,1 | route T | claimed 1881.4913369725009189 | coeffs -136881774,-136881774,-116530332,-116530332,35410912,35410912,150729596,150729596,93802563,93802563,371356197,371356197,392255716,392255716,235755251,235755251,242673899,242673899,616703344,616703344,459183451,459183451,496955999,496955999,477206565,477206565,305961133,305961133,212109319,212109319,183327449,183327449,127607282,127607282,443295922,443295922,348473972,348473972,208542762,208542762,90617689,90617689,-19551884,-19551884,-66657167,-66657167,-134521589,-134521589,-61998019,-61998019,97311157,97311157,369771428,369771428,469653726,469653726,231563656,231563656,114518730,114518730,19903404,19903404,141809365,141809365
# status f = 192524098,0,1 : PASS_RHO (rho 0.88394, T 1881.5, 0s)
f = 208893846,0,1 | route RHO | claimed 0.92947899515530173695 | coeffs 172598665,172598665,312529875,312529875,218678061,218678061,-155351384,-155351384,-212278417,-212278417,-90372456,-90372456,-362832727,-362832727,-473002300,-473002300,-417282133,-417282133,-379509585,-379509585,-400409104,-400409104,-380057662,-380057662,-618147732,-618147732,-550283310,-550283310,-645105260,-645105260,-473859828,-473859828,-466941180,-466941180,-582259864,-582259864,-487644538,-487644538,-328335362,-328335362,-210410289,-210410289,-239192159,-239192159,-81672266,-81672266,195881368,195881368,190953777,190953777,91071479,91071479,43966196,43966196,-271722444,-271722444,-291471878,-291471878,-134971413,-134971413,16969831,16969831,-100075095,-100075095
f = 208893846,0,1 | route T | claimed 1874.6873325921775463 | coeffs 90372456,90372456,362832727,362832727,473002300,473002300,417282133,417282133,379509585,379509585,400409104,400409104,380057662,380057662,618147732,618147732,550283310,550283310,645105260,645105260,473859828,473859828,466941180,466941180,582259864,582259864,487644538,487644538,328335362,328335362,210410289,210410289,239192159,239192159,81672266,81672266,-195881368,-195881368,-190953777,-190953777,-91071479,-91071479,-43966196,-43966196,271722444,271722444,291471878,291471878,134971413,134971413,-16969831,-16969831,100075095,100075095,172598665,172598665,312529875,312529875,218678061,218678061,-155351384,-155351384,-212278417,-212278417
# status f = 208893846,0,1 : PASS_RHO (rho 0.92948, T 1874.7, 0s)
f = 270510917,0,1 | route RHO | claimed 0.94058551215722273105 | coeffs 217229556,217229556,332548240,332548240,405071810,405071810,576317242,576317242,728258486,728258486,660394064,660394064,680143498,680143498,700494940,700494940,653389657,653389657,615617109,615617109,620544700,620544700,510375127,510375127,667895020,667895020,545989059,545989059,428063986,428063986,54034541,54034541,148649867,148649867,8718657,8718657,1800009,1800009,118844935,118844935,24022985,24022985,180523450,180523450,418613520,418613520,734302160,734302160,713402641,713402641,613520343,613520343,557800176,557800176,280246542,280246542,7786271,7786271,-20995599,-20995599,35931434,35931434,-123377742,-123377742
f = 270510917,0,1 | route T | claimed 2299.7023649352000305 | coeffs 347711219,128714937,128714937,235241249,235241249,495374032,495374032,382583129,382583129,413344078,413344078,466724548,466724548,428961893,428961893,590282583,590282583,448381012,448381012,576918414,576918414,482481029,482481029,315591596,315591596,536615964,536615964,482415209,482415209,441131798,441131798,577976398,577976398,694159468,694159468,531428421,531428421,506866647,506866647,364729297,364729297,367920450,367920450,711679331,711679331,266547685,266547685,373148705,373148705,191173504,191173504,62031172,62031172,175304948,175304948,-30971755,-30971755,-215318948,-215318948,-188079521,-188079521,-274677293,-274677293,-347711219
# status f = 270510917,0,1 : PASS_RHO (rho 0.94059, T 2299.7, 0s)
f = 297822819,0,1 | route RHO | claimed 0.9092426862151800365 | coeffs -81587272,-300583554,-300583554,-187792651,-187792651,-225555306,-225555306,-354092708,-354092708,-133068340,-133068340,-269912940,-269912940,-294474714,-294474714,-638233595,-638233595,-820208796,-820208796,-613932093,-613932093,-700529865,-700529865,-594003553,-594003553,-624764502,-624764502,-463443812,-463443812,-369006427,-369006427,-423207182,-423207182,-539390252,-539390252,-681527602,-681527602,-236395956,-236395956,-365538288,-365538288,-181191095,-181191095,-254225021,-254225021,5907762,5907762,-47472708,-47472708,-189374279,-189374279,-22484846,-22484846,-63768257,-63768257,98962790,98962790,102153943,102153943,-4447077,-4447077,108826699,108826699,81587272
f = 297822819,0,1 | route T | claimed 2178.2750244980441845 | coeffs -189748435,-189748435,-104814241,-104814241,-5346869,-5346869,75730568,75730568,-76184756,-76184756,-54559580,-54559580,-109489936,-109489936,-120434677,-120434677,-197463232,-197463232,-406778240,-406778240,-194947826,-194947826,10135042,10135042,438273008,438273008,308083920,308083920,293645580,293645580,459872676,459872676,504891967,504891967,553547002,553547002,536214533,536214533,690192425,690192425,642037835,642037835,840345008,840345008,716583444,716583444,676043810,676043810,645268969,645268969,525113795,525113795,849454492,849454492,627667125,627667125,391316434,391316434,253888129,253888129,58160827,58160827,160657802,160657802
# status f = 297822819,0,1 : PASS_RHO (rho 0.90924, T 2178.3, 0s)
f = 317862730,0,1 | route RHO | claimed 0.89846389722028818699 | coeffs -334928963,-139201661,-139201661,59105512,59105512,-369032454,-369032454,-287955017,-287955017,36385680,36385680,-12269355,-12269355,-89297910,-89297910,13199065,13199065,136960629,136960629,6771541,6771541,158686865,158686865,380474232,380474232,363141763,363141763,572456771,572456771,543366138,543366138,502826504,502826504,517264844,517264844,538890020,538890020,302539329,302539329,148561437,148561437,360391851,360391851,275457657,275457657,306232498,306232498,472459594,472459594,527389950,527389950,664818255,664818255,616663665,616663665,411580797,411580797,511048169,511048169,390892995,390892995,345873704,345873704,334928963
f = 317862730,0,1 | route T | claimed 2192.1686061009866364 | coeffs -104846280,167613991,167613991,52295307,52295307,72044741,72044741,182214314,182214314,276829640,276829640,120329175,120329175,64609008,64609008,223918184,223918184,71976940,71976940,34204392,34204392,152129465,152129465,269174391,269174391,290073910,290073910,261292040,261292040,333815610,333815610,313464168,313464168,470984061,470984061,610915271,610915271,849005341,849005341,1126558975,1126558975,1032707161,1032707161,964842739,964842739,959915148,959915148,585885703,585885703,680707653,680707653,580825355,580825355,523898322,523898322,352652890,352652890,305547607,305547607,427453568,427453568,420534920,420534920,104846280
# status f = 317862730,0,1 : PASS_RHO (rho 0.89846, T 2192.2, 0s)
f = 329800100,0,1 | route RHO | claimed 0.89846389722028818699 | coeffs 6771541,6771541,136960629,136960629,13199065,13199065,-89297910,-89297910,-12269355,-12269355,36385680,36385680,-287955017,-287955017,-369032454,-369032454,59105512,59105512,-139201661,-139201661,-334928963,-334928963,-345873704,-345873704,-390892995,-390892995,-511048169,-511048169,-411580797,-411580797,-616663665,-616663665,-664818255,-664818255,-527389950,-527389950,-472459594,-472459594,-306232498,-306232498,-275457657,-275457657,-360391851,-360391851,-148561437,-148561437,-302539329,-302539329,-538890020,-538890020,-517264844,-517264844,-502826504,-502826504,-543366138,-543366138,-572456771,-572456771,-363141763,-363141763,-380474232,-380474232,-158686865,-158686865
f = 329800100,0,1 | route T | claimed 1819.453886462224979 | coeffs -13199065,-13199065,89297910,89297910,12269355,12269355,-36385680,-36385680,287955017,287955017,369032454,369032454,-59105512,-59105512,139201661,139201661,334928963,334928963,345873704,345873704,390892995,390892995,511048169,511048169,411580797,411580797,616663665,616663665,664818255,664818255,527389950,527389950,472459594,472459594,306232498,306232498,275457657,275457657,360391851,360391851,148561437,148561437,302539329,302539329,538890020,538890020,517264844,517264844,502826504,502826504,543366138,543366138,572456771,572456771,363141763,363141763,380474232,380474232,158686865,158686865,6771541,6771541,136960629,136960629
# status f = 329800100,0,1 : PASS_RHO (rho 0.89846, T 1819.5, 0s)
f = 329906165,0,1 | route RHO | claimed 0.87067561240883212601 | coeffs -65361815,-65361815,-137885385,-137885385,-100112837,-100112837,-194728163,-194728163,-510416803,-510416803,-567343836,-567343836,-635208258,-635208258,-477688365,-477688365,-360643439,-360643439,-416363606,-416363606,-531682290,-531682290,-484577007,-484577007,-110547562,-110547562,-348637632,-348637632,-319855762,-319855762,-167914518,-167914518,-278084091,-278084091,-285002739,-285002739,-384885037,-384885037,-478736851,-478736851,-499088293,-499088293,-381163220,-381163220,-537663685,-537663685,-265203414,-265203414,-93957982,-93957982,-89030391,-89030391,-228961601,-228961601,-249861120,-249861120,-409170296,-409170296,-428919730,-428919730,-307013769,-307013769,-212191819,-212191819
f = 329906165,0,1 | route T | claimed 1421.8559031706439307 | coeffs -478736851,-478736851,-499088293,-499088293,-381163220,-381163220,-537663685,-537663685,-265203414,-265203414,-93957982,-93957982,-89030391,-89030391,-228961601,-228961601,-249861120,-249861120,-409170296,-409170296,-428919730,-428919730,-307013769,-307013769,-212191819,-212191819,65361815,65361815,137885385,137885385,100112837,100112837,194728163,194728163,510416803,510416803,567343836,567343836,635208258,635208258,477688365,477688365,360643439,360643439,416363606,416363606,531682290,531682290,484577007,484577007,110547562,110547562,348637632,348637632,319855762,319855762,167914518,167914518,278084091,278084091,285002739,285002739,384885037,384885037
# status f = 329906165,0,1 : PASS_RHO (rho 0.87068, T 1421.9, 0s)
f = 443353074,0,1 | route RHO | claimed 0.86318229491376248436 | coeffs 514659051,514659051,170900170,170900170,312801741,312801741,106525038,106525038,65241627,65241627,171767939,171767939,168576786,168576786,7256096,7256096,120529872,120529872,66329117,66329117,-152667165,-152667165,-10529815,-10529815,27232840,27232840,-101909492,-101909492,119114876,119114876,192148802,192148802,216710576,216710576,163330106,163330106,-18645095,-18645095,-185534528,-185534528,-98936756,-98936756,63794291,63794291,33033342,33033342,139634362,139634362,45196977,45196977,17957550,17957550,-98225520,-98225520,14565383,14565383,-430566263,-430566263,-302028861,-302028861,-117681668,-117681668,-254526268,-254526268
f = 443353074,0,1 | route T | claimed 1464.4397358907390091 | coeffs 98225520,-14565383,-14565383,430566263,430566263,302028861,302028861,117681668,117681668,254526268,254526268,514659051,514659051,170900170,170900170,312801741,312801741,106525038,106525038,65241627,65241627,171767939,171767939,168576786,168576786,7256096,7256096,120529872,120529872,66329117,66329117,-152667165,-152667165,-10529815,-10529815,27232840,27232840,-101909492,-101909492,119114876,119114876,192148802,192148802,216710576,216710576,163330106,163330106,-18645095,-18645095,-185534528,-185534528,-98936756,-98936756,63794291,63794291,33033342,33033342,139634362,139634362,45196977,45196977,17957550,17957550,-98225520
# status f = 443353074,0,1 : PASS_RHO (rho 0.86318, T 1464.4, 0s)
f = 483653745,0,1 | route RHO | claimed 0.91093981704147720686 | coeffs 186943796,308849757,308849757,329749276,329749276,500994708,500994708,383069635,383069635,283187337,283187337,131246093,131246093,505275538,505275538,560995705,560995705,493131283,493131283,587746609,587746609,310192975,310192975,290443541,290443541,430374751,430374751,702835022,702835022,723186464,723186464,716267816,716267816,687485946,687485946,734591229,734591229,617546303,617546303,560619270,560619270,522846722,522846722,428024772,428024772,268715596,268715596,263788005,263788005,107287540,107287540,201139354,201139354,90969781,90969781,329059851,329059851,213741167,213741167,56221274,56221274,-259467366,-259467366,-186943796
f = 483653745,0,1 | route T | claimed 1650.3033367111899031 | coeffs 186943796,308849757,308849757,329749276,329749276,500994708,500994708,383069635,383069635,283187337,283187337,131246093,131246093,505275538,505275538,560995705,560995705,493131283,493131283,587746609,587746609,310192975,310192975,290443541,290443541,430374751,430374751,702835022,702835022,723186464,723186464,716267816,716267816,687485946,687485946,734591229,734591229,617546303,617546303,560619270,560619270,522846722,522846722,428024772,428024772,268715596,268715596,263788005,263788005,107287540,107287540,201139354,201139354,90969781,90969781,329059851,329059851,213741167,213741167,56221274,56221274,-259467366,-259467366,-186943796
# status f = 483653745,0,1 : PASS_RHO (rho 0.91094, T 1650.3, 0s)
f = 517193296,0,1 | route RHO | claimed 0.90589839584867853756 | coeffs 913714843,1287744288,1287744288,1232024121,1232024121,1164159699,1164159699,1069544373,1069544373,791990739,791990739,811740173,811740173,951671383,951671383,679211112,679211112,699562554,699562554,706481202,706481202,677699332,677699332,630594049,630594049,513549123,513549123,570476156,570476156,532703608,532703608,627525558,627525558,468216382,468216382,473143973,473143973,316643508,316643508,222791694,222791694,112622121,112622121,-125467949,-125467949,-240786633,-240786633,-83266740,-83266740,-398955380,-398955380,-471478950,-471478950,-593384911,-593384911,-572485392,-572485392,-743730824,-743730824,-861655897,-861655897,-761773599,-761773599,-913714843
f = 517193296,0,1 | route T | claimed 1536.8284543482971241 | coeffs -316643508,-316643508,-222791694,-222791694,-112622121,-112622121,125467949,125467949,240786633,240786633,83266740,83266740,398955380,398955380,471478950,471478950,593384911,593384911,572485392,572485392,743730824,743730824,861655897,861655897,761773599,761773599,913714843,913714843,1287744288,1287744288,1232024121,1232024121,1164159699,1164159699,1069544373,1069544373,791990739,791990739,811740173,811740173,951671383,951671383,679211112,679211112,699562554,699562554,706481202,706481202,677699332,677699332,630594049,630594049,513549123,513549123,570476156,570476156,532703608,532703608,627525558,627525558,468216382,468216382,473143973,473143973
# status f = 517193296,0,1 : PASS_RHO (rho 0.90590, T 1536.8, 0s)
f = 557493967,0,1 | route RHO | claimed 0.89634888103163643886 | coeffs 606985287,606985287,539120865,539120865,518221346,518221346,628390919,628390919,571463886,571463886,431532676,431532676,279591432,279591432,-36097208,-36097208,-31169617,-31169617,-59951487,-59951487,-154566813,-154566813,16678619,16678619,254768689,254768689,292541237,292541237,565001508,565001508,190972063,190972063,118448493,118448493,-38051972,-38051972,-85157255,-85157255,-362710889,-362710889,-244785816,-244785816,-129467132,-129467132,-224289082,-224289082,-244640524,-244640524,-188920357,-188920357,-310826318,-310826318,-404678132,-404678132,-521723058,-521723058,-501973624,-501973624,-601855922,-601855922,-759375815,-759375815,-600066639,-600066639
f = 557493967,0,1 | route T | claimed 1691.7891752109506982 | coeffs 188920357,310826318,310826318,404678132,404678132,521723058,521723058,501973624,501973624,601855922,601855922,759375815,759375815,600066639,600066639,606985287,606985287,539120865,539120865,518221346,518221346,628390919,628390919,571463886,571463886,431532676,431532676,279591432,279591432,-36097208,-36097208,-31169617,-31169617,-59951487,-59951487,-154566813,-154566813,16678619,16678619,254768689,254768689,292541237,292541237,565001508,565001508,190972063,190972063,118448493,118448493,-38051972,-38051972,-85157255,-85157255,-362710889,-362710889,-244785816,-244785816,-129467132,-129467132,-224289082,-224289082,-244640524,-244640524,-188920357
# status f = 557493967,0,1 : PASS_RHO (rho 0.89635, T 1691.8, 0s)
f = 670940876,0,1 | route RHO | claimed 0.94133133903775235649 | coeffs -40145643,15574524,15574524,-99744160,-99744160,-146849443,-146849443,227180002,227180002,465270072,465270072,494051942,494051942,342110698,342110698,231941125,231941125,238859773,238859773,138977475,138977475,232829289,232829289,212477847,212477847,94552774,94552774,-61947691,-61947691,-334407962,-334407962,-163162530,-163162530,-168090121,-168090121,-308021331,-308021331,-287121812,-287121812,-446430988,-446430988,-426681554,-426681554,-304775593,-304775593,-399597543,-399597543,-122043909,-122043909,-194567479,-194567479,-232340027,-232340027,-326955353,-326955353,-11266713,-11266713,-68193746,-68193746,-329324,-329324,157190569,157190569,40145643
f = 670940876,0,1 | route T | claimed 2332.7814597631609203 | coeffs 10944741,0,-48154590,0,84934194,0,14438340,0,-221787367,0,-77028555,0,-198307173,0,-99467372,0,166227096,0,236350691,0,209315008,0,-123761564,0,81077437,0,-45019291,0,-137428305,0,211830414,0,40539634,0,151915324,0,48655035,0,195727302,0,-205082868,0,-30774841,0,21625176,0,17332469,0,102496975,0,428137966,0,120155174,0,54930356,0,153977892,0,-29090633,0,130189088,0,324340697,0
# status f = 670940876,0,1 : PASS_RHO (rho 0.94133, T 2332.8, 0s)
f = 671046941,0,1 | route RHO | claimed 0.88549863396678150627 | coeffs 269008230,158838657,158838657,178588091,178588091,293906775,293906775,566367046,566367046,250678406,250678406,257597054,257597054,379503015,379503015,426608298,426608298,255362866,255362866,312289899,312289899,212407601,212407601,117585651,117585651,-256443794,-256443794,-251516203,-251516203,-319380625,-319380625,-225528811,-225528811,52024823,52024823,-186065247,-186065247,-46134037,-46134037,-203653930,-203653930,-224005372,-224005372,-296528942,-296528942,-325310812,-325310812,-346210331,-346210331,-229165405,-229165405,-347090478,-347090478,-384863026,-384863026,-232921782,-232921782,-73612606,-73612606,-17892439,-17892439,-174392904,-174392904,-269008230
f = 671046941,0,1 | route T | claimed 2396.1865617966305264 | coeffs -293906775,-566367046,-566367046,-250678406,-250678406,-257597054,-257597054,-379503015,-379503015,-426608298,-426608298,-255362866,-255362866,-312289899,-312289899,-212407601,-212407601,-117585651,-117585651,256443794,256443794,251516203,251516203,319380625,319380625,225528811,225528811,-52024823,-52024823,186065247,186065247,46134037,46134037,203653930,203653930,224005372,224005372,296528942,296528942,325310812,325310812,346210331,346210331,229165405,229165405,347090478,347090478,384863026,384863026,232921782,232921782,73612606,73612606,17892439,17892439,174392904,174392904,269008230,269008230,158838657,158838657,178588091,178588091,293906775
# status f = 671046941,0,1 : PASS_RHO (rho 0.88550, T 2396.2, 0s)
f = 682984311,0,1 | route RHO | claimed 0.88549863396678150627 | coeffs 250678406,250678406,566367046,566367046,293906775,293906775,178588091,178588091,158838657,158838657,269008230,269008230,174392904,174392904,17892439,17892439,73612606,73612606,232921782,232921782,384863026,384863026,347090478,347090478,229165405,229165405,346210331,346210331,325310812,325310812,296528942,296528942,224005372,224005372,203653930,203653930,46134037,46134037,186065247,186065247,-52024823,-52024823,225528811,225528811,319380625,319380625,251516203,251516203,256443794,256443794,-117585651,-117585651,-212407601,-212407601,-312289899,-312289899,-255362866,-255362866,-426608298,-426608298,-379503015,-379503015,-257597054,-257597054
f = 682984311,0,1 | route T | claimed 1659.5678026334947646 | coeffs -319380625,-251516203,-251516203,-256443794,-256443794,117585651,117585651,212407601,212407601,312289899,312289899,255362866,255362866,426608298,426608298,379503015,379503015,257597054,257597054,250678406,250678406,566367046,566367046,293906775,293906775,178588091,178588091,158838657,158838657,269008230,269008230,174392904,174392904,17892439,17892439,73612606,73612606,232921782,232921782,384863026,384863026,347090478,347090478,229165405,229165405,346210331,346210331,325310812,325310812,296528942,296528942,224005372,224005372,203653930,203653930,46134037,46134037,186065247,186065247,-52024823,-52024823,225528811,225528811,319380625
# status f = 682984311,0,1 : PASS_RHO (rho 0.88550, T 1659.6, 0s)
f = 703024222,0,1 | route RHO | claimed 0.88394312329941461094 | coeffs -114518730,-114518730,-231563656,-231563656,-469653726,-469653726,-369771428,-369771428,-97311157,-97311157,61998019,61998019,134521589,134521589,66657167,66657167,19551884,19551884,-90617689,-90617689,-208542762,-208542762,-348473972,-348473972,-443295922,-443295922,-127607282,-127607282,-183327449,-183327449,-212109319,-212109319,-305961133,-305961133,-477206565,-477206565,-496955999,-496955999,-459183451,-459183451,-616703344,-616703344,-242673899,-242673899,-235755251,-235755251,-392255716,-392255716,-371356197,-371356197,-93802563,-93802563,-150729596,-150729596,-35410912,-35410912,116530332,116530332,136881774,136881774,141809365,141809365,19903404,19903404
f = 703024222,0,1 | route T | claimed 1391.8977786133628419 | coeffs 19903404,19903404,114518730,114518730,231563656,231563656,469653726,469653726,369771428,369771428,97311157,97311157,-61998019,-61998019,-134521589,-134521589,-66657167,-66657167,-19551884,-19551884,90617689,90617689,208542762,208542762,348473972,348473972,443295922,443295922,127607282,127607282,183327449,183327449,212109319,212109319,305961133,305961133,477206565,477206565,496955999,496955999,459183451,459183451,616703344,616703344,242673899,242673899,235755251,235755251,392255716,392255716,371356197,371356197,93802563,93802563,150729596,150729596,35410912,35410912,-116530332,-116530332,-136881774,-136881774,-141809365,-141809365
# status f = 703024222,0,1 : PASS_RHO (rho 0.88394, T 1391.9, 0s)
f = 730336124,0,1 | route RHO | claimed 0.88544055118200703688 | coeffs -203281531,-203281531,-147561364,-147561364,-425114998,-425114998,-152654727,-152654727,-181436597,-181436597,-238363630,-238363630,-397672806,-397672806,-303820992,-303820992,-419139676,-419139676,-346616106,-346616106,-517861538,-517861538,-365920294,-365920294,-298055872,-298055872,-278306438,-278306438,-298657880,-298657880,-345763163,-345763163,-307990615,-307990615,-303063024,-303063024,-192893451,-192893451,-35373558,-35373558,86532403,86532403,-31392670,-31392670,342636775,342636775,437252101,437252101,577183311,577183311,570264663,570264663,453219737,453219737,358397787,358397787,201897322,201897322,439987392,439987392,124298752,124298752,103399233,103399233
f = 730336124,0,1 | route T | claimed 1999.1442001951268376 | coeffs -298657880,-298657880,-345763163,-345763163,-307990615,-307990615,-303063024,-303063024,-192893451,-192893451,-35373558,-35373558,86532403,86532403,-31392670,-31392670,342636775,342636775,437252101,437252101,577183311,577183311,570264663,570264663,453219737,453219737,358397787,358397787,201897322,201897322,439987392,439987392,124298752,124298752,103399233,103399233,203281531,203281531,147561364,147561364,425114998,425114998,152654727,152654727,181436597,181436597,238363630,238363630,397672806,397672806,303820992,303820992,419139676,419139676,346616106,346616106,517861538,517861538,365920294,365920294,298055872,298055872,278306438,278306438
# status f = 730336124,0,1 : PASS_RHO (rho 0.88544, T 1999.1, 0s)
f = 791953195,0,1 | route RHO | claimed 0.90842212602780132892 | coeffs -184330220,-204079654,-204079654,-360580119,-360580119,-208638875,-208638875,-91593949,-91593949,-164117519,-164117519,-24186309,-24186309,69665505,69665505,-304363940,-304363940,-247436907,-247436907,-125530946,-125530946,146929325,146929325,36759752,36759752,-18960415,-18960415,18812133,18812133,39711652,39711652,60063094,60063094,298153164,298153164,366017586,366017586,460839536,460839536,632084968,632084968,625166320,625166320,509847636,509847636,415232310,415232310,574541486,574541486,456616413,456616413,427834543,427834543,270314650,270314650,547868284,547868284,552795875,552795875,452913577,452913577,500018860,500018860,184330220
f = 791953195,0,1 | route T | claimed 2170.2138134298528596 | coeffs 298153164,366017586,366017586,460839536,460839536,632084968,632084968,625166320,625166320,509847636,509847636,415232310,415232310,574541486,574541486,456616413,456616413,427834543,427834543,270314650,270314650,547868284,547868284,552795875,552795875,452913577,452913577,500018860,500018860,184330220,184330220,204079654,204079654,360580119,360580119,208638875,208638875,91593949,91593949,164117519,164117519,24186309,24186309,-69665505,-69665505,304363940,304363940,247436907,247436907,125530946,125530946,-146929325,-146929325,-36759752,-36759752,18960415,18960415,-18812133,-18812133,-39711652,-39711652,-60063094,-60063094,-298153164
# status f = 791953195,0,1 : PASS_RHO (rho 0.90842, T 2170.2, 0s)
f = 808322943,0,1 | route RHO | claimed 0.9092426862151800365 | coeffs -189374279,-47472708,-47472708,5907762,5907762,-254225021,-254225021,-181191095,-181191095,-365538288,-365538288,-236395956,-236395956,-681527602,-681527602,-539390252,-539390252,-423207182,-423207182,-369006427,-369006427,-463443812,-463443812,-624764502,-624764502,-594003553,-594003553,-700529865,-700529865,-613932093,-613932093,-820208796,-820208796,-638233595,-638233595,-294474714,-294474714,-269912940,-269912940,-133068340,-133068340,-354092708,-354092708,-225555306,-225555306,-187792651,-187792651,-300583554,-300583554,-81587272,-81587272,-108826699,-108826699,4447077,4447077,-102153943,-102153943,-98962790,-98962790,63768257,63768257,22484846,22484846,189374279
f = 808322943,0,1 | route T | claimed 2192.7076161734396663 | coeffs 404554923,336690501,336690501,264166931,264166931,423476107,423476107,151015836,151015836,250898134,250898134,488988204,488988204,371943278,371943278,466558604,466558604,588464565,588464565,593392156,593392156,573040714,573040714,724981958,724981958,609663274,609663274,552736241,552736241,275182607,275182607,296082126,296082126,452582591,452582591,459501239,459501239,85471794,85471794,-72048099,-72048099,-109820647,-109820647,-129570081,-129570081,41675351,41675351,-52176463,-52176463,-23394593,-23394593,-79114760,-79114760,-394803400,-394803400,-489625350,-489625350,-349694140,-349694140,-467619213,-467619213,-357449640,-357449640,-404554923
# status f = 808322943,0,1 : PASS_RHO (rho 0.90924, T 2192.7, 0s)
f = 856971484,0,1 | route RHO | claimed 0.94058551215722273105 | coeffs -700494940,-680143498,-680143498,-660394064,-660394064,-728258486,-728258486,-576317242,-576317242,-405071810,-405071810,-332548240,-332548240,-217229556,-217229556,-123377742,-123377742,35931434,35931434,-20995599,-20995599,7786271,7786271,280246542,280246542,557800176,557800176,613520343,613520343,713402641,713402641,734302160,734302160,418613520,418613520,180523450,180523450,24022985,24022985,118844935,118844935,1800009,1800009,8718657,8718657,148649867,148649867,54034541,54034541,428063986,428063986,545989059,545989059,667895020,667895020,510375127,510375127,620544700,620544700,615617109,615617109,653389657,653389657,700494940
f = 856971484,0,1 | route T | claimed 2864.3767042636149781 | coeffs -98432035,-98432035,28210490,28210490,-11714063,-11714063,107415671,107415671,72393013,72393013,319573686,319573686,324221266,324221266,213071843,213071843,13071608,13071608,-53950716,-53950716,185726426,185726426,384328104,384328104,202163992,202163992,547539980,547539980,673719089,673719089,626480635,626480635,367766130,367766130,279360627,279360627,415407904,415407904,410970102,410970102,309350758,309350758,515809249,515809249,382468371,382468371,514516421,514516421,490429099,490429099,503255244,503255244,674435995,674435995,855611280,855611280,626887909,626887909,545982111,545982111,587003338,587003338,250753397,250753397
# status f = 856971484,0,1 : PASS_RHO (rho 0.94059, T 2864.4, 0s)
f = 878348057,0,1 | route RHO | claimed 0.86318229491376248436 | coeffs -430566263,14565383,14565383,-98225520,-98225520,17957550,17957550,45196977,45196977,139634362,139634362,33033342,33033342,63794291,63794291,-98936756,-98936756,-185534528,-185534528,-18645095,-18645095,163330106,163330106,216710576,216710576,192148802,192148802,119114876,119114876,-101909492,-101909492,27232840,27232840,-10529815,-10529815,-152667165,-152667165,66329117,66329117,120529872,120529872,7256096,7256096,168576786,168576786,171767939,171767939,65241627,65241627,106525038,106525038,312801741,312801741,170900170,170900170,514659051,514659051,254526268,254526268,117681668,117681668,302028861,302028861,430566263
f = 878348057,0,1 | route T | claimed 2118.7403726341359764 | coeffs -430566263,14565383,14565383,-98225520,-98225520,17957550,17957550,45196977,45196977,139634362,139634362,33033342,33033342,63794291,63794291,-98936756,-98936756,-185534528,-185534528,-18645095,-18645095,163330106,163330106,216710576,216710576,192148802,192148802,119114876,119114876,-101909492,-101909492,27232840,27232840,-10529815,-10529815,-152667165,-152667165,66329117,66329117,120529872,120529872,7256096,7256096,168576786,168576786,171767939,171767939,65241627,65241627,106525038,106525038,312801741,312801741,170900170,170900170,514659051,514659051,254526268,254526268,117681668,117681668,302028861,302028861,430566263
# status f = 878348057,0,1 : PASS_RHO (rho 0.86318, T 2118.7, 0s)
f = 904319007,0,1 | route RHO | claimed 0.87741637537092981174 | coeffs -858354748,-858354748,-743036064,-743036064,-722136545,-722136545,-348107100,-348107100,-367856534,-367856534,-396638404,-396638404,-491460354,-491460354,-601629927,-601629927,-529106357,-529106357,-429224059,-429224059,-523839385,-523839385,-544190827,-544190827,-487263794,-487263794,-330763329,-330763329,-173243436,-173243436,-1998004,-1998004,53722163,53722163,193653373,193653373,240758656,240758656,81449480,81449480,319539550,319539550,197633589,197633589,349574833,349574833,627128467,627128467,634047115,634047115,671819663,671819663,577967849,577967849,893656489,893656489,775731416,775731416,707866994,707866994,980327265,980327265,863282339,863282339
f = 904319007,0,1 | route T | claimed 2137.3713829633406849 | coeffs -330763329,-173243436,-173243436,-1998004,-1998004,53722163,53722163,193653373,193653373,240758656,240758656,81449480,81449480,319539550,319539550,197633589,197633589,349574833,349574833,627128467,627128467,634047115,634047115,671819663,671819663,577967849,577967849,893656489,893656489,775731416,775731416,707866994,707866994,980327265,980327265,863282339,863282339,858354748,858354748,743036064,743036064,722136545,722136545,348107100,348107100,367856534,367856534,396638404,396638404,491460354,491460354,601629927,601629927,529106357,529106357,429224059,429224059,523839385,523839385,544190827,544190827,487263794,487263794,330763329
# status f = 904319007,0,1 : PASS_RHO (rho 0.87742, T 2137.4, 0s)
f = 916915131,0,1 | route RHO | claimed 0.92947899515530173695 | coeffs 362832727,362832727,90372456,90372456,212278417,212278417,155351384,155351384,-218678061,-218678061,-312529875,-312529875,-172598665,-172598665,-100075095,-100075095,16969831,16969831,-134971413,-134971413,-291471878,-291471878,-271722444,-271722444,43966196,43966196,91071479,91071479,190953777,190953777,195881368,195881368,-81672266,-81672266,-239192159,-239192159,-210410289,-210410289,-328335362,-328335362,-487644538,-487644538,-582259864,-582259864,-466941180,-466941180,-473859828,-473859828,-645105260,-645105260,-550283310,-550283310,-618147732,-618147732,-380057662,-380057662,-400409104,-400409104,-379509585,-379509585,-417282133,-417282133,-473002300,-473002300
f = 916915131,0,1 | route T | claimed 2023.932823966295655 | coeffs -362832727,-90372456,-90372456,-212278417,-212278417,-155351384,-155351384,218678061,218678061,312529875,312529875,172598665,172598665,100075095,100075095,-16969831,-16969831,134971413,134971413,291471878,291471878,271722444,271722444,-43966196,-43966196,-91071479,-91071479,-190953777,-190953777,-195881368,-195881368,81672266,81672266,239192159,239192159,210410289,210410289,328335362,328335362,487644538,487644538,582259864,582259864,466941180,466941180,473859828,473859828,645105260,645105260,550283310,550283310,618147732,618147732,380057662,380057662,400409104,400409104,379509585,379509585,417282133,417282133,473002300,473002300,362832727
# status f = 916915131,0,1 : PASS_RHO (rho 0.92948, T 2023.9, 0s)
f = 946007558,0,1 | route RHO | claimed 0.90589839584867853756 | coeffs 473143973,473143973,468216382,468216382,627525558,627525558,532703608,532703608,570476156,570476156,513549123,513549123,630594049,630594049,677699332,677699332,706481202,706481202,699562554,699562554,679211112,679211112,951671383,951671383,811740173,811740173,791990739,791990739,1069544373,1069544373,1164159699,1164159699,1232024121,1232024121,1287744288,1287744288,913714843,913714843,761773599,761773599,861655897,861655897,743730824,743730824,572485392,572485392,593384911,593384911,471478950,471478950,398955380,398955380,83266740,83266740,240786633,240786633,125467949,125467949,-112622121,-112622121,-222791694,-222791694,-316643508,-316643508
f = 946007558,0,1 | route T | claimed 1716.0184748785838034 | coeffs 473143973,473143973,468216382,468216382,627525558,627525558,532703608,532703608,570476156,570476156,513549123,513549123,630594049,630594049,677699332,677699332,706481202,706481202,699562554,699562554,679211112,679211112,951671383,951671383,811740173,811740173,791990739,791990739,1069544373,1069544373,1164159699,1164159699,1232024121,1232024121,1287744288,1287744288,913714843,913714843,761773599,761773599,861655897,861655897,743730824,743730824,572485392,572485392,593384911,593384911,471478950,471478950,398955380,398955380,83266740,83266740,240786633,240786633,125467949,125467949,-112622121,-112622121,-222791694,-222791694,-316643508,-316643508
# status f = 946007558,0,1 : PASS_RHO (rho 0.90590, T 1716.0, 0s)
f = 973038303,0,1 | route RHO | claimed 0.87741637537092981174 | coeffs -81449480,-81449480,-240758656,-240758656,-193653373,-193653373,-53722163,-53722163,1998004,1998004,173243436,173243436,330763329,330763329,487263794,487263794,544190827,544190827,523839385,523839385,429224059,429224059,529106357,529106357,601629927,601629927,491460354,491460354,396638404,396638404,367856534,367856534,348107100,348107100,722136545,722136545,743036064,743036064,858354748,858354748,863282339,863282339,980327265,980327265,707866994,707866994,775731416,775731416,893656489,893656489,577967849,577967849,671819663,671819663,634047115,634047115,627128467,627128467,349574833,349574833,197633589,197633589,319539550,319539550
f = 973038303,0,1 | route T | claimed 1814.0949199809291413 | coeffs -81449480,-81449480,-240758656,-240758656,-193653373,-193653373,-53722163,-53722163,1998004,1998004,173243436,173243436,330763329,330763329,487263794,487263794,544190827,544190827,523839385,523839385,429224059,429224059,529106357,529106357,601629927,601629927,491460354,491460354,396638404,396638404,367856534,367856534,348107100,348107100,722136545,722136545,743036064,743036064,858354748,858354748,863282339,863282339,980327265,980327265,707866994,707866994,775731416,775731416,893656489,893656489,577967849,577967849,671819663,671819663,634047115,634047115,627128467,627128467,349574833,349574833,197633589,197633589,319539550,319539550
# status f = 973038303,0,1 : PASS_RHO (rho 0.87742, T 1814.1, 0s)
f = 976986626,0,1 | route RHO | claimed 0.87067561240883212601 | coeffs -510416803,-194728163,-194728163,-100112837,-100112837,-137885385,-137885385,-65361815,-65361815,212191819,212191819,307013769,307013769,428919730,428919730,409170296,409170296,249861120,249861120,228961601,228961601,89030391,89030391,93957982,93957982,265203414,265203414,537663685,537663685,381163220,381163220,499088293,499088293,478736851,478736851,384885037,384885037,285002739,285002739,278084091,278084091,167914518,167914518,319855762,319855762,348637632,348637632,110547562,110547562,484577007,484577007,531682290,531682290,416363606,416363606,360643439,360643439,477688365,477688365,635208258,635208258,567343836,567343836,510416803
f = 976986626,0,1 | route T | claimed 1684.0411980810521753 | coeffs -510416803,-194728163,-194728163,-100112837,-100112837,-137885385,-137885385,-65361815,-65361815,212191819,212191819,307013769,307013769,428919730,428919730,409170296,409170296,249861120,249861120,228961601,228961601,89030391,89030391,93957982,93957982,265203414,265203414,537663685,537663685,381163220,381163220,499088293,499088293,478736851,478736851,384885037,384885037,285002739,285002739,278084091,278084091,167914518,167914518,319855762,319855762,348637632,348637632,110547562,110547562,484577007,484577007,531682290,531682290,416363606,416363606,360643439,360643439,477688365,477688365,635208258,635208258,567343836,567343836,510416803
# status f = 976986626,0,1 : PASS_RHO (rho 0.87068, T 1684.0, 0s)
# summary n = 7 l = 1000847041 : EXCLUSION_CANDIDATE ; PASS 32 / 32 ; OPEN_NEAR 0 ; OPEN_FAR 0 ; 13s
