# FAMILY WITNESS FILE (generator family_gen.sage r10). n = 7 ; l = 1000822337 ; m = 64 ; deg = 2 ; ncomp = 32 ; bar_T = 4224 ; L_n = 16.3328709449664096755483535644
# line: f = c0,...,c_deg (monic, over F_l) | route RHO|T | claimed (rho or T, float) | coeffs a_0..a_{m-1}
f = 2415434,0,1 | route RHO | claimed 0.95691167297364913184 | coeffs 277485220,277485220,450583200,450583200,416635865,416635865,576937152,576937152,637145932,637145932,368221264,368221264,106779798,106779798,94065324,94065324,187664974,187664974,122101512,122101512,312491283,312491283,11191736,11191736,38189320,38189320,2999840,2999840,96018588,96018588,13145461,13145461,185925174,185925174,32624598,32624598,-36244404,-36244404,87389461,87389461,-170577887,-170577887,71315013,71315013,25091444,25091444,18806268,18806268,-279659494,-279659494,-558592096,-558592096,-610524291,-610524291,-790074341,-790074341,-560252164,-560252164,-650170451,-650170451,-586309533,-586309533,-481736409,-481736409
f = 2415434,0,1 | route T | claimed 2303.6766325262003759 | coeffs -389822310,-177072543,-177072543,-65601884,-65601884,-62577628,-62577628,-240706084,-240706084,-234756020,-234756020,-266079655,-266079655,82425292,82425292,101518567,101518567,-20633995,-20633995,460109523,460109523,284834047,284834047,350901386,350901386,411582558,411582558,704453815,704453815,353970678,353970678,600714350,600714350,782227899,782227899,789446952,789446952,852576097,852576097,878962786,878962786,690856485,690856485,605362744,605362744,734662780,734662780,638866226,638866226,588503493,588503493,641211892,641211892,597971269,597971269,616694282,616694282,711906963,711906963,661086300,661086300,607096789,607096789,389822310
# status f = 2415434,0,1 : PASS_RHO (rho 0.95691, T 2303.7, 1s)
f = 53539381,0,1 | route RHO | claimed 0.94185947493473721579 | coeffs 62832140,-230513510,-230513510,-156101653,-156101653,-249595225,-249595225,-226297496,-226297496,-186421406,-186421406,-323696881,-323696881,-570418326,-570418326,-571593432,-571593432,-459977982,-459977982,-382660499,-382660499,21016192,21016192,-272768328,-272768328,-213930056,-213930056,-447288970,-447288970,-274792718,-274792718,-514952351,-514952351,-461563129,-461563129,-649932166,-649932166,-735051890,-735051890,-699066451,-699066451,-593306310,-593306310,-775591534,-775591534,-649099079,-649099079,-508013447,-508013447,-541732860,-541732860,-283096815,-283096815,-131000031,-131000031,-262044130,-262044130,-286272907,-286272907,-191437725,-191437725,-181289170,-181289170,-62832140
f = 53539381,0,1 | route T | claimed 2041.1043866041276271 | coeffs -168970239,-87649662,-87649662,304285662,304285662,281578726,281578726,341103482,341103482,110417789,110417789,18159002,18159002,-27505922,-27505922,12032028,12032028,29481344,29481344,261187030,261187030,168904494,168904494,149180740,149180740,310323991,310323991,270258928,270258928,337374974,337374974,562361295,562361295,843494657,843494657,772063730,772063730,771569857,771569857,595085490,595085490,509041817,509041817,384409546,384409546,307349749,307349749,244759927,244759927,322347773,322347773,367450761,367450761,38285797,38285797,-46242565,-46242565,318109974,318109974,-17212592,-17212592,206742414,206742414,168970239
# status f = 53539381,0,1 : PASS_RHO (rho 0.94186, T 2041.1, 1s)
f = 78854359,0,1 | route RHO | claimed 0.95171082802530320152 | coeffs 471685161,471685161,236602118,236602118,223659113,223659113,-63339188,-63339188,79140250,79140250,-16570837,-16570837,124625383,124625383,47305373,47305373,120933929,120933929,-89995330,-89995330,-169149157,-169149157,80211383,80211383,108754740,108754740,54575422,54575422,15745193,15745193,225702762,225702762,180173394,180173394,357564253,357564253,207476271,207476271,467893593,467893593,479547493,479547493,576789631,576789631,549699330,549699330,480809093,480809093,384307866,384307866,562679985,562679985,634064827,634064827,333008547,333008547,255289835,255289835,81639917,81639917,-197069480,-197069480,-204897391,-204897391
f = 78854359,0,1 | route T | claimed 2461.3246200890782513 | coeffs -72947498,-72947498,-90343597,-90343597,306483382,306483382,113440954,113440954,-5429172,-5429172,-31558937,-31558937,104686284,104686284,42152521,42152521,-26400907,-26400907,-251552009,-251552009,-27935510,-27935510,62121537,62121537,182082659,182082659,271831367,271831367,231107091,231107091,254445689,254445689,-222208978,-222208978,-109456722,-109456722,-252726732,-252726732,-162484897,-162484897,-66068085,-66068085,24455434,24455434,-49206058,-49206058,-328046400,-328046400,-365020949,-365020949,-565745683,-565745683,-540776296,-540776296,-190129632,-190129632,-233405772,-233405772,-4362567,-4362567,165727195,165727195,188108392,188108392
# status f = 78854359,0,1 : PASS_RHO (rho 0.95171, T 2461.3, 0s)
f = 85959198,0,1 | route RHO | claimed 0.94843662102872141604 | coeffs 598574841,627118198,627118198,804509057,804509057,777418756,777418756,476362476,476362476,209574706,209574706,305285793,305285793,384439620,384439620,174482051,174482051,162828151,162828151,-15543968,-15543968,263165429,263165429,-23832872,-23832872,49795684,49795684,-4383634,-4383634,-154471616,-154471616,-223361853,-223361853,-301080565,-301080565,-65997522,-65997522,-207193742,-207193742,-456554282,-456554282,-411024914,-411024914,-508267052,-508267052,-579651894,-579651894,-571823983,-571823983,-429344545,-429344545,-640273804,-640273804,-679104033,-679104033,-418686711,-418686711,-515187938,-515187938,-688837856,-688837856,-675894851,-675894851,-598574841
f = 85959198,0,1 | route T | claimed 2217.8997282813280529 | coeffs 1897739,82489336,82489336,116793027,116793027,17549610,17549610,-36685767,-36685767,-25601509,-25601509,24461684,24461684,-2302472,-2302472,-33337731,-33337731,26670616,26670616,-208754626,-208754626,106056165,106056165,-5619550,-5619550,97000266,97000266,-167327484,-167327484,52959180,52959180,94597105,94597105,-240032235,-240032235,55268650,55268650,34921387,34921387,100573861,100573861,75472429,75472429,180499328,180499328,287707319,287707319,180649753,180649753,501222031,501222031,227302059,227302059,596119013,596119013,297802802,297802802,320069785,320069785,363243132,363243132,86456344,86456344,-1897739
# status f = 85959198,0,1 : PASS_RHO (rho 0.94844, T 2217.9, 0s)
f = 114010282,0,1 | route RHO | claimed 0.94380804282306905565 | coeffs 46526116,46526116,189294775,189294775,374036543,374036543,290722225,290722225,231717851,231717851,347392964,347392964,261460038,261460038,246220838,246220838,-9649570,-9649570,360385181,360385181,303994882,303994882,508600411,508600411,278303841,278303841,302105483,302105483,781251595,781251595,553990480,553990480,438137564,438137564,423897288,423897288,348431889,348431889,244792696,244792696,359820959,359820959,292790791,292790791,316930521,316930521,554332752,554332752,517252475,517252475,251943013,251943013,374408727,374408727,244887976,244887976,322100277,322100277,219144530,219144530,276160530,276160530,139658023,139658023
f = 114010282,0,1 | route T | claimed 2078.8853062732362374 | coeffs 46526116,46526116,189294775,189294775,374036543,374036543,290722225,290722225,231717851,231717851,347392964,347392964,261460038,261460038,246220838,246220838,-9649570,-9649570,360385181,360385181,303994882,303994882,508600411,508600411,278303841,278303841,302105483,302105483,781251595,781251595,553990480,553990480,438137564,438137564,423897288,423897288,348431889,348431889,244792696,244792696,359820959,359820959,292790791,292790791,316930521,316930521,554332752,554332752,517252475,517252475,251943013,251943013,374408727,374408727,244887976,244887976,322100277,322100277,219144530,219144530,276160530,276160530,139658023,139658023
# status f = 114010282,0,1 : PASS_RHO (rho 0.94381, T 2078.9, 1s)
f = 115639143,0,1 | route RHO | claimed 0.91124998414575008956 | coeffs 126186921,126186921,126036496,126036496,402085724,402085724,516981012,516981012,540280049,540280049,743415125,743415125,450423710,450423710,530349177,530349177,625246159,625246159,260105288,260105288,303256407,303256407,478673302,478673302,522714388,522714388,477409177,477409177,263894465,263894465,198454135,198454135,133514409,133514409,75714994,75714994,66659095,66659095,27330640,27330640,239565530,239565530,310066273,310066273,141120593,141120593,79973142,79973142,587593,587593,-261336996,-261336996,-301888038,-301888038,-348540344,-348540344,-114926903,-114926903,-268405697,-268405697,-239432609,-239432609,-401140543,-401140543
f = 115639143,0,1 | route T | claimed 2021.8780298106498303 | coeffs 332735855,332735855,582096395,582096395,439616957,439616957,613266875,613266875,586176574,586176574,376219005,376219005,449847561,449847561,684930604,684930604,613545762,613545762,873963084,873963084,845419727,845419727,749708640,749708640,470999243,470999243,539889480,539889480,494360112,494360112,705289371,705289371,692346366,692346366,391290086,391290086,379636186,379636186,325456868,325456868,184260648,184260648,192088559,192088559,95587332,95587332,-81803527,-81803527,-160957354,-160957354,126040947,126040947,203759659,203759659,301001797,301001797,339832026,339832026,262512016,262512016,-4275754,-4275754,-182647873,-182647873
# status f = 115639143,0,1 : PASS_RHO (rho 0.91125, T 2021.9, 0s)
f = 119724148,0,1 | route RHO | claimed 0.94391164178979932844 | coeffs -388601006,-388601006,-484312093,-484312093,-410683537,-410683537,-161322997,-161322997,-200153226,-200153226,-22762367,-22762367,-11108467,-11108467,-79998704,-79998704,-8613862,-8613862,-182263780,-182263780,-449051550,-449051550,-162053249,-162053249,-303249469,-303249469,-92320210,-92320210,-120863567,-120863567,-330821136,-330821136,-180733154,-180733154,-277975292,-277975292,-181474065,-181474065,119582215,119582215,398291612,398291612,163208569,163208569,305688007,305688007,228367997,228367997,149214170,149214170,95034852,95034852,49505484,49505484,309922806,309922806,282832505,282832505,461204624,461204624,383485912,383485912,375658001,375658001
f = 119724148,0,1 | route T | claimed 2275.4285409995060006 | coeffs -311909259,-570433408,-570433408,-569668462,-569668462,-467361798,-467361798,-588139549,-588139549,-408530990,-408530990,-260592013,-260592013,-311320605,-311320605,-57081617,-57081617,195306998,195306998,75591149,75591149,192723557,192723557,127203128,127203128,-31339334,-31339334,18881834,18881834,1256301,1256301,-155489893,-155489893,-380791420,-380791420,-494443739,-494443739,-409957690,-409957690,-544171801,-544171801,-408343071,-408343071,-540214602,-540214602,-304463226,-304463226,-105400376,-105400376,-349928866,-349928866,-18823850,-18823850,-21730417,-21730417,-202195797,-202195797,-88809429,-88809429,112891616,112891616,69302087,69302087,311909259
# status f = 119724148,0,1 : PASS_RHO (rho 0.94391, T 2275.4, 1s)
f = 136792928,0,1 | route RHO | claimed 0.94185947493473721579 | coeffs -186421406,-186421406,-226297496,-226297496,-249595225,-249595225,-156101653,-156101653,-230513510,-230513510,62832140,62832140,181289170,181289170,191437725,191437725,286272907,286272907,262044130,262044130,131000031,131000031,283096815,283096815,541732860,541732860,508013447,508013447,649099079,649099079,775591534,775591534,593306310,593306310,699066451,699066451,735051890,735051890,649932166,649932166,461563129,461563129,514952351,514952351,274792718,274792718,447288970,447288970,213930056,213930056,272768328,272768328,-21016192,-21016192,382660499,382660499,459977982,459977982,571593432,571593432,570418326,570418326,323696881,323696881
f = 136792928,0,1 | route T | claimed 1845.2856496196822919 | coeffs 1635544,1635544,-63804786,-63804786,-104355828,-104355828,-307490904,-307490904,-242551178,-242551178,-195898872,-195898872,-488890287,-488890287,-546689702,-546689702,-313076261,-313076261,-393001728,-393001728,-383945829,-383945829,-230467035,-230467035,-135570053,-135570053,-174898508,-174898508,-145925420,-145925420,219215451,219215451,6980561,6980561,168688495,168688495,211839614,211839614,282340357,282340357,557293979,557293979,381877084,381877084,550822764,550822764,550672339,550672339,594713425,594713425,533565974,533565974,257516746,257516746,302821957,302821957,382207506,382207506,497102794,497102794,283588082,283588082,21663493,21663493
# status f = 136792928,0,1 : PASS_RHO (rho 0.94186, T 1845.3, 0s)
f = 143039059,0,1 | route RHO | claimed 0.93088483314852486952 | coeffs 380584175,341753946,341753946,520126065,520126065,377646627,377646627,167689058,167689058,96304216,96304216,593129,593129,-44936239,-44936239,-345992519,-345992519,-487188739,-487188739,-664579598,-664579598,-586860886,-586860886,-664180896,-664180896,-814268878,-814268878,-987918796,-987918796,-1061547352,-1061547352,-1321964674,-1321964674,-1043255277,-1043255277,-1254184536,-1254184536,-1242530636,-1242530636,-1250358547,-1250358547,-1171204720,-1171204720,-1268446858,-1268446858,-1001659088,-1001659088,-752298548,-752298548,-779388849,-779388849,-544305806,-544305806,-572849163,-572849163,-503958926,-503958926,-516901931,-516901931,-571081249,-571081249,-667582476,-667582476,-380584175
f = 143039059,0,1 | route T | claimed 2234.0383357588289926 | coeffs 114651207,114651207,-38827587,-38827587,236126035,236126035,121230747,121230747,414222162,414222162,779363033,779363033,735321947,735321947,800762277,800762277,809818176,809818176,739317433,739317433,818702982,818702982,865355288,865355288,836382200,836382200,836231775,836231775,859530812,859530812,939456279,939456279,982607398,982607398,937302187,937302187,872362461,872362461,833034006,833034006,664088326,664088326,402163737,402163737,635777178,635777178,474069244,474069244,198020016,198020016,-5115060,-5115060,-100012042,-100012042,-275428937,-275428937,-61914225,-61914225,-4114810,-4114810,-216349700,-216349700,-155202249,-155202249
# status f = 143039059,0,1 : PASS_RHO (rho 0.93088, T 2234.0, 0s)
f = 146199723,0,1 | route RHO | claimed 0.93088483314852486952 | coeffs 593129,593129,96304216,96304216,167689058,167689058,377646627,377646627,520126065,520126065,341753946,341753946,380584175,380584175,667582476,667582476,571081249,571081249,516901931,516901931,503958926,503958926,572849163,572849163,544305806,544305806,779388849,779388849,752298548,752298548,1001659088,1001659088,1268446858,1268446858,1171204720,1171204720,1250358547,1250358547,1242530636,1242530636,1254184536,1254184536,1043255277,1043255277,1321964674,1321964674,1061547352,1061547352,987918796,987918796,814268878,814268878,664180896,664180896,586860886,586860886,664579598,664579598,487188739,487188739,345992519,345992519,44936239,44936239
f = 146199723,0,1 | route T | claimed 2024.6144032842170344 | coeffs 465784601,465784601,483233917,483233917,554664844,554664844,225499880,225499880,285024636,285024636,123881385,123881385,-750886,-750886,-224705892,-224705892,-264243842,-264243842,16889520,16889520,-28213468,-28213468,-5506532,-5506532,-25230286,-25230286,60813387,60813387,-274509179,-274509179,-320174103,-320174103,-545160424,-545160424,-467572578,-467572578,-75637254,-75637254,16645282,16645282,-159839085,-159839085,-524191624,-524191624,-431932837,-431932837,-364816791,-364816791,-302226969,-302226969,-383547546,-383547546,-151841860,-151841860,-151347987,-151347987,-235876349,-235876349,-466562042,-466562042,-426496979,-426496979,-503556776,-503556776
# status f = 146199723,0,1 : PASS_RHO (rho 0.93088, T 2024.6, 0s)
f = 182175785,0,1 | route RHO | claimed 0.91124998414575008956 | coeffs -348540344,-348540344,-301888038,-301888038,-261336996,-261336996,587593,587593,79973142,79973142,141120593,141120593,310066273,310066273,239565530,239565530,27330640,27330640,66659095,66659095,75714994,75714994,133514409,133514409,198454135,198454135,263894465,263894465,477409177,477409177,522714388,522714388,478673302,478673302,303256407,303256407,260105288,260105288,625246159,625246159,530349177,530349177,450423710,450423710,743415125,743415125,540280049,540280049,516981012,516981012,402085724,402085724,126036496,126036496,126186921,126186921,401140543,401140543,239432609,239432609,268405697,268405697,114926903,114926903
f = 182175785,0,1 | route T | claimed 2378.8405108254209677 | coeffs 27330640,66659095,66659095,75714994,75714994,133514409,133514409,198454135,198454135,263894465,263894465,477409177,477409177,522714388,522714388,478673302,478673302,303256407,303256407,260105288,260105288,625246159,625246159,530349177,530349177,450423710,450423710,743415125,743415125,540280049,540280049,516981012,516981012,402085724,402085724,126036496,126036496,126186921,126186921,401140543,401140543,239432609,239432609,268405697,268405697,114926903,114926903,348540344,348540344,301888038,301888038,261336996,261336996,-587593,-587593,-79973142,-79973142,-141120593,-141120593,-310066273,-310066273,-239565530,-239565530,-27330640
# status f = 182175785,0,1 : PASS_RHO (rho 0.91125, T 2378.8, 0s)
f = 245519939,0,1 | route RHO | claimed 0.93283663156536822344 | coeffs 1061516157,1100844612,1100844612,824795384,824795384,766995969,766995969,492042347,492042347,557482677,557482677,586455765,586455765,541150554,541150554,307537113,307537113,132120218,132120218,91569176,91569176,-273571695,-273571695,-194186146,-194186146,-274111613,-274111613,-443057293,-443057293,-239922217,-239922217,-452157107,-452157107,-567052395,-567052395,-576108294,-576108294,-576258719,-576258719,-511318993,-511318993,-673026927,-673026927,-886541639,-886541639,-733062845,-733062845,-777103931,-777103931,-823756237,-823756237,-780605118,-780605118,-518680529,-518680529,-613577511,-613577511,-674724962,-674724962,-967716377,-967716377,-1038217120,-1038217120,-1061516157
f = 245519939,0,1 | route T | claimed 2798.0498382760265979 | coeffs -369803384,-231759040,-231759040,-92931602,-92931602,-1177079,-1177079,-209183807,-209183807,-162397792,-162397792,-175734760,-175734760,-270388518,-270388518,-300131883,-300131883,-287531114,-287531114,-179622131,-179622131,-481268897,-481268897,-157619715,-157619715,-61038959,-61038959,-12046941,-12046941,92409261,92409261,-225368978,-225368978,-88120679,-88120679,97728732,97728732,195930151,195930151,435140388,435140388,682261456,682261456,931597488,931597488,609754760,609754760,794460548,794460548,657644480,657644480,508501982,508501982,722145638,722145638,545681644,545681644,666076876,666076876,782853741,782853741,722264935,722264935,369803384
# status f = 245519939,0,1 : PASS_RHO (rho 0.93284, T 2798.0, 0s)
f = 272457783,0,1 | route RHO | claimed 0.94843662102872141604 | coeffs 65997522,65997522,301080565,301080565,223361853,223361853,154471616,154471616,4383634,4383634,-49795684,-49795684,23832872,23832872,-263165429,-263165429,15543968,15543968,-162828151,-162828151,-174482051,-174482051,-384439620,-384439620,-305285793,-305285793,-209574706,-209574706,-476362476,-476362476,-777418756,-777418756,-804509057,-804509057,-627118198,-627118198,-598574841,-598574841,-675894851,-675894851,-688837856,-688837856,-515187938,-515187938,-418686711,-418686711,-679104033,-679104033,-640273804,-640273804,-429344545,-429344545,-571823983,-571823983,-579651894,-579651894,-508267052,-508267052,-411024914,-411024914,-456554282,-456554282,-207193742,-207193742
f = 272457783,0,1 | route T | claimed 2411.8757573117565155 | coeffs 679104033,679104033,640273804,640273804,429344545,429344545,571823983,571823983,579651894,579651894,508267052,508267052,411024914,411024914,456554282,456554282,207193742,207193742,65997522,65997522,301080565,301080565,223361853,223361853,154471616,154471616,4383634,4383634,-49795684,-49795684,23832872,23832872,-263165429,-263165429,15543968,15543968,-162828151,-162828151,-174482051,-174482051,-384439620,-384439620,-305285793,-305285793,-209574706,-209574706,-476362476,-476362476,-777418756,-777418756,-804509057,-804509057,-627118198,-627118198,-598574841,-598574841,-675894851,-675894851,-688837856,-688837856,-515187938,-515187938,-418686711,-418686711
# status f = 272457783,0,1 : PASS_RHO (rho 0.94844, T 2411.9, 0s)
f = 313654870,0,1 | route RHO | claimed 0.94391164178979932844 | coeffs 22762367,200153226,200153226,161322997,161322997,410683537,410683537,484312093,484312093,388601006,388601006,375658001,375658001,383485912,383485912,461204624,461204624,282832505,282832505,309922806,309922806,49505484,49505484,95034852,95034852,149214170,149214170,228367997,228367997,305688007,305688007,163208569,163208569,398291612,398291612,119582215,119582215,-181474065,-181474065,-277975292,-277975292,-180733154,-180733154,-330821136,-330821136,-120863567,-120863567,-92320210,-92320210,-303249469,-303249469,-162053249,-162053249,-449051550,-449051550,-182263780,-182263780,-8613862,-8613862,-79998704,-79998704,-11108467,-11108467,-22762367
f = 313654870,0,1 | route T | claimed 2187.6525589594157294 | coeffs -46417982,84626117,84626117,143464389,143464389,238299571,238299571,65803319,65803319,-52653711,-52653711,735511,735511,-73676346,-73676346,11443378,11443378,34741107,34741107,140501248,140501248,277776723,277776723,151284268,151284268,150109162,150109162,116389749,116389749,39072266,39072266,-113024518,-113024518,-406809038,-406809038,-431037815,-431037815,-197678901,-197678901,-207827456,-207827456,-447987089,-447987089,-154641439,-154641439,33727598,33727598,-59765974,-59765974,-23780535,-23780535,-63656625,-63656625,118628599,118628599,-128092846,-128092846,12992786,12992786,-98622664,-98622664,-357258709,-357258709,46417982
# status f = 313654870,0,1 : PASS_RHO (rho 0.94391, T 2187.7, 0s)
f = 410189554,0,1 | route RHO | claimed 0.93283663156536822344 | coeffs 780605118,780605118,823756237,823756237,777103931,777103931,733062845,733062845,886541639,886541639,673026927,673026927,511318993,511318993,576258719,576258719,576108294,576108294,567052395,567052395,452157107,452157107,239922217,239922217,443057293,443057293,274111613,274111613,194186146,194186146,273571695,273571695,-91569176,-91569176,-132120218,-132120218,-307537113,-307537113,-541150554,-541150554,-586455765,-586455765,-557482677,-557482677,-492042347,-492042347,-766995969,-766995969,-824795384,-824795384,-1100844612,-1100844612,-1061516157,-1061516157,-1038217120,-1038217120,-967716377,-967716377,-674724962,-674724962,-613577511,-613577511,-518680529,-518680529
f = 410189554,0,1 | route T | claimed 2001.9993404356636354 | coeffs 150456387,150456387,246167474,246167474,207337245,207337245,276227482,276227482,9439712,9439712,-201489547,-201489547,-51401565,-51401565,-352457845,-352457845,-209978407,-209978407,-155799089,-155799089,-182889390,-182889390,-175061479,-175061479,-248690035,-248690035,-71299176,-71299176,-142684018,-142684018,144314283,144314283,172857640,172857640,75615502,75615502,-203093895,-203093895,-280413905,-280413905,-234884537,-234884537,-56512418,-56512418,-69455423,-69455423,-318815963,-318815963,-307162063,-307162063,-133512145,-133512145,-274708365,-274708365,-64750796,-64750796,31750431,31750431,266833474,266833474,187679647,187679647,-72737675,-72737675
# status f = 410189554,0,1 : PASS_RHO (rho 0.93284, T 2002.0, 0s)
f = 440055507,0,1 | route RHO | claimed 0.94380804282306905565 | coeffs 261460038,347392964,347392964,231717851,231717851,290722225,290722225,374036543,374036543,189294775,189294775,46526116,46526116,-139658023,-139658023,-276160530,-276160530,-219144530,-219144530,-322100277,-322100277,-244887976,-244887976,-374408727,-374408727,-251943013,-251943013,-517252475,-517252475,-554332752,-554332752,-316930521,-316930521,-292790791,-292790791,-359820959,-359820959,-244792696,-244792696,-348431889,-348431889,-423897288,-423897288,-438137564,-438137564,-553990480,-553990480,-781251595,-781251595,-302105483,-302105483,-278303841,-278303841,-508600411,-508600411,-303994882,-303994882,-360385181,-360385181,9649570,9649570,-246220838,-246220838,-261460038
f = 440055507,0,1 | route T | claimed 2494.4862175028259321 | coeffs 310538002,349355031,349355031,221932501,221932501,133124307,133124307,15221679,15221679,18699196,18699196,91204941,91204941,-161601253,-161601253,-30023896,-30023896,276244532,276244532,-3621281,-3621281,34262654,34262654,-193398783,-193398783,-391998415,-391998415,-727113443,-727113443,-733878489,-733878489,-666506904,-666506904,-846831820,-846831820,-770344182,-770344182,-751621654,-751621654,-562544591,-562544591,-504283628,-504283628,-564470927,-564470927,-848972830,-848972830,-1182006651,-1182006651,-1222796763,-1222796763,-1180355306,-1180355306,-837178961,-837178961,-688006143,-688006143,-547649862,-547649862,-451826097,-451826097,-358517461,-358517461,-310538002
# status f = 440055507,0,1 : PASS_RHO (rho 0.94381, T 2494.5, 1s)
f = 560766830,0,1 | route RHO | claimed 0.95248841622331301408 | coeffs 38727278,-1823764,-1823764,-1673339,-1673339,-96570321,-96570321,-31129991,-31129991,137815689,137815689,291294483,291294483,314593520,314593520,490010415,490010415,480954516,480954516,219029927,219029927,493983549,493983549,414058082,414058082,627572794,627572794,557072051,557072051,323458610,323458610,438353898,438353898,481505017,481505017,423705602,423705602,344320053,344320053,182612119,182612119,475603534,475603534,520908745,520908745,308673855,308673855,355326161,355326161,631375389,631375389,266234518,266234518,201294792,201294792,140147341,140147341,169120429,169120429,-34014647,-34014647,-78055733,-78055733,-38727278
f = 560766830,0,1 | route T | claimed 2699.2087370695970966 | coeffs 38727278,-1823764,-1823764,-1673339,-1673339,-96570321,-96570321,-31129991,-31129991,137815689,137815689,291294483,291294483,314593520,314593520,490010415,490010415,480954516,480954516,219029927,219029927,493983549,493983549,414058082,414058082,627572794,627572794,557072051,557072051,323458610,323458610,438353898,438353898,481505017,481505017,423705602,423705602,344320053,344320053,182612119,182612119,475603534,475603534,520908745,520908745,308673855,308673855,355326161,355326161,631375389,631375389,266234518,266234518,201294792,201294792,140147341,140147341,169120429,169120429,-34014647,-34014647,-78055733,-78055733,-38727278
# status f = 560766830,0,1 : PASS_RHO (rho 0.95249, T 2699.2, 1s)
f = 590632783,0,1 | route RHO | claimed 0.93711455222268945297 | coeffs -49394324,110906963,110906963,58974768,58974768,212275344,212275344,305874994,305874994,410448118,410448118,456671687,456671687,421482207,421482207,361273427,361273427,540823477,540823477,471954475,471954475,537517937,537517937,333266748,333266748,326981572,326981572,233962824,233962824,-34961844,-34961844,194860333,194860333,71226468,71226468,261616239,261616239,88518259,88518259,386984021,386984021,304110894,304110894,565552360,565552360,655470647,655470647,397503299,397503299,698802846,698802846,664855511,664855511,385922909,385922909,213143196,213143196,200428722,200428722,264289640,264289640,22396740,22396740,49394324
f = 590632783,0,1 | route T | claimed 1833.7685613297261541 | coeffs -49394324,110906963,110906963,58974768,58974768,212275344,212275344,305874994,305874994,410448118,410448118,456671687,456671687,421482207,421482207,361273427,361273427,540823477,540823477,471954475,471954475,537517937,537517937,333266748,333266748,326981572,326981572,233962824,233962824,-34961844,-34961844,194860333,194860333,71226468,71226468,261616239,261616239,88518259,88518259,386984021,386984021,304110894,304110894,565552360,565552360,655470647,655470647,397503299,397503299,698802846,698802846,664855511,664855511,385922909,385922909,213143196,213143196,200428722,200428722,264289640,264289640,22396740,22396740,49394324
# status f = 590632783,0,1 : PASS_RHO (rho 0.93711, T 1833.8, 1s)
f = 687167467,0,1 | route RHO | claimed 0.93872055247745988755 | coeffs -394777909,-435328951,-435328951,-273621017,-273621017,-296920054,-296920054,-662060925,-662060925,-448546213,-448546213,-487874668,-487874668,-408489119,-408489119,-561967913,-561967913,-285918685,-285918685,-365844152,-365844152,-321803066,-321803066,-264003651,-264003651,-432949331,-432949331,-386297025,-386297025,-111343403,-111343403,91791673,91791673,48640554,48640554,-16799776,-16799776,-229034666,-229034666,-490959255,-490959255,-519932343,-519932343,-634827631,-634827631,-539930649,-539930649,-494625438,-494625438,-503681337,-503681337,-442533886,-442533886,-208920445,-208920445,-209070870,-209070870,83920545,83920545,259337440,259337440,324277166,324277166,394777909
f = 687167467,0,1 | route T | claimed 2629.8655943508562 | coeffs -8086800,280544030,280544030,94282351,94282351,335646085,335646085,144256529,144256529,123643029,123643029,204587351,204587351,480100908,480100908,341447093,341447093,223836563,223836563,389417710,389417710,474229965,474229965,233248021,233248021,349327033,349327033,155588655,155588655,482471759,482471759,230348786,230348786,114485604,114485604,139167819,139167819,244721666,244721666,27691165,27691165,82119971,82119971,198554603,198554603,323289668,323289668,180746015,180746015,176691986,176691986,-185814764,-185814764,-205635877,-205635877,-215554509,-215554509,-258493457,-258493457,-203463876,-203463876,88269940,88269940,8086800
# status f = 687167467,0,1 : PASS_RHO (rho 0.93872, T 2629.9, 0s)
f = 728364554,0,1 | route RHO | claimed 0.94460109483640930494 | coeffs 334629340,41637925,41637925,-220286664,-220286664,-264327750,-264327750,-102619816,-102619816,-111675715,-111675715,-314810791,-314810791,-235425242,-235425242,-60008347,-60008347,-31035259,-31035259,26764156,26764156,50063193,50063193,-11084258,-11084258,-54235377,-54235377,99243417,99243417,34303691,34303691,-80591597,-80591597,88354083,88354083,-276786788,-276786788,-43173347,-43173347,22266983,22266983,298316211,298316211,368816954,368816954,273919972,273919972,320572278,320572278,107057566,107057566,107207991,107207991,-105026899,-105026899,-25101432,-25101432,-65652474,-65652474,-20347263,-20347263,-295300885,-295300885,-334629340
f = 728364554,0,1 | route T | claimed 1974.8055484315276514 | coeffs 50063193,-11084258,-11084258,-54235377,-54235377,99243417,99243417,34303691,34303691,-80591597,-80591597,88354083,88354083,-276786788,-276786788,-43173347,-43173347,22266983,22266983,298316211,298316211,368816954,368816954,273919972,273919972,320572278,320572278,107057566,107057566,107207991,107207991,-105026899,-105026899,-25101432,-25101432,-65652474,-65652474,-20347263,-20347263,-295300885,-295300885,-334629340,-334629340,-41637925,-41637925,220286664,220286664,264327750,264327750,102619816,102619816,111675715,111675715,314810791,314810791,235425242,235425242,60008347,60008347,31035259,31035259,-26764156,-26764156,-50063193
# status f = 728364554,0,1 : PASS_RHO (rho 0.94460, T 1974.8, 0s)
f = 755302398,0,1 | route RHO | claimed 0.93711455222268945297 | coeffs -213143196,-213143196,-385922909,-385922909,-664855511,-664855511,-698802846,-698802846,-397503299,-397503299,-655470647,-655470647,-565552360,-565552360,-304110894,-304110894,-386984021,-386984021,-88518259,-88518259,-261616239,-261616239,-71226468,-71226468,-194860333,-194860333,34961844,34961844,-233962824,-233962824,-326981572,-326981572,-333266748,-333266748,-537517937,-537517937,-471954475,-471954475,-540823477,-540823477,-361273427,-361273427,-421482207,-421482207,-456671687,-456671687,-410448118,-410448118,-305874994,-305874994,-212275344,-212275344,-58974768,-58974768,-110906963,-110906963,49394324,49394324,22396740,22396740,264289640,264289640,200428722,200428722
f = 755302398,0,1 | route T | claimed 3745.5830177912829841 | coeffs 91159268,91159268,448131337,448131337,465987926,465987926,414605816,414605816,296553195,296553195,428303429,428303429,463147460,463147460,274623616,274623616,275851604,275851604,248610878,248610878,129491834,129491834,110263338,110263338,-375988007,-375988007,-72421231,-72421231,182549114,182549114,-130890962,-130890962,-242932318,-242932318,-19837958,-19837958,-20652063,-20652063,-4080802,-4080802,28493291,28493291,37146375,37146375,295528455,295528455,159698773,159698773,93607114,93607114,292602749,292602749,191299045,191299045,114204815,114204815,-106182637,-106182637,-47934421,-47934421,-103175743,-103175743,26711784,26711784
# status f = 755302398,0,1 : PASS_RHO (rho 0.93711, T 3745.6, 1s)
f = 818646552,0,1 | route RHO | claimed 0.94182731171556476811 | coeffs 83650604,-5417860,-5417860,97312694,97312694,253963572,253963572,163193133,163193133,50554323,50554323,106552254,106552254,145993203,145993203,157953620,157953620,96205079,96205079,-154365787,-154365787,-65128321,-65128321,20811812,20811812,-355847055,-355847055,-240755396,-240755396,-658764,-658764,-311396160,-311396160,-393097891,-393097891,-558812189,-558812189,-417625985,-417625985,-762017682,-762017682,-665325747,-665325747,-468010387,-468010387,-494694554,-494694554,-269627372,-269627372,-256473713,-256473713,-213197512,-213197512,-358008576,-358008576,-297283812,-297283812,-466549990,-466549990,-198320163,-198320163,-58616299,-58616299,-83650604
f = 818646552,0,1 | route T | claimed 2313.8888775256696564 | coeffs 424008886,484217666,484217666,394299379,394299379,440522948,440522948,357649821,357649821,264050171,264050171,437148151,437148151,385215956,385215956,261582091,261582091,288579675,288579675,557504343,557504343,493643425,493643425,487358249,487358249,314578536,314578536,249015074,249015074,282962409,282962409,462512459,462512459,204545111,204545111,239734591,239734591,-21706875,-21706875,82866249,82866249,381332011,381332011,228031435,228031435,37641664,37641664,197942951,197942951,427765128,427765128,185872228,185872228,278890976,278890976,291605450,291605450,87354261,87354261,-191578341,-191578341,-122709339,-122709339,-424008886
# status f = 818646552,0,1 : PASS_RHO (rho 0.94183, T 2313.9, 1s)
f = 854622614,0,1 | route RHO | claimed 0.95820530608042889722 | coeffs -41907591,-41907591,3397620,3397620,46548739,46548739,-33376728,-33376728,-10077691,-10077691,-9927266,-9927266,-38900354,-38900354,-85552660,-85552660,-6167111,-6167111,64333632,64333632,73389531,73389531,7949201,7949201,-36091885,-36091885,-401232756,-401232756,-108241341,-108241341,6653947,6653947,281607569,281607569,435086363,435086363,394535321,394535321,455682772,455682772,667917662,667917662,725717077,725717077,512202365,512202365,336785470,336785470,431682452,431682452,228547376,228547376,504596604,504596604,342888670,342888670,109275229,109275229,-152649360,-152649360,16296320,16296320,-23032135,-23032135
f = 854622614,0,1 | route T | claimed 3119.059539114781883 | coeffs -635020133,-635020133,-569456671,-569456671,-311489323,-311489323,-416062447,-416062447,-225672676,-225672676,16220224,16220224,220471413,220471413,521770960,521770960,567994529,567994529,741092509,741092509,768090093,768090093,761804917,761804917,795752252,795752252,830941732,830941732,1129407494,1129407494,1289708781,1289708781,1382727529,1382727529,1103794927,1103794927,1043586147,1043586147,1126459274,1126459274,1178391469,1178391469,909466801,909466801,1082246514,1082246514,902696464,902696464,1164137930,1164137930,1317438506,1317438506,1087616329,1087616329,1074901855,1074901855,1006032853,1006032853,916114566,916114566,822514916,822514916,698881051,698881051
# status f = 854622614,0,1 : PASS_RHO (rho 0.95821, T 3119.1, 0s)
f = 857783278,0,1 | route RHO | claimed 0.95820530608042889722 | coeffs -336785470,-512202365,-512202365,-725717077,-725717077,-667917662,-667917662,-455682772,-455682772,-394535321,-394535321,-435086363,-435086363,-281607569,-281607569,-6653947,-6653947,108241341,108241341,401232756,401232756,36091885,36091885,-7949201,-7949201,-73389531,-73389531,-64333632,-64333632,6167111,6167111,85552660,85552660,38900354,38900354,9927266,9927266,10077691,10077691,33376728,33376728,-46548739,-46548739,-3397620,-3397620,41907591,41907591,-23032135,-23032135,16296320,16296320,-152649360,-152649360,109275229,109275229,342888670,342888670,504596604,504596604,228547376,228547376,431682452,431682452,336785470
f = 857783278,0,1 | route T | claimed 2260.9918454095920047 | coeffs -240355286,-240355286,-157911767,-157911767,-181316022,-181316022,-304525479,-304525479,-48513134,-48513134,-32079359,-32079359,186491623,186491623,9195152,9195152,92548408,92548408,82893726,82893726,33473264,33473264,-106685585,-106685585,-192573136,-192573136,26639694,26639694,-253988130,-253988130,-506725219,-506725219,-448697882,-448697882,-482907801,-482907801,-641484211,-641484211,-603772455,-603772455,-509830233,-509830233,-640614881,-640614881,-227974832,-227974832,-435276809,-435276809,-556638687,-556638687,-706428003,-706428003,-524049540,-524049540,-267144955,-267144955,-191621566,-191621566,-11899881,-11899881,187144247,187144247,59720409,59720409
# status f = 857783278,0,1 : PASS_RHO (rho 0.95821, T 2261.0, 0s)
f = 864029409,0,1 | route RHO | claimed 0.96107203516686741629 | coeffs 244947710,217857409,217857409,6928150,6928150,84646862,84646862,-125310707,-125310707,-112367702,-112367702,-15125564,-15125564,58502992,58502992,359559272,359559272,398389501,398389501,633472544,633472544,645126444,645126444,567806434,567806434,496421592,496421592,550600910,550600910,283813140,283813140,544230462,544230462,685426682,685426682,507054563,507054563,478511206,478511206,470683295,470683295,320595313,320595313,224884226,224884226,321385453,321385453,72024913,72024913,-206684484,-206684484,-29293625,-29293625,113185813,113185813,182076050,182076050,261229877,261229877,87579959,87579959,42050591,42050591,-244947710
f = 864029409,0,1 | route T | claimed 2491.6996123163144401 | coeffs 32701564,-88076187,-88076187,47752543,47752543,-100186434,-100186434,-335937810,-335937810,-81698822,-81698822,-326227312,-326227312,-206511463,-206511463,-203604896,-203604896,-269125325,-269125325,-155738957,-155738957,-205960125,-205960125,-162370596,-162370596,-319116790,-319116790,-60592641,-60592641,53059678,53059678,155366342,155366342,21152231,21152231,-158456328,-158456328,-26584797,-26584797,-77313389,-77313389,121749461,121749461,-130639154,-130639154,-461744170,-461744170,-344611762,-344611762,-525077142,-525077142,-366534680,-366534680,-568235725,-568235725,-585861258,-585861258,-343254086,-343254086,-117952559,-117952559,-117187613,-117187613,-32701564
# status f = 864029409,0,1 : PASS_RHO (rho 0.96107, T 2491.7, 0s)
f = 881098189,0,1 | route RHO | claimed 0.93872055247745988755 | coeffs 91791673,-111343403,-111343403,-386297025,-386297025,-432949331,-432949331,-264003651,-264003651,-321803066,-321803066,-365844152,-365844152,-285918685,-285918685,-561967913,-561967913,-408489119,-408489119,-487874668,-487874668,-448546213,-448546213,-662060925,-662060925,-296920054,-296920054,-273621017,-273621017,-435328951,-435328951,-394777909,-394777909,-324277166,-324277166,-259337440,-259337440,-83920545,-83920545,209070870,209070870,208920445,208920445,442533886,442533886,503681337,503681337,494625438,494625438,539930649,539930649,634827631,634827631,519932343,519932343,490959255,490959255,229034666,229034666,16799776,16799776,-48640554,-48640554,-91791673
f = 881098189,0,1 | route T | claimed 1797.6451729687971326 | coeffs -439282915,-451243332,-451243332,-74584465,-74584465,91129833,91129833,117814000,117814000,57089236,57089236,-31979228,-31979228,24018703,24018703,113256169,113256169,-197481227,-197481227,-100789292,-100789292,-57513091,-57513091,82190773,82190773,172961212,172961212,234709753,234709753,119618094,119618094,-21568110,-21568110,-246635292,-246635292,-77369114,-77369114,25361440,25361440,64802389,64802389,150742522,150742522,69040791,69040791,266356151,266356151,121545087,121545087,96510782,96510782,209149592,209149592,459720458,459720458,219623826,219623826,564015523,564015523,550861864,550861864,282632037,282632037,439282915
# status f = 881098189,0,1 : PASS_RHO (rho 0.93872, T 1797.6, 0s)
f = 885183194,0,1 | route RHO | claimed 0.94182731171556476811 | coeffs -658764,-240755396,-240755396,-355847055,-355847055,20811812,20811812,-65128321,-65128321,-154365787,-154365787,96205079,96205079,157953620,157953620,145993203,145993203,106552254,106552254,50554323,50554323,163193133,163193133,253963572,253963572,97312694,97312694,-5417860,-5417860,83650604,83650604,58616299,58616299,198320163,198320163,466549990,466549990,297283812,297283812,358008576,358008576,213197512,213197512,256473713,256473713,269627372,269627372,494694554,494694554,468010387,468010387,665325747,665325747,762017682,762017682,417625985,417625985,558812189,558812189,393097891,393097891,311396160,311396160,658764
f = 885183194,0,1 | route T | claimed 2231.9292540000449439 | coeffs -658764,-240755396,-240755396,-355847055,-355847055,20811812,20811812,-65128321,-65128321,-154365787,-154365787,96205079,96205079,157953620,157953620,145993203,145993203,106552254,106552254,50554323,50554323,163193133,163193133,253963572,253963572,97312694,97312694,-5417860,-5417860,83650604,83650604,58616299,58616299,198320163,198320163,466549990,466549990,297283812,297283812,358008576,358008576,213197512,213197512,256473713,256473713,269627372,269627372,494694554,494694554,468010387,468010387,665325747,665325747,762017682,762017682,417625985,417625985,558812189,558812189,393097891,393097891,311396160,311396160,658764
# status f = 885183194,0,1 : PASS_RHO (rho 0.94183, T 2231.9, 0s)
f = 886812055,0,1 | route RHO | claimed 0.95248841622331301408 | coeffs 557072051,557072051,627572794,627572794,414058082,414058082,493983549,493983549,219029927,219029927,480954516,480954516,490010415,490010415,314593520,314593520,291294483,291294483,137815689,137815689,-31129991,-31129991,-96570321,-96570321,-1673339,-1673339,-1823764,-1823764,38727278,38727278,78055733,78055733,34014647,34014647,-169120429,-169120429,-140147341,-140147341,-201294792,-201294792,-266234518,-266234518,-631375389,-631375389,-355326161,-355326161,-308673855,-308673855,-520908745,-520908745,-475603534,-475603534,-182612119,-182612119,-344320053,-344320053,-423705602,-423705602,-481505017,-481505017,-438353898,-438353898,-323458610,-323458610
f = 886812055,0,1 | route T | claimed 2337.9707177665471779 | coeffs 475603534,475603534,182612119,182612119,344320053,344320053,423705602,423705602,481505017,481505017,438353898,438353898,323458610,323458610,557072051,557072051,627572794,627572794,414058082,414058082,493983549,493983549,219029927,219029927,480954516,480954516,490010415,490010415,314593520,314593520,291294483,291294483,137815689,137815689,-31129991,-31129991,-96570321,-96570321,-1673339,-1673339,-1823764,-1823764,38727278,38727278,78055733,78055733,34014647,34014647,-169120429,-169120429,-140147341,-140147341,-201294792,-201294792,-266234518,-266234518,-631375389,-631375389,-355326161,-355326161,-308673855,-308673855,-520908745,-520908745
# status f = 886812055,0,1 : PASS_RHO (rho 0.95249, T 2338.0, 0s)
f = 914863139,0,1 | route RHO | claimed 0.94460109483640930494 | coeffs 65652474,25101432,25101432,105026899,105026899,-107207991,-107207991,-107057566,-107057566,-320572278,-320572278,-273919972,-273919972,-368816954,-368816954,-298316211,-298316211,-22266983,-22266983,43173347,43173347,276786788,276786788,-88354083,-88354083,80591597,80591597,-34303691,-34303691,-99243417,-99243417,54235377,54235377,11084258,11084258,-50063193,-50063193,-26764156,-26764156,31035259,31035259,60008347,60008347,235425242,235425242,314810791,314810791,111675715,111675715,102619816,102619816,264327750,264327750,220286664,220286664,-41637925,-41637925,-334629340,-334629340,-295300885,-295300885,-20347263,-20347263,-65652474
f = 914863139,0,1 | route T | claimed 2469.6311731673403459 | coeffs -383937839,-383937839,-19585300,-19585300,105046971,105046971,172163017,172163017,132625067,132625067,213945644,213945644,259048632,259048632,259542505,259542505,239818751,239818751,470504444,470504444,805827010,805827010,728767213,728767213,503780892,503780892,521230208,521230208,129294884,129294884,458459848,458459848,281975481,281975481,120832230,120832230,28573443,28573443,252528449,252528449,315118271,315118271,596251633,596251633,364545947,364545947,341839011,341839011,257310649,257310649,343354322,343354322,303289259,303289259,348954183,348954183,386726358,386726358,464314204,464314204,535745131,535745131,443462595,443462595
# status f = 914863139,0,1 : PASS_RHO (rho 0.94460, T 2469.6, 0s)
f = 921967978,0,1 | route RHO | claimed 0.95691167297364913184 | coeffs 187664974,187664974,94065324,94065324,106779798,106779798,368221264,368221264,637145932,637145932,576937152,576937152,416635865,416635865,450583200,450583200,277485220,277485220,481736409,481736409,586309533,586309533,650170451,650170451,560252164,560252164,790074341,790074341,610524291,610524291,558592096,558592096,279659494,279659494,-18806268,-18806268,-25091444,-25091444,-71315013,-71315013,170577887,170577887,-87389461,-87389461,36244404,36244404,-32624598,-32624598,-185925174,-185925174,-13145461,-13145461,-96018588,-96018588,-2999840,-2999840,-38189320,-38189320,-11191736,-11191736,-312491283,-312491283,-122101512,-122101512
f = 921967978,0,1 | route T | claimed 2459.4621241273198571 | coeffs -630020156,-276012210,-276012210,-516764714,-516764714,-546997806,-546997806,-511297420,-511297420,-584076687,-584076687,-510741522,-510741522,-215430165,-215430165,-212509800,-212509800,-365592034,-365592034,-150131150,-150131150,-76485458,-76485458,-222717406,-222717406,174726975,174726975,299269065,299269065,275418117,275418117,329964818,329964818,631158286,631158286,457073529,457073529,197234202,197234202,247273387,247273387,209664576,209664576,169391071,169391071,233155515,233155515,-21787577,-21787577,213316947,213316947,357197712,357197712,421171615,421171615,647940839,647940839,615888375,615888375,613694442,613694442,559781949,559781949,630020156
# status f = 921967978,0,1 : PASS_RHO (rho 0.95691, T 2459.5, 0s)
f = 947282956,0,1 | route RHO | claimed 0.96107203516686741629 | coeffs -15125564,-15125564,-112367702,-112367702,-125310707,-125310707,84646862,84646862,6928150,6928150,217857409,217857409,244947710,244947710,-42050591,-42050591,-87579959,-87579959,-261229877,-261229877,-182076050,-182076050,-113185813,-113185813,29293625,29293625,206684484,206684484,-72024913,-72024913,-321385453,-321385453,-224884226,-224884226,-320595313,-320595313,-470683295,-470683295,-478511206,-478511206,-507054563,-507054563,-685426682,-685426682,-544230462,-544230462,-283813140,-283813140,-550600910,-550600910,-496421592,-496421592,-567806434,-567806434,-645126444,-645126444,-633472544,-633472544,-398389501,-398389501,-359559272,-359559272,-58502992,-58502992
f = 947282956,0,1 | route T | claimed 3288.0863331823170034 | coeffs 425670020,425670020,169799612,169799612,54124499,54124499,238866267,238866267,102363760,102363760,25151459,25151459,-240158003,-240158003,-264297733,-264297733,-367936926,-367936926,-252084010,-252084010,-228282368,-228282368,-171892069,-171892069,-187131269,-187131269,-128126895,-128126895,14641764,14641764,71657764,71657764,201178515,201178515,164098238,164098238,231128406,231128406,155663007,155663007,382924122,382924122,152627552,152627552,-217407199,-217407199,-303340125,-303340125,-220025807,-220025807,-33841668,-33841668,-136797415,-136797415,-259263129,-259263129,-21860898,-21860898,-136889161,-136889161,-151129437,-151129437,-630275549,-630275549
# status f = 947282956,0,1 : PASS_RHO (rho 0.96107, T 3288.1, 0s)
f = 998406903,0,1 | route RHO | claimed 0.94699341212166197074 | coeffs 697074842,697074842,737625884,737625884,679826469,679826469,584929487,584929487,746637421,746637421,577691741,577691741,622996952,622996952,646295989,646295989,599643683,599643683,608699582,608699582,243558711,243558711,518512333,518512333,579659784,579659784,366145072,366145072,163009996,163009996,-70603445,-70603445,-109931900,-109931900,-153083019,-153083019,-153233444,-153233444,-232618993,-232618993,-167178663,-167178663,-460170078,-460170078,-613648872,-613648872,-825883762,-825883762,-650466867,-650466867,-926516095,-926516095,-664591506,-664591506,-729531232,-729531232,-809456699,-809456699,-838429787,-838429787,-767929044,-767929044,-811970130,-811970130
f = 998406903,0,1 | route T | claimed 2453.7023071107231835 | coeffs 820247953,820247953,603619807,603619807,518643415,518643415,685669882,685669882,602397020,602397020,377308357,377308357,767331368,767331368,445168147,445168147,267371449,267371449,192055106,192055106,277014389,277014389,120705777,120705777,44690029,44690029,-53097015,-53097015,-156800082,-156800082,-367553669,-367553669,-414912944,-414912944,-624344748,-624344748,-382263929,-382263929,-392807659,-392807659,-467138621,-467138621,-124705111,-124705111,-249015845,-249015845,-291093432,-291093432,-413239374,-413239374,-480579558,-480579558,-513027750,-513027750,-501663945,-501663945,-782129327,-782129327,-656981591,-656981591,-640437583,-640437583,-874400640,-874400640
# status f = 998406903,0,1 : PASS_RHO (rho 0.94699, T 2453.7, 0s)
# summary n = 7 l = 1000822337 : EXCLUSION_CANDIDATE ; PASS 32 / 32 ; OPEN_NEAR 0 ; OPEN_FAR 0 ; 15s
