# FAMILY WITNESS FILE (generator family_gen.sage r10). n = 7 ; l = 1001113793 ; m = 64 ; deg = 2 ; ncomp = 32 ; bar_T = 4224 ; L_n = 16.3328709449664096755483535644
# line: f = c0,...,c_deg (monic, over F_l) | route RHO|T | claimed (rho or T, float) | coeffs a_0..a_{m-1}
f = 8249772,0,1 | route RHO | claimed 0.94089365201755226915 | coeffs 308377864,47563526,47563526,334462547,334462547,548502552,548502552,340230760,340230760,286331756,286331756,338517323,338517323,-17242124,-17242124,-206523953,-206523953,-70691605,-70691605,-413765447,-413765447,-443814454,-443814454,-381381934,-381381934,-409092081,-409092081,-454817788,-454817788,-488659883,-488659883,-486398270,-486398270,-369644425,-369644425,-176285919,-176285919,-65190306,-65190306,-204125819,-204125819,-433195827,-433195827,-439304097,-439304097,-360505162,-360505162,-476342578,-476342578,-509110106,-509110106,-354922182,-354922182,-360864491,-360864491,-226896594,-226896594,-321101352,-321101352,-155930474,-155930474,-321859073,-321859073,-308377864
f = 8249772,0,1 | route T | claimed 3422.1723200021826582 | coeffs -772593647,-857902537,-857902537,-995411794,-995411794,-879881873,-879881873,-1071406316,-1071406316,-992639031,-992639031,-1040663129,-1040663129,-940956472,-940956472,-878794822,-878794822,-885054330,-885054330,-594122378,-594122378,-422029958,-422029958,-377883645,-377883645,-198831381,-198831381,-149972787,-149972787,-2357943,-2357943,45992439,45992439,224074020,224074020,181013630,181013630,155050700,155050700,407895350,407895350,37545061,37545061,70013519,70013519,106823727,106823727,31316056,31316056,92456927,92456927,185562226,185562226,469263983,469263983,172842223,172842223,296810997,296810997,174812733,174812733,672642899,672642899,772593647
# status f = 8249772,0,1 : PASS_RHO (rho 0.94089, T 3422.2, 1s)
f = 16033016,0,1 | route RHO | claimed 0.95902304566940247293 | coeffs -157377827,-371417832,-371417832,-714491674,-714491674,-831245519,-831245519,-947082935,-947082935,-781154336,-781154336,-833339903,-833339903,-861050050,-861050050,-722114537,-722114537,-728056846,-728056846,-441157825,-441157825,-576990173,-576990173,-574728560,-574728560,-653527495,-653527495,-488356617,-488356617,-542255621,-542255621,-604688141,-604688141,-493592528,-493592528,-647780452,-647780452,-386966114,-386966114,-576247943,-576247943,-542405848,-542405848,-548514118,-548514118,-454309360,-454309360,-246037568,-246037568,-276086575,-276086575,-469445081,-469445081,-502212609,-502212609,-515693818,-515693818,-159934371,-159934371,-205660078,-205660078,23409930,23409930,157377827
f = 16033016,0,1 | route T | claimed 2834.9588973542764466 | coeffs 780339932,780339932,959332630,959332630,707149977,707149977,576685945,576685945,536395175,536395175,295935165,295935165,226064338,226064338,192649354,192649354,261120401,261120401,315705552,315705552,412512650,412512650,635123589,635123589,556890978,556890978,692238398,692238398,452205347,452205347,356396064,356396064,49939103,49939103,127500481,127500481,178151551,178151551,138495043,138495043,436837273,436837273,276535200,276535200,371097441,371097441,527143964,527143964,154328813,154328813,-143371188,-143371188,-341888908,-341888908,-454462103,-454462103,-624022430,-624022430,-527575851,-527575851,-778220895,-778220895,-772243300,-772243300
# status f = 16033016,0,1 : PASS_RHO (rho 0.95902, T 2835.0, 0s)
f = 28720782,0,1 | route RHO | claimed 0.94535803664986115367 | coeffs -290584228,-290584228,-144823261,-144823261,-424468668,-424468668,-96064765,-96064765,-187471541,-187471541,-799573,-799573,-45417365,-45417365,-312222750,-312222750,-114809208,-114809208,-9963247,-9963247,-39994557,-39994557,-70512916,-70512916,-12131061,-12131061,-122927117,-122927117,-211380777,-211380777,-125170980,-125170980,-281936847,-281936847,-382278652,-382278652,-367065096,-367065096,-253787554,-253787554,-362714766,-362714766,-446442475,-446442475,-350433498,-350433498,-175432386,-175432386,-304582803,-304582803,-203449809,-203449809,-43834721,-43834721,51239842,51239842,-178410493,-178410493,34398448,34398448,70383005,70383005,-106292143,-106292143
f = 28720782,0,1 | route T | claimed 2822.5338587025958117 | coeffs 0,-42793275,0,-274374638,0,-56935114,0,-165907992,0,-316370179,0,25131431,0,-56274484,0,-60334633,0,-4749547,0,-30075644,0,-253937659,0,-8710664,0,137084022,0,-289404641,0,-120586963,0,-36017953,0,-88766781,0,252103674,0,345355814,0,66354806,0,222486879,0,-8307806,0,-91028394,0,141008061,0,351464084,0,99122334,0,88518982,0,157620793,0,195870627,0,87109057,0,162182255,0,69073327
# status f = 28720782,0,1 : PASS_RHO (rho 0.94536, T 2822.5, 0s)
f = 112855671,0,1 | route RHO | claimed 0.94535803664986115367 | coeffs -122927117,-122927117,-12131061,-12131061,-70512916,-70512916,-39994557,-39994557,-9963247,-9963247,-114809208,-114809208,-312222750,-312222750,-45417365,-45417365,-799573,-799573,-187471541,-187471541,-96064765,-96064765,-424468668,-424468668,-144823261,-144823261,-290584228,-290584228,106292143,106292143,-70383005,-70383005,-34398448,-34398448,178410493,178410493,-51239842,-51239842,43834721,43834721,203449809,203449809,304582803,304582803,175432386,175432386,350433498,350433498,446442475,446442475,362714766,362714766,253787554,253787554,367065096,367065096,382278652,382278652,281936847,281936847,125170980,125170980,211380777,211380777
f = 112855671,0,1 | route T | claimed 2941.3722394856621081 | coeffs 253937659,253937659,30075644,30075644,4749547,4749547,60334633,60334633,56274484,56274484,-25131431,-25131431,316370179,316370179,165907992,165907992,56935114,56935114,274374638,274374638,42793275,42793275,69073327,69073327,162182255,162182255,87109057,87109057,195870627,195870627,157620793,157620793,88518982,88518982,99122334,99122334,351464084,351464084,141008061,141008061,-91028394,-91028394,-8307806,-8307806,222486879,222486879,66354806,66354806,345355814,345355814,252103674,252103674,-88766781,-88766781,-36017953,-36017953,-120586963,-120586963,-289404641,-289404641,137084022,137084022,-8710664,-8710664
# status f = 112855671,0,1 : PASS_RHO (rho 0.94536, T 2941.4, 0s)
f = 166604167,0,1 | route RHO | claimed 0.92733832272190677293 | coeffs 481265154,125505707,125505707,-67852799,-67852799,-162057557,-162057557,-351339386,-351339386,-462434999,-462434999,-297264121,-297264121,-161431773,-161431773,-22496260,-22496260,-188424859,-188424859,-531498701,-531498701,-302428693,-302428693,-288947484,-288947484,-318996491,-318996491,-312888221,-312888221,-52073883,-52073883,10358637,10358637,-68440298,-68440298,-355339319,-355339319,-383049466,-383049466,-267212050,-267212050,-481252055,-481252055,-526977762,-526977762,-494210234,-494210234,-285938442,-285938442,-319780537,-319780537,-473968461,-473968461,-420069457,-420069457,-417807844,-417807844,-411865535,-411865535,-464051102,-464051102,-347297257,-347297257,-481265154
f = 166604167,0,1 | route T | claimed 2490.1117211002860231 | coeffs 22496260,188424859,188424859,531498701,531498701,302428693,302428693,288947484,288947484,318996491,318996491,312888221,312888221,52073883,52073883,-10358637,-10358637,68440298,68440298,355339319,355339319,383049466,383049466,267212050,267212050,481252055,481252055,526977762,526977762,494210234,494210234,285938442,285938442,319780537,319780537,473968461,473968461,420069457,420069457,417807844,417807844,411865535,411865535,464051102,464051102,347297257,347297257,481265154,481265154,125505707,125505707,-67852799,-67852799,-162057557,-162057557,-351339386,-351339386,-462434999,-462434999,-297264121,-297264121,-161431773,-161431773,-22496260
# status f = 166604167,0,1 : PASS_RHO (rho 0.92734, T 2490.1, 0s)
f = 166881787,0,1 | route RHO | claimed 0.98990831736555400012 | coeffs 465039479,465039479,394100395,394100395,226323487,226323487,-102501756,-102501756,-323497357,-323497357,-277335274,-277335274,-307738777,-307738777,-222450494,-222450494,-136108036,-136108036,-21887269,-21887269,-90792016,-90792016,-113773612,-113773612,-108623798,-108623798,-584428724,-584428724,-652725001,-652725001,-521495859,-521495859,-482673193,-482673193,-666625187,-666625187,-306220473,-306220473,-496401822,-496401822,-720118099,-720118099,-659402828,-659402828,-780786306,-780786306,-702901626,-702901626,-700776754,-700776754,-493763000,-493763000,-259698300,-259698300,-171029676,-171029676,-67972774,-67972774,-12151680,-12151680,-57527319,-57527319,-261925481,-261925481
f = 166881787,0,1 | route T | claimed 2438.8203543052014429 | coeffs -57527319,-57527319,-261925481,-261925481,-465039479,-465039479,-394100395,-394100395,-226323487,-226323487,102501756,102501756,323497357,323497357,277335274,277335274,307738777,307738777,222450494,222450494,136108036,136108036,21887269,21887269,90792016,90792016,113773612,113773612,108623798,108623798,584428724,584428724,652725001,652725001,521495859,521495859,482673193,482673193,666625187,666625187,306220473,306220473,496401822,496401822,720118099,720118099,659402828,659402828,780786306,780786306,702901626,702901626,700776754,700776754,493763000,493763000,259698300,259698300,171029676,171029676,67972774,67972774,12151680,12151680
# status f = 166881787,0,1 : PASS_RHO (rho 0.98991, T 2438.8, 0s)
f = 168234415,0,1 | route RHO | claimed 0.96658972587744368379 | coeffs -297062162,-103703656,-103703656,-317743661,-317743661,-178808148,-178808148,-232707152,-232707152,-238815422,-238815422,116944025,116944025,232781441,232781441,368613789,368613789,522801713,522801713,552850720,552850720,418882823,418882823,391172676,391172676,556343554,556343554,590185649,590185649,576704440,576704440,693458285,693458285,406559264,406559264,295463651,295463651,87191859,87191859,-141878149,-141878149,-194063716,-194063716,-272862651,-272862651,-462144480,-462144480,-494912008,-494912008,-151838166,-151838166,-145895857,-145895857,-83463337,-83463337,-177668095,-177668095,-131942388,-131942388,33986211,33986211,36247824,36247824,297062162
f = 168234415,0,1 | route T | claimed 3330.0662667485084491 | coeffs 123906221,72691057,72691057,155584365,155584365,107860470,107860470,-72554567,-72554567,38933611,38933611,-268820432,-268820432,-16917110,-16917110,-159976767,-159976767,-235239196,-235239196,-246679032,-246679032,-363125017,-363125017,-670794148,-670794148,-666037103,-666037103,-726979072,-726979072,-823151032,-823151032,-465747523,-465747523,-536212929,-536212929,-308225478,-308225478,-293729425,-293729425,-68995744,-68995744,-45863816,-45863816,29858169,29858169,-464719948,-464719948,-367518911,-367518911,-327181422,-327181422,-278558114,-278558114,19588850,19588850,144744503,144744503,149608557,149608557,195856075,195856075,96684208,96684208,-123906221
# status f = 168234415,0,1 : PASS_RHO (rho 0.96659, T 3330.1, 0s)
f = 209468210,0,1 | route RHO | claimed 0.95254932870326330903 | coeffs 2558275,137134047,137134047,8642949,8642949,-66171702,-66171702,184943702,184943702,230794397,230794397,228550534,228550534,370604710,370604710,387446104,387446104,383095774,383095774,443645443,443645443,577529883,577529883,549512460,549512460,478956390,478956390,167533213,167533213,-81260285,-81260285,111394636,111394636,83531140,83531140,34772644,34772644,295520726,295520726,38413054,38413054,-30978789,-30978789,109711802,109711802,97430534,97430534,149844735,149844735,-87152392,-87152392,167537259,167537259,82409010,82409010,384668513,384668513,164467290,164467290,-106542799,-106542799,92706917,92706917,-2558275
f = 209468210,0,1 | route T | claimed 2689.3535510773489105 | coeffs -99654381,4175269,4175269,-59370264,-59370264,194861423,194861423,547379264,547379264,309650423,309650423,678684773,678684773,630706794,630706794,454374948,454374948,569556056,569556056,768816710,768816710,722103567,722103567,828959071,828959071,856570433,856570433,850229883,850229883,773329712,773329712,453905791,453905791,414127025,414127025,302476424,302476424,262987809,262987809,304987083,304987083,222809730,222809730,188495226,188495226,-106028918,-106028918,-320514077,-320514077,-454614111,-454614111,-423840354,-423840354,-327219889,-327219889,-38049592,-38049592,-125055862,-125055862,-93835058,-93835058,114987383,114987383,99654381
# status f = 209468210,0,1 : PASS_RHO (rho 0.95255, T 2689.4, 0s)
f = 222406737,0,1 | route RHO | claimed 0.94404951376528430235 | coeffs 222182476,222182476,86350128,86350128,-107008378,-107008378,-101066069,-101066069,-309337861,-309337861,-337048008,-337048008,-343156278,-343156278,-509084877,-509084877,-319803048,-319803048,-436556893,-436556893,-590744817,-590744817,-376704812,-376704812,-314272292,-314272292,-543342300,-543342300,-378171422,-378171422,-22411975,-22411975,-24673588,-24673588,8093940,8093940,294992961,294992961,264943954,264943954,126008441,126008441,31803683,31803683,-20381884,-20381884,13460211,13460211,129297627,129297627,-131516711,-131516711,-474590553,-474590553,-363494940,-363494940,-229527043,-229527043,-175628039,-175628039,-129902332,-129902332,-208701267,-208701267
f = 222406737,0,1 | route T | claimed 2153.1295000765567678 | coeffs 302486920,387775203,387775203,342399564,342399564,281684293,281684293,286834107,286834107,615659350,615659350,381594650,381594650,197642656,197642656,111300198,111300198,315698360,315698360,194314882,194314882,670119808,670119808,449124207,449124207,537792831,537792831,177388117,177388117,291608884,291608884,88494886,88494886,10610206,10610206,-57686071,-57686071,-103848154,-103848154,-206905056,-206905056,-397086405,-397086405,-328181658,-328181658,-399120742,-399120742,-396995870,-396995870,-528225012,-528225012,-558628515,-558628515,-502807421,-502807421,-279091144,-279091144,-302072740,-302072740,-134295832,-134295832,-341309586,-341309586,-302486920
# status f = 222406737,0,1 : PASS_RHO (rho 0.94405, T 2153.1, 0s)
f = 242273274,0,1 | route RHO | claimed 0.96596466605752152547 | coeffs -87209540,-41701902,-41701902,230230458,230230458,36508122,36508122,35728234,35728234,-121820824,-121820824,-344898689,-344898689,-479626879,-479626879,-640855045,-640855045,-946409729,-946409729,-943881494,-943881494,-949262754,-949262754,-749644353,-749644353,-783271765,-783271765,-672877740,-672877740,-702840266,-702840266,-876648131,-876648131,-544515653,-544515653,-718885610,-718885610,-856679943,-856679943,-746865764,-746865764,-820093598,-820093598,-738463840,-738463840,-367819771,-367819771,-316043509,-316043509,-533498850,-533498850,-485620980,-485620980,-384975086,-384975086,-430729480,-430729480,-342220572,-342220572,-400862073,-400862073,-140699998,-140699998,87209540
f = 242273274,0,1 | route T | claimed 2805.6249913729120385 | coeffs 910252846,882641484,882641484,916955988,916955988,708133547,708133547,531801701,531801701,492022935,492022935,522796692,522796692,268565005,268565005,161709501,161709501,243886854,243886854,212666050,212666050,164688071,164688071,-154735850,-154735850,-288835884,-288835884,-225290351,-225290351,-178577208,-178577208,-220576482,-220576482,-133570212,-133570212,235464138,235464138,158563967,158563967,-55921192,-55921192,-159750842,-159750842,-359011496,-359011496,-319522881,-319522881,-608693178,-608693178,-846422019,-846422019,-852762569,-852762569,-1147286713,-1147286713,-1162619715,-1162619715,-1277800823,-1277800823,-1166150222,-1166150222,-1262770687,-1262770687,-910252846
# status f = 242273274,0,1 : PASS_RHO (rho 0.96596, T 2805.6, 1s)
f = 271194260,0,1 | route RHO | claimed 0.96596466605752152547 | coeffs 230230458,230230458,-41701902,-41701902,-87209540,-87209540,140699998,140699998,400862073,400862073,342220572,342220572,430729480,430729480,384975086,384975086,485620980,485620980,533498850,533498850,316043509,316043509,367819771,367819771,738463840,738463840,820093598,820093598,746865764,746865764,856679943,856679943,718885610,718885610,544515653,544515653,876648131,876648131,702840266,702840266,672877740,672877740,783271765,783271765,749644353,749644353,949262754,949262754,943881494,943881494,946409729,946409729,640855045,640855045,479626879,479626879,344898689,344898689,121820824,121820824,-35728234,-35728234,-36508122,-36508122
f = 271194260,0,1 | route T | claimed 2521.6373857367850787 | coeffs 604073414,604073414,448336217,448336217,323666676,323666676,504790168,504790168,499251233,499251233,440144124,440144124,402132177,402132177,434374486,434374486,329979707,329979707,442884835,442884835,111647129,111647129,122040100,122040100,354381480,354381480,310848793,310848793,25794142,25794142,374293339,374293339,122828419,122828419,214268442,214268442,400033951,400033951,-43709337,-43709337,-325853301,-325853301,-93985521,-93985521,-170108917,-170108917,-250450191,-250450191,-113693299,-113693299,-346111053,-346111053,-509785909,-509785909,-533496683,-533496683,-738600735,-738600735,-719097665,-719097665,-443026757,-443026757,-458388879,-458388879
# status f = 271194260,0,1 : PASS_RHO (rho 0.96596, T 2521.6, 0s)
f = 310135852,0,1 | route RHO | claimed 0.96697200844406269883 | coeffs -385263911,-268510066,-268510066,-611583908,-611583908,-397543903,-397543903,-531511800,-531511800,-302441792,-302441792,-256716085,-256716085,99043362,99043362,112524571,112524571,79757043,79757043,273115549,273115549,243066542,243066542,34794750,34794750,128999508,128999508,135107778,135107778,168949873,168949873,358231702,358231702,619046040,619046040,773233964,773233964,884329577,884329577,946762097,946762097,892863093,892863093,727692215,727692215,648893280,648893280,646631667,646631667,510799319,510799319,223900298,223900298,217957989,217957989,79022476,79022476,51312329,51312329,103497896,103497896,269426495,269426495,385263911
f = 310135852,0,1 | route T | claimed 2630.765805817113995 | coeffs -487167363,-487167363,-232477712,-232477712,-33227996,-33227996,-284343400,-284343400,-279993070,-279993070,31430107,31430107,-229317975,-229317975,-281732176,-281732176,-61530953,-61530953,-190022051,-190022051,-47967875,-47967875,-75985298,-75985298,-103848794,-103848794,36841797,36841797,-48286452,-48286452,-143551644,-143551644,-189402339,-189402339,-249952008,-249952008,-1158510,-1158510,255949162,255949162,492946289,492946289,763956378,763956378,689141727,689141727,705983121,705983121,635427051,635427051,586668555,586668555,574387287,574387287,876646790,876646790,742071018,742071018,744314881,744314881,610430441,610430441,417775520,417775520
# status f = 310135852,0,1 : PASS_RHO (rho 0.96697, T 2630.8, 0s)
f = 330441674,0,1 | route RHO | claimed 0.96658972587744368379 | coeffs -103703656,-297062162,-297062162,-36247824,-36247824,-33986211,-33986211,131942388,131942388,177668095,177668095,83463337,83463337,145895857,145895857,151838166,151838166,494912008,494912008,462144480,462144480,272862651,272862651,194063716,194063716,141878149,141878149,-87191859,-87191859,-295463651,-295463651,-406559264,-406559264,-693458285,-693458285,-576704440,-576704440,-590185649,-590185649,-556343554,-556343554,-391172676,-391172676,-418882823,-418882823,-552850720,-552850720,-522801713,-522801713,-368613789,-368613789,-232781441,-232781441,-116944025,-116944025,238815422,238815422,232707152,232707152,178808148,178808148,317743661,317743661,103703656
f = 330441674,0,1 | route T | claimed 3127.7305928127620256 | coeffs 55743551,55743551,-180890515,-180890515,-279950604,-279950604,-218655244,-218655244,-607852456,-607852456,-309039043,-309039043,-178811035,-178811035,-165177161,-165177161,-131625816,-131625816,-230219668,-230219668,-12189113,-12189113,-139626276,-139626276,33043417,33043417,-197567040,-197567040,-194852821,-194852821,-220577925,-220577925,-362217934,-362217934,-45732108,-45732108,-235746095,-235746095,-179476801,-179476801,-22801111,-22801111,-110106487,-110106487,-186197851,-186197851,-85824383,-85824383,130395002,130395002,132108323,132108323,258132875,258132875,472919442,472919442,592471900,592471900,373858403,373858403,298254630,298254630,73954667,73954667
# status f = 330441674,0,1 : PASS_RHO (rho 0.96659, T 3127.7, 1s)
f = 403945940,0,1 | route RHO | claimed 0.92733832272190677293 | coeffs -125505707,-481265154,-481265154,-347297257,-347297257,-464051102,-464051102,-411865535,-411865535,-417807844,-417807844,-420069457,-420069457,-473968461,-473968461,-319780537,-319780537,-285938442,-285938442,-494210234,-494210234,-526977762,-526977762,-481252055,-481252055,-267212050,-267212050,-383049466,-383049466,-355339319,-355339319,-68440298,-68440298,10358637,10358637,-52073883,-52073883,-312888221,-312888221,-318996491,-318996491,-288947484,-288947484,-302428693,-302428693,-531498701,-531498701,-188424859,-188424859,-22496260,-22496260,-161431773,-161431773,-297264121,-297264121,-462434999,-462434999,-351339386,-351339386,-162057557,-162057557,-67852799,-67852799,125505707
f = 403945940,0,1 | route T | claimed 2523.8207844987448746 | coeffs 37286410,-14698590,-14698590,-130536216,-130536216,-154933754,-154933754,108044355,108044355,-82932176,-82932176,114846510,114846510,370960490,370960490,366189742,366189742,575654652,575654652,329296175,329296175,124907629,124907629,-89788696,-89788696,20007528,20007528,-18696379,-18696379,161371096,161371096,91223466,91223466,263001871,263001871,365858530,365858530,482744896,482744896,443335144,443335144,508850196,508850196,459338553,459338553,212500417,212500417,288838492,288838492,621820923,621820923,406181166,406181166,347388569,347388569,429552426,429552426,48776830,48776830,-47800684,-47800684,-8840641,-8840641,-37286410
# status f = 403945940,0,1 : PASS_RHO (rho 0.92734, T 2523.8, 0s)
f = 450579166,0,1 | route RHO | claimed 0.96351719294358354696 | coeffs -112980628,-112980628,49129885,49129885,-260983928,-260983928,-111100178,-111100178,-500442145,-500442145,-387800990,-387800990,-520233795,-520233795,-448819133,-448819133,-305431022,-305431022,-291569801,-291569801,-171174331,-171174331,-130191530,-130191530,151073777,151073777,173645557,173645557,-37798666,-37798666,-86209117,-86209117,126780272,126780272,168309576,168309576,171843671,171843671,234516010,234516010,41073154,41073154,40006579,40006579,487742154,487742154,308521476,308521476,381357010,381357010,450061405,450061405,580597760,580597760,509383450,509383450,425640333,425640333,379936520,379936520,389446250,389446250,325870985,325870985
f = 450579166,0,1 | route T | claimed 3043.844157292811256 | coeffs 206738973,206738973,13670996,13670996,-132258175,-132258175,-250816256,-250816256,-242215413,-242215413,-2907423,-2907423,-51358328,-51358328,-70849846,-70849846,-17454566,-17454566,-121377800,-121377800,216561551,216561551,42111621,42111621,139344693,139344693,111471574,111471574,574990360,574990360,464366298,464366298,560690656,560690656,268628366,268628366,87161565,87161565,52032069,52032069,-102065691,-102065691,-214664561,-214664561,-76329153,-76329153,-11516578,-11516578,121711409,121711409,124907880,124907880,-123434911,-123434911,-118511498,-118511498,-145013243,-145013243,-197578371,-197578371,-108508931,-108508931,113486377,113486377
# status f = 450579166,0,1 : PASS_RHO (rho 0.96352, T 3043.8, 1s)
f = 457544012,0,1 | route RHO | claimed 0.95294008687281990099 | coeffs 75310935,75310935,-63624578,-63624578,-97466673,-97466673,-440540515,-440540515,-494439519,-494439519,-507920728,-507920728,-501978419,-501978419,-495870149,-495870149,-612623994,-612623994,-675056514,-675056514,-319297067,-319297067,-606196088,-606196088,-700400846,-700400846,-816238262,-816238262,-705142649,-705142649,-750868356,-750868356,-615036008,-615036008,-823307800,-823307800,-657379201,-657379201,-811567125,-811567125,-582497117,-582497117,-584758730,-584758730,-554709723,-554709723,-606895290,-606895290,-346080952,-346080952,-212113055,-212113055,-133314120,-133314120,60044386,60044386,32334239,32334239,-156947590,-156947590,57092415,57092415,-108078463,-108078463
f = 457544012,0,1 | route T | claimed 2367.0262076456006115 | coeffs -212113055,-212113055,-133314120,-133314120,60044386,60044386,32334239,32334239,-156947590,-156947590,57092415,57092415,-108078463,-108078463,-75310935,-75310935,63624578,63624578,97466673,97466673,440540515,440540515,494439519,494439519,507920728,507920728,501978419,501978419,495870149,495870149,612623994,612623994,675056514,675056514,319297067,319297067,606196088,606196088,700400846,700400846,816238262,816238262,705142649,705142649,750868356,750868356,615036008,615036008,823307800,823307800,657379201,657379201,811567125,811567125,582497117,582497117,584758730,584758730,554709723,554709723,606895290,606895290,346080952,346080952
# status f = 457544012,0,1 : PASS_RHO (rho 0.95294, T 2367.0, 1s)
f = 543569781,0,1 | route RHO | claimed 0.95254932870326330903 | coeffs 87152392,87152392,-149844735,-149844735,-97430534,-97430534,-109711802,-109711802,30978789,30978789,-38413054,-38413054,-295520726,-295520726,-34772644,-34772644,-83531140,-83531140,-111394636,-111394636,81260285,81260285,-167533213,-167533213,-478956390,-478956390,-549512460,-549512460,-577529883,-577529883,-443645443,-443645443,-383095774,-383095774,-387446104,-387446104,-370604710,-370604710,-228550534,-228550534,-230794397,-230794397,-184943702,-184943702,66171702,66171702,-8642949,-8642949,-137134047,-137134047,-2558275,-2558275,92706917,92706917,-106542799,-106542799,164467290,164467290,384668513,384668513,82409010,82409010,167537259,167537259
f = 543569781,0,1 | route T | claimed 2655.410945990759077 | coeffs -210575859,-326413485,-326413485,-498191890,-498191890,-526637659,-526637659,-346570184,-346570184,-249992670,-249992670,-359788894,-359788894,-277625037,-277625037,-482013583,-482013583,-266373826,-266373826,-475838736,-475838736,-399500661,-399500661,-143386681,-143386681,-93875038,-93875038,97101493,97101493,57691741,57691741,33294203,33294203,-69562456,-69562456,-17577456,-17577456,-87725086,-87725086,-126685129,-126685129,-87981222,-87981222,-468756818,-468756818,-683453143,-683453143,-624660546,-624660546,-378302069,-378302069,-45319638,-45319638,-50090386,-50090386,196747750,196747750,-1030936,-1030936,64484116,64484116,327462225,327462225,210575859
# status f = 543569781,0,1 : PASS_RHO (rho 0.95255, T 2655.4, 0s)
f = 550534627,0,1 | route RHO | claimed 0.94404951376528430235 | coeffs 343156278,343156278,337048008,337048008,309337861,309337861,101066069,101066069,107008378,107008378,-86350128,-86350128,-222182476,-222182476,-208701267,-208701267,-129902332,-129902332,-175628039,-175628039,-229527043,-229527043,-363494940,-363494940,-474590553,-474590553,-131516711,-131516711,129297627,129297627,13460211,13460211,-20381884,-20381884,31803683,31803683,126008441,126008441,264943954,264943954,294992961,294992961,8093940,8093940,-24673588,-24673588,-22411975,-22411975,-378171422,-378171422,-543342300,-543342300,-314272292,-314272292,-376704812,-376704812,-590744817,-590744817,-436556893,-436556893,-319803048,-319803048,-509084877,-509084877
f = 550534627,0,1 | route T | claimed 2529.1384276813221673 | coeffs -345355814,36017953,36017953,-137084022,-137084022,30075644,30075644,56274484,56274484,165907992,165907992,42793275,42793275,87109057,87109057,88518982,88518982,141008061,141008061,222486879,222486879,252103674,252103674,-120586963,-120586963,-8710664,-8710664,-4749547,-4749547,25131431,25131431,-56935114,-56935114,-69073327,-69073327,-195870627,-195870627,-99122334,-99122334,91028394,91028394,-66354806,-66354806,88766781,88766781,289404641,289404641,253937659,253937659,60334633,60334633,316370179,316370179,274374638,274374638,162182255,162182255,157620793,157620793,351464084,351464084,-8307806,-8307806,345355814
# status f = 550534627,0,1 : PASS_RHO (rho 0.94405, T 2529.1, 0s)
f = 597167853,0,1 | route RHO | claimed 0.88015192116756804145 | coeffs -161596283,-161596283,-261938088,-261938088,-132787671,-132787671,-309462819,-309462819,-354080611,-354080611,-243284555,-243284555,-352211767,-352211767,-447286330,-447286330,-167640923,-167640923,-62794962,-62794962,93970905,93970905,268972017,268972017,232987460,232987460,46315492,46315492,104697347,104697347,-8580195,-8580195,151034893,151034893,296795860,296795860,99382318,99382318,185592115,185592115,89583138,89583138,302392079,302392079,210985303,210985303,241503662,241503662,256717218,256717218,155584224,155584224,552460595,552460595,285655210,285655210,374108870,374108870,290381161,290381161,520031496,520031496,191627593,191627593
f = 597167853,0,1 | route T | claimed 2997.2259070191925795 | coeffs -174315463,-174315463,-72866325,-72866325,-160847964,-160847964,96609723,96609723,222644466,222644466,284022811,284022811,473736203,473736203,581041206,581041206,583211904,583211904,563158185,563158185,493110700,493110700,333162372,333162372,783522519,783522519,921173868,921173868,739418369,739418369,722490498,722490498,559533029,559533029,342119790,342119790,635592706,635592706,345396376,345396376,180996770,180996770,239204859,239204859,194910369,194910369,-160412713,-160412713,50418478,50418478,155986507,155986507,10360092,10360092,191598962,191598962,424914551,424914551,309049235,309049235,196420687,196420687,165580808,165580808
# status f = 597167853,0,1 : PASS_RHO (rho 0.88015, T 2997.2, 0s)
f = 670672119,0,1 | route RHO | claimed 0.95904416434408379461 | coeffs -6336687,206472254,206472254,486117661,486117661,752923046,752923046,694541191,694541191,794882996,794882996,698874019,698874019,603799456,603799456,206923085,206923085,393595053,393595053,363563743,363563743,449773540,449773540,340846328,340846328,441979322,441979322,477963879,477963879,149559976,149559976,-47853566,-47853566,62942490,62942490,47728934,47728934,-127272178,-127272178,102378157,102378157,248139124,248139124,203521332,203521332,173002973,173002973,16237106,16237106,-67490603,-67490603,92124485,92124485,-84550663,-84550663,6856113,6856113,-97989848,-97989848,-9536188,-9536188,-122813730,-122813730,6336687
f = 670672119,0,1 | route T | claimed 2072.0483887897036533 | coeffs 120935491,104094097,104094097,237978537,237978537,549401714,549401714,521538218,521538218,778645890,778645890,766364622,766364622,511674971,511674971,291473748,291473748,386738940,386738940,461553591,461553591,459309728,459309728,463660058,463660058,435642635,435642635,684436133,684436133,635677637,635677637,705069480,705069480,757483681,757483681,842611930,842611930,571601841,571601841,706177613,706177613,455062209,455062209,597116385,597116385,536566716,536566716,466010646,466010646,273355725,273355725,534103807,534103807,393413216,393413216,156416089,156416089,-145843414,-145843414,53406302,53406302,-75084796,-75084796,-120935491
# status f = 670672119,0,1 : PASS_RHO (rho 0.95904, T 2072.0, 1s)
f = 690977941,0,1 | route RHO | claimed 0.95902304566940247293 | coeffs 861050050,861050050,833339903,833339903,781154336,781154336,947082935,947082935,831245519,831245519,714491674,714491674,371417832,371417832,157377827,157377827,23409930,23409930,-205660078,-205660078,-159934371,-159934371,-515693818,-515693818,-502212609,-502212609,-469445081,-469445081,-276086575,-276086575,-246037568,-246037568,-454309360,-454309360,-548514118,-548514118,-542405848,-542405848,-576247943,-576247943,-386966114,-386966114,-647780452,-647780452,-493592528,-493592528,-604688141,-604688141,-542255621,-542255621,-488356617,-488356617,-653527495,-653527495,-574728560,-574728560,-576990173,-576990173,-441157825,-441157825,-728056846,-728056846,-722114537,-722114537
f = 690977941,0,1 | route T | claimed 3058.0795613452920278 | coeffs 109568287,109568287,336385916,336385916,542464177,542464177,426740341,426740341,306018683,306018683,196282664,196282664,118088462,118088462,213570552,213570552,507932371,507932371,460563068,460563068,298914912,298914912,356383976,356383976,43226913,43226913,276654983,276654983,90336719,90336719,328932383,328932383,202839295,202839295,503307124,503307124,616615338,616615338,354203157,354203157,248812699,248812699,236000356,236000356,194903588,194903588,266429480,266429480,345460708,345460708,129123367,129123367,241328790,241328790,373966092,373966092,319031790,319031790,-34200297,-34200297,-142151380,-142151380,-288905860,-288905860
# status f = 690977941,0,1 : PASS_RHO (rho 0.95902, T 3058.1, 0s)
f = 729919533,0,1 | route RHO | claimed 0.93501091561066085489 | coeffs -222510136,-222510136,-306237845,-306237845,-350855637,-350855637,-525856749,-525856749,-723270291,-723270291,-622137297,-622137297,-652168607,-652168607,-747243170,-747243170,-805625025,-805625025,-592816084,-592816084,-681269744,-681269744,-504594596,-504594596,-347828729,-347828729,-493589696,-493589696,-478376140,-478376140,-149972237,-149972237,-41045025,-41045025,-227716993,-227716993,-131708016,-131708016,-398513401,-398513401,-269362984,-269362984,-374208945,-374208945,-214593857,-214593857,-245112216,-245112216,-15461881,-15461881,95334175,95334175,131318732,131318732,217528529,217528529,-179347842,-179347842,-79006037,-79006037,200639370,200639370,313916912,313916912
f = 729919533,0,1 | route T | claimed 2305.8115032711075646 | coeffs 701074638,763507158,763507158,597578559,597578559,404220053,404220053,350321049,350321049,234483633,234483633,264532640,264532640,99361762,99361762,216115607,216115607,424387399,424387399,345588464,345588464,2514622,2514622,-91690136,-91690136,-93951749,-93951749,120088256,120088256,113979986,113979986,-21852362,-21852362,-155820259,-155820259,-189662354,-189662354,-476561375,-476561375,-247491367,-247491367,-436773196,-436773196,-442715505,-442715505,-396989798,-396989798,-657804136,-657804136,-796739649,-796739649,-440980202,-440980202,-595168126,-595168126,-622878273,-622878273,-609397064,-609397064,-720492677,-720492677,-668307110,-668307110,-701074638
# status f = 729919533,0,1 : PASS_RHO (rho 0.93501, T 2305.8, 0s)
f = 758840519,0,1 | route RHO | claimed 0.93501091561066085489 | coeffs 747243170,652168607,652168607,622137297,622137297,723270291,723270291,525856749,525856749,350855637,350855637,306237845,306237845,222510136,222510136,313916912,313916912,200639370,200639370,-79006037,-79006037,-179347842,-179347842,217528529,217528529,131318732,131318732,95334175,95334175,-15461881,-15461881,-245112216,-245112216,-214593857,-214593857,-374208945,-374208945,-269362984,-269362984,-398513401,-398513401,-131708016,-131708016,-227716993,-227716993,-41045025,-41045025,-149972237,-149972237,-478376140,-478376140,-493589696,-493589696,-347828729,-347828729,-504594596,-504594596,-681269744,-681269744,-592816084,-592816084,-805625025,-805625025,-747243170
f = 758840519,0,1 | route T | claimed 2956.3701502751424103 | coeffs -460494537,-605886365,-605886365,-447136979,-447136979,-767429444,-767429444,-725242224,-725242224,-468389003,-468389003,-566603789,-566603789,-586860320,-586860320,-757350381,-757350381,-730384843,-730384843,-600869022,-600869022,-649093472,-649093472,-485508780,-485508780,-472791149,-472791149,-85309112,-85309112,-187156734,-187156734,-385532981,-385532981,-164530923,-164530923,66666620,66666620,144055630,144055630,-231375828,-231375828,-154286382,-154286382,-182718530,-182718530,-22616809,-22616809,123101585,123101585,258479407,258479407,561471421,561471421,373736400,373736400,353299421,353299421,165410306,165410306,229734086,229734086,491329110,491329110,460494537
# status f = 758840519,0,1 : PASS_RHO (rho 0.93501, T 2956.4, 0s)
f = 778707056,0,1 | route RHO | claimed 0.96351719294358354696 | coeffs -151073777,130191530,130191530,171174331,171174331,291569801,291569801,305431022,305431022,448819133,448819133,520233795,520233795,387800990,387800990,500442145,500442145,111100178,111100178,260983928,260983928,-49129885,-49129885,112980628,112980628,325870985,325870985,389446250,389446250,379936520,379936520,425640333,425640333,509383450,509383450,580597760,580597760,450061405,450061405,381357010,381357010,308521476,308521476,487742154,487742154,40006579,40006579,41073154,41073154,234516010,234516010,171843671,171843671,168309576,168309576,126780272,126780272,-86209117,-86209117,-37798666,-37798666,173645557,173645557,151073777
f = 778707056,0,1 | route T | claimed 3330.9346279022814839 | coeffs -207467415,-261392059,-261392059,-219021332,-219021332,120466697,120466697,317580533,317580533,386972525,386972525,264751253,264751253,330592035,330592035,249720070,249720070,194980434,194980434,102597503,102597503,134690240,134690240,345951081,345951081,503979665,503979665,636454738,636454738,632423127,632423127,533603126,533603126,335634364,335634364,541702169,541702169,293539826,293539826,645202217,645202217,895389884,895389884,1027392031,1027392031,550724914,550724914,420726990,420726990,473234497,473234497,436752666,436752666,314946267,314946267,223449056,223449056,282415172,282415172,248447708,248447708,176863560,176863560,207467415
# status f = 778707056,0,1 : PASS_RHO (rho 0.96352, T 3330.9, 1s)
f = 791645583,0,1 | route RHO | claimed 0.95294008687281990099 | coeffs -108078463,-108078463,57092415,57092415,-156947590,-156947590,32334239,32334239,60044386,60044386,-133314120,-133314120,-212113055,-212113055,-346080952,-346080952,-606895290,-606895290,-554709723,-554709723,-584758730,-584758730,-582497117,-582497117,-811567125,-811567125,-657379201,-657379201,-823307800,-823307800,-615036008,-615036008,-750868356,-750868356,-705142649,-705142649,-816238262,-816238262,-700400846,-700400846,-606196088,-606196088,-319297067,-319297067,-675056514,-675056514,-612623994,-612623994,-495870149,-495870149,-501978419,-501978419,-507920728,-507920728,-494439519,-494439519,-440540515,-440540515,-97466673,-97466673,-63624578,-63624578,75310935,75310935
f = 791645583,0,1 | route T | claimed 2419.5000062197956223 | coeffs 454834803,454834803,615794287,615794287,731095088,731095088,645338390,645338390,512909436,512909436,485056125,485056125,632758816,632758816,734456459,734456459,552267290,552267290,877111265,877111265,621700973,621700973,674289522,674289522,778250092,778250092,823548740,823548740,609442302,609442302,1003090261,1003090261,1008727972,1008727972,932862823,932862823,1003652993,1003652993,805961272,805961272,512936134,512936134,565525935,565525935,461473077,461473077,259278938,259278938,440763550,440763550,303239708,303239708,257817247,257817247,342476950,342476950,551522399,551522399,111837451,111837451,-23549994,-23549994,-207181675,-207181675
# status f = 791645583,0,1 : PASS_RHO (rho 0.95294, T 2419.5, 1s)
f = 832879378,0,1 | route RHO | claimed 0.95904416434408379461 | coeffs -6336687,-6336687,122813730,122813730,9536188,9536188,97989848,97989848,-6856113,-6856113,84550663,84550663,-92124485,-92124485,67490603,67490603,-16237106,-16237106,-173002973,-173002973,-203521332,-203521332,-248139124,-248139124,-102378157,-102378157,127272178,127272178,-47728934,-47728934,-62942490,-62942490,47853566,47853566,-149559976,-149559976,-477963879,-477963879,-441979322,-441979322,-340846328,-340846328,-449773540,-449773540,-363563743,-363563743,-393595053,-393595053,-206923085,-206923085,-603799456,-603799456,-698874019,-698874019,-794882996,-794882996,-694541191,-694541191,-752923046,-752923046,-486117661,-486117661,-206472254,-206472254
f = 832879378,0,1 | route T | claimed 3377.6414925238562163 | coeffs 534103807,273355725,273355725,466010646,466010646,536566716,536566716,597116385,597116385,455062209,455062209,706177613,706177613,571601841,571601841,842611930,842611930,757483681,757483681,705069480,705069480,635677637,635677637,684436133,684436133,435642635,435642635,463660058,463660058,459309728,459309728,461553591,461553591,386738940,386738940,291473748,291473748,511674971,511674971,766364622,766364622,778645890,778645890,521538218,521538218,549401714,549401714,237978537,237978537,104094097,104094097,120935491,120935491,75084796,75084796,-53406302,-53406302,145843414,145843414,-156416089,-156416089,-393413216,-393413216,-534103807
# status f = 832879378,0,1 : PASS_RHO (rho 0.95904, T 3377.6, 1s)
f = 834232006,0,1 | route RHO | claimed 0.94089365201755226915 | coeffs 486398270,488659883,488659883,454817788,454817788,409092081,409092081,381381934,381381934,443814454,443814454,413765447,413765447,70691605,70691605,206523953,206523953,17242124,17242124,-338517323,-338517323,-286331756,-286331756,-340230760,-340230760,-548502552,-548502552,-334462547,-334462547,-47563526,-47563526,-308377864,-308377864,-321859073,-321859073,-155930474,-155930474,-321101352,-321101352,-226896594,-226896594,-360864491,-360864491,-354922182,-354922182,-509110106,-509110106,-476342578,-476342578,-360505162,-360505162,-439304097,-439304097,-433195827,-433195827,-204125819,-204125819,-65190306,-65190306,-176285919,-176285919,-369644425,-369644425,-486398270
f = 834232006,0,1 | route T | claimed 2426.4093685047327771 | coeffs -49808647,-49808647,-178299745,-178299745,-247691588,-247691588,-264532982,-264532982,-179404733,-179404733,-490827910,-490827910,-625403682,-625403682,-368296010,-368296010,-226241834,-226241834,28447817,28447817,99003887,99003887,194269079,194269079,455017161,455017161,457261024,457261024,694258151,694258151,666240728,666240728,865490444,865490444,914248940,914248940,960099635,960099635,1012513836,1012513836,878629396,878629396,1149639485,1149639485,1121775989,1121775989,870660585,870660585,882941853,882941853,943491522,943491522,723290299,723290299,530635378,530635378,455820727,455820727,596511318,596511318,600861648,600861648,298602145,298602145
# status f = 834232006,0,1 : PASS_RHO (rho 0.94089, T 2426.4, 0s)
f = 834509626,0,1 | route RHO | claimed 0.88015192116756804145 | coeffs -309462819,-132787671,-132787671,-261938088,-261938088,-161596283,-161596283,-191627593,-191627593,-520031496,-520031496,-290381161,-290381161,-374108870,-374108870,-285655210,-285655210,-552460595,-552460595,-155584224,-155584224,-256717218,-256717218,-241503662,-241503662,-210985303,-210985303,-302392079,-302392079,-89583138,-89583138,-185592115,-185592115,-99382318,-99382318,-296795860,-296795860,-151034893,-151034893,8580195,8580195,-104697347,-104697347,-46315492,-46315492,-232987460,-232987460,-268972017,-268972017,-93970905,-93970905,62794962,62794962,167640923,167640923,447286330,447286330,352211767,352211767,243284555,243284555,354080611,354080611,309462819
f = 834509626,0,1 | route T | claimed 1540.8336483867809769 | coeffs -93970905,-93970905,62794962,62794962,167640923,167640923,447286330,447286330,352211767,352211767,243284555,243284555,354080611,354080611,309462819,309462819,132787671,132787671,261938088,261938088,161596283,161596283,191627593,191627593,520031496,520031496,290381161,290381161,374108870,374108870,285655210,285655210,552460595,552460595,155584224,155584224,256717218,256717218,241503662,241503662,210985303,210985303,302392079,302392079,89583138,89583138,185592115,185592115,99382318,99382318,296795860,296795860,151034893,151034893,-8580195,-8580195,104697347,104697347,46315492,46315492,232987460,232987460,268972017,268972017
# status f = 834509626,0,1 : PASS_RHO (rho 0.88015, T 1540.8, 0s)
f = 888258122,0,1 | route RHO | claimed 0.94883277341095040674 | coeffs 701333473,787675931,787675931,764694335,764694335,696398058,696398058,512446064,512446064,288729787,288729787,366614467,366614467,600679167,600679167,656500261,656500261,453386263,453386263,782211506,782211506,812615009,812615009,698394242,698394242,693244428,693244428,562015286,562015286,201610572,201610572,140895301,140895301,138770429,138770429,50101805,50101805,95477444,95477444,24538360,24538360,-196457241,-196457241,-111168958,-111168958,-180073705,-180073705,-655878631,-655878631,-617055965,-617055965,-807237314,-807237314,-928620792,-928620792,-721607038,-721607038,-618550136,-618550136,-822948298,-822948298,-655171390,-655171390,-701333473
f = 888258122,0,1 | route T | claimed 2877.0618320571337092 | coeffs 72253604,72253604,259988625,259988625,96403933,96403933,-91485182,-91485182,295996855,295996855,34401831,34401831,232778078,232778078,378169906,378169906,609367449,609367449,289074984,289074984,664506442,664506442,407653221,407653221,379221073,379221073,358964542,358964542,213246148,213246148,186280610,186280610,489272624,489272624,441048174,441048174,461485153,461485153,448767522,448767522,513091302,513091302,411243680,411243680,442078253,442078253,221076195,221076195,62326809,62326809,139715819,139715819,181903039,181903039,104813593,104813593,203028379,203028379,363130100,363130100,192640039,192640039,57262217,57262217
# status f = 888258122,0,1 : PASS_RHO (rho 0.94883, T 2877.1, 0s)
f = 972393011,0,1 | route RHO | claimed 0.94883277341095040674 | coeffs -600679167,-600679167,-366614467,-366614467,-288729787,-288729787,-512446064,-512446064,-696398058,-696398058,-764694335,-764694335,-787675931,-787675931,-701333473,-701333473,-655171390,-655171390,-822948298,-822948298,-618550136,-618550136,-721607038,-721607038,-928620792,-928620792,-807237314,-807237314,-617055965,-617055965,-655878631,-655878631,-180073705,-180073705,-111168958,-111168958,-196457241,-196457241,24538360,24538360,95477444,95477444,50101805,50101805,138770429,138770429,140895301,140895301,201610572,201610572,562015286,562015286,693244428,693244428,698394242,698394242,812615009,812615009,782211506,782211506,453386263,453386263,656500261,656500261
f = 972393011,0,1 | route T | claimed 2009.070560407101512 | coeffs 448767522,448767522,461485153,461485153,441048174,441048174,489272624,489272624,186280610,186280610,213246148,213246148,358964542,358964542,379221073,379221073,407653221,407653221,664506442,664506442,289074984,289074984,609367449,609367449,378169906,378169906,232778078,232778078,34401831,34401831,295996855,295996855,-91485182,-91485182,96403933,96403933,259988625,259988625,72253604,72253604,-57262217,-57262217,-192640039,-192640039,-363130100,-363130100,-203028379,-203028379,-104813593,-104813593,-181903039,-181903039,-139715819,-139715819,-62326809,-62326809,-221076195,-221076195,-442078253,-442078253,-411243680,-411243680,-513091302,-513091302
# status f = 972393011,0,1 : PASS_RHO (rho 0.94883, T 2009.1, 1s)
f = 985080777,0,1 | route RHO | claimed 0.96697200844406269883 | coeffs -79757043,-112524571,-112524571,-99043362,-99043362,256716085,256716085,302441792,302441792,531511800,531511800,397543903,397543903,611583908,611583908,268510066,268510066,385263911,385263911,269426495,269426495,103497896,103497896,51312329,51312329,79022476,79022476,217957989,217957989,223900298,223900298,510799319,510799319,646631667,646631667,648893280,648893280,727692215,727692215,892863093,892863093,946762097,946762097,884329577,884329577,773233964,773233964,619046040,619046040,358231702,358231702,168949873,168949873,135107778,135107778,128999508,128999508,34794750,34794750,243066542,243066542,273115549,273115549,79757043
f = 985080777,0,1 | route T | claimed 2690.0666887131155088 | coeffs 705983121,705983121,689141727,689141727,763956378,763956378,492946289,492946289,255949162,255949162,-1158510,-1158510,-249952008,-249952008,-189402339,-189402339,-143551644,-143551644,-48286452,-48286452,36841797,36841797,-103848794,-103848794,-75985298,-75985298,-47967875,-47967875,-190022051,-190022051,-61530953,-61530953,-281732176,-281732176,-229317975,-229317975,31430107,31430107,-279993070,-279993070,-284343400,-284343400,-33227996,-33227996,-232477712,-232477712,-487167363,-487167363,-417775520,-417775520,-610430441,-610430441,-744314881,-744314881,-742071018,-742071018,-876646790,-876646790,-574387287,-574387287,-586668555,-586668555,-635427051,-635427051
# status f = 985080777,0,1 : PASS_RHO (rho 0.96697, T 2690.1, 0s)
f = 992864021,0,1 | route RHO | claimed 0.98990831736555400012 | coeffs 496401822,306220473,306220473,666625187,666625187,482673193,482673193,521495859,521495859,652725001,652725001,584428724,584428724,108623798,108623798,113773612,113773612,90792016,90792016,21887269,21887269,136108036,136108036,222450494,222450494,307738777,307738777,277335274,277335274,323497357,323497357,102501756,102501756,-226323487,-226323487,-394100395,-394100395,-465039479,-465039479,-261925481,-261925481,-57527319,-57527319,-12151680,-12151680,-67972774,-67972774,-171029676,-171029676,-259698300,-259698300,-493763000,-493763000,-700776754,-700776754,-702901626,-702901626,-780786306,-780786306,-659402828,-659402828,-720118099,-720118099,-496401822
f = 992864021,0,1 | route T | claimed 2289.1945190640106399 | coeffs -307738777,-307738777,-277335274,-277335274,-323497357,-323497357,-102501756,-102501756,226323487,226323487,394100395,394100395,465039479,465039479,261925481,261925481,57527319,57527319,12151680,12151680,67972774,67972774,171029676,171029676,259698300,259698300,493763000,493763000,700776754,700776754,702901626,702901626,780786306,780786306,659402828,659402828,720118099,720118099,496401822,496401822,306220473,306220473,666625187,666625187,482673193,482673193,521495859,521495859,652725001,652725001,584428724,584428724,108623798,108623798,113773612,113773612,90792016,90792016,21887269,21887269,136108036,136108036,222450494,222450494
# status f = 992864021,0,1 : PASS_RHO (rho 0.98991, T 2289.2, 0s)
# summary n = 7 l = 1001113793 : EXCLUSION_CANDIDATE ; PASS 32 / 32 ; OPEN_NEAR 0 ; OPEN_FAR 0 ; 15s
